385270 385270 385270.000000
385270 795549 590409.500000
385270 795549 522568.333333
385270 795549 558906.000000
385270 795549 528537.800000
340870 795549 497259.833333
340870 795549 479332.857143
340870 795549 509798.875000
143186 795549 469064.111111
143186 975944 519752.100000
143186 975944 490991.818182
143186 975944 505649.500000
143186 975944 479472.000000
107996 975944 452938.000000
107996 975944 456907.866667
107996 975944 465376.562500
107996 975944 491639.529412
107996 975944 505783.833333
82666 975944 483514.473684
82666 975944 474605.250000
82666 975944 488252.619048
82666 975944 509079.818182
82666 975944 515846.739130
82666 975944 520562.375000
82666 975944 534792.880000
82666 975944 521045.153846
82666 975944 512589.851852
82666 975944 500929.642857
82666 975944 494202.068966
82666 975944 487061.366667
82666 975944 501709.129032
82666 975944 501933.531250
82666 975944 489398.242424
82666 975944 500005.352941
82666 975944 507025.142857
82666 975944 512996.138889
82666 975944 513748.000000
82666 975944 503295.815789
82666 975944 503517.743590
82666 975944 508366.300000
82666 975944 502721.926829
82666 975944 501651.595238
82666 975944 504980.581395
82666 975944 496812.227273
82666 992083 507818.244444
82666 992083 499394.760870
82666 992083 497443.936170
82666 992083 496161.375000
82666 992083 494358.285714
82666 992083 503523.560000
82666 992083 496340.921569
82666 992083 497113.480769
82666 992083 490915.226415
82666 992083 484258.314815
38912 992083 476161.109091
38912 992083 474896.767857
38912 992083 482361.807018
38912 992083 475357.310345
38912 992083 475626.728814
38912 992083 472114.366667
38912 992083 479919.393443
320 992083 472183.919355
320 992083 477210.158730
320 992083 478127.375000
320 992083 472734.123077
320 992083 471385.136364
320 992083 473040.492537
320 992083 479058.235294
320 992083 480383.985507
320 992083 485347.385714
320 992083 488960.816901
320 992083 485605.291667
320 992083 490865.945205
320 992083 495761.729730
320 992083 495542.400000
320 992083 501394.947368
320 992083 503007.779221
320 992083 506661.525641
320 992083 502700.759494
320 992083 501230.825000
320 992083 500586.654321
320 992083 504830.658537
320 992083 500470.433735
320 992083 497833.666667
320 992083 495533.776471
320 992083 492717.802326
320 992083 487393.459770
320 992083 483209.272727
320 992083 480612.707865
320 992083 475680.755556
320 992083 476666.142857
320 992083 474276.597826
320 992083 479587.924731
320 992083 484061.531915
320 992083 482721.031579
320 992083 482835.447917
320 992083 481419.649485
320 992083 480350.591837
320 992083 476681.747475
320 992083 476784.350000
320 992083 479517.376238
320 992083 478445.990196
320 992083 479347.504854
320 992083 479698.788462
320 992083 481601.542857
320 992083 478478.471698
320 992083 476471.046729
320 992083 477055.166667
320 992083 475088.834862
320 992083 477994.363636
320 992083 476603.450450
320 992083 478496.098214
320 992083 477794.380531
320 992083 480741.035088
320 992083 484522.147826
320 992083 485587.525862
320 992083 485440.700855
320 992083 482913.245763
320 992083 485639.470588
320 992083 489186.825000
320 992083 491949.570248
320 992083 493932.754098
320 992083 491423.739837
320 992083 491990.846774
320 992083 494373.776000
320 992083 493974.365079
320 992083 491670.787402
320 992083 492500.554688
320 992083 495190.503876
320 992083 495171.592308
320 992083 494107.755725
320 992083 491759.568182
320 992083 488295.736842
320 992083 491515.716418
320 992325 495225.414815
320 992325 497756.110294
320 992325 495116.437956
320 992325 494666.195652
320 992325 492772.230216
320 992325 495488.921429
320 992325 497699.546099
320 992325 494380.626761
320 992325 491136.741259
320 992325 491236.750000
320 992325 493120.786207
320 992325 496155.787671
320 992325 495049.380952
320 992325 497498.925676
320 992325 495785.724832
320 992325 494333.306667
320 992325 491207.947020
320 992325 494032.032895
320 992325 494500.673203
320 992325 494489.961039
320 992325 491512.051613
320 992325 492197.705128
320 992325 489518.133758
320 992325 491338.240506
320 992325 493106.867925
320 992325 493160.637500
320 992325 494772.055901
320 992325 493420.561728
320 992325 495479.184049
320 992325 496929.719512
320 992325 494724.654545
320 992325 492788.313253
320 992325 489882.029940
320 992325 490696.886905
320 992325 488434.183432
320 992325 485718.194118
320 992325 487229.777778
320 992325 487827.639535
320 992325 489391.341040
320 992325 490561.413793
320 992325 493026.080000
320 992325 491272.244318
320 992325 491165.672316
320 992325 493186.219101
320 992325 491076.201117
320 992325 488925.683333
320 992325 486857.198895
320 992325 487801.120879
320 992325 487056.278689
320 992325 487017.353261
320 992325 486658.627027
320 992325 484798.193548
320 992325 484541.930481
320 992325 482596.867021
320 992325 481070.269841
320 992325 480885.615789
320 992325 479271.853403
320 992325 479175.203125
320 992325 479169.730570
320 992325 480532.907216
320 992325 481210.641026
320 992325 482276.566327
320 992325 481294.096447
320 992325 480057.297980
320 992325 480635.331658
320 992325 478903.420000
320 992325 481230.273632
320 992325 480070.108911
320 992325 482177.679803
320 992325 484404.083333
320 992325 482050.097561
320 992325 479911.616505
320 992325 477609.908213
320 992325 475769.403846
320 992325 476752.430622
320 992325 477002.914286
320 992325 478795.146919
320 992325 480548.938679
320 992325 479163.553991
320 992325 477579.401869
320 992325 478450.958140
320 992325 477210.018519
320 992325 476657.442396
320 992325 474633.917431
320 992325 474391.757991
320 992325 474123.145455
320 992325 474577.461538
320 992325 475753.306306
320 992325 474313.645740
320 992325 474670.544643
320 992325 474877.324444
320 992325 472881.057522
320 992325 474316.938326
320 992325 475159.934211
320 992325 473487.384279
320 992325 473057.152174
320 992325 472088.012987
320 992325 474267.762931
320 992325 472492.163090
320 992325 471932.307692
320 992325 470716.702128
320 992325 471617.966102
320 992325 472218.616034
320 992325 470718.655462
320 992325 469190.121339
320 992325 467289.420833
320 992325 468654.755187
320 992325 468164.107438
320 992325 469298.567901
320 992941 471444.643443
320 992941 469605.902041
320 992941 468729.898374
320 992941 470459.360324
320 992941 472155.475806
320 992941 473214.433735
320 992941 471589.872000
320 992941 471807.350598
320 992941 470498.067460
320 992941 468826.924901
320 992941 468602.500000
320 992941 468714.870588
320 992941 467653.000000
320 992941 467948.785992
320 992941 467540.395349
320 992941 467913.474903
320 992941 467399.530769
320 992941 468701.233716
320 992941 467447.610687
320 992941 469255.125475
320 992941 470367.299242
320 992941 471187.803774
320 995874 473160.308271
320 995874 471774.764045
320 995874 470216.570896
320 995874 469887.717472
320 995874 471498.311111
320 995874 469914.859779
320 995874 469771.959559
320 995874 470540.457875
320 995874 470208.518248
320 995874 471653.752727
320 995874 470411.503623
320 995874 470158.509025
320 995874 469966.780576
320 995874 471537.046595
320 995874 472068.350000
320 995874 470646.370107
320 995874 469828.762411
320 995874 469787.650177
320 995874 468211.052817
320 995874 468093.540351
320 995874 469485.681818
320 995874 469049.766551
320 995874 468479.836806
320 995874 469228.332180
320 995874 468542.479310
320 995874 468953.243986
320 995874 469726.222603
320 995874 468450.191126
320 995874 468825.302721
320 995874 470115.894915
320 995874 469822.628378
320 995874 469198.363636
320 995874 470373.798658
320 995874 471397.130435
320 995874 472137.290000
320 995874 471596.691030
320 995874 471991.536424
320 995874 472854.940594
320 995874 472506.953947
320 995874 472546.357377
320 995874 471863.758170
320 995874 470806.693811
320 995874 471250.925325
320 995874 471922.851133
320 995874 470968.170968
320 995874 472230.604502
320 995874 472495.294872
320 995874 472463.115016
320 995874 472902.834395
320 995874 473800.946032
320 995874 475286.044304
320 995874 475739.457413
320 995874 476559.386792
320 995874 476207.626959
320 995874 476027.212500
320 995874 475069.186916
320 995874 476658.378882
320 995874 476163.176471
320 995874 476422.638889
320 995874 477236.156923
320 995874 476502.782209
320 995874 478027.360856
320 995874 477654.207317
320 995874 477211.623100
320 995874 476165.081818
320 995874 476226.537764
320 995874 474917.292169
320 995874 475843.363363
320 995874 476338.763473
320 995874 476817.868657
320 995874 476503.074405
320 995874 476607.329377
320 995874 475735.639053
320 995874 476579.728614
320 995874 476876.535294
320 995874 478118.510264
320 995874 477987.102339
320 995874 478242.897959
320 995874 478769.514535
320 995874 480130.307246
320 995874 480709.664740
320 995874 480811.167147
320 995874 480983.477011
320 995874 479731.762178
320 995874 481029.308571
320 995874 480998.096866
320 995874 481457.440341
320 995874 482648.311615
320 995874 482939.502825
320 995874 482651.439437
320 995874 483854.345506
320 995874 483987.952381
320 995874 484119.670391
320 995874 483031.746518
320 995874 483017.600000
320 995874 483695.614958
320 995874 482675.544199
320 995874 482548.079890
320 995874 483359.557692
320 995874 484687.257534
320 995874 484446.773224
320 995874 484579.959128
320 995874 485312.252717
320 995874 485950.894309
320 995874 485721.654054
320 995874 485733.266846
320 995874 485966.005376
320 995874 485635.723861
320 995874 484675.839572
320 995874 484390.453333
320 995874 483244.981383
320 995874 482363.217507
320 995874 481303.227513
320 995874 480710.298153
320 995874 480348.152632
320 995874 480429.598425
320 995874 480778.413613
320 995874 480987.383812
320 995874 482166.393229
320 995874 481998.410390
320 995874 482414.264249
320 995874 481630.142119
320 995874 481138.551546
320 995874 482321.676093
320 995874 483227.733333
320 995874 483108.956522
320 995874 483528.997449
320 995874 483506.664122
320 995874 482845.682741
320 995874 482350.032911
320 995874 482315.527778
320 995874 483071.100756
320 995874 482151.630653
320 995874 481644.934837
320 995874 481712.092500
320 995874 480605.399002
320 995874 480604.870647
320 995874 480139.595533
320 995874 480520.762376
320 995874 481587.871605
320 995874 481970.573892
320 995874 483219.366093
320 995874 482805.497549
320 995874 483002.418093
320 995874 483993.485366
320 995874 483243.788321
320 995874 482923.531553
320 995874 483580.588378
320 995874 483337.128019
320 995874 483946.113253
320 995874 483207.687500
320 995874 484020.112710
320 995874 484741.944976
320 995874 484201.644391
320 995874 484933.116667
320 995874 485715.942993
320 995874 485695.547393
320 995874 484688.011820
320 995874 484244.792453
320 995874 483524.738824
320 995874 483938.453052
320 995874 483601.173302
320 995874 482520.425234
320 995874 483156.086247
320 995874 482576.437209
320 995874 481732.566125
320 995874 481052.717593
320 995874 480025.011547
320 995874 479292.622120
320 995874 479002.377011
320 995874 479119.284404
320 995874 479976.192220
320 995874 479518.885845
320 995874 479203.564920
320 995874 478939.636364
320 995874 478228.877551
320 995874 479068.011312
320 995874 479603.776524
320 995874 480072.470721
320 995874 480554.224719
320 995874 480657.903587
320 995874 481585.328859
320 995874 481548.254464
320 995874 481317.812918
320 995874 480481.286667
320 995874 479525.527716
320 995874 478961.004425
320 995874 479265.362031
320 995874 479822.605727
320 995874 480680.789011
320 995874 479721.111842
320 995874 479235.691466
320 995874 478528.242358
320 995874 478012.559913
320 995874 477088.715217
320 995874 477087.915401
320 995874 478121.077922
320 995874 478544.799136
320 995874 479594.566810
320 995874 480199.686022
320 995874 480366.673820
320 995874 480340.276231
320 995874 479469.215812
320 995874 479396.511727
320 995874 478983.025532
320 995874 478471.320594
320 995874 478232.186441
320 995874 477647.496829
320 995874 477484.974684
320 995874 478287.945263
320 995874 479042.334034
320 995874 480027.819706
320 995874 480001.041841
320 995874 479868.874739
320 995874 480218.843750
320 995874 480550.513514
320 995874 480200.757261
320 995874 480364.832298
320 995874 480890.770661
320 995874 481372.373196
320 995874 482184.761317
320 995874 482557.712526
320 995874 482633.104508
320 995874 483284.656442
320 995874 483621.979592
320 995874 483525.859470
320 995874 482884.546748
320 995874 482099.129817
320 995874 482935.402834
320 995874 483863.911111
320 995874 484169.526210
320 995874 484196.162978
320 995874 483961.164659
320 995874 483727.166333
320 995874 484630.578000
320 995874 485525.924152
320 995874 484681.019920
320 995874 485295.236581
320 995874 484940.376984
320 995874 485901.653465
320 995874 485106.798419
320 995874 485431.826430
320 995874 484892.527559
320 995874 485602.766208
320 995874 485142.084314
320 995874 484275.497065
320 997801 485278.476562
320 997801 485102.384016
320 997801 484911.735409
320 997801 484896.881553
320 997801 485441.883721
320 997801 486203.976789
320 997801 486053.656371
320 997801 486619.129094
320 997801 485857.419231
320 997801 484970.126679
320 997801 485179.819923
320 997801 485297.154876
320 997801 485937.078244
320 997801 485901.059048
320 997801 486219.498099
320 997801 485602.611006
320 997801 486213.899621
320 997801 485847.928166
320 997801 485436.571698
320 997801 485537.689266
320 997801 485255.248120
320 997801 484701.157598
320 997801 483891.951311
320 997801 484289.693458
320 997801 483897.434701
320 997801 484357.398510
320 997801 485223.578067
320 997801 485745.829314
320 997801 485603.737037
320 997801 485970.121996
320 997801 486832.153137
320 997801 486916.427256
320 997801 487676.957721
320 997801 487363.957798
320 997801 488090.811355
320 997801 487863.318099
320 997801 488261.901460
320 997801 487573.078324
320 997801 487284.923636
320 997801 486933.969147
320 997801 487414.893116
320 997801 487134.075949
320 997801 486574.660650
320 997801 486028.972973
320 997801 486036.771583
320 997801 486550.822262
320 997801 487462.847670
320 997801 488054.236136
320 997801 487607.744643
320 997801 486818.664884
320 997801 486880.124555
320 997801 487348.596803
320 997801 487129.588652
320 997801 486951.097345
320 997801 486246.238516
320 997801 485690.068783
320 997801 486258.984155
320 997801 486368.913884
320 997801 485866.692982
320 997801 485648.509632
320 997801 486103.629371
320 997801 485352.595113
320 997801 484917.891986
320 997801 485669.240000
320 997801 485235.703125
320 997801 485493.589255
320 997801 486298.283737
320 997801 486448.730570
320 997801 486051.256897
320 997801 486669.716007
320 997801 487349.860825
320 997801 486849.063465
320 997801 486437.780822
320 997801 486404.237607
320 997801 486673.887372
320 997801 486426.034072
320 997801 487021.464286
320 997801 487346.847199
320 997801 487761.444068
320 997801 487704.874788
320 997801 487355.687500
320 997801 487730.207420
320 997801 488506.632997
320 997801 488324.278992
320 997801 488688.820470
320 997801 488009.788945
320 997801 487429.919732
320 997801 488239.759599
320 997801 488486.250000
320 997801 488947.221298
320 997801 489664.310631
320 997801 489365.535655
320 997801 490092.940397
320 997801 489408.484298
320 997801 488786.442244
320 997801 489333.907743
320 997801 488903.032895
320 997801 489109.087028
320 997801 489126.154098
320 997801 489300.711948
320 997801 489998.385621
320 997801 489226.988581
320 997801 489990.333876
320 997801 489248.255285
320 997801 488482.303571
320 997801 488445.544571
320 997801 487806.762136
320 997801 487621.116317
320 997801 487173.424194
320 997801 487923.892110
320 997801 488715.003215
320 997801 489416.049759
320 997801 490078.822115
320 997801 489600.776000
320 997801 489748.067093
320 997801 489418.700159
320 997801 488669.060510
320 997801 488330.939587
320 997801 488306.811111
320 997801 488448.767036
320 997801 489147.363924
320 997801 488928.394945
320 997801 488681.022082
320 997801 487944.579528
320 997801 487221.665094
320 997801 486988.230769
320 997801 487717.738245
320 997801 488300.461659
320 997801 488991.215625
320 997801 488471.029641
320 997801 488229.065421
320 997801 487615.283048
320 997801 488392.979814
320 997801 487847.519380
320 997801 488349.470588
320 997801 487959.978362
320 997801 487451.228395
320 997801 486991.768875
320 997801 487203.484615
320 997801 486838.588326
320 997801 486270.757669
320 997801 486585.797856
320 997801 486180.249235
320 997801 486875.668702
320 997801 487114.213415
320 997801 487516.780822
320 997801 487780.863222
320 997801 487136.702580
320 997801 487765.337879
320 997801 488387.518911
320 997801 487734.706949
320 997801 487774.508296
320 997801 488276.215361
320 997801 488341.147368
320 997801 488960.465465
320 997801 488835.394303
320 997801 489308.935629
320 997801 488655.926756
320 997801 488081.337313
320 997801 488774.330849
320 997801 488893.101190
320 997801 489048.004458
320 997801 489211.853116
320 997801 489078.133333
320 997801 489318.829882
320 997801 488703.979321
320 997801 488259.094395
320 997801 488021.366716
320 997801 487673.261765
320 997801 488239.490455
320 997801 488946.004399
320 997801 488482.939971
320 997801 488198.109649
320 997801 487833.254015
320 997801 487338.380466
320 997801 488055.625910
320 997801 488713.902616
320 997801 488402.867925
320 997801 488613.231884
320 997801 488815.878437
320 997801 489271.505780
320 997801 488582.411255
320 997801 488083.818444
320 997801 487910.132374
320 997801 488468.923851
320 997801 488798.889527
320 997801 488969.265043
320 997801 489272.326180
320 997801 489391.870000
320 997801 489175.861626
320 997801 489092.866097
320 997801 489491.022760
320 997801 490109.684659
320 997801 490019.428369
320 997801 489849.633144
320 997801 489965.830269
320 997801 490345.740113
320 997801 490792.847673
320 997801 490372.074648
320 997801 490181.751055
320 997801 490503.904494
320 997801 490706.262272
320 997801 490826.787115
320 997801 491037.279720
320 997801 491438.500000
320 997801 491888.889819
320 997801 492224.717270
320 997801 491766.809458
320 997801 491355.108333
320 997801 491902.511789
320 997801 491252.825485
320 997801 491393.446750
320 997801 491758.283149
320 997801 491204.710345
320 997801 490653.694215
320 997801 490667.330124
320 997801 490038.873626
320 997801 489709.293553
320 997801 489262.941096
320 997801 488896.701778
320 997801 489076.536885
320 997801 488976.847203
320 997801 488483.474114
320 997801 488509.533333
320 997801 488031.233696
320 997801 487835.005427
320 997801 487302.070461
320 997801 487583.809202
320 997801 487488.081081
320 997801 486916.086370
320 997801 487432.032345
320 997801 487998.082100
320 997801 488102.096774
320 997801 487921.562416
320 997801 487335.426273
320 997801 487582.333333
320 997801 487102.457219
320 997801 487662.668892
320 997801 487415.453333
320 997801 487679.226365
320 997801 487142.872340
320 997801 486676.292165
320 997801 487067.368700
320 997801 487612.392053
320 997801 487468.394180
320 997801 487664.066050
320 997801 488075.845646
320 997801 487470.973650
320 997801 488037.594737
320 997801 487865.438896
320 997801 488345.296588
320 997801 488430.344692
320 997801 488294.010471
320 997801 488059.474510
320 997801 487766.950392
320 997801 487401.148631
320 997801 487311.334635
320 997801 486899.700910
320 997801 487000.189610
320 997801 487496.153048
320 997801 487298.484456
320 997801 486953.120310
320 997801 487324.956072
320 997801 486742.771613
320 997801 487209.742268
320 997801 487311.751609
320 997801 486712.119537
320 997801 486145.441592
320 997801 486568.991026
320 997801 486494.508323
320 997801 486322.331202
320 997801 486537.140485
320 997801 485977.883929
320 997801 486624.515924
320 997801 486409.952926
320 997801 486096.471410
320 997801 485656.012690
320 997801 486104.984791
320 997801 485812.388608
320 997801 486296.333755
320 997801 486901.244949
320 997801 486906.609079
320 997801 486640.201511
320 997801 487018.408805
320 997801 486850.912060
320 997801 486956.081556
320 997801 486592.659148
320 997801 486200.898623
320 997801 485613.692500
320 997801 485944.880150
320 997801 485665.008728
320 997801 485840.024907
320 997801 486340.568408
320 997801 486792.980124
320 997801 486719.545906
320 997801 487006.719950
320 997801 487167.457921
320 997801 486744.142151
320 997801 487117.449383
320 997801 487348.928483
320 997801 487154.261084
320 997801 486986.745387
320 997801 486617.377150
320 997801 487133.457669
320 997801 486656.231618
320 997801 486312.791922
320 997801 486507.566015
320 997801 487099.393162
320 997801 487689.114634
320 997801 487262.227771
320 997801 486921.725061
320 997801 486883.363305
320 997801 486440.855583
320 997801 486918.823030
320 997801 486694.642857
320 997801 487091.963724
320 997801 487558.579710
320 997801 487340.372738
320 997801 487430.503614
320 997801 487674.006017
320 997801 488153.453125
320 997801 488673.792317
320 997801 488623.338129
320 997801 489177.588024
320 997801 489554.946172
320 997801 489516.860215
320 997801 488993.008353
320 997801 489126.126341
320 997801 489370.863095
320 997801 489956.000000
320 997801 489768.306413
320 997801 490296.014235
320 997801 490515.258294
320 997801 490695.192899
320 997801 490228.644208
320 997801 490520.357733
320 997801 490229.192217
320 997801 490051.406360
320 997801 489616.198824
320 997801 489684.506463
320 997801 489161.144366
320 997801 489326.531067
320 997801 488768.809133
320 997801 488391.461988
320 997801 488679.765187
320 997801 488498.241540
320 997801 488517.383450
320 997801 488758.515716
320 997801 489182.053488
320 997801 489391.954704
320 997801 489150.951276
320 997801 489494.728853
320 997801 489868.111111
320 997801 490114.221965
320 997801 489624.959584
320 997801 489359.439446
320 997801 489712.676267
320 997801 489356.001151
320 997801 489876.251724
320 997801 489371.942595
320 997801 489402.471330
320 997801 489152.911798
320 997801 489294.431350
320 997801 488750.690286
320 997801 489310.113014
320 997801 488886.802737
320 997801 489012.486333
320 997801 489055.604096
320 997801 489386.006818
320 997801 489006.106697
320 997801 488464.725624
320 997801 488863.227633
320 997801 488929.559955
320 997801 488979.415819
320 997801 488864.794582
320 997801 489319.770011
320 997801 488772.278153
320 997801 488887.768279
320 997801 489362.555056
320 997801 489648.101010
320 997801 489316.455157
320 997801 489425.577828
320 997801 489854.713647
320 997801 490340.555307
320 997801 490729.005580
320 997801 491137.916388
320 997801 491409.161470
320 997801 491567.342603
320 997801 491815.192222
320 997801 491987.812431
320 997801 492479.195122
320 997801 492850.167220
320 997801 492638.225664
320 997801 492406.362431
320 997801 492252.669978
320 997801 492619.894157
320 997801 492383.986784
320 997801 492538.063806
320 997801 493010.447253
320 997801 493244.861690
320 997801 493398.094298
320 997801 493137.638554
320 997801 492652.688184
320 997801 492419.134426
320 997801 492456.109170
320 997801 492657.660851
320 997801 492240.764706
320 997801 491784.364527
320 997801 491910.963043
320 997801 491803.513572
320 997801 492325.978308
320 997801 492434.747562
320 997801 492595.882035
320 997801 492757.022703
320 997801 492401.340173
320 997801 491982.432578
320 997801 491656.170259
320 997801 492014.235737
320 997801 491520.491398
320 997801 491079.410311
320 997801 490657.245708
320 997801 490338.520900
320 997801 489910.351178
320 997801 489682.118717
320 997801 490159.794872
320 997801 489925.368196
320 997801 490335.717484
320 997801 490270.207668
320 997801 489994.043617
320 997801 489835.293305
320 997801 490223.237792
320 997801 490705.647932
320 997801 490221.706568
320 997801 490538.679365
320 997801 490303.200846
320 997801 490318.980993
320 997801 489842.930380
320 997801 489645.354057
320 997801 489898.228421
320 997801 489508.687697
320 997801 489757.161765
320 997801 490174.571878
320 997801 489811.725367
320 997801 490333.987435
320 997801 490175.591004
320 997801 490682.387670
320 997801 490244.621086
320 997801 490122.134515
320 997801 490354.308333
320 997801 489964.774194
320 997801 489938.652807
320 997801 489863.491173
320 997801 489582.936722
320 997801 489915.701554
320 997801 490087.817805
320 997801 489875.511892
320 997801 490228.240702
320 997801 490645.587203
320 997801 490865.426804
320 997801 490455.847580
320 997801 489967.203704
320 997801 490306.108941
320 997801 490574.091376
320 997801 490080.462564
320 997801 490416.875000
320 997801 490672.918117
320 997801 490660.116564
320 997801 490669.314607
320 997801 490569.406122
320 997801 490574.943935
320 997801 490430.624236
320 997801 490525.642930
320 997801 490704.764228
320 997801 490305.236548
320 997801 490545.597363
320 997801 490713.503546
320 997801 490546.126518
320 997801 490719.995956
320 997801 491048.309091
320 997801 490676.558022
320 997801 490533.505040
320 997801 490094.030211
320 997801 490372.514085
320 997801 490562.512563
320 997801 490652.308233
320 997801 491052.043129
320 997801 491283.879760
320 997801 491607.936937
320 997801 491242.748000
