752047 752047 752047.000000
-1 -1 -1
701192 701192 701192.000000
701192 953320 827256.000000
953320 953320 953320.000000
97689 953320 525504.500000
75730 953320 375579.666667
75730 953320 327612.500000
75730 953320 375579.666667
75730 97689 86709.500000
97689 97689 97689.000000
97689 131408 114548.500000
131408 131408 131408.000000
131408 720645 426026.500000
131408 994933 615662.000000
131408 994933 675753.750000
131408 994933 601624.200000
111422 994933 519923.833333
111422 994933 525204.714286
111422 994933 507787.375000
111422 994933 516302.444444
111422 994933 507787.375000
94669 994933 461885.333333
94669 994933 471413.900000
94669 994933 511413.000000
94669 994933 507833.000000
94669 994933 544448.454545
94669 994933 560306.700000
94669 994933 543927.636364
94669 994933 585179.600000
94669 994933 581372.272727
94669 994933 562992.000000
94669 994933 589423.153846
94669 994933 612698.071429
94669 994933 629918.800000
94669 994933 649140.928571
94669 994933 667072.066667
94669 994933 649140.928571
305106 994933 691792.615385
305106 994933 678444.500000
305106 994933 695164.200000
155297 994933 661422.500000
155297 994933 662967.705882
155297 994933 667746.888889
155297 994933 674267.882353
155297 994933 661971.562500
155297 994933 674434.705882
155297 994933 663085.062500
155297 994933 646796.941176
155297 994933 619502.277778
116788 994933 593043.631579
116788 994933 575401.444444
116788 994933 575252.157895
116788 994933 580159.350000
116788 994933 594192.523810
116788 994933 585020.090909
116788 994933 598349.333333
116788 994933 620501.950000
116788 994933 606256.190476
116788 994933 617883.681818
116788 994933 622599.173913
116788 994933 604556.125000
116788 994933 603180.280000
116788 994933 584796.000000
116788 994933 600605.200000
116788 994933 594422.375000
116788 994933 586331.720000
116788 929240 569306.666667
57193 929240 548822.120000
57193 929240 533553.375000
57193 929240 525171.347826
57193 929240 526239.000000
33080 929240 506512.640000
33080 929240 515707.461538
33080 929240 522571.185185
33080 929240 530310.807692
33080 929240 528716.840000
33080 929240 521537.208333
33080 929240 514934.652174
33080 929240 515802.250000
33080 929240 514606.739130
33080 929240 519868.083333
33080 929240 515604.640000
33080 929240 513872.708333
33080 929240 498177.782609
33080 929240 497234.875000
33080 929240 490525.680000
33080 929240 487872.000000
33080 929240 479879.240000
33080 929240 483524.250000
33080 929240 483331.600000
33080 929240 489342.846154
33080 929240 475395.777778
33080 929240 467950.428571
33080 929240 456770.068966
33080 966802 473771.133333
33080 966802 464656.064516
33080 966802 466093.600000
33080 966802 462361.322581
33080 966802 466093.600000
33080 966802 456944.096774
33080 989726 473593.531250
33080 989726 468197.225806
33080 989726 472818.781250
33080 989726 471136.939394
33080 989726 466607.250000
8374 989726 452721.393939
8374 989726 459161.058824
8374 989726 461372.393939
8374 989726 455166.529412
8374 989726 449094.742857
8374 989726 456936.970588
8374 989726 458137.545455
8374 989726 455242.000000
8374 989726 468860.129032
8374 989726 471773.375000
8374 989726 457016.387097
8374 989726 467661.687500
8374 989726 472118.354839
8374 989726 485688.187500
8374 989726 497234.969697
8374 989726 504432.125000
8374 989726 498278.030303
8374 989726 512061.937500
8374 989726 515822.939394
8374 989726 525530.676471
8374 989726 514975.696970
8374 989726 513176.031250
8374 989726 514434.969697
8374 989726 523034.147059
8374 989726 511411.030303
8374 989726 504804.264706
8374 989726 515893.942857
8374 989726 502362.916667
8374 989726 497525.571429
8374 989726 487468.888889
8374 989726 486089.228571
8374 989726 475506.970588
8374 989726 470533.727273
8374 989726 472368.617647
8374 989726 469649.969697
8374 989726 479880.029412
8374 989726 466551.771429
8374 989726 476957.058824
8374 989726 465749.514286
8374 989726 454126.305556
8374 989726 462995.057143
8374 989726 472104.083333
8374 989726 474741.864865
8374 989726 479671.526316
8374 989726 486028.435897
8374 989726 488815.052632
8374 989726 488216.461538
8374 989726 495757.000000
8374 989726 497053.975610
8374 989726 494592.309524
8374 989726 490552.930233
8374 989726 488921.931818
8374 989726 495603.311111
8374 989726 505892.021739
8374 989726 496637.085106
8374 989726 490239.630435
8374 989726 492029.361702
8374 989726 481708.217391
8374 989726 491773.355556
8374 989726 491028.521739
8374 989726 498929.488889
8374 989726 503664.652174
8374 989726 495179.702128
8374 989726 500191.916667
8374 989726 500257.938776
8374 989726 496350.040000
8374 989726 501811.392157
8374 989726 505820.680000
8374 989726 506806.591837
8374 989726 497479.440000
8374 989726 501410.387755
8374 989726 496524.640000
8374 989726 496074.019608
8374 989726 497639.480769
8374 989726 504732.471698
8374 989726 505293.711538
8374 989726 514286.981132
8374 989726 519510.692308
8374 989726 513258.415094
8374 989726 515232.148148
8374 989726 512461.641509
8374 989726 507132.365385
8374 989726 505679.830189
8374 989726 513313.370370
8374 989726 517479.909091
8374 989726 524194.732143
8374 989726 530249.109091
8374 989726 530104.964286
8374 989726 523054.309091
8374 989726 515514.607143
8374 989726 523598.327273
8374 989726 528435.964286
8374 989726 524544.381818
8374 989726 524804.053571
8374 989726 525217.684211
8374 989726 523236.303571
8374 989726 515531.210526
8374 989726 511723.068966
8374 989726 503255.237288
12121 989726 511787.672414
12121 989726 512376.949153
12121 989726 513010.810345
12121 989726 515766.677966
12121 989726 509959.850000
12121 989726 514785.311475
12121 989726 518077.741935
12121 989726 515495.295082
12121 989726 511660.583333
12121 989726 513686.084746
12121 989726 519665.916667
12121 989726 518652.983607
12121 989726 525263.516129
12121 989726 533211.295082
12121 989726 528247.822581
12121 989726 535519.213115
12121 989726 531827.693548
12121 989726 536757.111111
12121 989726 530438.580645
12121 989726 531503.639344
12121 989726 533474.000000
12121 989726 527360.524590
12121 989726 521043.983333
12121 989726 514740.610169
12121 989726 522799.689655
12121 989726 529666.050847
12121 989726 523854.568966
12121 989726 522114.813559
12121 989726 516396.233333
12121 989726 522337.721311
12121 989726 527935.112903
12121 994580 535342.174603
12121 994580 536255.629032
12121 994580 536790.333333
12121 994580 531426.048387
12121 989726 523833.360656
12121 989726 515708.161290
12121 989726 509394.539683
12121 989726 504184.375000
12121 989726 508608.317460
12121 989726 515153.343750
12121 989726 517081.746032
12121 989726 519594.640625
12121 989726 515542.507937
12121 989726 521883.859375
12121 989726 517630.619048
12121 989726 521226.935484
12121 989726 528393.836066
12121 989726 529315.467742
12121 989726 533921.476190
12121 989726 529348.080645
12121 989726 535091.491803
12121 989726 534764.333333
12121 989726 530771.409836
11708 989726 522399.419355
11708 989726 519686.492063
11708 989726 512853.078125
11708 989726 517877.753846
11708 989726 519875.348485
11708 989726 514548.134328
11708 989726 521516.867647
11708 989726 515946.449275
11708 989726 512184.357143
11708 989726 506592.521127
11708 989726 509245.285714
11708 989726 515164.333333
11708 989726 509094.470588
11708 989726 507494.304348
11708 989726 503378.242857
11708 989726 497922.154930
11708 989726 496288.666667
11708 989726 497663.394366
11708 989726 503023.027778
11708 989726 505280.369863
11708 989726 508820.750000
11708 989726 504177.945205
11708 989726 509813.675676
11708 989726 510627.640000
11708 989726 508998.947368
11708 989726 514250.080000
11708 989726 509855.391892
11708 989726 505613.767123
11708 989726 498983.932432
11708 989726 496532.931507
11708 989726 491311.500000
11708 989726 487322.410959
11708 989726 482885.125000
11708 989726 480956.183099
11708 989726 479734.513889
11708 989726 479821.718310
11708 989726 478602.763889
11708 989726 479088.356164
11708 989726 477757.310811
11708 989726 474386.346667
11708 989726 473273.250000
11708 989726 475494.960000
11708 989726 480046.552632
11708 989726 476703.415584
11708 989726 473920.282051
12121 989726 479923.038961
12121 989726 482075.179487
12121 989726 479644.037975
12121 989726 484737.576923
12121 989726 482414.987342
12121 989726 483561.384615
12121 989726 484371.155844
12121 989726 485689.358974
12121 989726 491867.531646
12121 989726 491557.562500
12121 989726 486401.740741
12121 989726 481403.780488
12121 989726 475781.662651
12121 989726 476808.309524
12121 989726 480536.638554
12121 989726 479623.392857
12121 989726 479178.035294
12121 989726 478097.511905
12121 989726 481440.094118
12121 989726 483151.139535
12121 989726 478440.482353
12121 989726 476988.244186
12121 989726 479187.929412
12121 989726 474864.202381
12121 989726 477882.317647
12121 989726 474028.313953
12121 989726 473885.942529
12121 989726 473269.125000
12121 989726 469576.747126
12121 989726 469669.011628
12121 989726 466936.000000
12121 989726 467588.136364
12121 989726 461601.540230
12121 989726 459659.813953
12121 989726 461645.643678
12121 989726 466098.613636
12121 989726 469604.460674
12121 989726 466279.318182
12121 989726 465730.218391
12121 989726 459879.593023
12121 989726 456832.105882
12121 989726 458684.238095
12121 989726 457001.705882
12121 989726 460773.941860
12121 989726 460254.588235
12121 989726 455075.220930
12121 989726 457848.223529
12121 989726 455587.011905
12121 989726 456210.662651
12121 989726 461627.976190
12121 989726 463262.823529
12121 989726 462740.372093
12121 989726 459862.344828
12121 989726 462882.744186
12121 989726 463330.137931
12121 989726 463450.613636
12121 989726 465430.551724
12121 989726 460684.767442
12121 989726 456856.574713
12121 989726 454613.988372
12121 989726 453829.229885
13391 989726 458965.372093
13391 989726 459258.126437
13391 989726 462996.079545
13391 989726 464277.816092
13391 989726 469993.352273
13391 989726 465585.149425
13391 989726 462494.232558
13391 989726 457752.080460
1458 989726 452566.920455
1458 989726 455328.011494
1458 989726 454602.556818
1458 989726 458485.482759
1458 989726 457178.790698
1458 989726 453429.379310
1458 989726 447454.779070
1458 989726 449345.058824
1458 989726 453589.023256
1458 989726 457202.564706
1458 989726 458891.453488
1458 989726 457482.735632
1458 989726 457923.162791
1458 989726 462086.896552
1458 989726 462323.162791
1458 989726 465692.329412
1458 989726 466393.848837
1458 989726 465168.356322
1458 989726 465216.272727
1458 989726 462106.505747
1458 989726 457311.829545
1458 989726 458832.494382
1458 989726 454059.829545
1458 989726 459041.820225
1458 989726 457412.215909
1458 989726 456558.719101
1458 989726 454925.422222
1458 989726 454398.674157
1458 989726 458370.568182
1458 989726 454399.000000
1458 989726 454585.133333
1458 989726 456803.065934
1458 989726 461857.043478
1458 989726 464142.537634
1458 989726 461928.771739
1458 989726 462825.670330
1458 989726 464702.119565
1458 989726 465866.311828
1458 989726 465735.382979
1458 989726 461987.096774
1458 989726 461219.638298
1458 989726 456528.913978
1458 989726 459853.648936
1458 989726 457358.600000
1458 989726 458857.010417
1458 989726 458839.443299
1458 989726 455375.183673
1458 989726 453408.414141
1458 989726 452949.730000
1458 989726 455071.960396
1458 989726 451740.700000
1458 989726 453681.049505
1458 989726 455022.588235
1458 989726 458145.485437
1458 989726 461035.711538
1458 989726 464194.247619
1458 989726 460851.943396
1458 989726 456908.915888
1458 989726 454889.879630
1458 989726 455584.261682
1458 989726 453376.500000
1458 989726 451504.477064
1458 989726 454044.190909
1458 989726 450685.256881
1458 989726 452508.418182
1458 989726 455019.783784
1458 989726 452082.518182
1458 989726 456809.963964
1458 989726 460096.116071
1458 989726 457405.729730
1458 989726 457264.589286
1458 989726 459067.666667
1458 989726 458501.392857
1458 989726 460038.646018
1458 989726 460096.500000
1458 989726 457574.637168
1458 989726 459837.500000
1458 989726 459245.139130
1458 989726 456527.517544
1458 989726 459970.391304
1458 989726 462449.551724
1458 989726 464213.295652
1458 989726 462154.672414
1458 989726 461539.321739
1458 989726 463372.122807
1458 989726 461577.739130
1458 989726 463745.206897
1458 989726 464853.139130
1458 989726 467905.405172
1458 989726 467155.923077
1458 989726 467808.232759
1458 989726 471677.128205
1458 989726 475535.177966
1458 989726 479385.025210
1458 989726 481693.941667
1458 989726 479385.025210
1458 989726 482296.825000
1458 989726 481496.983193
1458 989726 481012.216667
1458 989726 478926.272727
1458 989726 478512.762295
1458 989726 477009.552846
1458 989726 473430.887097
1458 989726 474188.731707
1458 989726 477645.620968
1458 989726 473587.219512
1458 989726 475446.080645
1458 989726 474393.368000
1458 989726 473990.701613
1458 989726 477858.032000
1458 989726 479844.682540
1458 989726 479946.880000
1458 989726 479995.387097
1458 989726 476748.792000
1458 989726 478842.362903
1458 989726 482059.736000
1458 989726 482149.865079
1458 989726 478577.503937
1458 989726 478328.445312
1458 989726 479388.116279
1458 989726 476114.976923
1458 989726 475389.496124
1458 989726 476054.984615
1458 989726 473757.625954
1458 989726 473693.234848
1458 989726 473018.984733
1458 989726 470907.184615
1458 989726 468917.387597
1458 989726 472001.343750
1458 989726 472677.271318
1458 989726 475771.867188
1458 989726 475421.751938
1458 989726 474374.184615
1458 989726 474507.682171
1458 989726 474533.906250
1458 989726 474793.244094
1458 989726 475631.367188
1458 989726 475915.620155
1458 989726 472300.192308
1458 989726 475259.488550
1458 989726 477608.438462
1458 989726 480105.457364
1458 989726 483740.906250
1458 989726 484766.047244
1458 989726 484783.007812
1458 989726 485226.354331
1458 989726 482354.242188
1458 989726 485147.330709
1458 989726 485363.761905
1458 989726 485883.385827
1458 989726 483496.601562
1458 989726 483970.393701
1458 989726 482196.921875
1458 989726 480379.543307
1458 989726 480135.484375
1458 989726 482537.133858
1458 989726 486358.929688
1458 989726 484838.023256
1458 989726 481377.769231
1458 989726 482114.496124
1458 989726 479799.576923
1458 989726 483363.364341
1458 992102 487276.738462
1458 992102 487987.062016
1458 992102 484818.469231
1458 992102 487351.694656
1458 992102 484559.931818
1458 992102 483758.142857
1458 992102 482633.500000
1458 992102 485098.902256
1458 992102 487041.977273
1458 992102 489612.210526
1458 992102 491432.560606
1458 992102 492193.755725
1458 992102 491682.143939
1458 992102 490450.278195
1458 992102 487650.901515
1458 992102 487183.099237
1458 992102 487621.830769
1458 992102 486334.954198
1458 992102 486854.538462
1458 992102 487067.229008
1458 992102 485626.424242
1458 992102 487510.190840
1458 992102 484999.318182
1458 992102 484143.781955
1458 992102 485206.560606
1458 992102 488795.877863
1458 992102 485778.815385
1458 992102 483487.069767
1458 992102 486405.640625
1458 992102 488451.542636
1458 992102 491048.234375
1458 992102 493834.771654
1458 992102 494660.515873
1458 992102 498390.120000
1458 992102 501461.040323
1458 992102 498046.991870
1458 992102 499108.677419
1458 992102 499539.392000
1458 992102 502750.611111
1458 992102 500259.488189
1458 992102 496374.833333
1458 992102 499871.866142
1458 992102 502891.944444
1458 992102 505132.488000
1458 992102 504443.895161
1458 992102 500468.752000
1458 992102 504070.274194
1458 992102 506960.200000
1458 992102 505946.984127
1458 992102 502538.740157
1458 992102 501507.880952
1458 992102 498057.661417
1458 992102 499738.921875
1458 992102 503008.968992
1458 992102 500225.553846
1458 992102 503999.465116
1458 992102 501741.292308
1458 992102 500646.656489
1458 992102 504383.715385
1458 992102 505854.564885
1458 992102 509446.153846
1458 992102 512904.418605
1458 992102 512963.484615
1458 992102 516040.751938
1458 992102 518392.807692
1458 992102 518440.038760
1458 992102 517793.429688
1458 992102 516136.874016
1458 992102 518843.507937
1458 992102 521917.023622
1458 992102 519689.687500
1458 992102 516968.259843
1458 992102 520599.710938
1458 992102 518172.283465
1458 992102 515598.117188
1458 992102 517660.558140
1458 992102 520601.929688
1458 992139 524257.255814
1458 992139 526564.661538
1458 992139 523029.236641
1458 992139 524315.787879
1458 992139 524257.849624
1458 992139 521203.060606
1458 992139 521940.691729
1458 992139 521995.416667
1458 992139 520561.255639
1458 992139 520519.878788
1458 992139 522531.343511
1458 992139 523552.000000
1458 992139 527299.108527
1458 992139 525340.015385
1458 992139 524573.320611
1458 992139 524891.727273
1458 992139 525409.541353
1458 992139 528017.378788
1458 992139 529567.796992
1458 992139 531376.425373
1458 992139 533191.540741
1458 992139 531373.683824
1458 992139 530149.569343
1458 992139 528530.617647
1458 992139 530426.274074
1458 992139 529214.126866
1458 992139 530645.162963
1458 992139 527036.720588
5910 992139 530929.896296
5910 992139 531028.088235
5910 992139 528912.214815
5910 992139 528744.723881
5910 992139 530512.593985
5910 992139 529624.689394
5910 992139 527395.112782
5910 992139 528999.098485
5910 992139 527626.308271
5910 992139 524429.611940
5910 992139 526725.044444
5910 992139 524888.463235
5910 992139 522986.503704
5910 992139 520680.735294
5910 992139 517967.649635
5910 992139 516567.985507
5910 992139 513811.215827
5910 992139 515691.114286
5910 992139 516297.326241
5910 992139 516640.154930
5910 992139 517249.048951
5910 992139 514775.027778
5910 992139 516319.186207
5910 992139 514805.965278
5910 992139 513668.875862
5910 992139 510279.363014
5910 992139 511996.224490
5910 992139 512162.304054
5910 992139 513959.657718
5910 992139 516918.371622
5910 992139 517803.210884
5910 992139 514541.209459
5910 992139 515343.342282
5910 992139 516287.660000
5910 992139 513494.516556
5910 992139 514389.180000
5910 992139 517396.403974
5910 992139 516216.532895
5910 992139 513532.039735
5910 992139 512506.953333
5910 992139 514390.241611
5910 992139 514890.426667
5910 992139 516596.637584
5910 992139 517656.236486
5910 992139 514589.408163
5910 992139 513108.013699
5910 992139 510934.578231
5910 992139 510547.202703
5910 992139 509793.865772
5910 992139 509159.283784
5910 992139 507321.181208
5910 992139 508510.837838
5910 992139 508708.107383
5910 992139 505642.993333
5910 992139 506184.872483
5910 992139 508030.101351
5910 992139 509367.483221
5910 992139 506984.418919
5910 992139 510100.360544
5910 992139 510506.148649
5910 992139 510604.416107
5910 992139 512191.726667
5910 992139 513973.165563
5910 992139 514744.320000
5910 992139 516899.563758
5910 992139 516613.777027
5910 992139 516410.095238
5910 992139 515925.294521
5910 992139 513277.006803
5910 992139 512969.168919
5910 992139 516232.530612
5910 992139 516378.074324
5910 992139 514373.798658
5910 992139 515119.726667
5910 992139 515325.664430
5910 992139 513279.173333
5910 992139 514664.629139
5910 992139 511657.559211
5910 992139 510087.735099
5910 992139 511226.289474
5910 992139 513866.797386
5910 992139 511369.144737
5910 992139 508415.251656
5910 992139 510714.486842
5910 992139 513045.411765
5910 992139 514063.184211
5910 992139 513394.556291
5910 992139 515430.019737
5910 992139 517597.503311
5910 992139 519645.240000
5910 992139 520095.615894
5910 992139 517846.855263
5910 992139 519096.784314
5910 992139 521625.149351
5910 992139 522538.174194
5910 992139 524737.839744
5910 992139 524367.935484
5910 992139 522778.948718
5910 992139 524446.515924
5910 992139 523838.518987
5910 992139 525915.119497
5910 992139 525384.925000
5910 992139 526126.088050
5910 992139 528630.500000
5910 992139 527447.377358
5910 992139 524376.262500
5910 992139 523190.677019
5910 992139 523625.600000
5910 992139 526691.993711
5910 992139 523540.125000
5910 992139 523056.962733
5910 992139 520216.308642
5910 992139 522984.883436
5910 992139 521416.907407
5910 992139 519360.751553
5910 992139 517131.944444
5910 992139 514587.223602
5910 992139 516900.629630
5910 992139 515316.633540
5910 992139 513419.137500
5910 992139 512516.169811
5910 992139 515291.993671
5910 992139 517941.821656
5910 992139 517011.038462
5910 992139 519736.767742
5910 992139 518349.416667
5910 992139 520285.649682
5910 992139 521714.284810
5910 992139 518669.402516
5910 992139 521587.626582
5910 992139 524486.616352
5910 992139 526646.950000
5910 992139 529840.955975
5910 992139 529974.787500
5910 992139 529573.616352
5910 992139 530778.272152
5910 992139 533637.930818
5910 992139 532315.206250
5910 992139 534269.987578
5910 992139 533695.031250
5910 992139 534872.874214
5910 992139 533781.563291
5910 992139 532253.440252
5910 992139 530734.893750
5910 992139 530937.074534
5910 992139 530743.537500
5910 992139 530621.857143
5910 992139 530854.393750
5910 992139 529177.031056
5910 992139 527719.370370
5910 992139 529889.776398
5910 992139 529103.333333
5910 992139 531089.055901
5910 992139 533047.481250
5910 992139 533946.838509
5910 992139 531155.370370
5910 992139 528418.900621
5910 992139 528017.450000
5910 992139 527701.751553
5910 992139 527613.370370
5910 992139 525818.533742
5910 992139 523682.628049
5910 992139 522650.800000
5910 992139 522615.469880
5910 992139 525101.107784
5910 992139 526369.988095
5910 992139 525237.227545
5910 992139 522735.656627
5910 992139 520979.982036
5910 992139 521265.779762
5910 992139 522159.994083
5910 992139 519432.964706
5910 992139 521018.584795
5910 992139 522847.122093
5910 992139 524130.964912
5910 992139 522331.302326
5910 992139 521270.890173
5910 992139 519242.581395
5910 992139 518769.618497
5910 992139 516503.947674
5910 992139 514676.895954
5910 992139 511867.189655
5910 992139 512424.680000
5910 992139 510965.232955
5910 992139 512324.412429
5910 992139 511908.443182
5910 992139 510705.611429
5910 992139 511457.653409
5910 992139 509221.165714
5910 992139 511317.750000
5910 992139 513999.276836
5910 992139 513504.005682
5910 992139 512208.022599
5910 992139 514493.471910
5910 992139 513013.677966
5910 992139 513169.455056
5910 992139 514429.384181
5910 992139 513722.455056
5910 992139 512258.854749
5910 992139 514484.133333
5910 992139 512409.331492
5910 992139 514595.109890
5910 992139 517063.710383
5910 992139 518343.648352
5910 992139 518896.198895
5910 992139 517276.000000
5910 992139 517763.132597
5910 992139 519916.087912
5910 992139 519680.497268
5910 992139 517037.146739
5910 992139 518436.913514
5910 992139 519837.119565
5910 992139 519980.827027
5910 993351 522525.827957
5910 993351 521533.176471
5910 993351 520227.074468
5910 993351 518601.443850
5910 993351 518548.898936
5910 993351 518324.804233
5910 993351 519940.420213
5910 993351 517790.576720
5910 993351 518664.829787
5910 993351 517527.903743
5910 993351 519587.547872
5910 993351 518232.534392
5910 993351 520138.310526
5910 993351 518829.256545
5910 993351 518681.343750
5910 992139 516196.162304
5910 992139 517704.889474
5910 992139 518796.958115
5910 992139 520138.953125
5910 992139 519807.746114
5910 992139 518629.609375
5910 992139 518494.145078
5910 992139 519439.947917
5910 992139 519987.362694
5910 992139 522134.773196
5910 992139 523523.194872
5910 992139 524799.159794
5910 992139 522593.830769
5910 992139 520114.122449
5910 992139 517627.517766
5910 992139 518513.353535
5910 992139 518072.065990
5910 992139 518441.636364
5910 992139 516015.778894
5910 992139 514847.850000
5910 992139 515194.283582
5910 992139 514462.346535
5910 992139 516482.236453
5910 992139 516724.446078
5910 992139 518369.843902
5910 992139 516424.480392
5910 992139 514905.098522
5910 992139 512424.372549
5910 992139 510421.448276
5910 992139 510286.044554
5910 992139 508856.293532
5910 992139 507064.019802
5910 992139 505495.492537
5910 992139 504975.830000
5910 992139 503801.447236
5910 992139 502514.005000
5910 992139 500626.035176
5910 992139 499080.135000
5910 992139 497615.341709
5910 992139 498797.792929
5910 992139 496714.634518
5910 992139 497621.132653
5910 992139 499233.700508
5910 992139 501602.102041
5910 992139 502969.010256
5910 992139 502085.304124
5910 992139 500002.051813
5910 992139 498736.536082
5910 992139 500343.051813
5910 992139 501768.381443
5910 992139 502904.849741
5910 992139 502687.855670
5910 992139 500285.466321
5910 992139 501530.458763
5910 992139 502897.866667
5910 992139 502037.168367
5910 992139 503655.933333
5910 992139 503306.020408
5910 992139 505174.538462
5910 992139 503706.346939
5910 992139 504109.664975
5910 992139 502588.287879
5910 992139 500155.771574
5910 992139 500274.918367
5910 992139 499420.142132
5910 992139 497591.168367
5910 992139 496447.302564
5910 992139 494331.081633
5910 992139 492375.035533
5910 992139 494062.202020
5910 992139 493428.638191
5910 992139 492252.570707
5910 992139 490838.286432
5910 992139 492292.636364
5910 992139 490888.437186
5910 992139 491139.974747
5910 992139 490219.934010
5910 992139 488757.500000
5910 992139 489575.908629
5910 992139 491819.015306
5910 992139 493185.200000
5910 992139 492766.788660
5910 992139 493147.246154
5910 992139 491665.801020
5910 992139 489460.143590
5910 992139 487297.846939
5910 992139 487457.241026
5910 992139 486376.788660
5910 992139 486990.227979
5910 992139 485241.296875
5910 992139 484792.844560
5910 992139 485051.802083
5910 992139 485257.565445
5910 992139 486280.973684
5910 992139 488788.722513
5910 992139 490694.836842
5910 992139 490113.380952
5910 992139 488177.718085
5910 992139 487278.534392
5910 992139 489436.037234
5910 992139 487185.850267
5910 992139 489100.935484
5910 992139 488538.983957
5910 992139 490758.446809
5910 992139 490425.882353
5910 992139 492294.957447
5910 992139 492446.682540
5910 992139 492241.110526
5910 992139 491095.235602
5910 992139 489877.405263
5910 992139 490525.735450
5910 992139 488629.409574
5910 992139 488582.587302
5910 992139 489945.763158
5910 992139 489832.434555
5910 992139 492222.626316
5910 992139 490480.862434
5910 992139 490763.101064
5910 992139 489046.338624
5910 992139 488669.689474
5910 992139 491056.417989
5910 992139 491780.342105
5910 992139 490258.094241
5910 992139 491234.937500
5910 992139 489813.874346
5910 992139 488854.739583
5910 992139 489470.664921
5910 992139 491473.194737
5910 992139 490597.130890
5910 992139 491129.937500
5910 992139 490087.072539
5910 992139 489919.937500
