318 318 318.000000
318 323 320.500000
318 364 335.000000
318 364 341.000000
162 364 281.333333
318 364 341.000000
108 364 263.333333
108 318 213.000000
108 318 242.666667
108 318 229.750000
108 379 259.600000
108 379 267.000000
108 379 255.428571
108 379 237.750000
108 318 217.571429
108 485 251.000000
108 485 266.222222
108 485 251.700000
108 485 264.636364
108 485 273.416667
108 485 266.000000
108 485 277.642857
108 485 283.800000
108 485 287.875000
108 485 295.588235
108 485 301.277778
108 485 292.421053
108 485 299.850000
108 485 305.842105
108 485 305.166667
59 485 292.210526
59 485 286.333333
59 485 281.105263
59 485 283.500000
59 441 272.894737
59 441 264.950000
59 441 265.333333
59 441 268.318182
59 441 273.173913
59 441 277.090909
59 441 270.333333
59 441 274.000000
59 441 281.285714
59 493 290.909091
59 493 290.285714
59 493 290.454545
30 493 279.130435
30 493 279.041667
30 493 270.320000
30 493 263.730769
30 493 269.720000
30 493 271.038462
30 493 266.111111
30 493 261.035714
30 493 262.379310
30 493 263.533333
30 493 265.387097
30 493 269.633333
30 493 267.322581
30 493 273.125000
30 493 277.363636
30 493 277.176471
30 493 276.575758
30 493 277.794118
30 493 281.228571
30 493 278.861111
59 493 285.971429
59 493 286.111111
59 493 280.378378
59 493 276.815789
59 493 271.846154
59 493 270.350000
52 493 265.024390
52 493 262.925000
52 493 266.897436
52 493 267.600000
52 493 266.717949
52 493 269.500000
52 493 269.658537
52 493 266.166667
52 493 270.243902
52 493 271.071429
51 493 265.953488
51 493 265.522727
46 493 260.644444
46 493 261.195652
46 493 263.446809
46 493 261.229167
46 493 264.122449
46 493 261.640000
46 493 258.725490
46 493 257.980769
46 493 254.150943
46 493 258.055556
46 493 257.781818
46 493 255.857143
46 493 257.963636
46 493 261.946429
46 493 263.649123
46 493 264.103448
46 493 260.949153
46 493 258.583333
46 493 257.327869
46 493 258.935484
46 493 259.111111
46 493 257.968750
46 493 257.384615
46 493 256.937500
46 493 259.615385
46 493 256.406250
46 493 256.938462
46 493 254.218750
46 493 257.830769
46 493 258.439394
46 493 257.208955
46 493 259.750000
46 493 259.582090
46 493 259.060606
1 493 255.208955
1 493 252.029412
1 493 249.217391
1 493 250.971429
1 493 252.070423
1 493 251.457143
1 493 250.492754
1 493 253.157143
1 493 256.028986
1 493 259.371429
1 493 256.084507
1 493 254.777778
1 493 252.309859
1 493 249.000000
1 493 248.917808
1 493 246.932432
1 493 244.013333
1 493 243.644737
1 493 241.012987
1 493 239.743590
1 493 236.610390
1 493 239.525641
1 493 242.177215
1 493 242.375000
1 493 243.592593
1 493 245.890244
1 493 248.542169
1 493 249.607143
1 493 252.035294
1 493 250.802326
1 493 252.517241
1 493 254.784091
1 493 253.252874
1 493 251.329545
1 493 249.179775
1 493 247.822222
1 493 245.582418
1 493 244.989130
1 493 247.175824
1 493 246.847826
1 493 247.912088
1 493 246.869565
1 493 249.010753
1 493 248.021277
1 493 248.547368
1 493 248.937500
1 493 249.546392
1 493 247.677083
1 493 247.061856
1 493 245.895833
1 493 246.778947
1 493 249.260417
1 493 249.568421
1 493 251.010638
1 493 252.789474
1 493 252.063830
1 493 254.231579
1 493 254.395833
1 493 254.021053
1 493 253.218750
1 493 251.288660
1 493 252.836735
1 493 251.090909
1 493 252.470000
1 493 251.178218
1 493 253.519608
1 493 252.653465
1 493 252.130000
1 493 254.158416
1 493 252.715686
1 493 252.485149
1 493 252.696078
1 493 250.359223
1 493 251.598039
1 493 251.242718
1 493 250.740385
1 493 251.349515
1 493 250.355769
1 493 252.133333
1 493 250.817308
1 493 248.761905
1 493 250.759615
1 493 249.504854
1 493 250.538462
1 493 248.200000
1 493 249.490566
1 493 249.579439
1 493 248.611111
1 493 248.412844
1 493 250.027778
1 493 248.293578
1 493 248.236364
1 493 246.234234
1 493 244.580357
1 493 246.548673
1 493 245.446429
1 493 246.194690
1 493 244.223214
1 493 244.441441
1 493 243.654545
1 493 245.348624
1 493 245.463636
1 493 246.376147
1 493 244.390909
1 493 244.189189
1 493 243.723214
1 493 243.628319
1 493 242.026316
1 493 241.965217
1 493 243.870690
1 493 245.487179
1 493 244.271186
1 493 242.554622
1 493 242.025000
1 493 243.049587
1 493 243.040984
1 493 242.235772
1 493 243.637097
1 493 242.715447
1 493 243.653226
1 493 242.320000
1 493 241.230159
1 493 240.464567
1 499 242.484375
1 499 243.627907
1 499 244.592308
1 499 244.612403
1 499 243.445312
1 499 244.720930
1 499 244.907692
1 499 243.938931
1 499 245.696970
1 499 244.766917
1 499 244.149254
1 499 244.311111
1 499 242.723881
1 499 243.007407
1 499 241.742647
1 499 242.635036
1 499 241.463768
1 499 242.453237
1 499 241.864286
1 499 240.730496
1 499 240.218310
1 499 241.615385
1 499 240.222222
1 499 239.537931
1 499 239.890411
1 499 238.952381
1 499 238.075342
1 499 237.680272
1 499 236.315068
1 499 237.401361
1 499 237.020270
1 499 236.394558
1 499 235.783784
1 499 236.516779
1 499 236.060000
1 499 237.443709
1 499 237.921053
1 499 237.581699
1 499 236.824675
1 499 235.438710
1 499 235.628205
1 499 235.808917
1 499 236.582278
1 499 237.566879
1 499 238.189873
1 499 237.426752
1 499 236.955696
1 499 235.572327
1 499 236.081250
1 499 237.086957
1 499 236.370370
1 499 236.349693
1 499 237.384146
1 499 238.654545
1 499 239.048193
1 499 237.742515
1 499 238.898810
1 499 239.905325
1 499 239.011905
1 499 238.147929
1 499 238.147059
1 499 239.187135
1 499 237.866279
1 499 236.612717
1 499 236.862069
1 499 235.908571
1 499 237.301136
1 499 237.101695
1 499 237.455056
1 499 238.435754
1 499 239.672222
1 499 239.519337
1 499 239.445055
1 499 239.163934
1 499 238.282609
1 499 238.300546
1 499 238.516304
1 499 237.983607
1 499 239.005435
1 499 239.136612
1 499 239.815217
1 499 239.767568
1 499 240.005376
1 499 239.288770
1 499 238.909574
1 499 238.873016
1 499 239.600000
1 499 240.790576
1 499 240.178947
1 499 240.806283
1 499 241.796875
1 499 241.694301
1 499 241.402062
1 499 240.292308
1 499 241.103093
1 499 241.610256
1 499 242.515464
1 499 243.497436
1 499 243.668367
1 499 243.912821
1 499 243.319588
1 499 243.523077
1 499 242.479592
1 499 243.401015
1 499 243.717172
1 499 243.076142
1 499 243.262626
1 499 242.929648
1 499 243.010101
1 499 242.236181
1 499 242.645000
1 499 242.025126
1 499 241.020202
1 499 241.628141
1 499 240.480000
1 499 239.308458
1 499 239.797030
1 499 240.453202
1 499 239.435644
1 499 240.517241
1 499 240.990196
1 499 241.604878
1 499 242.679612
1 499 243.609756
1 499 242.985437
1 499 242.574879
1 499 243.669903
1 499 244.092683
1 499 244.689320
1 499 243.536232
1 499 243.844660
1 499 244.028986
1 499 245.144231
1 499 244.406699
1 499 244.776190
1 499 245.928910
1 499 246.990566
1 499 247.553991
1 499 246.677570
1 499 247.595349
1 499 247.037037
1 499 247.396313
1 499 246.990826
1 499 246.824885
1 499 246.178899
1 499 246.027397
1 499 245.213636
1 499 245.054795
1 499 244.754545
1 499 244.158371
1 499 244.567568
1 499 244.995516
1 499 244.843750
1 499 245.773333
1 499 245.252212
1 499 245.942731
1 499 245.053097
1 499 244.092511
1 499 243.649123
1 499 243.082969
1 499 243.604348
1 499 243.658009
1 499 243.495652
1 499 242.956710
1 499 242.081897
1 499 243.000000
1 499 242.681034
1 499 241.809524
1 499 240.973913
1 499 240.922078
1 500 242.038793
1 500 242.077253
1 500 241.333333
1 500 241.676596
1 500 241.072034
1 500 241.641350
1 500 241.105042
1 500 241.242678
1 500 241.642857
1 500 241.552301
1 500 241.579167
1 500 240.954357
1 500 241.586777
1 500 242.646091
1 500 242.942623
1 500 243.171429
1 500 243.821138
1 500 243.773279
1 500 244.572581
1 500 244.160643
1 500 244.840000
1 500 244.928287
1 500 245.349206
1 500 246.015936
1 500 246.692000
1 500 246.792829
1 500 247.015873
1 500 247.245059
1 500 247.920635
1 500 247.418972
1 500 247.314961
1 500 247.494118
1 500 248.261719
1 500 247.443580
1 500 248.046512
1 500 248.984556
1 500 249.950000
1 500 249.023166
1 500 249.957692
1 500 249.524904
1 500 249.876923
1 500 250.333333
1 500 249.461832
1 500 250.152091
1 500 250.553435
1 500 250.653992
1 500 250.958333
1 500 251.584906
1 500 250.875940
1 500 251.800000
1 500 252.612782
1 500 253.438202
1 500 253.369403
1 500 254.018727
1 500 254.376866
1 500 253.531599
1 500 252.866667
1 500 253.040590
1 500 253.753676
1 500 253.882784
1 500 253.788321
1 500 253.781818
1 500 253.448905
1 500 253.716364
1 500 253.065217
1 500 253.851986
1 500 254.428058
1 500 254.881720
1 500 254.025180
1 500 254.060932
1 500 253.596429
1 500 253.761566
1 500 253.936170
1 500 253.957597
1 500 253.630282
1 500 252.764912
1 500 252.098592
1 500 251.940351
1 500 251.647887
1 500 251.477193
1 500 251.993007
1 500 252.644599
1 500 251.961806
1 500 252.083045
1 500 252.531034
1 500 253.186851
1 500 252.734483
1 500 252.065292
1 500 252.099315
1 500 252.716724
1 500 252.336735
1 500 252.337884
1 500 252.928571
1 500 252.505119
1 500 252.180272
1 500 251.535593
1 500 250.777027
1 500 251.158249
1 500 251.932886
1 500 252.296296
1 500 251.785235
1 500 251.782609
1 500 251.183333
1 500 251.960133
1 500 251.685430
1 500 251.831683
1 500 251.460265
1 500 250.671096
1 500 250.854305
1 500 250.916944
1 500 250.970199
1 500 250.402640
1 500 250.241722
1 500 250.937294
1 500 251.486842
1 500 251.327869
1 500 251.176471
1 500 251.837134
1 500 251.295455
1 500 250.828479
1 500 250.782468
1 500 251.255663
1 500 250.774194
1 500 250.147910
1 500 250.567308
1 500 249.961415
1 500 250.394231
1 500 251.031949
1 500 251.525478
1 500 251.307937
1 500 250.787975
1 500 251.355556
1 500 252.129747
1 500 252.285714
1 500 251.987342
1 500 251.350158
1 500 251.493711
1 500 252.235110
1 500 252.140625
1 500 252.292835
1 500 252.503106
1 500 252.377709
1 500 251.944444
1 500 251.424615
1 500 251.659509
1 500 251.657492
1 500 251.713415
1 500 251.522796
1 500 251.393939
1 500 250.966767
1 500 251.515060
1 500 250.864865
1 500 250.829341
1 500 251.164179
1 500 251.086826
1 500 250.564179
1 500 250.470238
1 500 250.789318
1 500 250.130178
1 500 250.734513
1 500 250.602941
1 500 250.495601
1 500 250.473684
1 500 251.011662
1 500 251.732558
1 500 251.823188
1 500 252.234104
1 500 251.723343
1 500 251.100575
1 500 250.945559
1 500 250.385714
1 500 250.846154
1 500 250.808571
1 500 250.871795
1 500 250.829545
1 500 250.260623
1 500 250.141243
1 500 249.692958
1 500 249.674157
1 500 250.188732
1 500 250.092697
1 500 250.067227
1 500 249.910615
1 500 249.238095
1 500 249.491620
1 500 248.896936
1 500 248.566667
1 500 248.121884
1 500 248.284530
1 500 248.391185
1 500 248.530220
1 500 249.090411
1 500 249.385246
1 500 249.389646
1 500 249.644809
1 500 249.474114
1 500 249.950820
1 500 250.564033
1 500 250.010870
1 500 250.295393
1 500 250.856757
1 500 250.498652
1 500 249.833333
1 500 249.598383
1 500 249.586022
1 500 249.171582
1 500 249.526738
1 500 249.498660
1 500 249.397849
1 500 249.764075
1 500 249.398396
1 500 248.960000
1 500 248.657754
1 500 248.997333
1 500 248.981383
1 500 248.771883
1 500 248.949735
1 500 249.081794
1 500 248.613158
1 500 248.288714
1 500 248.910995
1 500 248.994751
1 500 249.641361
1 500 249.451697
1 500 249.690104
1 500 249.872727
1 500 249.831606
1 500 249.264935
1 500 249.653646
1 500 249.540260
1 500 249.051813
1 500 249.436693
1 500 249.920103
1 500 249.904393
1 500 249.951031
1 500 250.269923
1 500 249.707692
1 500 249.184143
1 500 249.528205
1 500 249.097187
1 500 249.051020
1 500 249.374046
1 500 249.314721
1 500 249.170483
1 500 249.469543
1 500 249.000000
1 500 248.979798
1 500 248.624685
1 500 248.868687
1 500 248.979747
1 500 248.484772
1 500 248.830380
1 500 248.219697
1 500 248.141058
1 500 247.801508
1 500 247.463659
1 500 247.322500
1 500 246.880299
1 500 246.997512
1 500 247.300248
1 500 247.821782
1 500 247.449383
1 500 247.307882
1 500 247.420147
1 500 247.063725
1 500 247.132678
1 500 247.343137
1 500 247.078240
1 500 247.110294
1 500 247.193154
1 500 247.024390
1 500 246.535280
1 500 246.580097
1 500 246.072993
1 500 245.529126
1 500 245.215496
1 500 245.630435
1 500 245.181598
1 500 245.408213
1 500 245.626506
1 500 245.038462
1 500 245.225420
1 500 245.344498
1 500 245.640288
1 500 246.055024
1 500 246.178998
1 500 246.055024
1 500 246.546539
1 500 246.071429
1 500 245.776722
1 500 245.561611
1 500 245.860520
1 500 246.298578
1 500 246.215130
1 500 246.382075
1 500 246.623529
1 500 246.636150
1 500 246.540984
1 500 246.775701
1 500 247.023310
1 500 247.028037
1 500 246.519814
1 500 246.902326
1 500 247.280742
1 500 247.739535
1 500 247.819026
1 500 247.706019
1 500 247.912240
1 500 247.793981
1 500 247.981524
1 500 247.798611
1 500 248.004619
1 500 248.460829
1 500 248.167816
1 500 247.605505
1 500 247.540046
1 500 247.598624
1 500 247.193103
1 500 247.518349
1 500 247.314943
1 500 247.461009
1 500 248.020595
1 500 247.458904
1 500 247.738041
1 500 247.632420
1 500 247.709382
1 500 247.616438
1 500 247.366743
1 500 247.940909
1 500 247.426304
1 500 247.486425
1 500 246.995485
1 500 246.470721
1 500 246.393258
1 500 246.585202
1 500 246.647191
1 500 247.002242
1 500 247.225951
1 500 246.917411
1 500 246.957494
1 500 247.308036
1 500 247.724832
1 500 247.604911
1 500 247.805369
1 500 247.919283
1 500 247.977629
1 500 247.748879
1 500 248.008949
1 500 247.650224
1 500 248.107865
1 500 247.722973
1 500 248.208989
1 500 248.701794
1 500 248.161074
1 500 248.701794
1 500 248.774049
1 500 248.312500
1 500 248.768374
1 500 248.951111
1 500 248.977827
1 500 249.221239
1 500 248.751663
1 500 248.690265
1 500 248.458980
1 500 248.035398
1 500 248.152318
1 500 247.667401
1 500 247.622517
1 500 247.330396
1 500 247.650549
1 500 247.279736
1 500 246.971429
1 500 246.594714
1 500 246.200000
1 500 246.326754
1 500 246.748359
1 500 246.687773
1 500 246.348584
1 500 246.530435
1 500 247.078091
1 500 246.608225
1 500 247.012959
1 500 246.778017
1 500 247.036717
1 500 246.698276
1 500 246.658065
1 500 246.190987
1 500 246.552463
1 500 246.521459
1 500 246.267666
1 500 246.708155
1 500 247.047312
1 500 246.963362
1 500 247.002151
1 500 246.663793
1 500 246.468817
1 500 246.182403
1 500 246.430407
1 500 246.536325
1 500 246.697228
1 500 246.410638
1 500 246.781316
1 500 246.548729
1 500 246.909091
1 500 246.375000
1 500 246.391121
1 500 246.527426
1 500 246.267368
1 500 246.039916
1 500 246.555556
1 500 246.226891
1 500 246.400419
1 500 246.537657
1 500 246.354906
1 500 246.046025
1 500 245.515723
1 500 245.313808
1 500 244.935282
1 500 244.962500
1 500 245.334719
1 500 245.290456
1 500 244.875776
1 500 244.562241
1 500 244.627329
1 500 244.698347
1 500 244.358763
1 500 244.837449
1 500 244.613963
1 500 244.209016
1 500 244.096115
1 500 244.448980
1 500 244.312883
1 500 244.540984
1 500 244.679671
1 500 244.270492
1 500 243.787321
1 500 243.465306
1 500 243.578411
1 500 243.552846
1 500 243.815416
1 500 243.987854
1 500 243.656566
1 500 243.600806
1 500 243.925253
1 500 243.937247
1 500 243.842424
1 500 243.693548
1 500 244.030181
1 500 243.556225
1 500 243.989980
1 500 243.564000
1 500 243.586826
1 500 243.838000
1 500 244.117764
1 500 244.599602
1 500 244.662028
1 500 244.628968
1 500 244.918812
1 500 244.507905
1 500 244.481262
1 500 244.071146
1 500 244.285996
1 500 244.273622
1 500 244.626719
1 500 244.694118
1 500 244.248532
1 500 244.304688
1 500 244.428571
1 500 244.746094
1 500 245.155945
1 500 245.208171
1 500 245.157282
1 500 245.286822
1 500 245.190291
1 500 245.600775
1 500 245.493230
1 500 245.596525
1 500 245.133462
1 500 245.294574
1 500 245.653772
1 500 245.969112
1 500 246.234043
1 500 246.617761
1 500 246.986513
1 500 247.185328
1 500 246.870906
1 500 247.244231
1 500 247.406551
1 500 247.398077
1 500 247.662813
1 500 247.814672
1 500 247.435453
1 500 247.081081
1 500 247.431599
1 500 247.090385
1 500 246.641075
1 500 246.522989
1 500 246.405354
1 500 246.319923
1 500 246.625239
1 500 246.942748
1 500 246.583174
1 500 246.982824
1 500 247.386667
1 500 247.294677
1 500 247.571157
1 500 247.339015
1 500 247.379962
1 500 247.433712
1 500 247.614367
1 500 247.935849
1 500 248.088512
1 500 247.759398
1 500 248.099437
1 500 247.737828
1 500 247.285981
1 500 246.889925
1 500 246.461682
1 500 246.016791
1 500 245.716946
1 500 246.187732
1 500 245.959032
1 500 246.154851
1 500 246.608939
1 500 246.700743
1 500 247.005566
1 500 246.909259
1 500 247.335807
1 500 247.018519
1 500 246.730129
1 500 247.057196
1 500 247.031308
1 500 247.321691
1 500 247.366972
1 500 247.034799
1 500 246.919266
1 500 246.494505
1 500 246.791590
1 500 246.675182
1 500 247.012750
1 500 246.567518
1 500 246.712204
1 500 246.563869
1 500 246.881170
1 500 246.604015
1 500 246.336976
1 500 245.936364
1 500 245.983666
1 500 246.226449
1 500 246.077758
1 500 246.427798
1 500 246.243243
1 500 246.050360
1 500 246.073609
1 500 246.068100
1 500 246.010733
1 500 246.403571
1 500 246.016043
1 500 245.976868
1 500 245.751332
1 500 245.643617
1 500 245.470693
1 500 245.521352
1 500 245.197158
1 500 245.647163
1 500 245.509735
1 500 245.500000
1 500 245.566138
1 500 245.417254
1 500 245.012346
1 500 245.198944
1 500 245.305800
1 500 245.587719
1 500 245.203866
1 500 245.526316
1 500 245.629174
1 500 245.400000
1 500 245.671353
1 500 245.850352
1 500 245.444640
1 500 245.545614
1 500 245.511424
1 500 245.845614
1 500 245.672504
1 500 246.050877
1 500 246.451839
1 500 246.159649
1 500 246.059545
1 500 246.353147
