462 462 462.000000
202 462 332.000000
202 462 359.666667
76 462 288.750000
76 462 248.800000
76 415 195.500000
76 415 190.400000
76 415 215.750000
76 415 192.800000
7 415 161.833333
7 415 164.142857
76 415 190.333333
76 415 221.000000
76 415 206.125000
101 415 224.714286
101 415 245.166667
101 415 262.714286
41 415 235.000000
41 415 244.285714
41 415 247.000000
101 415 276.428571
101 415 288.833333
94 415 261.000000
94 415 250.125000
94 415 244.111111
94 415 245.900000
94 415 262.000000
94 415 273.000000
94 415 259.444444
94 415 244.000000
94 462 263.818182
94 462 275.833333
94 462 284.307692
94 462 276.357143
94 415 262.076923
94 415 263.214286
94 415 265.666667
94 415 255.312500
94 415 246.600000
94 415 235.285714
94 415 243.000000
94 415 234.071429
94 415 238.769231
94 415 236.857143
100 415 247.846154
100 408 233.916667
100 408 231.076923
20 408 216.000000
20 408 211.230769
20 408 206.666667
20 488 228.307692
20 488 242.071429
20 488 245.538462
20 488 241.000000
20 488 225.076923
20 488 236.857143
20 488 247.000000
20 488 233.928571
20 488 240.307692
20 488 240.000000
20 488 244.466667
20 488 245.071429
20 488 236.923077
20 488 254.000000
20 488 251.733333
20 488 242.250000
20 488 254.941176
20 488 255.166667
20 488 254.764706
20 488 243.833333
20 488 256.176471
20 488 268.562500
20 488 266.000000
20 488 271.000000
20 488 262.600000
5 488 246.500000
5 488 247.529412
5 488 236.111111
5 488 239.529412
5 488 240.222222
5 488 230.631579
5 488 226.350000
5 488 235.904762
5 488 229.136364
5 488 224.434783
5 488 227.083333
5 488 221.040000
5 488 223.269231
5 488 224.074074
5 488 230.107143
5 488 233.655172
5 488 233.250000
5 488 227.444444
5 488 231.538462
5 488 226.592593
5 488 219.071429
5 488 212.074074
5 488 208.464286
5 488 215.444444
5 488 224.821429
5 488 230.777778
5 488 229.214286
5 488 222.111111
5 488 229.714286
5 488 223.655172
5 488 216.733333
5 488 216.896552
5 478 207.214286
5 478 213.793103
5 478 220.100000
2 478 213.064516
2 478 220.093750
2 478 215.000000
2 478 218.264706
2 478 213.400000
2 478 213.916667
2 490 221.378378
2 490 224.789474
2 490 221.794872
2 490 227.700000
2 490 225.878049
2 490 231.976190
5 490 237.585366
5 490 238.928571
5 490 244.139535
5 490 248.142857
5 490 252.878049
5 490 255.119048
5 490 253.023256
5 490 252.431818
5 490 247.534884
5 490 242.047619
5 490 240.780488
5 490 244.119048
5 490 244.465116
5 490 239.613636
5 490 242.933333
5 490 238.568182
5 490 237.418605
5 490 238.159091
5 490 235.800000
5 490 239.840909
5 499 245.600000
5 499 242.022727
16 499 247.534884
16 499 249.976190
16 499 253.744186
14 499 248.295455
14 499 251.733333
16 499 257.136364
16 499 261.822222
16 499 259.173913
16 499 257.574468
16 499 257.208333
16 499 252.285714
16 499 252.940000
16 499 255.142857
16 499 256.625000
16 499 259.244898
16 499 257.480000
16 499 258.313725
16 499 254.230769
16 499 258.313725
16 499 262.692308
16 499 260.339623
16 499 259.796296
16 499 262.056604
16 499 265.574074
16 499 267.436364
16 499 263.196429
16 499 263.981818
16 499 265.696429
16 499 266.578947
16 499 267.327586
16 499 268.033898
16 499 271.366667
16 499 269.065574
16 499 272.145161
16 499 268.111111
16 499 268.265625
16 499 267.349206
16 499 267.859375
16 499 268.276923
16 499 268.136364
16 499 268.569231
16 499 267.140625
16 499 270.619048
16 499 270.578125
16 499 268.825397
16 499 267.843750
16 499 267.412698
16 499 268.718750
16 499 266.444444
16 499 266.483871
16 499 267.317460
16 499 269.593750
16 499 271.353846
16 499 273.348485
16 499 271.432836
16 499 269.191176
16 499 269.855072
16 499 266.928571
16 499 270.043478
16 499 270.985294
16 499 270.855072
16 499 274.220588
16 499 277.000000
16 499 273.500000
16 499 270.549296
16 499 272.152778
16 499 271.098592
16 499 268.430556
16 499 269.520548
16 499 267.337838
16 499 265.480000
16 499 264.891892
16 499 262.880000
16 499 262.810811
16 499 262.200000
16 499 265.337838
16 490 262.136986
16 490 264.959459
16 490 261.906667
16 490 263.315789
16 490 260.896104
16 490 260.012821
16 490 260.441558
16 490 261.269231
16 490 259.298701
16 490 259.551282
16 490 259.455696
16 490 261.525641
16 490 262.607595
16 490 259.650000
16 490 256.913580
16 490 257.412500
16 490 259.164557
16 490 259.150000
16 490 261.234568
16 490 260.414634
16 490 262.554217
16 490 260.012195
16 490 262.662651
16 490 263.619048
16 490 263.000000
14 490 260.035714
14 490 262.317647
14 490 263.755814
14 490 261.141176
14 490 263.453488
14 490 264.611765
14 490 267.547619
14 490 270.047059
14 482 267.428571
14 482 265.132530
14 482 264.726190
14 482 264.894118
14 482 265.709302
14 482 265.908046
14 482 267.443182
14 482 268.348315
14 482 266.077778
14 482 266.582418
14 482 264.510870
14 482 266.440860
14 482 265.191489
14 482 262.600000
14 482 264.041667
14 482 263.371134
14 482 264.989583
14 482 264.896907
14 482 263.989796
14 482 262.787879
14 482 264.250000
14 482 263.404040
14 482 262.210000
14 482 260.050505
14 482 257.690000
14 482 258.722772
14 482 259.431373
14 482 260.436893
14 482 259.211538
14 482 260.485437
14 482 259.538462
14 482 259.361905
14 482 257.924528
14 482 258.140187
14 482 258.764151
14 482 260.570093
14 482 258.611111
14 482 257.651376
14 482 255.796296
14 482 255.091743
14 488 257.209091
14 488 259.108108
14 488 258.909091
14 488 259.711712
14 488 261.053571
14 488 260.911504
14 488 261.570175
14 488 262.938053
14 488 262.649123
14 488 261.902655
14 488 261.070175
14 488 260.858407
14 488 260.754386
14 488 260.565217
14 488 261.086207
14 488 259.869565
14 488 261.163793
14 488 261.726496
14 488 263.601695
14 488 263.873950
14 488 262.175000
14 488 262.705882
14 488 263.669492
14 488 262.781513
14 488 264.141667
14 488 263.190083
14 488 262.708333
14 488 261.545455
14 488 261.975410
14 488 261.601626
14 488 261.081967
14 488 259.252033
14 488 257.290323
14 488 259.024000
14 488 257.354839
14 488 256.593496
14 488 257.080645
14 488 256.728000
14 488 256.912698
14 488 257.240000
14 488 258.357143
14 488 257.385827
14 488 257.726562
14 488 257.629921
14 494 259.476562
14 494 258.565891
14 494 258.000000
14 494 259.905512
14 494 258.273438
14 494 259.875969
14 494 259.423077
14 494 260.114504
14 494 260.338462
14 494 259.658915
14 494 259.330769
14 494 260.000000
14 494 258.151515
14 494 257.450382
14 494 257.522727
14 494 257.122137
14 494 256.712121
14 494 257.664122
14 494 258.931818
14 494 258.099237
14 494 258.954545
14 494 259.639098
14 494 258.671642
14 494 259.392593
14 494 258.500000
14 494 260.036496
14 494 259.463768
14 494 258.625899
14 494 259.828571
14 494 258.567376
14 494 259.669014
14 494 259.531469
14 494 259.645833
14 494 259.586207
14 494 259.643836
14 494 259.937931
14 494 260.520833
14 494 258.972028
14 494 259.090278
14 494 260.365517
14 494 258.819444
14 494 260.447552
14 494 261.232394
14 494 260.326241
14 494 260.850000
14 494 261.737589
14 494 260.732394
14 494 259.013986
14 494 260.430556
14 494 260.386207
14 494 261.513699
14 494 262.265306
14 494 261.202703
14 494 262.697987
14 494 263.626667
14 494 262.509934
14 494 261.381579
14 488 259.841060
14 488 260.833333
14 488 260.781457
14 488 259.315789
14 488 257.986755
14 488 259.375000
14 488 257.941176
14 488 257.802632
14 491 259.326797
14 491 259.545455
14 500 261.096774
14 500 259.750000
14 500 259.800000
14 500 259.596154
8 500 257.993631
8 500 257.139241
8 500 258.044025
8 500 258.337500
8 500 259.559006
8 500 259.092593
8 500 259.165644
8 500 258.365854
8 500 256.957576
8 500 257.319277
8 500 257.562874
8 491 256.102410
8 491 257.266667
8 491 256.819277
8 491 257.197605
8 491 257.132530
8 491 257.185629
8 491 257.053571
8 491 256.443787
8 491 257.059524
8 491 256.952663
8 491 257.886905
8 491 257.076923
8 491 257.041176
8 491 257.391813
8 491 256.279070
8 491 256.202312
8 491 256.183908
8 491 255.417143
8 491 254.522727
8 491 254.457143
8 491 253.312500
8 491 254.463277
8 491 254.323864
8 491 254.158192
8 491 253.825843
8 491 254.061453
8 491 252.916667
8 491 252.254144
8 491 251.894444
8 491 252.346369
3 491 250.961111
3 491 251.089385
3 491 251.333333
3 491 251.446927
3 491 252.056180
3 491 251.184358
3 491 250.100000
3 491 250.839779
3 491 251.677778
3 491 251.823204
3 491 252.296703
3 491 251.601093
3 491 252.228261
3 491 251.064865
3 491 250.983871
3 491 252.208556
3 491 250.893617
3 491 250.158730
3 491 250.189474
3 491 250.656085
3 491 250.905263
3 491 249.612565
3 491 249.347368
3 491 248.417989
3 491 249.484211
3 491 250.164021
3 491 250.584211
3 491 249.921466
3 491 249.363158
3 491 249.099476
3 491 249.802083
3 491 251.000000
3 491 250.752577
3 491 250.829016
3 491 251.144330
3 491 252.271795
3 491 252.801020
3 491 253.912821
3 491 253.173469
3 491 252.934010
3 491 252.903061
3 491 253.467005
3 491 253.631313
3 491 254.226131
3 491 253.425000
3 491 253.104478
3 491 252.514851
3 491 252.610837
3 491 253.602941
3 491 253.142857
3 491 253.318627
3 491 252.600000
3 491 253.436893
3 491 254.338164
3 491 254.533654
3 491 255.306220
3 491 256.023810
3 491 254.943128
3 491 254.466981
3 491 254.175355
3 491 255.273585
3 491 256.107981
3 491 256.009346
3 491 256.610329
3 491 256.121495
3 491 255.600000
3 491 254.736111
3 491 253.635945
3 491 253.853211
3 491 254.712329
3 491 255.377273
3 491 255.000000
3 491 255.554545
3 491 256.552036
3 491 256.190909
3 491 255.701357
3 491 255.608108
3 491 254.633484
3 491 254.518182
3 491 254.753425
3 491 255.197248
3 491 254.890411
3 491 254.692661
3 491 255.461187
3 491 255.481651
3 491 255.511521
3 491 255.880734
3 491 255.187215
3 491 255.777273
3 491 256.601810
3 491 256.909091
3 491 257.149321
3 491 257.855856
3 491 257.650224
3 491 257.446429
3 491 257.315556
3 491 256.584071
3 491 255.831111
3 491 254.907080
3 491 254.259912
3 491 254.557018
3 491 255.480349
3 491 255.900000
3 491 256.779221
3 491 256.469828
3 491 256.298701
3 491 257.343478
3 491 256.826840
3 491 256.590517
3 491 257.163090
3 491 257.000000
3 491 257.193133
3 491 257.387931
3 491 256.639485
3 491 257.363248
3 491 256.621277
3 491 256.690678
3 491 256.055319
3 491 256.110169
3 491 255.949367
3 491 256.100840
3 491 256.292887
3 491 257.233333
3 491 257.000000
3 491 256.187500
3 491 256.975104
3 491 256.801653
3 491 255.958506
3 491 255.640496
3 491 254.925926
3 491 254.672131
3 491 254.657143
3 491 255.536885
3 491 255.359184
3 491 254.479675
3 491 254.000000
3 491 253.186992
3 491 252.800000
3 491 252.630081
3 491 253.322449
3 491 253.203252
3 491 253.673469
3 491 254.288618
3 491 254.387755
3 491 254.368852
3 491 254.167347
3 491 254.176230
3 491 254.440816
3 491 253.739837
3 491 254.028340
3 491 254.361789
3 491 253.829960
3 491 254.245968
3 491 254.337349
3 491 255.064000
3 491 255.247012
3 491 254.305556
3 491 254.119522
3 491 253.305556
3 491 253.249012
3 491 254.015873
3 491 254.804781
3 491 254.063492
3 491 253.086957
3 491 252.500000
3 491 252.870588
3 491 252.867188
3 491 252.917647
3 491 253.546875
3 491 253.070039
3 491 252.554688
3 491 251.603113
3 491 251.705426
3 491 251.880309
3 491 252.619231
3 491 252.057915
3 491 252.346154
3 491 252.218391
3 491 253.106870
3 491 252.260536
3 491 252.549618
3 491 251.821293
3 491 252.356061
3 491 252.277567
3 491 251.377863
3 491 250.566540
3 491 250.727273
3 491 250.818868
3 491 250.879699
3 491 251.067416
3 491 251.218045
3 491 251.426966
3 491 252.011278
3 491 251.894340
3 491 251.206767
3 491 251.381132
3 491 251.992481
3 491 252.207547
3 491 252.229323
3 491 251.433962
3 491 252.048872
3 491 252.645283
3 491 252.530075
3 491 252.041199
3 491 252.484962
3 491 253.172285
3 491 252.929104
3 491 253.107807
3 491 252.674074
3 491 253.553903
3 491 253.948148
3 491 254.271375
3 491 254.429104
3 491 255.037453
3 491 255.481343
3 491 255.286245
3 491 254.541045
3 491 255.101124
3 491 254.328358
3 491 254.639405
3 491 254.381481
3 491 254.653137
3 491 253.992647
3 491 254.238095
3 491 254.240876
3 491 253.945455
3 491 253.945255
3 491 253.458182
3 493 254.326087
3 493 253.741818
3 493 253.336957
3 493 252.898917
3 493 253.154676
3 493 253.082437
3 493 253.775000
3 493 254.189964
3 493 253.814286
3 493 253.209964
3 493 252.783688
3 493 252.141343
3 493 252.552817
3 493 251.996466
3 493 252.042553
3 493 252.807829
4 493 253.700000
4 493 253.672598
4 493 253.592857
4 493 252.917563
4 493 252.471429
4 493 252.914591
4 493 253.021277
4 493 253.763251
4 493 253.528169
4 493 253.224561
4 493 253.207746
4 493 253.284211
4 493 253.290210
4 493 253.320557
4 493 254.153846
4 493 254.578947
4 493 254.975352
4 493 255.122807
4 493 255.478873
4 493 255.940351
4 493 255.709790
4 493 255.066202
4 493 255.784722
4 493 255.480969
4 493 255.634483
4 493 254.920962
4 493 254.455172
4 493 254.148789
4 493 254.768966
4 493 255.422680
4 493 255.400685
4 493 254.716724
4 493 255.102740
4 493 254.945392
4 493 255.020408
4 493 254.752542
4 493 254.712838
4 493 254.010169
4 493 254.037415
4 493 253.606780
4 493 253.554054
4 493 252.972881
4 493 252.200680
4 493 252.322034
4 493 251.733108
4 493 251.949495
4 493 251.298658
4 493 252.057239
4 493 251.445946
4 493 252.118644
4 493 252.003378
4 493 252.175084
4 493 252.741611
4 493 253.461279
4 493 253.469799
4 493 253.407407
4 493 252.956081
4 493 253.286195
4 493 253.695946
4 493 253.152542
4 493 252.618243
4 493 251.983165
4 493 252.442953
4 493 252.218855
4 493 251.681208
4 493 250.886288
4 493 251.383333
4 493 251.294314
4 493 251.855705
4 493 251.933110
4 493 252.106667
4 493 252.822742
4 493 252.500000
4 493 253.224080
4 493 252.690000
4 493 252.488372
4 493 252.632450
4 493 252.871287
4 493 252.622517
4 493 252.379538
4 493 252.811258
4 493 253.267327
4 493 253.466887
4 493 253.634551
4 493 253.310000
4 493 253.264214
4 493 252.833333
4 493 253.016611
4 493 253.586667
4 493 252.866221
4 497 253.680000
4 497 254.474916
4 497 253.750000
4 497 254.455150
4 497 253.804636
4 497 254.395349
4 497 254.126667
4 497 254.053156
4 497 254.590000
4 497 254.608696
4 497 254.617450
4 497 254.227425
4 497 254.203333
4 497 254.010033
4 497 253.820000
4 497 253.299003
4 497 252.533113
4 497 252.511628
4 497 251.877483
4 497 251.910891
4 497 251.250000
4 497 250.685246
4 497 251.114379
4 497 250.747541
4 497 250.973856
4 497 251.068852
4 497 250.271242
4 497 250.371336
4 497 250.961039
4 497 250.967638
4 497 250.801948
4 497 250.192182
4 497 249.633117
4 497 250.081433
4 497 249.375817
4 497 248.947883
4 497 249.107143
4 497 249.883495
4 497 250.170968
4 497 249.786408
4 497 250.441935
4 497 250.255663
4 497 250.706452
4 497 249.935691
4 497 249.451613
4 497 249.608414
4 497 250.383117
4 497 249.896440
4 497 249.892857
4 497 249.977199
4 497 249.717532
4 497 250.429967
4 497 251.094156
4 497 250.864078
4 497 250.642857
4 497 250.663430
4 497 250.300000
4 497 250.852090
4 497 250.367742
4 497 250.932476
4 497 251.115385
4 497 250.688103
4 497 250.166667
4 497 249.904153
4 497 249.630573
4 497 249.733333
4 497 249.712025
4 497 249.482650
4 497 248.959119
4 497 248.397476
4 497 248.849057
4 497 248.695925
4 497 249.246875
4 497 249.658307
4 497 250.256250
4 497 250.302181
4 497 250.287500
4 497 251.003115
4 497 250.614907
4 497 250.108359
4 497 250.660494
4 497 251.307692
4 497 252.003067
4 497 251.360000
4 497 251.895706
4 497 252.577982
4 497 252.295732
4 497 251.877676
4 497 252.030675
4 497 252.296636
4 497 251.539634
4 497 251.706422
4 497 251.966258
4 497 252.440000
4 497 252.846626
4 497 253.042813
4 497 252.493865
4 497 252.338462
4 497 252.179012
4 497 252.923077
4 497 253.246914
4 497 253.612308
4 497 253.216049
4 497 252.897833
4 497 253.317901
4 497 253.027864
4 497 252.765432
4 497 252.736842
4 497 252.308642
4 497 251.923077
4 497 252.361963
4 497 252.390769
4 497 252.349693
4 497 252.623853
4 497 253.164634
4 497 253.437690
4 497 254.103030
4 497 254.732523
4 497 254.792683
4 497 254.300912
4 497 254.588415
4 497 254.276596
4 497 254.597561
4 497 254.201835
4 497 254.091463
4 497 254.231003
4 497 254.000000
4 497 254.048632
4 497 253.887879
4 497 254.371601
4 497 254.361446
4 497 253.782477
4 497 253.298193
4 497 252.845921
4 497 252.909639
4 497 252.585586
4 497 252.152695
4 497 252.755224
4 497 253.077844
4 497 253.591045
4 497 253.044643
4 497 253.543027
4 497 253.298817
4 497 252.578171
4 497 252.902941
4 497 253.097345
4 497 252.538235
4 497 252.135693
4 497 251.558824
4 497 251.055718
4 497 250.494152
4 497 249.865889
4 497 250.312865
4 497 250.148688
4 497 250.084302
4 497 250.527536
4 497 250.159884
4 497 249.481159
4 497 249.968208
4 497 250.135447
4 497 249.656069
4 497 249.279539
4 497 249.815029
4 497 249.420290
4 497 249.520231
4 497 249.078261
4 497 249.406977
4 497 249.049275
4 497 249.332370
4 497 249.164265
4 497 249.873563
4 497 249.931232
4 497 249.328571
4 497 249.498567
4 497 249.345714
4 497 249.398860
4 497 249.340909
4 497 250.000000
4 497 250.372159
4 497 250.121813
4 497 249.483051
4 497 249.380282
4 497 248.940678
4 497 249.237960
4 497 249.093220
4 497 249.189802
4 497 249.533898
4 497 250.121127
4 497 250.303371
4 497 250.025210
4 497 250.379888
4 497 250.479109
4 497 249.868715
4 497 250.011142
4 497 250.666667
4 497 250.842105
4 497 250.991713
4 497 251.349862
4 497 251.676796
4 497 251.170799
4 497 251.651934
4 497 251.418283
4 497 251.080110
4 497 251.731302
4 497 251.555249
4 497 251.063361
4 497 250.478022
4 497 250.260274
4 497 249.868132
4 497 250.005479
4 497 249.631148
4 497 250.299728
1 497 249.622283
1 497 249.867209
1 497 249.826087
1 497 249.501355
1 497 248.956757
