579986 579986 579986.000000
188499 579986 384242.500000
188499 830378 532954.333333
188499 830378 528923.250000
188499 579986 428438.333333
188499 717726 500760.250000
65261 717726 413660.400000
65261 579986 337644.000000
65261 889857 448086.600000
14644 889857 375846.166667
14644 889857 335911.428571
14644 889857 326445.625000
14644 889857 336097.111111
14644 889857 316371.300000
14644 889857 338507.363636
14644 993202 393065.250000
14644 993202 402025.923077
14644 993202 388872.416667
14644 993202 399862.153846
14644 993202 373081.785714
14644 993202 410974.666667
14644 993202 396330.312500
14644 993202 395842.176471
14644 993202 397689.833333
14644 993202 427068.526316
14644 993202 407012.600000
14644 993202 434843.809524
14644 993202 435920.550000
14644 993202 430908.238095
14644 993202 435920.550000
14644 993202 440771.619048
14644 993202 449569.272727
14644 993202 467869.666667
14644 993202 470633.454545
14644 993202 468636.043478
14644 993202 457793.583333
14644 993202 476569.391304
14644 993202 462924.916667
14644 993202 467420.360000
24937 993202 486286.041667
24937 993202 497575.960000
24937 993202 489673.653846
24937 993202 501371.481481
24937 993202 509776.214286
24937 993202 506953.724138
24937 993202 511341.766667
24937 993202 514017.096774
24937 993202 511341.766667
24937 993202 512141.903226
24937 993202 508069.300000
24937 993202 493324.870968
24937 993202 494953.281250
24937 993202 507812.967742
24937 993202 506813.633333
24937 993202 490101.413793
24937 993202 484798.071429
24937 993202 500032.517241
24937 993202 485554.733333
24937 955885 468049.655172
24937 955885 474068.366667
24937 955885 482097.612903
24937 955885 494314.406250
24937 955885 498434.636364
24937 955885 494026.176471
24937 955885 499255.428571
24937 955885 502984.555556
24937 955885 507316.189189
24937 955885 495061.736842
24937 955885 496468.794872
24937 955885 500361.473684
24937 955885 503711.717949
24937 955885 496393.825000
24937 955885 505465.121951
24937 955885 514061.690476
24937 955885 503583.465116
24937 955885 510797.727273
24937 955885 512993.822222
24937 955885 508580.804348
24937 955885 507761.844444
24937 955885 515018.695652
24937 955885 512106.446809
24937 955885 516026.541667
24937 955885 511833.897959
24937 955885 504308.875000
24937 955885 508464.775510
24937 955885 507264.140000
24937 955885 505194.941176
24937 955885 505524.538462
24937 955885 502413.886792
6800 955885 493235.851852
6800 955885 485927.000000
6800 955885 485908.732143
6800 955885 493816.309091
6800 955885 488379.321429
6800 955885 493126.719298
6800 955885 496710.724138
6800 955885 489412.661017
6800 955885 490172.850000
6800 955885 493224.327869
6800 955885 495229.903226
6800 955885 494502.492063
6800 955885 499831.937500
6800 955885 497046.061538
6800 955885 502682.090909
6800 955885 507040.417910
6800 955885 509963.750000
6800 955885 505552.537313
6800 955885 508094.617647
6800 955885 509098.391304
6800 955885 506922.314286
6800 955885 508571.859155
6800 955885 502768.111111
6800 955885 500713.985915
6800 955885 498017.069444
6800 955885 499975.150685
6800 955885 495313.875000
6800 955885 500774.479452
6800 955885 505747.229730
6800 955885 509822.720000
6800 955885 509235.907895
6800 955885 513946.610390
6800 955885 518450.923077
6800 955885 520840.569620
6800 955885 525090.512821
6800 955885 519728.101266
6800 955885 522732.275000
6800 957213 528096.234568
6800 957213 524368.743902
6800 957213 523290.445783
6800 957213 525259.761905
6800 957213 528678.988235
6800 957213 524960.976744
6800 957213 523721.905882
6800 957213 528242.406977
6800 957213 533165.448276
6800 957213 533679.772727
6800 957213 529239.820225
6800 957213 533310.355556
6800 979724 538216.000000
6800 979724 538085.766667
6800 979724 539567.857143
6800 979724 542021.388889
6800 979724 537533.146067
6800 981063 542461.255556
6800 981063 546259.296703
6800 981063 546502.750000
6800 981063 547805.813187
6800 981063 548723.377778
6800 981063 545751.032967
6800 981063 548425.391304
6800 981063 547964.107527
6800 981063 543400.031915
6800 981063 539169.642105
6800 981063 537578.755319
6800 981063 539140.557895
6800 981063 542289.072917
6800 981063 538243.726316
6800 981063 541964.414894
6800 981063 543777.694737
6800 981063 539673.156250
6800 981063 542084.589474
6800 981063 537844.458333
6800 981063 536261.340206
6800 981063 538281.816327
6800 981063 541965.040404
6800 981063 543558.430000
6800 981063 543795.465347
6800 981063 539560.980392
6800 981063 536991.825243
6800 981063 534734.096154
6800 981063 531462.123810
6800 981063 530289.047170
6800 981063 532629.308411
6800 981063 528636.330189
6800 981063 524406.747664
6800 981063 524223.212963
6800 981063 524479.816514
6800 981063 528727.787037
6800 981063 526994.158879
6800 981063 525241.824074
6800 981063 521980.944954
6800 981063 525645.881818
6800 981063 523417.550459
6800 981063 519052.800000
6800 981063 522566.729730
6800 981063 519478.696429
6800 981063 519328.540541
6800 981063 518436.276786
6800 981063 520930.079646
6800 981063 522395.767857
6800 981063 521886.327434
6800 981063 520647.947368
6800 981063 517330.495652
6800 981063 518586.456897
6800 981063 521545.273504
6800 981063 521330.584746
6800 981063 519735.564103
6800 981063 517981.305085
6800 981063 514791.058824
6800 981063 516289.691667
6800 981063 518317.857143
6800 981063 516999.391667
6800 981063 513865.809917
6800 981063 516193.713115
6800 981063 516726.032520
6800 981063 513825.741935
6800 981063 511227.280000
6800 981063 510001.571429
6800 981063 506900.874016
6800 981063 504891.658730
6800 981063 503507.204724
6800 981063 501887.421875
6800 981063 502179.581395
6800 981063 499315.687500
6800 981063 499804.720930
6800 981063 502534.553846
6800 981063 499528.854962
6800 981063 498269.651515
6800 981063 500736.894737
6800 981063 504175.694030
6800 981063 505850.348148
6800 981063 503714.948529
6800 981063 505933.810219
6800 981063 507354.404412
6800 981063 503735.284672
6800 981063 506284.147059
6800 981063 503417.540146
6800 981063 503460.311594
6800 981063 506791.302158
6800 981063 505738.664286
6800 981063 502847.695035
6800 981063 503297.746479
6800 981063 506160.748252
6800 981063 509223.083333
6800 981063 506603.641379
6800 981063 503674.246575
6800 981063 505869.102041
6800 981063 504787.648649
6800 981063 505104.107383
6800 981063 506741.346667
2817 981063 503404.099338
2817 981063 503235.640000
2817 981063 501953.960265
2817 981063 498907.750000
2817 981063 498789.059603
2817 981063 496302.342105
2817 981063 497858.078431
2817 981063 498116.227273
2817 981063 498857.748387
2817 981063 500643.371795
2817 981063 501750.322581
2817 981063 501264.564103
2817 981063 498689.452229
2817 981063 496984.253165
2817 981063 496034.062893
2817 981063 494977.177215
2817 981063 495799.094340
2817 981063 497679.781250
2817 981063 494612.726708
2817 981063 493793.668750
2817 981063 496742.452830
2817 981063 495267.862500
2817 981063 493318.807453
2817 981063 491455.487654
2817 981063 489985.453988
2817 981063 492837.500000
2817 981063 495019.290909
2817 981063 495466.879518
2817 981063 492960.018182
2817 981063 494269.286585
2817 981063 491625.127273
2817 981063 491597.158537
2817 981063 490529.927273
2817 981063 492121.837349
2817 981063 490085.155689
2817 981063 490905.779762
2817 981063 490122.000000
2817 981063 491142.770588
2817 981063 492812.668639
2817 981063 493156.352941
2817 981063 492964.994152
2817 981063 491524.087209
2817 981063 491098.236994
2817 981063 491974.091954
2817 981063 491898.445714
2817 981063 490505.517241
2817 981063 489771.040462
2817 981063 491824.982759
2817 981063 490638.788571
2817 981063 488012.977273
2817 981063 490335.423729
2817 981063 488988.865169
2817 981063 487462.424581
2817 981063 487757.887640
2817 981063 487784.022346
2817 981063 487912.983146
2817 981063 487575.877095
2817 981063 486901.016667
2817 981063 489556.692737
2817 981063 490050.073034
2817 981063 488680.765363
2817 981063 490773.280899
2817 981063 491929.268156
2817 981063 492329.750000
2817 981063 493148.273743
2817 981063 490462.105556
2817 981063 488210.138122
2817 981063 488157.802198
2817 981063 486004.819672
2817 981063 487173.146739
2817 981063 489097.415301
2817 981063 487049.565217
2817 981063 486855.967568
2817 981063 486525.258065
2817 981063 484871.181818
2817 981063 485509.731183
2817 981063 486433.032086
2817 981063 488406.930851
2817 981063 486384.930481
2817 981063 485456.478723
2817 981063 485574.518519
2817 981063 484320.947368
2817 981063 484830.958115
2817 981063 486452.663158
2817 981063 486493.761905
2817 981063 488424.721053
2817 981063 486179.841270
2817 981063 485769.389474
2817 981063 483969.172775
2817 981063 486506.307292
2817 981063 485268.251309
2817 981063 484600.000000
2817 981063 482539.507772
2817 981063 485017.317708
2817 981063 483815.316062
2817 981063 482179.614583
2817 981063 480186.523316
2817 981063 478090.845361
2817 981063 480478.841026
2817 981063 479568.637755
2817 981063 479025.253807
2817 981063 479846.313131
2817 981063 477526.733668
2817 981063 479271.345000
2817 981063 479709.069652
2817 981063 478474.480198
2817 981063 479117.517241
2817 981063 479364.127451
2817 981063 479532.751220
2817 981063 479284.048544
2817 981063 480656.270531
2817 981063 481241.485437
2817 981063 479546.449275
2817 981063 479004.240385
2817 981063 479143.444976
2817 981063 477905.576190
2817 981063 476213.364929
2817 981063 475313.080189
2817 981063 477611.774648
2817 981063 477502.546729
2817 981063 477251.158140
2817 981063 479299.717593
2817 981063 479671.654378
2817 981063 480076.761468
2817 981063 478237.611872
2817 981063 478820.168182
2817 981063 476978.312217
2817 981063 477111.783784
2817 981063 475964.636771
2817 981063 477602.066964
2817 981063 476798.026667
2817 981063 477558.125000
2817 981063 475582.311111
2817 981063 474014.146018
2817 981063 474852.640000
2817 981063 473609.539823
2817 981063 472186.916300
2817 981063 474162.912281
2817 981063 473636.995633
2817 981063 473655.426087
2817 981063 475777.770563
2817 981063 475630.917391
2817 981063 476619.203463
2817 981063 474929.360870
2817 981063 474799.860262
2817 981063 474520.634783
2817 981063 475469.389610
2817 981063 476747.647826
2817 981063 478449.203463
2817 981063 479985.021552
2817 981063 481115.386266
2817 981063 481078.239316
2817 981063 481150.042553
2817 981063 482643.538136
2817 981063 483383.814346
2817 981063 483961.886555
2817 981063 484143.912134
1894 981063 482134.537500
1894 981063 481598.937759
1894 981063 481712.945833
1894 981063 482775.029046
1894 981063 481433.640496
1894 981063 481493.473251
1894 981063 482954.540984
1894 981063 483065.628571
1894 981063 482679.196721
1894 981063 481362.967347
1894 981063 482424.118852
1894 981063 480658.346939
1894 981063 480305.902439
1894 981063 478382.461538
1894 981063 478732.625000
1894 981063 480643.931727
1894 981063 480771.676000
1894 981063 479886.004016
1894 981063 478643.708000
1894 981063 476884.697211
1894 981063 478178.928571
1894 981063 476741.003953
1894 981063 475220.948819
1894 981063 475523.666667
1894 981063 474856.640625
1894 981063 475510.112840
1894 981063 475095.429688
1894 981063 476854.661479
1894 981063 478395.050388
1894 981063 478464.389961
1894 981063 478875.019380
1894 981063 477130.494163
1894 981063 476378.282946
1894 981063 476179.498054
1894 981063 474894.162791
1894 981063 476390.903475
1894 981063 476012.969231
1894 981063 476002.685824
1894 981063 474388.522901
1894 981063 473056.129278
1894 981063 471287.003788
1894 981063 471710.788679
1894 981063 473203.146617
1894 981063 473703.309434
1894 981063 473969.285714
1894 981063 473531.827715
1894 981063 472888.070896
1894 981063 474093.055762
1894 981063 473302.544776
1894 981063 473981.146067
1894 981063 475272.921053
1894 981063 473877.887640
1894 981063 472684.250000
1894 981063 474250.263941
1894 981063 475481.577778
1894 981063 475149.889299
1894 981063 473848.914815
1894 981063 473338.420664
1894 981063 474255.665441
1894 981063 475981.153846
1894 981063 475168.423358
1894 981063 476110.556364
1894 981063 475737.619565
1894 981063 476023.234657
1894 981063 475188.003597
1894 981063 475805.247312
1894 981063 477523.103571
1894 981063 478687.259786
1894 981063 476987.400000
1894 981063 476217.626335
1894 981063 475605.010638
1894 981063 474408.607774
1894 981063 475645.968310
1894 981063 476756.607018
1894 981063 477334.923077
1894 981063 475727.686411
1894 981063 477303.229167
1894 981063 476301.653979
1894 981063 477882.327586
1894 981063 478618.982818
1894 981063 478981.715753
1894 987316 480716.645051
1894 987316 481805.000000
1894 981063 480079.706485
1894 981063 481391.719178
1894 981063 481151.694158
1894 981063 481806.366438
1894 981063 482397.146758
1894 981063 482519.227891
1894 981063 480867.525597
1894 981063 482392.003401
1894 981063 481109.945763
1894 981063 482676.043919
1894 981063 483831.680135
1894 981063 482972.050336
1894 981063 482193.625418
1894 981063 481482.153333
1894 981063 480202.146179
1894 981063 480817.678808
1894 981063 480570.739274
1894 981063 479500.345395
1894 981063 479904.908197
1894 981063 481319.957516
1894 985286 482961.540717
1894 985286 483208.750000
1894 985286 483189.061489
1894 985286 482863.951613
1894 985286 483606.508039
1894 985286 484641.910256
1894 985286 483730.364217
1894 985317 485327.773885
1894 985317 486386.383387
1894 985317 485176.353503
1894 985317 483767.742857
1894 985317 482650.677215
1894 985317 481864.634921
1894 985317 480717.813291
1894 985317 479308.889590
1894 985317 479110.022013
1894 985317 477558.006309
1894 985317 478606.100629
1894 985317 479894.836991
1894 985317 480095.547170
1894 985317 481613.520376
1894 985317 482583.259375
1894 985317 481994.015576
1894 985317 483315.534161
1894 985317 484384.346749
1894 985317 483000.879630
1894 985317 482586.981538
1894 985317 481620.493865
1894 985317 480171.006116
1894 985317 479116.743902
1894 985317 478231.279635
1894 985317 478303.257576
1894 985317 478940.191489
1894 985317 479124.457576
1894 985317 478338.589666
1894 985317 479428.496951
1894 985317 478756.142857
1894 985317 479597.463636
1894 985317 479383.087613
1894 985317 478747.114458
1894 985317 480147.009009
1894 985317 479939.098802
1894 985317 480025.300300
1894 985317 479707.056886
1894 985317 478456.214925
1894 992784 479986.952381
1894 992784 479449.008902
1894 992784 478365.491124
1894 992784 479566.501484
1894 992784 480065.699405
1894 992784 479983.011940
1894 992784 479384.696429
1894 992784 479154.762611
1894 992784 479929.458580
1894 992784 479717.224189
1894 992784 478937.355882
1894 992784 479322.174041
1894 992784 480465.332353
1894 996254 481977.909091
1894 996254 483124.552632
1894 996254 482698.061224
1894 996254 483136.319767
1894 996254 483499.802899
1894 996254 483711.456647
1894 996254 483957.573487
1894 996254 484003.155172
1894 996254 483367.825215
1894 996254 482075.714286
1894 996254 481220.065903
1894 996254 482550.439655
1894 996254 483722.945559
1894 996254 483773.362857
1894 996254 483844.002849
1894 996254 484793.602273
1894 996254 484135.864023
1894 996254 484155.985876
1894 996254 484488.357746
1894 996254 484872.466292
1894 996254 483916.935574
1894 996254 483683.027933
1894 996254 484228.610028
1894 996254 483683.027933
1894 996254 483319.222841
1894 996254 482433.980447
1894 996254 481258.005571
1894 996254 480756.516667
1894 996254 479701.227147
1894 996254 480926.046961
1894 996254 479992.537190
1894 996254 479350.326923
1894 996254 479085.972452
1894 996254 480245.865385
1894 996254 478854.570248
1894 996254 478133.423077
1894 996254 477462.764384
1894 996254 477601.049180
1894 996254 478663.209809
1894 996254 479201.709239
1894 996254 479510.707317
1894 996254 480033.454054
1894 996254 480530.311653
1894 996254 481342.405405
1894 996254 481255.606469
1894 996254 482605.709677
1894 996254 483431.067024
1894 996254 484121.590909
1894 996254 483228.170667
1894 996254 482812.343085
1894 996254 481859.275862
1894 996254 483175.822751
1894 996254 483883.218997
1894 996254 483830.376316
1894 996254 483905.524934
1894 996254 484168.955497
1894 996254 484927.835509
1894 996254 485421.952880
1894 996254 485979.712794
1894 996254 485090.081152
1894 996254 486171.430809
1894 996254 485507.148438
1894 996254 485223.709091
1894 996254 485202.246114
1894 996254 484541.604651
1894 996254 484479.360104
1894 996254 485270.720930
1894 996254 484065.876289
1894 996254 483028.624679
1894 996254 482938.215385
1894 996254 484102.276215
1894 996254 484316.571429
1894 996254 484633.127226
1894 996254 484440.756345
1894 996254 484372.592405
1894 996254 483768.896465
1894 996254 484011.268354
1894 996254 483781.330808
1894 996254 484691.967254
1894 996254 485048.462312
1894 996254 486187.120301
1894 996254 486890.182500
1894 996254 485938.249377
1894 996254 486499.174129
1894 996254 486192.134663
1894 996254 485633.368159
1894 996254 485723.955335
1894 996254 485883.349010
1894 996254 486853.992593
1894 996254 487404.056650
1894 996254 487965.091358
1894 996254 488811.665025
1894 996254 488833.810811
1894 996254 490068.281863
1894 996254 490756.515892
1894 996254 491811.317073
1894 996254 490860.673966
1894 996254 491087.628641
1894 996254 491219.147700
1894 996254 491509.855072
1894 996254 491004.826506
1894 996254 491613.670673
1894 996254 491508.059952
1894 996254 490865.930622
1894 996254 489750.322196
1894 996254 489933.364286
1894 996254 491023.897375
1894 996254 490236.469048
1894 996254 490034.969121
1894 996254 491016.779621
1894 996254 490495.787234
1894 996254 489834.033019
1894 996254 488729.802353
1894 996254 489171.436620
1894 996254 490255.378824
1894 996254 490187.438967
1894 996254 491114.468235
1894 996254 492286.840376
1894 996254 492237.323185
1894 996254 492116.735981
1894 996254 491599.365967
1894 996254 491436.974419
1894 996254 491835.661253
1894 996254 492628.819444
1894 996254 493349.618938
1894 996254 494209.705069
1894 996254 493430.341801
1894 996254 493620.976959
1894 996254 493485.196305
1894 996254 492511.110599
1894 996254 491863.977011
1894 996254 491930.983945
1894 996254 490988.450801
1894 996254 490435.502283
1894 996254 490991.656751
1894 996254 491345.220183
1894 996254 492019.146453
1894 996254 492951.089041
1894 996254 492060.722096
1894 996254 491014.586364
1894 996254 489967.358277
1894 996254 490993.402715
1894 996254 491600.875283
1894 996254 490861.450226
1894 996254 491604.004515
1894 996254 491066.378378
1894 996254 492055.033860
1894 996254 491687.259009
1894 996254 491405.907865
1894 996254 492373.863229
1894 996254 492737.026846
1894 996254 493782.223214
1894 996254 494659.901566
1894 996254 495420.970982
1894 996254 496047.610245
1894 996254 496011.208889
1894 996254 495673.334812
1894 996254 495210.553333
1894 996254 494923.628062
1894 996407 496038.035556
1894 996407 496277.909091
1894 996407 496083.367257
1894 996407 495654.183223
1894 996407 496137.226872
1894 996407 496509.775824
1894 996407 497293.067982
1894 996407 497845.717724
1894 996407 497203.281659
1894 996407 497008.363834
1894 996407 496446.526087
1894 996407 496181.043384
1894 996407 496409.398268
1894 996407 497018.190889
1894 996407 496198.382609
1894 996407 495449.859002
1894 996407 495180.487013
1894 996407 496047.686825
1894 996407 496909.379310
1894 996407 496151.481720
1894 996407 495188.931330
1894 996407 495439.085653
1894 996407 494919.957265
1894 996407 495164.516060
1894 996407 494833.514957
1894 996407 494541.447761
1894 996407 494272.540426
1894 996407 493670.174840
1894 996407 494115.244681
1894 996407 493670.174840
1894 996407 494682.542553
1894 996407 493872.825902
1894 996407 492963.266949
1894 996407 492873.966030
1894 996407 492751.226695
1894 996407 492504.390658
1894 996407 492772.286017
1894 996407 492363.805497
1894 996407 493107.818565
1894 996407 492433.433684
1894 996407 493229.613445
1894 996407 493069.856842
1894 996407 493873.955882
1894 996407 494705.165618
1894 996407 494893.723849
1894 996407 494692.993737
1894 996407 495182.558577
1894 996407 495606.486430
1894 996407 495867.169456
1894 996407 496683.697286
1894 996407 497520.506250
1894 996407 497396.891441
1894 996407 497657.333333
1894 996407 497509.108559
1894 996407 498462.794979
1894 996407 497622.576520
1894 996407 496723.167364
1894 996407 496466.924528
1894 996407 496231.481092
1894 996407 495859.922432
1894 996407 495078.393305
1894 996407 495176.182390
1894 996407 495394.087866
1894 996407 495872.645094
1894 996407 496101.547917
1894 996407 496065.975052
1894 996407 496888.827083
1894 996407 497078.584551
1894 996407 497073.568750
1894 996407 496234.294363
1894 996407 495934.629167
1894 996407 495393.775468
1894 996407 494439.309129
1894 996407 493782.534161
1894 996407 493402.692946
1894 996407 492709.757764
1894 996407 493286.827801
1894 996407 493614.608696
1894 996407 494136.250000
1894 996407 494847.351967
1894 996407 494593.171488
1894 996407 494963.956522
1894 996407 495118.944215
1894 996407 496151.756701
1894 996407 495556.141975
1894 996407 495039.790554
1894 996407 496023.913934
1894 996407 495458.139630
1894 996407 494768.491803
1894 996407 495521.940695
1894 996407 494687.106557
1894 996407 493904.490760
1894 996407 494701.088115
1894 996407 493896.879346
1894 996407 494537.526531
1894 996407 494650.317719
1894 996407 493961.861789
1894 996407 494700.186613
1894 996407 495636.548583
1894 996407 495313.888438
1894 996407 494683.269231
1894 996407 493798.723232
1894 996407 493025.141129
1894 996407 493991.969819
1894 996407 494757.308468
1894 996407 495263.199195
1894 996407 496260.174699
1894 996407 497147.843687
1894 996407 496732.332000
1894 996407 497425.890220
1894 996407 498056.852590
1894 996407 497190.365805
1894 996407 498032.571429
1894 996407 498506.506931
1894 996407 498305.654150
1894 996407 498095.069034
1894 996407 498967.128458
1894 996407 499030.968442
1894 996407 499705.753937
1894 996407 500034.534381
1894 996407 499378.068627
1894 996407 500044.424361
1894 996407 499313.379921
1894 996407 498661.424361
1894 996407 498051.370588
1894 996407 497718.025440
1894 996407 497351.257812
1894 996407 497919.233918
1894 996407 497657.445525
1894 996407 498615.828460
1894 996407 498654.280156
1894 996407 498626.196117
1894 996407 499008.294574
1894 996407 499390.469903
1894 996407 500118.224806
1894 996407 499635.885880
1894 996407 498981.092664
1894 996407 498347.339114
1894 996407 499007.711538
1894 996407 499577.362764
1894 996407 500421.405769
1894 996407 499491.337812
1894 996407 499909.738462
1894 996407 499345.495202
1894 996407 499214.049808
1894 996407 498609.529750
1894 996407 498480.524904
1894 996407 498361.317400
1894 996407 497984.068702
1894 996407 498080.082218
1894 996407 498561.896947
1894 996407 498638.289524
1894 996407 498421.661597
1894 996407 498394.918095
1894 996407 498259.566794
1894 996407 498113.131429
1894 996407 498270.562738
1894 996407 498322.466793
1894 996407 497734.298479
1894 996407 497919.717268
1894 996407 498418.074144
1894 996407 497949.318786
1894 996407 498226.121212
1894 996407 498051.926276
1894 996407 498158.124528
1894 996407 498299.342155
1894 996407 497940.224528
1894 996407 498531.448211
1894 996407 498424.812030
1894 996407 498317.277674
1894 996407 497589.717228
1894 996407 497696.590994
1894 996407 497294.836466
1894 996407 497667.756098
1894 996407 497307.016854
1894 996407 497916.216822
1894 996407 498193.436567
1894 996407 497839.026071
1894 996407 497004.934701
1894 996407 497120.942056
1894 996407 496583.039179
1894 996407 495898.145251
1894 996407 496116.894052
1894 996407 496498.734694
1894 996407 495617.068519
1894 996407 494722.634011
1894 996407 495394.955720
1894 996407 495630.955801
1894 996407 495782.097426
1894 996407 496260.277064
1894 996407 496299.652015
1894 996407 496389.939671
1894 996407 495941.932234
1894 996407 496708.583181
1894 996407 497154.399267
1894 996407 497476.144424
1894 996407 497275.651460
1894 996407 496457.808743
1894 996407 496351.427273
1894 996407 495534.808743
1894 996407 494977.396364
1894 996407 494879.981851
1894 996407 495513.085145
1894 996407 495531.499096
1894 996407 495481.102888
1894 996407 494929.182640
1894 996407 495774.037906
1894 996407 495698.971171
1894 996407 496266.649281
1894 996407 496217.691203
1894 996407 496239.321942
1894 996407 495987.504488
1894 996407 496051.449640
1894 996407 495848.736086
1894 996407 496211.412186
1894 996407 495930.193202
1894 996407 496796.603571
1894 996407 496824.659537
1894 996407 497088.056940
1894 996407 496611.815275
1894 996407 496279.407801
1894 996407 496946.672566
1894 996407 496790.512367
1894 996407 497090.088183
1894 996407 497123.794014
1894 996407 497472.229277
1894 996407 498058.952465
1894 996407 498286.898067
1894 996407 498024.301754
1894 996407 497977.772329
1894 996407 498548.646853
1894 996407 497840.368237
1894 996407 497490.529617
1894 996407 496855.549565
1894 996407 496607.092014
1894 996407 497229.145581
1894 996407 496918.482699
1894 996407 496523.455959
1894 996407 495954.384483
1894 996407 495447.203098
1894 996407 496280.027491
1894 996407 495723.172117
1894 996407 495642.367698
1894 996407 496133.761578
1894 996407 496591.075342
1894 996407 497150.100855
1894 996407 496580.290102
1894 996407 497068.447863
1894 996407 497491.283276
1894 996407 497018.512777
1894 996407 496800.355442
1894 996407 496615.882852
1894 996407 496893.607143
1894 996407 497695.943973
1894 996407 498336.282313
1894 996407 498812.994907
1894 996407 498242.132653
1894 996407 497453.814310
1894 996407 498260.544218
1894 996407 498994.353141
1894 996407 499614.457483
1894 996407 500108.675722
1894 996407 499587.493220
1894 996407 500280.767402
1894 996407 499795.452542
1894 996407 499346.516074
1894 996407 499143.471284
1894 996407 499747.896785
1894 996407 499425.069257
1894 996407 499374.306261
1894 996407 499399.023649
1894 996407 499163.642496
1894 996407 499526.796296
1894 996407 498795.626891
1894 996407 498439.760943
1894 996407 498475.926050
1894 996407 497982.276846
1894 996407 498253.041876
1894 996407 498960.811037
1894 996407 498450.727880
1894 996407 498293.055000
1894 996407 498704.554077
1894 996407 498042.034884
