7072032242937939662174716834563972934560373038879581901975175352475501665389046920640643721953831918
7072032242937939662174716834563972934560373138879581901975175352475501665389046920640643721953831918
7072032242937939662174716834563972934560373238879581901975175352475501665389046920640643721953831918
7072032242937939662174716834563972934560373338879581901975175352475501665389046920640643721953831918
7072032242937939662174716834563972934560373438879581901975175352475501665389046920640643721953831918
7072032242937939662174716834563972934560373538879581901975175352475501665389046920640643721953831918
7072032242937939662174716834563972934560373638879581901975175352475501665389046920640643721953831918
7072032242937939662174716834563972934560373738879581901975175352475501665389046920640643721953831918
7072032242937939662174716834563972934560373838879581901975175352475501665389046920640643721953831918
7072032242937939662174716834563972934560373938879581901975175352475501665389046920640643721953831918
