0000842415
0001842415
0002842415
0003842415
0004842415
0005842415
0006842415
0007842415
0008842415
0009842415
0100842415
0101842415
0102842415
0103842415
0104842415
0105842415
0106842415
0107842415
0108842415
0109842415
0200842415
0201842415
0202842415
0203842415
0204842415
0205842415
0206842415
0207842415
0208842415
0209842415
0300842415
0301842415
0302842415
0303842415
0304842415
0305842415
0306842415
0307842415
0308842415
0309842415
0400842415
0401842415
0402842415
0403842415
0404842415
0405842415
0406842415
0407842415
0408842415
0409842415
0500842415
0501842415
0502842415
0503842415
0504842415
0505842415
0506842415
0507842415
0508842415
0509842415
0600842415
0601842415
0602842415
0603842415
0604842415
0605842415
0606842415
0607842415
0608842415
0609842415
0700842415
0701842415
0702842415
0703842415
0704842415
0705842415
0706842415
0707842415
0708842415
0709842415
0800842415
0801842415
0802842415
0803842415
0804842415
0805842415
0806842415
0807842415
0808842415
0809842415
0900842415
0901842415
0902842415
0903842415
0904842415
0905842415
0906842415
0907842415
0908842415
0909842415
1000842415
1001842415
1002842415
1003842415
1004842415
1005842415
1006842415
1007842415
1008842415
1009842415
1100842415
1101842415
1102842415
1103842415
1104842415
1105842415
1106842415
1107842415
1108842415
1109842415
1200842415
1201842415
1202842415
1203842415
1204842415
1205842415
1206842415
1207842415
1208842415
1209842415
1300842415
1301842415
1302842415
1303842415
1304842415
1305842415
1306842415
1307842415
1308842415
1309842415
1400842415
1401842415
1402842415
1403842415
1404842415
1405842415
1406842415
1407842415
1408842415
1409842415
1500842415
1501842415
1502842415
1503842415
1504842415
1505842415
1506842415
1507842415
1508842415
1509842415
1600842415
1601842415
1602842415
1603842415
1604842415
1605842415
1606842415
1607842415
1608842415
1609842415
1700842415
1701842415
1702842415
1703842415
1704842415
1705842415
1706842415
1707842415
1708842415
1709842415
1800842415
1801842415
1802842415
1803842415
1804842415
1805842415
1806842415
1807842415
1808842415
1809842415
1900842415
1901842415
1902842415
1903842415
1904842415
1905842415
1906842415
1907842415
1908842415
1909842415
2000842415
2001842415
2002842415
2003842415
2004842415
2005842415
2006842415
2007842415
2008842415
2009842415
2100842415
2101842415
2102842415
2103842415
2104842415
2105842415
2106842415
2107842415
2108842415
2109842415
2200842415
2201842415
2202842415
2203842415
2204842415
2205842415
2206842415
2207842415
2208842415
2209842415
2300842415
2301842415
2302842415
2303842415
2304842415
2305842415
2306842415
2307842415
2308842415
2309842415
2400842415
2401842415
2402842415
2403842415
2404842415
2405842415
2406842415
2407842415
2408842415
2409842415
2500842415
2501842415
2502842415
2503842415
2504842415
2505842415
2506842415
2507842415
2508842415
2509842415
2600842415
2601842415
2602842415
2603842415
2604842415
2605842415
2606842415
2607842415
2608842415
2609842415
2700842415
2701842415
2702842415
2703842415
2704842415
2705842415
2706842415
2707842415
2708842415
2709842415
2800842415
2801842415
2802842415
2803842415
2804842415
2805842415
2806842415
2807842415
2808842415
2809842415
2900842415
2901842415
2902842415
2903842415
2904842415
2905842415
2906842415
2907842415
2908842415
2909842415
3000842415
3001842415
3002842415
3003842415
3004842415
3005842415
3006842415
3007842415
3008842415
3009842415
3100842415
3101842415
3102842415
3103842415
3104842415
3105842415
3106842415
3107842415
3108842415
3109842415
3200842415
3201842415
3202842415
3203842415
3204842415
3205842415
3206842415
3207842415
3208842415
3209842415
3300842415
3301842415
3302842415
3303842415
3304842415
3305842415
3306842415
3307842415
3308842415
3309842415
3400842415
3401842415
3402842415
3403842415
3404842415
3405842415
3406842415
3407842415
3408842415
3409842415
3500842415
3501842415
3502842415
3503842415
3504842415
3505842415
3506842415
3507842415
3508842415
3509842415
3600842415
3601842415
3602842415
3603842415
3604842415
3605842415
3606842415
3607842415
3608842415
3609842415
3700842415
3701842415
3702842415
3703842415
3704842415
3705842415
3706842415
3707842415
3708842415
3709842415
3800842415
3801842415
3802842415
3803842415
3804842415
3805842415
3806842415
3807842415
3808842415
3809842415
3900842415
3901842415
3902842415
3903842415
3904842415
3905842415
3906842415
3907842415
3908842415
3909842415
4000842415
4001842415
4002842415
4003842415
4004842415
4005842415
4006842415
4007842415
4008842415
4009842415
4100842415
4101842415
4102842415
4103842415
4104842415
4105842415
4106842415
4107842415
4108842415
4109842415
4200842415
4201842415
4202842415
4203842415
4204842415
4205842415
4206842415
4207842415
4208842415
4209842415
4300842415
4301842415
4302842415
4303842415
4304842415
4305842415
4306842415
4307842415
4308842415
4309842415
4400842415
4401842415
4402842415
4403842415
4404842415
4405842415
4406842415
4407842415
4408842415
4409842415
4500842415
4501842415
4502842415
4503842415
4504842415
4505842415
4506842415
4507842415
4508842415
4509842415
4600842415
4601842415
4602842415
4603842415
4604842415
4605842415
4606842415
4607842415
4608842415
4609842415
4700842415
4701842415
4702842415
4703842415
4704842415
4705842415
4706842415
4707842415
4708842415
4709842415
4800842415
4801842415
4802842415
4803842415
4804842415
4805842415
4806842415
4807842415
4808842415
4809842415
4900842415
4901842415
4902842415
4903842415
4904842415
4905842415
4906842415
4907842415
4908842415
4909842415
5000842415
5001842415
5002842415
5003842415
5004842415
5005842415
5006842415
5007842415
5008842415
5009842415
5100842415
5101842415
5102842415
5103842415
5104842415
5105842415
5106842415
5107842415
5108842415
5109842415
5200842415
5201842415
5202842415
5203842415
5204842415
5205842415
5206842415
5207842415
5208842415
5209842415
5300842415
5301842415
5302842415
5303842415
5304842415
5305842415
5306842415
5307842415
5308842415
5309842415
5400842415
5401842415
5402842415
5403842415
5404842415
5405842415
5406842415
5407842415
5408842415
5409842415
5500842415
5501842415
5502842415
5503842415
5504842415
5505842415
5506842415
5507842415
5508842415
5509842415
5600842415
5601842415
5602842415
5603842415
5604842415
5605842415
5606842415
5607842415
5608842415
5609842415
5700842415
5701842415
5702842415
5703842415
5704842415
5705842415
5706842415
5707842415
5708842415
5709842415
5800842415
5801842415
5802842415
5803842415
5804842415
5805842415
5806842415
5807842415
5808842415
5809842415
5900842415
5901842415
5902842415
5903842415
5904842415
5905842415
5906842415
5907842415
5908842415
5909842415
6000842415
6001842415
6002842415
6003842415
6004842415
6005842415
6006842415
6007842415
6008842415
6009842415
6100842415
6101842415
6102842415
6103842415
6104842415
6105842415
6106842415
6107842415
6108842415
6109842415
6200842415
6201842415
6202842415
6203842415
6204842415
6205842415
6206842415
6207842415
6208842415
6209842415
6300842415
6301842415
6302842415
6303842415
6304842415
6305842415
6306842415
6307842415
6308842415
6309842415
6400842415
6401842415
6402842415
6403842415
6404842415
6405842415
6406842415
6407842415
6408842415
6409842415
6500842415
6501842415
6502842415
6503842415
6504842415
6505842415
6506842415
6507842415
6508842415
6509842415
6600842415
6601842415
6602842415
6603842415
6604842415
6605842415
6606842415
6607842415
6608842415
6609842415
6700842415
6701842415
6702842415
6703842415
6704842415
6705842415
6706842415
6707842415
6708842415
6709842415
6800842415
6801842415
6802842415
6803842415
6804842415
6805842415
6806842415
6807842415
6808842415
6809842415
6900842415
6901842415
6902842415
6903842415
6904842415
6905842415
6906842415
6907842415
6908842415
6909842415
7000842415
7001842415
7002842415
7003842415
7004842415
7005842415
7006842415
7007842415
7008842415
7009842415
7100842415
7101842415
7102842415
7103842415
7104842415
7105842415
7106842415
7107842415
7108842415
7109842415
7200842415
7201842415
7202842415
7203842415
7204842415
7205842415
7206842415
7207842415
7208842415
7209842415
7300842415
7301842415
7302842415
7303842415
7304842415
7305842415
7306842415
7307842415
7308842415
7309842415
7400842415
7401842415
7402842415
7403842415
7404842415
7405842415
7406842415
7407842415
7408842415
7409842415
7500842415
7501842415
7502842415
7503842415
7504842415
7505842415
7506842415
7507842415
7508842415
7509842415
7600842415
7601842415
7602842415
7603842415
7604842415
7605842415
7606842415
7607842415
7608842415
7609842415
7700842415
7701842415
7702842415
7703842415
7704842415
7705842415
7706842415
7707842415
7708842415
7709842415
7800842415
7801842415
7802842415
7803842415
7804842415
7805842415
7806842415
7807842415
7808842415
7809842415
7900842415
7901842415
7902842415
7903842415
7904842415
7905842415
7906842415
7907842415
7908842415
7909842415
8000842415
8001842415
8002842415
8003842415
8004842415
8005842415
8006842415
8007842415
8008842415
8009842415
8100842415
8101842415
8102842415
8103842415
8104842415
8105842415
8106842415
8107842415
8108842415
8109842415
8200842415
8201842415
8202842415
8203842415
8204842415
8205842415
8206842415
8207842415
8208842415
8209842415
8300842415
8301842415
8302842415
8303842415
8304842415
8305842415
8306842415
8307842415
8308842415
8309842415
8400842415
8401842415
8402842415
8403842415
8404842415
8405842415
8406842415
8407842415
8408842415
8409842415
8500842415
8501842415
8502842415
8503842415
8504842415
8505842415
8506842415
8507842415
8508842415
8509842415
8600842415
8601842415
8602842415
8603842415
8604842415
8605842415
8606842415
8607842415
8608842415
8609842415
8700842415
8701842415
8702842415
8703842415
8704842415
8705842415
8706842415
8707842415
8708842415
8709842415
8800842415
8801842415
8802842415
8803842415
8804842415
8805842415
8806842415
8807842415
8808842415
8809842415
8900842415
8901842415
8902842415
8903842415
8904842415
8905842415
8906842415
8907842415
8908842415
8909842415
9000842415
9001842415
9002842415
9003842415
9004842415
9005842415
9006842415
9007842415
9008842415
9009842415
9100842415
9101842415
9102842415
9103842415
9104842415
9105842415
9106842415
9107842415
9108842415
9109842415
9200842415
9201842415
9202842415
9203842415
9204842415
9205842415
9206842415
9207842415
9208842415
9209842415
9300842415
9301842415
9302842415
9303842415
9304842415
9305842415
9306842415
9307842415
9308842415
9309842415
9400842415
9401842415
9402842415
9403842415
9404842415
9405842415
9406842415
9407842415
9408842415
9409842415
9500842415
9501842415
9502842415
9503842415
9504842415
9505842415
9506842415
9507842415
9508842415
9509842415
9600842415
9601842415
9602842415
9603842415
9604842415
9605842415
9606842415
9607842415
9608842415
9609842415
9700842415
9701842415
9702842415
9703842415
9704842415
9705842415
9706842415
9707842415
9708842415
9709842415
9800842415
9801842415
9802842415
9803842415
9804842415
9805842415
9806842415
9807842415
9808842415
9809842415
9900842415
9901842415
9902842415
9903842415
9904842415
9905842415
9906842415
9907842415
9908842415
9909842415
