100
0 6280
0 6972
0 1670
0 4516
0 559
0 5302
0 -3622
0 3289
0 -2499
0 -7371
0 9624
0 -9289
0 2379
0 7098
0 -7307
0 2078
0 1846
0 1887
0 1808
0 9417
0 -3994
0 9824
0 -7472
0 5390
0 -915
0 8578
0 -9674
0 -4615
0 -363
0 -3438
0 -9380
0 833
0 1721
0 4580
0 8419
0 1212
0 5326
0 -6474
0 -5231
0 378
0 9913
0 7269
0 -8484
0 -3167
0 6378
0 8075
0 -4999
0 882
0 -1696
0 -8598
0 2050
0 -5541
0 669
0 661
0 5383
0 9946
0 251
0 6847
0 6396
0 4699
0 -899
0 4256
0 -2792
0 4871
0 -1212
0 -5517
0 3530
0 -5898
0 -401
0 -8535
0 2364
0 3740
0 -659
0 8352
0 -9589
0 -6520
0 1570
0 473
0 -1158
0 -2753
0 7427
0 -2121
0 -6006
0 -9495
0 4449
0 1902
0 6507
0 -8504
0 -6837
0 -2032
0 6205
0 6257
0 9778
0 8076
0 8944
0 3232
0 4923
0 -1619
0 4253
0 5376
