1000
0 4533
0 5704
0 505
0 -737
0 7523
0 8076
0 170
0 -2298
0 -6682
0 6958
0 1580
0 4329
0 2220
0 4193
0 2198
0 -338
0 -2700
0 -9445
0 5474
0 8534
0 -7148
0 2057
0 -3783
0 7596
0 3802
0 3885
0 8594
0 -1741
0 -5434
0 -4240
0 753
0 7004
0 -2038
0 6067
0 -7885
0 -3580
0 2610
0 -4498
0 -7260
0 1169
0 137
0 8904
0 -2442
0 -4378
0 4453
0 3755
0 -3295
0 -9135
0 957
0 -7586
0 9714
0 -6357
0 604
0 -5454
0 4858
0 1606
0 -9902
0 9521
0 -600
0 9571
0 5761
0 8548
0 5904
0 -924
0 1448
0 6383
0 4051
0 5059
0 2682
0 -3659
0 -5535
0 -2779
0 220
0 -1144
0 -7508
0 -4363
0 612
0 -6513
0 -8506
0 8608
0 9700
0 171
0 -9220
0 -1816
0 -4822
0 -9853
0 -4407
0 3747
0 -8614
0 -2658
0 1816
0 -399
0 5283
0 1921
0 -4670
0 8890
0 -4521
0 -6926
0 8752
0 -8360
0 9391
0 2430
0 7064
0 -8646
0 -2734
0 9071
0 8206
0 3622
0 -1299
0 675
0 5397
0 7151
0 3997
0 4207
0 7304
0 4425
0 -7309
0 -8910
0 -3386
0 9216
0 3163
0 -4823
0 -5204
0 -5520
0 -1850
0 2492
0 -2026
0 -6834
0 -3696
0 3597
0 9059
0 -5733
0 4615
0 5303
0 7221
0 5008
0 -8418
0 5242
0 -6160
0 9501
0 4628
0 4622
0 9560
0 -4069
0 9101
0 -2506
0 -703
0 -727
0 -2128
0 -6783
0 -6538
0 -8967
0 -5471
0 -3939
0 7858
0 -9109
0 -5481
0 4124
0 8463
0 -3836
0 -899
0 -1917
0 9955
0 -947
0 -271
0 -7901
0 -4948
0 5957
0 -4117
0 4244
0 319
0 -7813
0 8
0 -9042
0 8252
0 9675
0 -9843
0 -2971
0 9591
0 -1596
0 -3954
0 -4284
0 3498
0 -4090
0 -2677
0 2941
0 3338
0 -5810
0 -6693
0 1165
0 5289
0 -3656
0 -9254
0 -8810
0 9153
0 -3327
0 -9028
0 2078
0 5719
0 -974
0 4415
0 6005
0 -7570
0 4777
0 4995
0 -1783
0 1945
0 -8541
0 -2663
0 -1462
0 -5324
0 2508
0 1977
0 1755
0 2445
0 -915
0 -1374
0 3978
0 9164
0 -8723
0 5287
0 2284
0 557
0 6661
0 -5831
0 849
0 9587
0 -8018
0 -7423
0 -4639
0 9243
0 7729
0 -3494
0 -849
0 6137
0 5884
0 -9710
0 -7031
0 959
0 -8977
0 -6177
0 -6966
0 8757
0 -3123
0 640
0 6519
0 5177
0 3788
0 -9710
0 2120
0 -9155
0 454
0 -3654
0 1881
0 -8130
0 -8808
0 3123
0 -3574
0 -1899
0 -2566
0 -8033
0 4315
0 7259
0 -2511
0 7445
0 -6145
0 -1239
0 -6977
0 87
0 -5859
0 -446
0 -1886
0 -7393
0 -7479
0 -201
0 6127
0 -2847
0 -7590
0 2065
0 -4159
0 -1466
0 -3885
0 6330
0 -3081
0 5216
0 1819
0 -9578
0 -687
0 -4445
0 -2981
0 8336
0 -7592
0 3914
0 -7575
0 -1213
0 6647
0 3807
0 -1687
0 1846
0 3172
0 -7708
0 -4626
0 4965
0 3001
0 -4070
0 9899
0 -7300
0 -1643
0 -7411
0 6814
0 -9366
0 9005
0 -5979
0 -4330
0 -4994
0 -631
0 -3722
0 -6004
0 -7444
0 2988
0 -8983
0 -2403
0 3040
0 -8930
0 9164
0 3602
0 -7034
0 -685
0 -9337
0 5907
0 -8897
0 -9744
0 -4990
0 1455
0 -1217
0 4798
0 4240
0 -4950
0 8858
0 -8551
0 6721
0 -1551
0 -5851
0 -3510
0 -7865
0 -5782
0 -688
0 -1465
0 -4232
0 -7056
0 9737
0 -9674
0 4531
0 -6879
0 -4305
0 4058
0 7706
0 3699
0 -368
0 -7031
0 -7453
0 146
0 5407
0 3113
0 5103
0 8245
0 -4377
0 -7003
0 921
0 -3549
0 -2647
0 7589
0 6967
0 -3954
0 -7440
0 -6723
0 8624
0 -3722
0 -7075
0 -5235
0 5020
0 9676
0 6170
0 -9004
0 4832
0 7014
0 -587
0 -400
0 -4716
0 8795
0 -9891
0 1313
0 -623
0 3399
0 1525
0 -207
0 -461
0 -1752
0 7318
0 -8351
0 1484
0 -6073
0 -436
0 -869
0 8031
0 5812
0 4037
0 -4535
0 -9736
0 -4011
0 -4614
0 -6018
0 -2815
0 -4113
0 9308
0 279
0 9612
0 -4847
0 6763
0 -7496
0 7119
0 4244
0 -973
0 9488
0 -4382
0 7978
0 -5847
0 -7047
0 2071
0 -1874
0 345
0 -713
0 -4396
0 -5209
0 707
0 -2285
0 -8025
0 -5174
0 5968
0 2301
0 -8794
0 -1131
0 2633
0 -4088
0 9064
0 -7081
0 -9463
0 7109
0 -9554
0 4422
0 306
0 740
0 8882
0 913
0 1360
0 -8224
0 -8330
0 -9496
0 4536
0 2462
0 5137
0 6705
0 4521
0 3241
0 -4414
0 -2649
0 -6910
0 -6021
0 6539
0 9824
0 9588
0 -6509
0 -8572
0 256
0 -9385
0 4800
0 -2510
0 -3102
0 -9163
0 -3426
0 -9312
0 -3483
0 -5441
0 -3339
0 -7851
0 -555
0 -5584
0 -2022
0 5362
0 103
0 6514
0 3157
0 2187
0 7162
0 -5932
0 -1696
0 4526
0 -7349
0 -7312
0 -6222
0 8521
0 -1399
0 -520
0 6150
0 -1017
0 6520
0 9582
0 7233
0 -6491
0 4543
0 -3734
0 -5536
0 9295
0 -6690
0 6553
0 6979
0 -4973
0 -8852
0 7584
0 -9396
0 4149
0 -7880
0 -5533
0 5139
0 -3277
0 -3214
0 8254
0 -8203
0 610
0 -8633
0 -7285
0 -6800
0 -1162
0 454
0 -9694
0 3572
0 5946
0 3330
0 -676
0 4128
0 -4267
0 -9194
0 786
0 -4712
0 -8533
0 -3978
0 7744
0 -3840
0 3132
0 6975
0 340
0 3562
0 2664
0 7732
0 -631
0 -3832
0 -3383
0 7749
0 6629
0 3196
0 7705
0 -2364
0 3044
0 212
0 -825
0 -7312
0 -2309
0 -471
0 -9729
0 -6954
0 -8405
0 -1045
0 4454
0 -812
0 4231
0 -1119
0 -3603
0 2766
0 6121
0 3610
0 1493
0 293
0 -2684
0 179
0 -4625
0 -3857
0 -7638
0 8661
0 -2524
0 7775
0 3723
0 326
0 -7387
0 3979
0 -4968
0 -1838
0 852
0 6069
0 -7782
0 -6013
0 27
0 -1226
0 -4573
0 -6965
0 4657
0 -2048
0 8674
0 -5077
0 -4864
0 -2533
0 -2249
0 1506
0 -7710
0 8721
0 -9441
0 6491
0 -935
0 -287
0 4452
0 4009
0 -1218
0 6093
0 -5286
0 -2094
0 -9425
0 3578
0 2830
0 -9217
0 5805
0 -2524
0 -6591
0 6314
0 9263
0 -5001
0 -8235
0 470
0 -7185
0 2792
0 -8156
0 -7451
0 7499
0 -2384
0 -9344
0 -7367
0 1924
0 -5516
0 -2976
0 -8717
0 -2860
0 -170
0 22
0 -6495
0 -2488
0 7951
0 5774
0 -6159
0 4581
0 1142
0 -4197
0 4852
0 -8446
0 -9786
0 9844
0 7217
0 9623
0 -2608
0 4788
0 -8342
0 4337
0 6233
0 9682
0 8758
0 5510
0 3727
0 8710
0 -3912
0 -9665
0 8927
0 -4766
0 -5403
0 -2506
0 613
0 -5929
0 -2168
0 -3840
0 4875
0 -2697
0 2177
0 7221
0 8521
0 5750
0 -7608
0 3023
0 -9628
0 -6164
0 2706
0 3512
0 -1078
0 -5806
0 -178
0 7419
0 -9648
0 9043
0 -8699
0 5347
0 635
0 -9230
0 6655
0 -7953
0 5282
0 -3590
0 3809
0 -7153
0 -7785
0 4041
0 -1002
0 9497
0 3349
0 6212
0 3859
0 -8453
0 1396
0 4620
0 -4810
0 -4770
0 -5033
0 369
0 -5735
0 -6761
0 6406
0 -11
0 -3748
0 -2363
0 -38
0 -2900
0 7640
0 3589
0 -4238
0 -7800
0 -9207
0 9768
0 8892
0 3624
0 8782
0 1470
0 -1603
0 1795
0 5761
0 9480
0 5021
0 3991
0 1129
0 -3004
0 -5611
0 -4152
0 9551
0 5777
0 7590
0 -199
0 -8476
0 5088
0 -9977
0 8784
0 7943
0 -7674
0 9839
0 -9431
0 -3757
0 -3575
0 -9618
0 3887
0 -9121
0 -521
0 -9053
0 8282
0 -4114
0 6485
0 -1997
0 -500
0 118
0 -4050
0 -386
0 -8478
0 3896
0 9761
0 3138
0 7471
0 8921
0 4931
0 -6177
0 9967
0 2804
0 -8860
0 -9848
0 1981
0 -424
0 6761
0 5771
0 -2982
0 -807
0 6979
0 -6077
0 -9575
0 8236
0 2744
0 -8776
0 -2174
0 5915
0 9046
0 -628
0 -7472
0 -1754
0 -5241
0 4713
0 -1680
0 -6120
0 3303
0 1902
0 4245
0 4656
0 -3842
0 -898
0 9052
0 7482
0 41
0 -4887
0 -5079
0 -3057
0 -7328
0 725
0 1571
0 7621
0 -6530
0 -242
0 8155
0 -2311
0 -1357
0 -8654
0 -8096
0 -3420
0 -79
0 -2187
0 -7194
0 7892
0 6123
0 8062
0 3897
0 -7766
0 4654
0 6987
0 -4329
0 4371
0 -9261
0 -59
0 -105
0 -4289
0 3869
0 -4080
0 4023
0 -9506
0 5376
0 9722
0 4314
0 1748
0 -2456
0 -7536
0 5444
0 224
0 819
0 -1761
0 -2114
0 9603
0 3306
0 -2896
0 -2238
0 9050
0 -1291
0 -8419
0 4032
0 9001
0 572
0 -9347
0 5069
0 5841
0 -6496
0 5854
0 -9420
0 3783
0 1947
0 1232
0 5091
0 8065
0 3576
0 8652
0 7247
0 9979
0 -7413
0 9727
0 -4004
0 -4463
0 3080
0 2340
0 -2578
0 3093
0 -7128
0 8051
0 -9215
0 -8326
0 -651
0 4341
0 -7868
0 9694
0 3615
0 -8757
0 1507
0 8145
0 -5409
0 3303
0 6861
0 -9769
0 4621
0 4364
0 4842
0 -666
0 9599
0 -7689
0 7739
0 -5875
0 -2983
0 -1126
0 818
0 7865
0 -5995
0 -4704
0 4845
0 8171
0 8173
0 252
0 9909
0 -8619
0 -5962
0 9217
0 4136
0 -3746
0 6389
0 -389
0 -7290
0 3453
0 5930
0 7279
0 -3144
0 5224
0 3826
0 -1546
0 8447
0 6893
0 -4272
0 -7799
0 -1136
0 -8663
0 7634
0 5800
0 -4703
0 -9225
0 -3713
0 9547
0 -3603
0 6888
0 -1503
0 -196
0 2852
0 6105
0 -1391
0 3063
0 9781
0 9967
0 -8861
0 -9590
0 -582
0 -8059
0 8270
0 -8265
0 -8959
0 6719
0 1924
0 -1757
0 9950
0 -1208
0 380
0 -1657
0 -3870
0 6265
0 7050
0 -3390
0 7833
0 -5269
0 7701
0 4328
0 3183
0 -7261
