500
0 8955
0 5306
0 -407
0 9050
0 4434
0 6619
0 -1222
0 -844
0 -5708
0 9724
0 5091
0 -9264
0 -9449
0 632
0 -6518
0 -6618
0 -3818
0 -1780
0 -9507
0 -9505
0 -7019
0 4200
0 -5835
0 -2974
0 -5144
0 5775
0 -1202
0 1361
0 -1639
0 -281
0 4429
0 5237
0 3602
0 -4619
0 8171
0 -7237
0 1205
0 1420
0 3383
0 9497
0 819
0 -3300
0 2356
0 -9764
0 -182
0 7820
0 -5332
0 7650
0 -7588
0 -7378
0 -368
0 -9486
0 -6141
0 6588
0 139
0 -3525
0 6291
0 5450
0 976
0 7171
0 -204
0 1434
0 -1808
0 -5105
0 -5616
0 7798
0 3973
0 5082
0 6367
0 6395
0 2304
0 2942
0 -7457
0 -7887
0 -4076
0 6029
0 -5122
0 -6945
0 1861
0 769
0 4735
0 -7764
0 -5452
0 -4281
0 2180
0 -4833
0 -6102
0 -5643
0 -5432
0 -9220
0 2651
0 -7492
0 -2841
0 3803
0 6822
0 166
0 6177
0 8098
0 2322
0 6338
0 2875
0 -5330
0 -7858
0 2229
0 6534
0 -6822
0 -1178
0 6154
0 -9400
0 7990
0 -3472
0 2944
0 -3387
0 7691
0 9089
0 -8942
0 5279
0 5244
0 -596
0 8612
0 -2536
0 -6704
0 -5523
0 -6015
0 8874
0 -4777
0 -4772
0 -4126
0 9949
0 -3493
0 -9179
0 9767
0 -2466
0 8987
0 1357
0 3870
0 7561
0 -9172
0 8454
0 -3281
0 -2115
0 -4549
0 688
0 8990
0 -3293
0 1667
0 6111
0 -4900
0 4597
0 -9977
0 -614
0 -7054
0 4000
0 504
0 -6403
0 -9529
0 -5629
0 7488
0 -4666
0 4642
0 922
0 -6031
0 5135
0 -4056
0 8399
0 7056
0 1270
0 2512
0 -6999
0 -5874
0 5830
0 2071
0 -6118
0 -1338
0 -6667
0 948
0 -2623
0 -1431
0 5573
0 3001
0 7218
0 -8376
0 -2454
0 -7556
0 7372
0 3997
0 3145
0 -9197
0 670
0 -6125
0 -8086
0 -8210
0 -5197
0 1962
0 -1685
0 8404
0 6142
0 -768
0 -6389
0 329
0 -7538
0 -75
0 721
0 -2139
0 6737
0 -294
0 -8614
0 2470
0 5489
0 1379
0 -2035
0 -5302
0 -3550
0 -5978
0 -5917
0 -4693
0 -7766
0 -1310
0 3794
0 74
0 -9091
0 9858
0 4790
0 852
0 -8784
0 -8013
0 -6352
0 -7450
0 -1787
0 -5789
0 9650
0 1566
0 3531
0 -7977
0 -5031
0 2690
0 636
0 -1839
0 -899
0 -4614
0 3933
0 8493
0 -6240
0 4141
0 -3671
0 1923
0 4192
0 841
0 -9716
0 -3823
0 8363
0 4166
0 -3011
0 6001
0 -9048
0 9961
0 -3052
0 -5769
0 5543
0 -4935
0 -2387
0 4989
0 5061
0 1501
0 -3398
0 246
0 5825
0 -7414
0 9903
0 662
0 2582
0 -7443
0 -8925
0 6674
0 -80
0 671
0 -1209
0 -6793
0 1825
0 6802
0 -8585
0 8373
0 2217
0 3630
0 -5930
0 -589
0 -2431
0 -2155
0 -8151
0 5402
0 8057
0 -7803
0 3942
0 8152
0 6219
0 -5978
0 5007
0 4628
0 3256
0 -8842
0 3681
0 -1898
0 1710
0 5957
0 -7769
0 7517
0 -2584
0 1022
0 -2622
0 -6733
0 -5665
0 3748
0 -6994
0 -565
0 6395
0 3066
0 624
0 -9499
0 -7773
0 -4507
0 3550
0 5660
0 7172
0 7809
0 -4100
0 4694
0 -8542
0 -6373
0 -1526
0 -5644
0 8291
0 8755
0 -2059
0 2640
0 3933
0 -6479
0 -3270
0 2087
0 7845
0 5023
0 -9758
0 2226
0 -4533
0 9282
0 6549
0 -8567
0 -6937
0 3626
0 -5641
0 -5260
0 7258
0 -42
0 -6672
0 -1282
0 9065
0 4878
0 5715
0 -3243
0 8064
0 -4662
0 -1183
0 -7852
0 5772
0 5696
0 528
0 -3693
0 8182
0 -4772
0 876
0 -5492
0 -51
0 70
0 -4653
0 8031
0 -7632
0 5501
0 9302
0 -6739
0 -9110
0 -5895
0 -2885
0 -51
0 -8565
0 -4780
0 6485
0 -9052
0 8315
0 1003
0 3354
0 -6885
0 -4846
0 -1853
0 1437
0 6054
0 -9958
0 -4380
0 767
0 4497
0 1754
0 -6247
0 96
0 7898
0 1299
0 6408
0 -2532
0 -1474
0 9934
0 -6709
0 -2947
0 9885
0 -5335
0 -7521
0 -3821
0 -8589
0 -9246
0 -3727
0 -8029
0 -5598
0 -7980
0 3061
0 -2074
0 9419
0 8921
0 -6236
0 6982
0 -5417
0 2630
0 -2610
0 2349
0 6348
0 -5148
0 1097
0 -5605
0 -5228
0 5275
0 4040
0 3626
0 -3386
0 -419
0 -2603
0 3095
0 -7220
0 5924
0 -3274
0 -5267
0 -6411
0 -4436
0 -1891
0 1694
0 -588
0 -6504
0 -3803
0 5301
0 -5920
0 -7435
0 -5248
0 -2697
0 4582
0 -7845
0 3510
0 6170
0 794
0 -1234
0 -9593
0 2057
0 711
0 -416
0 734
0 1587
0 -500
0 5294
0 1706
0 -7134
0 -9017
0 8147
0 -7928
0 9536
0 -9320
0 -8441
0 -6519
0 -766
0 -3522
0 -8787
0 7513
0 5472
0 -771
0 -3453
0 -8707
0 3179
0 -2291
0 -448
0 6424
0 2307
0 8973
0 -654
0 -2039
0 -1484
0 1045
0 -440
0 6930
