1000
0 3797
0 9965
0 8304
0 -3613
0 -9398
0 -9347
0 5347
0 2707
0 9897
0 -4385
0 -8192
0 -9689
0 3165
0 1666
0 5500
0 -6739
0 9892
0 -7184
0 9744
0 4150
0 -1485
0 4079
0 3581
0 -5830
0 3088
0 7561
0 9710
0 -2828
0 85
0 -7631
0 -8967
0 7368
0 -1721
0 5814
0 7702
0 -2951
0 -9129
0 4081
0 8556
0 -7505
0 -8670
0 3878
0 -4404
0 -9101
0 1695
0 5827
0 5454
0 -7874
0 -4093
0 -9469
0 -6386
0 -1417
0 -1184
0 -3673
0 -6109
0 5161
0 -6434
0 -9937
0 -2597
0 -4546
0 2119
0 -2478
0 -923
0 6193
0 5927
0 2126
0 3268
0 -3636
0 -3553
0 2952
0 6777
0 -9701
0 -2521
0 -6467
0 -6197
0 -9517
0 9351
0 -6384
0 7673
0 7586
0 -8292
0 -5619
0 9241
0 -5907
0 8640
0 -1606
0 2983
0 -3734
0 8033
0 6841
0 -6717
0 2052
0 5873
0 -3293
0 -9631
0 -8333
0 -7697
0 -4695
0 -3118
0 1666
0 -7827
0 4919
0 -9684
0 -1170
0 6799
0 5988
0 -1702
0 1846
0 1635
0 -9982
0 -5251
0 -6994
0 5921
0 -6914
0 -8478
0 6318
0 9626
0 -6623
0 -4835
0 8918
0 7772
0 8084
0 -8795
0 5317
0 -4402
0 -2907
0 -5056
0 3879
0 5245
0 9334
0 -9108
0 8393
0 -6957
0 1462
0 -1835
0 2960
0 6377
0 7350
0 7843
0 -5249
0 4683
0 6639
0 2681
0 7352
0 -7599
0 -2257
0 9166
0 4246
0 -1825
0 2478
0 4309
0 6275
0 -4861
0 -3230
0 2028
0 -7376
0 6166
0 3262
0 3245
0 3526
0 6975
0 1626
0 9126
0 1413
0 -3636
0 -6855
0 -7672
0 7500
0 3539
0 -9184
0 -6493
0 -2912
0 -7419
0 -8363
0 -9852
0 9289
0 -5414
0 4587
0 -3577
0 5949
0 -3043
0 -4845
0 4100
0 -6679
0 7827
0 6638
0 3553
0 2292
0 -9247
0 2289
0 -5772
0 9409
0 -1835
0 -4385
0 -1930
0 8601
0 6239
0 5647
0 7362
0 6947
0 6223
0 1639
0 1569
0 -7189
0 -2521
0 8151
0 -4963
0 2041
0 -5527
0 -4043
0 4842
0 3392
0 4621
0 2932
0 -1580
0 -9908
0 -5290
0 3052
0 4399
0 -4884
0 -6052
0 8132
0 1976
0 -695
0 -2514
0 7105
0 -2898
0 3854
0 9342
0 2300
0 6593
0 -929
0 -6051
0 7067
0 -5303
0 -7414
0 7020
0 4721
0 3354
0 -5767
0 -1066
0 -7406
0 3400
0 -1698
0 -7914
0 3452
0 -6647
0 -9339
0 -4488
0 -2498
0 7877
0 6890
0 -3569
0 -6592
0 5553
0 9725
0 1473
0 6309
0 -8631
0 -4203
0 -5936
0 -8461
0 6878
0 4377
0 -9883
0 -7119
0 2249
0 -9957
0 -4761
0 5721
0 3805
0 5360
0 9710
0 4577
0 6913
0 7909
0 6849
0 7476
0 6850
0 -42
0 4897
0 -6098
0 1712
0 6762
0 -6204
0 8169
0 -5929
0 3824
0 -3682
0 2701
0 9702
0 3437
0 3988
0 9554
0 -1775
0 5747
0 6883
0 -3198
0 -5528
0 3453
0 -6032
0 -682
0 -2520
0 -4403
0 8092
0 4113
0 7328
0 4962
0 -882
0 -7232
0 -1882
0 5569
0 21
0 -7745
0 7426
0 7845
0 2755
0 5355
0 5653
0 -8166
0 -9576
0 -7328
0 -709
0 1486
0 -3580
0 3953
0 1949
0 -5931
0 -7494
0 -1243
0 -5133
0 8630
0 9286
0 -8136
0 9353
0 -3633
0 6077
0 1502
0 -2677
0 7468
0 -5595
0 7057
0 -4419
0 -7550
0 -170
0 -8709
0 -9935
0 9031
0 -2670
0 2159
0 9135
0 -6417
0 7230
0 -3637
0 8530
0 -2374
0 5777
0 7068
0 6058
0 5853
0 1668
0 2591
0 -2823
0 -9644
0 5175
0 3206
0 1962
0 -8691
0 -9165
0 -926
0 -7044
0 -2722
0 6567
0 4068
0 5176
0 5793
0 -5608
0 -8354
0 2114
0 2229
0 3524
0 2574
0 -5928
0 9452
0 7960
0 -891
0 5768
0 6398
0 -6919
0 8915
0 -5955
0 -1096
0 4179
0 7393
0 -4348
0 -1666
0 -4835
0 -8136
0 3220
0 -9495
0 -7961
0 2116
0 -3334
0 -1176
0 2946
0 2784
0 -1139
0 2324
0 8673
0 8018
0 -7799
0 7720
0 -7038
0 -2119
0 9818
0 7488
0 -1758
0 6088
0 9146
0 8423
0 -5771
0 -6491
0 -6056
0 -2803
0 8367
0 -7307
0 4890
0 1778
0 5440
0 8579
0 -1357
0 -9908
0 -4732
0 -8884
0 -7862
0 -6999
0 -6124
0 6640
0 -8204
0 -9501
0 2884
0 1959
0 -4829
0 6823
0 -3023
0 2348
0 -953
0 -8954
0 7426
0 2199
0 -4045
0 5953
0 9951
0 6579
0 2733
0 9615
0 -3176
0 1939
0 4464
0 4518
0 4025
0 -2902
0 -2304
0 2449
0 -2518
0 5606
0 1932
0 7616
0 -1161
0 6048
0 4444
0 9520
0 -1771
0 8700
0 -2842
0 -6065
0 -4831
0 8272
0 -5617
0 -2606
0 4224
0 -7866
0 1547
0 4765
0 5106
0 -2723
0 -6544
0 -9335
0 -4265
0 -6335
0 2611
0 -3090
0 -5287
0 1728
0 -7531
0 -6420
0 9127
0 -813
0 -9678
0 -7128
0 -1448
0 -9975
0 1908
0 5966
0 9097
0 1746
0 -3035
0 8107
0 -5562
0 9712
0 6841
0 8899
0 -9353
0 7283
0 4877
0 -2709
0 -4583
0 9359
0 -3520
0 -4211
0 4225
0 -9009
0 -978
0 3188
0 2369
0 3286
0 4128
0 4490
0 -4545
0 -1664
0 5891
0 -6037
0 1942
0 1704
0 8288
0 3860
0 -4123
0 3646
0 -8775
0 9110
0 9379
0 7034
0 5728
0 -1420
0 -9989
0 5023
0 -4206
0 5250
0 -879
0 -4948
0 -870
0 -4097
0 -2124
0 -1434
0 5419
0 -2149
0 8333
0 8271
0 -8964
0 -3976
0 -7457
0 -5990
0 4965
0 2416
0 -5990
0 5538
0 -3572
0 -9889
0 -6609
0 -5755
0 7406
0 -3976
0 7745
0 -3405
0 2050
0 8194
0 -4325
0 9280
0 -3007
0 4746
0 3874
0 -5179
0 -9001
0 3699
0 -1122
0 2899
0 1893
0 -8674
0 6150
0 -3893
0 9456
0 -4266
0 3408
0 6174
0 1365
0 -904
0 1645
0 -6930
0 8210
0 -7554
0 3508
0 -8326
0 7105
0 4836
0 4620
0 -4614
0 -4720
0 -685
0 -2692
0 -7887
0 5528
0 1583
0 6098
0 5635
0 8515
0 9478
0 -7759
0 2941
0 -8888
0 -2324
0 -3055
0 -9149
0 9040
0 2520
0 -5146
0 -2914
0 -6396
0 -1768
0 5696
0 -8704
0 3510
0 3343
0 -7922
0 4562
0 -2932
0 -9022
0 -6865
0 5177
0 -8623
0 2567
0 4261
0 -1999
0 4933
0 -7362
0 -5805
0 8960
0 3477
0 9564
0 -8453
0 -4108
0 -2235
0 -9090
0 7181
0 1509
0 4097
0 -1328
0 -6935
0 4951
0 -1181
0 4948
0 5229
0 -4315
0 2336
0 6828
0 1673
0 -9851
0 -755
0 -799
0 341
0 -8313
0 -1903
0 -1760
0 9504
0 -9327
0 -6850
0 3744
0 -756
0 9086
0 -6203
0 7110
0 3877
0 -898
0 -7964
0 -3161
0 1819
0 1444
0 9590
0 -6630
0 3400
0 -6959
0 8502
0 9111
0 -5506
0 2221
0 8116
0 -4384
0 6422
0 -2712
0 8561
0 2624
0 2184
0 7623
0 -3742
0 -1766
0 3566
0 4353
0 7165
0 -8361
0 7246
0 1
0 -772
0 2600
0 -3905
0 5098
0 7941
0 6478
0 4673
0 7708
0 2102
0 -9994
0 9677
0 -2
0 2814
0 -996
0 7948
0 7798
0 -6932
0 2076
0 2594
0 5523
0 9708
0 7645
0 4880
0 7060
0 -4436
0 7148
0 -1339
0 -895
0 -3713
0 -4068
0 8043
0 3050
0 -3489
0 -6191
0 2067
0 4698
0 -958
0 5732
0 -2698
0 8220
0 9759
0 -5590
0 -9307
0 -9262
0 9934
0 7710
0 1595
0 1923
0 -4641
0 -1587
0 -8147
0 2345
0 -6826
0 8684
0 -3101
0 7435
0 9274
0 -1801
0 9596
0 -4359
0 -8331
0 7420
0 -7099
0 9974
0 5109
0 -9624
0 -7710
0 -5806
0 -4888
0 4252
0 -3531
0 -9604
0 6979
0 4016
0 9293
0 -7831
0 6931
0 -6798
0 -5770
0 -7675
0 4308
0 -2882
0 7193
0 -8888
0 -4978
0 -8973
0 -2912
0 -4539
0 3476
0 -7108
0 -7550
0 -7400
0 -2744
0 3796
0 -7823
0 -7847
0 1600
0 6725
0 -4661
0 3093
0 8380
0 5746
0 -2402
0 2258
0 -3930
0 7430
0 7914
0 4583
0 -1369
0 5676
0 2470
0 8774
0 -4893
0 -7251
0 -3276
0 3910
0 -4641
0 5483
0 -9298
0 -6710
0 3619
0 -5776
0 4188
0 -8461
0 6047
0 -7166
0 5547
0 7527
0 -7856
0 3708
0 -7303
0 -4476
0 2855
0 7116
0 3516
0 8447
0 1367
0 -1137
0 -1917
0 2045
0 -8427
0 7333
0 -5944
0 8407
0 -9539
0 8451
0 -1454
0 9326
0 -9120
0 -7646
0 9243
0 -9013
0 7212
0 9430
0 -4014
0 -3629
0 6861
0 5513
0 5150
0 3739
0 -2705
0 1663
0 1642
0 -9362
0 5466
0 2072
0 2524
0 2195
0 -7349
0 4469
0 5664
0 1729
0 9842
0 9683
0 -5814
0 8392
0 5243
0 -6567
0 -2462
0 -9306
0 8220
0 9987
0 -5531
0 -6585
0 -4605
0 2715
0 2978
0 9260
0 3549
0 7249
0 5034
0 9505
0 -2570
0 -4473
0 2064
0 -8234
0 -4169
0 5289
0 -1705
0 2266
0 1966
0 6317
0 6190
0 -1609
0 -3372
0 -7734
0 7811
0 5353
0 2211
0 6785
0 -5422
0 -6093
0 5479
0 9730
0 4608
0 4981
0 2112
0 -9057
0 4418
0 -7716
0 3430
0 -4674
0 8625
0 -7857
0 1887
0 -8383
0 -6347
0 4368
0 -5028
0 -2597
0 2890
0 -9380
0 1462
0 8504
0 6700
0 6098
0 -1107
0 2211
0 2627
0 -7100
0 5274
0 7487
0 -6125
0 7281
0 6494
0 -3130
0 2504
0 -8814
0 -8014
0 9434
0 2989
0 -8746
0 5
0 -6914
0 1636
0 -8818
0 6702
0 -8126
0 2083
0 2393
0 -4350
0 3460
0 3157
0 9751
0 -9921
0 -10
0 7082
0 -7344
0 6036
0 1771
0 1847
0 -1637
0 7106
0 3576
0 2115
0 6028
0 5975
0 9569
0 6169
0 3177
0 -5882
0 -7335
0 6910
0 2152
0 -1660
0 3299
0 -4489
0 -5156
0 7812
0 -974
