500
0 -4480
0 -5732
0 -3659
0 -6973
0 -5986
0 4657
0 6323
0 2958
0 8115
0 -5927
0 2110
0 -1330
0 4797
0 1596
0 5795
0 -5382
0 1
0 -8057
0 7876
0 -4266
0 2814
0 9498
0 4511
0 -3416
0 4721
0 -6154
0 4491
0 3977
0 -5072
0 2720
0 -8195
0 9243
0 2421
0 5563
0 5024
0 8296
0 -869
0 -6718
0 9173
0 -8420
0 -2414
0 9166
0 9701
0 -4401
0 2151
0 9296
0 2713
0 4928
0 -9512
0 5153
0 -1874
0 6088
0 -6138
0 7267
0 1572
0 -5011
0 -6118
0 -4913
0 4377
0 -7484
0 -7220
0 -7747
0 -2326
0 -3868
0 7180
0 7644
0 -6486
0 7623
0 4740
0 7888
0 7732
0 3607
0 6297
0 -2490
0 -5201
0 6134
0 -9023
0 -7038
0 2983
0 2146
0 8348
0 4957
0 7164
0 5129
0 -1106
0 341
0 -2
0 -3347
0 -2530
0 5362
0 -2769
0 -2704
0 -6982
0 -4758
0 -8113
0 6548
0 5344
0 4421
0 -6617
0 -2431
0 -4544
0 1808
0 -9410
0 -6729
0 -8033
0 9566
0 -9692
0 -4246
0 2362
0 -1138
0 -7416
0 -5970
0 -1556
0 -2500
0 1636
0 -4959
0 -3791
0 9581
0 -6175
0 -9574
0 -5453
0 2144
0 8528
0 5496
0 -9268
0 -3865
0 -1349
0 -4442
0 -6360
0 6625
0 -816
0 6506
0 -9001
0 5
0 7558
0 -6003
0 9220
0 -3775
0 -3857
0 6056
0 2078
0 -9133
0 -682
0 1722
0 85
0 4208
0 21
0 -3571
0 -8452
0 -9500
0 1733
0 2500
0 9149
0 -6628
0 9212
0 -5772
0 -7912
0 3289
0 -9646
0 -5802
0 4975
0 -5307
0 -4412
0 8867
0 2266
0 -3431
0 -1155
0 4059
0 -7587
0 8962
0 2537
0 -3599
0 -4298
0 -2584
0 2257
0 2827
0 -2451
0 5172
0 -750
0 8946
0 5632
0 1714
0 5625
0 7326
0 -8543
0 -3525
0 -5600
0 9497
0 -9580
0 -5315
0 7983
0 -4412
0 2515
0 -3154
0 -1074
0 -1746
0 3491
0 -170
0 -7139
0 6691
0 -5935
0 7022
0 -6641
0 -1507
0 -2609
0 -3331
0 -6136
0 -9878
0 8271
0 4444
0 -6957
0 -1841
0 4789
0 4273
0 9494
0 2073
0 1930
0 -5510
0 3181
0 3388
0 -9387
0 7030
0 -5886
0 -9831
0 -5476
0 -8525
0 6599
0 1711
0 2977
0 -9952
0 -42
0 -4502
0 -7028
0 -8605
0 -6265
0 -4855
0 2028
0 6072
0 -9477
0 -4323
0 5334
0 7756
0 -5263
0 8649
0 2239
0 -8723
0 -876
0 -5843
0 -6853
0 6991
0 -2655
0 3909
0 6280
0 -2314
0 4623
0 -1271
0 8173
0 9080
0 -4665
0 -7266
0 -9510
0 -8288
0 8554
0 -4882
0 3380
0 -7076
0 6054
0 1604
0 -4302
0 9085
0 7403
0 4509
0 8406
0 6828
0 7986
0 7930
0 6473
0 -8169
0 -9785
0 5984
0 9339
0 -9532
0 -5203
0 -4774
0 2374
0 5165
0 -3963
0 4107
0 2497
0 2886
0 7970
0 4557
0 -9248
0 6959
0 -7818
0 -5274
0 -6945
0 -9309
0 3139
0 -9299
0 -1482
0 9996
0 3952
0 -2150
0 -8432
0 -5956
0 -5842
0 -1967
0 9833
0 7552
0 -5515
0 -1739
0 6073
0 -4377
0 -7714
0 2661
0 -958
0 -7219
0 -7500
0 -4149
0 6958
0 -1696
0 4971
0 -1841
0 -2296
0 -6229
0 -5784
0 7725
0 1514
0 8660
0 -4723
0 -3205
0 -1946
0 9377
0 7804
0 -1719
0 5930
0 -2881
0 -9850
0 -1818
0 -2508
0 -3477
0 -6066
0 7335
0 2701
0 6836
0 9268
0 -7567
0 -6311
0 2588
0 -9870
0 6751
0 -4026
0 -1106
0 -3694
0 -4353
0 4091
0 -2618
0 -5220
0 3603
0 2268
0 3497
0 2500
0 3762
0 -1173
0 -9921
0 7365
0 -7997
0 8079
0 8299
0 -1781
0 2743
0 -8573
0 5917
0 4212
0 2402
0 9098
0 -887
0 -7377
0 -5716
0 1372
0 7314
0 7262
0 -7645
0 -5775
0 7137
0 -5673
0 -4115
0 8689
0 7391
0 -10
0 5360
0 -7408
0 -9726
0 -3052
0 2183
0 5992
0 5368
0 6323
0 7716
0 -5282
0 5245
0 -3176
0 3580
0 8977
0 4135
0 2490
0 -5409
0 3530
0 7072
0 -7430
0 4198
0 5584
0 5915
0 4953
0 -1387
0 2811
0 -2001
0 -4232
0 2971
0 -8934
0 -8694
0 -2292
0 -5753
0 5953
0 -6875
0 9464
0 -3370
0 7080
0 7125
0 -7203
0 -5525
0 -8484
0 4159
0 -1893
0 -1906
0 -8871
0 -9881
0 -5085
0 8484
0 3638
0 -6029
0 -2142
0 3505
0 5882
0 -3248
0 -7032
0 3734
0 2079
0 -8151
0 -3046
0 7104
0 1365
0 -5613
0 1783
0 4276
0 5675
0 -3468
0 -4163
0 7469
0 -3810
0 -6913
0 -8495
0 1599
0 -9287
0 6929
0 4148
0 7852
0 3872
0 -1388
0 -5764
0 1671
0 -1122
0 9568
0 7670
0 -6440
0 -5711
0 1989
0 5642
0 7596
0 -8871
0 -6104
0 9352
0 9397
0 8566
0 3079
0 5323
0 5079
0 -7983
0 -3878
0 -4181
0 -6243
0 -2500
0 -9963
0 -3052
0 -742
0 1912
0 -4957
0 4565
0 -5272
