100
0 5369
0 -1226
0 2477
0 -854
0 4568
0 2139
0 3718
0 -1531
0 2927
0 1868
0 -3190
0 6572
0 4598
0 -6445
0 9942
0 8295
0 6717
0 5116
0 7200
0 1365
0 8609
0 -9474
0 6638
0 4612
0 -4757
0 -5049
0 -6978
0 4873
0 6304
0 -3033
0 5972
0 -10
0 2251
0 1477
0 341
0 -7355
0 -5669
0 -8846
0 -4489
0 9134
0 5781
0 4750
0 -3637
0 -5286
0 -9832
0 -4186
0 9316
0 85
0 9092
0 21
0 3198
0 5
0 -1545
0 4221
0 4408
0 -2516
0 -9340
0 -4876
0 -883
0 -5185
0 3040
0 -5956
0 -6490
0 4694
0 2690
0 4846
0 3245
0 -682
0 -3860
0 6072
0 6415
0 -8387
0 -3168
0 -42
0 9535
0 1990
0 -1879
0 4900
0 -5019
0 -9292
0 8885
0 -2530
0 -9027
0 -9489
0 1
0 -2
0 3475
0 7895
0 8564
0 -170
0 3303
0 4081
0 -5623
0 -2924
0 -5395
0 8871
0 -6457
0 -2507
0 -2623
0 8320
