100
0 6845
0 2877
0 1291
0 9706
0 389
0 9470
0 78
0 9276
0 1067
0 8249
0 90
0 7232
0 4858
0 4958
0 8102
0 8660
0 7212
0 5822
0 4249
0 7214
0 2827
0 5471
0 7876
0 2154
0 4427
0 8256
0 1175
0 6924
0 3692
0 9855
0 9253
0 63
0 5732
0 4127
0 1910
0 6820
0 5215
0 8059
0 1655
0 6781
0 5570
0 524
0 5538
0 8556
0 8311
0 3668
0 9926
0 1680
0 3501
0 9252
0 1914
0 44
0 8163
0 2346
0 2309
0 9854
0 8714
0 3369
0 5296
0 7155
0 301
0 9524
0 7856
0 1141
0 7236
0 4177
0 6229
0 7972
0 9314
0 8870
0 243
0 8143
0 9787
0 2464
0 171
0 316
0 9825
0 9236
0 4692
0 7595
0 7682
0 7216
0 645
0 9045
0 8332
0 635
0 8311
0 5046
0 4429
0 658
0 1137
0 5196
0 6752
0 1952
0 513
0 5569
0 8542
0 8048
0 8690
0 3142
