1000
0 3387
0 4397
0 5713
0 773
0 5182
0 9203
0 6727
0 4884
0 8309
0 1632
0 7483
0 3481
0 7760
0 1488
0 6238
0 1931
0 1977
0 2728
0 5857
0 5656
0 9814
0 3923
0 1807
0 2815
0 8077
0 6745
0 3411
0 4521
0 4499
0 8217
0 3401
0 191
0 5523
0 2129
0 1124
0 2073
0 5198
0 6795
0 1465
0 2643
0 2889
0 9244
0 6336
0 970
0 1348
0 4091
0 8134
0 2375
0 249
0 660
0 6139
0 2861
0 8323
0 7565
0 976
0 9482
0 587
0 3770
0 132
0 5022
0 9336
0 8640
0 5089
0 6990
0 116
0 5098
0 2343
0 4431
0 1582
0 5189
0 5020
0 6225
0 6198
0 4778
0 5281
0 9504
0 7952
0 2131
0 1348
0 176
0 2049
0 7605
0 9965
0 9952
0 9682
0 2200
0 8047
0 2665
0 4659
0 9902
0 9629
0 4208
0 8622
0 111
0 7916
0 5279
0 4550
0 7580
0 8366
0 4715
0 3971
0 5435
0 8638
0 1225
0 1860
0 275
0 6115
0 9017
0 3334
0 5906
0 1020
0 4941
0 3754
0 3583
0 1626
0 3830
0 706
0 6741
0 5400
0 4375
0 4538
0 1100
0 1883
0 345
0 6757
0 2390
0 3975
0 7742
0 1667
0 9207
0 6243
0 9077
0 8771
0 8182
0 1875
0 1020
0 9082
0 4273
0 2599
0 3170
0 2005
0 6983
0 5614
0 9761
0 8276
0 7491
0 4445
0 4879
0 8826
0 1939
0 6113
0 6576
0 1790
0 7573
0 3270
0 4053
0 6875
0 5237
0 3692
0 7333
0 6947
0 7282
0 1245
0 2593
0 5083
0 7746
0 6518
0 33
0 2431
0 4784
0 7575
0 9870
0 886
0 9380
0 3666
0 5878
0 1406
0 7033
0 5141
0 120
0 2674
0 2133
0 5246
0 1807
0 4271
0 2980
0 9702
0 1035
0 978
0 1736
0 3817
0 8539
0 2301
0 8899
0 1672
0 5131
0 1429
0 2432
0 7674
0 1369
0 3605
0 6327
0 3110
0 9057
0 6266
0 2782
0 3515
0 9217
0 2339
0 9564
0 2494
0 1745
0 9193
0 3604
0 3508
0 7520
0 4848
0 5862
0 7076
0 4688
0 2632
0 7019
0 3061
0 6911
0 1557
0 3522
0 5176
0 6719
0 6932
0 8252
0 4389
0 5215
0 2662
0 5589
0 1022
0 8446
0 5897
0 9759
0 769
0 5448
0 5806
0 5966
0 7447
0 1244
0 4605
0 723
0 871
0 6719
0 446
0 2978
0 9487
0 6914
0 7634
0 6132
0 8074
0 7400
0 9527
0 5593
0 9231
0 2181
0 1654
0 7616
0 1524
0 5199
0 4025
0 2142
0 4951
0 418
0 3943
0 2019
0 3070
0 1996
0 5156
0 2969
0 6684
0 8191
0 9335
0 4365
0 7907
0 2421
0 6613
0 7736
0 40
0 4816
0 2287
0 9811
0 7476
0 5207
0 4745
0 5151
0 6953
0 7309
0 1761
0 3936
0 7778
0 6814
0 461
0 9494
0 5367
0 2015
0 7169
0 2086
0 5140
0 9518
0 1149
0 2141
0 635
0 5795
0 1773
0 6092
0 5305
0 3145
0 9726
0 7272
0 2312
0 2610
0 7281
0 4954
0 907
0 9337
0 5527
0 5793
0 4918
0 5568
0 752
0 4568
0 9530
0 2232
0 1903
0 1876
0 4676
0 4101
0 2867
0 8172
0 434
0 608
0 2553
0 405
0 1018
0 1176
0 6335
0 2022
0 9425
0 766
0 4535
0 3128
0 9595
0 8360
0 4940
0 309
0 5347
0 3221
0 1363
0 1830
0 5658
0 5880
0 7220
0 9893
0 1183
0 7689
0 309
0 5684
0 5205
0 4736
0 7380
0 5131
0 9106
0 1678
0 6179
0 9755
0 456
0 6680
0 4279
0 9000
0 8752
0 2262
0 7497
0 3326
0 2918
0 5757
0 6651
0 2630
0 9467
0 8346
0 9347
0 5434
0 2243
0 186
0 8740
0 7536
0 8736
0 7567
0 8258
0 6357
0 8500
0 9072
0 1751
0 8163
0 8940
0 5970
0 3938
0 8841
0 3129
0 8796
0 7874
0 3627
0 4147
0 9536
0 7765
0 1321
0 2544
0 6843
0 9488
0 8163
0 7152
0 5974
0 7504
0 2047
0 816
0 7750
0 7028
0 2942
0 7242
0 8246
0 7412
0 2021
0 8117
0 640
0 9792
0 2226
0 6527
0 3985
0 2708
0 871
0 7821
0 6374
0 1846
0 5285
0 9435
0 8183
0 2964
0 8376
0 4799
0 1028
0 7323
0 2798
0 7701
0 338
0 9042
0 8516
0 1610
0 4960
0 7750
0 3444
0 5672
0 5743
0 313
0 2192
0 1945
0 5716
0 6417
0 600
0 9540
0 6279
0 3159
0 2999
0 8163
0 8415
0 8658
0 9320
0 8685
0 3260
0 3664
0 6236
0 3837
0 2159
0 4871
0 1602
0 1607
0 717
0 4362
0 4851
0 4312
0 3340
0 5400
0 3088
0 9338
0 4642
0 4280
0 7441
0 9188
0 6523
0 668
0 7966
0 1080
0 4979
0 2772
0 8134
0 7716
0 4795
0 4952
0 9217
0 6804
0 7283
0 7136
0 3576
0 8796
0 3842
0 3812
0 2369
0 8462
0 10000
0 7324
0 2724
0 4600
0 379
0 1277
0 4071
0 7232
0 4466
0 4749
0 7172
0 8154
0 7643
0 2735
0 3837
0 1569
0 4458
0 451
0 2905
0 781
0 7999
0 5104
0 7873
0 1319
0 572
0 6057
0 2933
0 1257
0 1258
0 4812
0 7176
0 6783
0 5676
0 8525
0 2357
0 7788
0 1515
0 5701
0 4118
0 7546
0 3707
0 1953
0 1428
0 3802
0 9846
0 334
0 5155
0 1254
0 3424
0 8485
0 6019
0 8216
0 3485
0 8135
0 8601
0 9214
0 1218
0 7880
0 7956
0 5573
0 4998
0 9769
0 1260
0 2549
0 3798
0 9602
0 2503
0 3637
0 5890
0 9653
0 3532
0 3837
0 2980
0 25
0 6722
0 4778
0 2321
0 9175
0 4211
0 8680
0 4984
0 6615
0 9941
0 4427
0 1284
0 2690
0 9491
0 5178
0 4171
0 9701
0 8245
0 7106
0 3580
0 6442
0 5757
0 7966
0 6366
0 4033
0 3379
0 1632
0 565
0 558
0 1425
0 4638
0 4701
0 1507
0 4648
0 953
0 4468
0 5870
0 4141
0 7422
0 271
0 8046
0 2100
0 5969
0 6355
0 946
0 7968
0 8197
0 4242
0 2530
0 9334
0 303
0 4846
0 7213
0 1690
0 6437
0 9436
0 7940
0 4292
0 2578
0 1592
0 9498
0 4954
0 4129
0 8035
0 9390
0 1173
0 39
0 5912
0 4065
0 4019
0 5273
0 3701
0 6155
0 7742
0 4520
0 4633
0 3178
0 2073
0 9726
0 7653
0 8863
0 5555
0 5516
0 9037
0 1941
0 7812
0 1763
0 5031
0 9211
0 2946
0 8084
0 6067
0 3008
0 8471
0 9130
0 6106
0 6095
0 1774
0 3977
0 3332
0 5163
0 4579
0 4880
0 2503
0 4106
0 347
0 4735
0 6881
0 9097
0 7508
0 8897
0 8109
0 1679
0 3939
0 6824
0 9728
0 3612
0 7238
0 1595
0 5930
0 8609
0 9221
0 4552
0 991
0 708
0 7407
0 5158
0 3713
0 519
0 4742
0 9628
0 7602
0 9227
0 5480
0 2501
0 4479
0 3905
0 1755
0 5379
0 9830
0 5319
0 4161
0 1960
0 9218
0 659
0 9144
0 3295
0 523
0 9128
0 1757
0 5209
0 4491
0 7267
0 6449
0 236
0 5845
0 1368
0 5609
0 9340
0 3237
0 1785
0 4943
0 6567
0 7987
0 398
0 8068
0 2379
0 1729
0 6639
0 199
0 8854
0 1975
0 3580
0 5303
0 2665
0 845
0 7813
0 1140
0 3767
0 6767
0 7479
0 3842
0 6745
0 1085
0 4241
0 2921
0 7728
0 4862
0 7263
0 3763
0 2952
0 2808
0 7997
0 9267
0 3426
0 6280
0 6792
0 8398
0 2360
0 663
0 4017
0 1310
0 9260
0 8819
0 5271
0 9084
0 8649
0 8789
0 8944
0 4006
0 8014
0 4153
0 6139
0 9396
0 3236
0 4835
0 5947
0 1096
0 147
0 8993
0 284
0 4149
0 2025
0 5523
0 2962
0 8699
0 721
0 4788
0 4306
0 1949
0 1167
0 678
0 7363
0 3679
0 8357
0 8816
0 7215
0 443
0 4432
0 6263
0 454
0 3284
0 8603
0 7125
0 8780
0 7220
0 934
0 1584
0 3151
0 5787
0 7496
0 5688
0 7467
0 6775
0 5623
0 9663
0 4524
0 6851
0 3305
0 2122
0 4591
0 9732
0 7274
0 5239
0 6968
0 7993
0 651
0 5167
0 8594
0 8354
0 8851
0 1850
0 4122
0 7188
0 25
0 5871
0 1339
0 1413
0 24
0 8445
0 6763
0 3064
0 6281
0 9220
0 1614
0 9911
0 2212
0 4889
0 8203
0 1479
0 1430
0 2868
0 1261
0 9159
0 4919
0 618
0 6922
0 105
0 5271
0 8176
0 6540
0 1782
0 3459
0 313
0 1368
0 3531
0 2268
0 4317
0 622
0 8656
0 739
0 6271
0 8607
0 4744
0 9127
0 2017
0 508
0 9570
0 9716
0 1664
0 6957
0 5048
0 114
0 4449
0 1290
0 30
0 6447
0 5775
0 1963
0 1731
0 6972
0 6137
0 4163
0 9644
0 8337
0 3435
0 1167
0 6950
0 3607
0 1425
0 2046
0 8444
0 7864
0 1679
0 2138
0 3717
0 3828
0 7681
0 8761
0 9226
0 120
0 5514
0 91
0 155
0 2726
0 5234
0 4173
0 6134
0 1048
0 8744
0 2403
0 5914
0 8689
0 2066
0 2331
0 6245
0 8186
0 8469
0 2143
0 7597
0 8785
0 7178
0 4769
0 5832
0 7066
0 3496
0 1161
0 4508
0 1856
0 20
0 3376
0 2390
0 2058
0 8549
0 6866
0 8129
0 9193
0 4414
0 2736
0 7739
0 9617
0 5922
0 1309
0 6960
0 130
0 8231
0 2405
0 2731
0 5770
0 3015
0 2563
0 7829
0 3663
0 8278
0 1769
0 2360
0 6209
0 175
0 4863
0 142
0 517
0 5041
0 6656
0 7432
0 6504
0 3854
