1
7
19
2
6
26
44
19
4
50
19
17
19
10
21
24
5
2
11
4
30
50
21
22
14
19
4
21
11
54
2
2
1
9
29
38
10
18
6
7
2
46
6
6
39
54
4
4
12
6
16
6
23
15
14
21
44
15
22
20
34
9
21
30
18
2
17
55
10
35
10
28
5
1
2
27
39
13
8
3
11
48
22
10
1
16
3
11
31
25
1
7
19
11
8
17
28
7
10
56
42
8
5
54
15
79
18
10
33
13
7
9
2
28
5
13
48
4
30
60
2
6
61
53
20
33
21
36
29
11
14
73
7
7
40
3
45
24
38
5
28
16
33
48
30
49
8
20
12
2
35
4
2
4
33
4
69
50
39
52
14
8
2
18
71
3
6
43
27
69
6
16
15
60
27
2
69
54
18
18
77
1
17
15
2
20
36
2
12
53
4
5
54
13
25
9
12
22
17
6
29
20
25
56
28
7
52
14
20
8
1
22
70
11
55
25
58
29
6
24
19
17
24
42
36
19
48
44
2
37
5
13
13
11
45
28
3
1
1
27
26
6
35
7
31
25
22
18
38
24
19
37
3
54
49
26
45
20
72
24
8
56
32
48
32
13
12
3
7
25
16
13
36
21
70
6
40
80
1
18
58
50
4
9
17
10
24
5
28
5
28
7
23
16
3
2
1
7
6
3
14
2
8
6
57
55
50
3
49
42
3
5
43
35
43
21
36
9
7
8
11
7
30
34
10
11
62
25
11
18
41
36
12
10
8
17
4
35
12
17
13
15
16
8
42
25
4
16
47
11
5
22
15
5
28
73
13
12
13
11
21
42
6
1
68
42
11
57
2
9
58
29
17
14
57
2
6
27
68
13
50
33
21
50
14
2
19
8
14
66
53
3
20
8
25
2
77
62
34
35
26
32
12
22
18
18
36
15
30
20
4
8
20
14
16
20
3
44
19
18
18
2
53
12
9
20
51
32
43
63
62
1
5
19
16
29
24
9
17
45
14
23
23
11
13
10
7
25
57
9
2
15
62
24
16
54
4
23
11
17
8
8
16
15
38
37
62
6
2
72
10
22
54
12
14
14
15
24
25
8
28
2
25
1
24
39
15
21
18
18
34
3
33
13
70
30
10
15
14
7
14
1
9
9
49
72
10
8
42
15
50
5
44
19
1
19
3
19
5
10
11
19
74
57
13
33
7
20
19
26
47
16
21
1
62
18
19
60
3
50
48
38
11
3
23
1
2
64
17
15
5
6
41
13
25
81
30
8
41
7
45
13
40
3
20
1
37
28
29
57
3
18
40
26
3
26
10
34
14
61
7
29
50
13
18
40
18
15
7
54
10
10
8
25
6
15
17
26
8
44
11
23
26
2
73
72
44
46
78
10
81
10
17
3
5
8
24
26
43
76
8
2
5
37
1
11
9
17
22
68
4
12
4
36
26
6
1
16
3
28
3
26
44
47
4
10
6
19
43
18
2
24
40
23
18
29
50
40
8
18
28
50
12
41
15
3
10
21
16
5
1
17
21
9
23
20
19
29
19
60
15
18
6
5
18
3
14
20
15
43
8
33
27
12
61
11
4
1
26
17
3
7
8
37
10
57
6
46
13
1
42
5
26
3
27
28
17
13
18
80
21
1
5
8
7
50
12
9
9
7
3
70
8
26
36
36
26
5
34
31
1
29
12
15
1
38
19
18
16
25
1
1
21
6
8
6
5
5
3
3
11
3
23
48
22
6
6
5
4
43
10
22
17
10
13
62
4
2
15
46
8
64
21
3
24
69
4
18
22
16
48
16
2
9
12
22
4
3
13
1
24
18
7
18
12
14
34
19
5
15
33
30
18
50
20
34
25
4
14
34
24
27
19
9
1
27
54
23
7
55
74
38
11
30
28
11
8
4
62
10
68
21
14
29
6
27
26
48
7
29
6
50
4
1
7
71
8
26
16
5
20
55
23
18
37
12
1
16
47
22
51
42
5
10
7
3
40
12
3
28
9
11
14
1
1
38
28
20
41
26
10
1
62
11
2
2
14
5
5
9
29
9
3
35
41
21
34
1
7
7
16
31
9
7
39
54
17
7
14
16
9
27
1
38
27
66
33
18
8
12
14
3
8
8
19
2
20
43
4
17
1
10
11
14
20
30
37
22
8
19
9
71
5
17
22
16
74
14
22
25
16
5
23
23
13
23
24
21
20
27
14
10
55
61
43
8
15
67
3
74
39
51
10
21
1
26
2
1
12
22
31
8
17
30
5
16
38
66
4
60
