224
315
540
118
509
359
343
363
395
297
500
355
116
345
686
761
314
349
735
87
280
324
481
151
105
267
336
72
481
547
283
284
392
791
191
23
462
531
4
442
468
331
692
856
579
536
891
103
318
228
249
266
617
83
419
165
491
218
71
433
323
561
8
933
169
363
241
81
574
338
46
287
512
781
130
66
741
317
210
232
139
394
119
331
745
50
517
119
357
222
837
255
74
124
153
564
392
540
193
281
346
638
394
65
735
433
25
198
128
182
196
673
85
619
383
366
22
96
25
665
134
173
187
568
10
490
670
56
448
734
429
357
262
135
458
653
794
658
419
100
36
83
165
422
65
530
331
539
245
533
368
728
141
126
164
410
472
76
221
159
201
337
797
14
82
265
886
559
358
60
35
778
474
892
87
761
296
100
272
368
242
103
48
122
108
622
452
131
213
647
651
546
43
415
669
416
115
102
770
82
80
34
346
253
258
586
808
158
41
100
294
432
60
602
635
762
720
47
177
128
128
291
169
259
522
29
139
496
488
116
569
253
698
25
250
493
570
79
956
641
934
770
244
392
471
254
79
11
172
467
403
558
244
870
51
227
40
54
71
289
231
35
412
411
23
544
638
153
541
546
245
158
39
428
333
448
34
395
19
20
447
393
107
745
387
132
397
769
17
265
143
378
36
510
505
32
115
65
46
535
80
605
307
370
378
404
470
26
167
780
334
80
754
107
220
55
143
37
49
310
126
316
649
48
827
667
334
469
69
301
168
453
360
32
359
505
347
581
470
186
294
460
80
184
750
646
543
568
130
207
70
44
32
586
480
93
859
179
62
295
161
62
134
419
13
577
279
676
615
632
118
65
101
196
541
96
162
82
264
623
279
468
623
190
145
79
440
464
87
339
810
570
310
599
792
49
595
446
47
687
143
242
16
80
108
317
197
78
153
9
127
309
951
607
329
37
577
410
861
35
253
278
538
135
366
183
471
24
328
587
32
86
45
364
467
171
94
55
629
380
468
280
965
270
8
182
641
317
236
216
133
443
544
474
648
572
277
72
339
74
410
201
230
697
284
645
62
100
530
25
374
578
182
40
237
698
163
203
26
15
188
26
472
76
24
314
307
689
35
260
217
188
640
556
347
23
648
66
116
440
300
280
89
666
456
37
302
356
261
324
286
450
335
50
27
125
195
313
280
147
419
841
532
563
731
769
526
384
649
291
218
606
30
345
298
281
149
620
702
449
59
73
498
194
270
5
406
274
180
379
216
258
432
619
625
750
525
126
613
518
91
15
248
47
363
93
215
103
150
867
95
187
508
219
65
349
26
184
70
456
163
813
291
347
102
168
148
651
95
325
96
369
286
146
834
224
511
100
444
143
228
411
19
59
59
133
723
154
375
129
254
271
582
28
451
678
256
205
421
392
267
279
523
559
119
343
882
466
348
691
663
266
597
96
742
529
47
487
391
531
493
525
69
590
255
329
140
759
583
617
180
5
468
36
130
386
427
222
207
90
89
256
111
681
305
78
240
478
116
468
70
50
206
370
345
550
413
438
225
157
76
421
209
211
481
65
340
443
349
33
473
315
157
107
1
385
290
222
603
193
760
636
345
13
429
643
440
316
311
534
756
80
315
97
511
367
394
367
26
37
174
25
314
710
869
76
466
205
832
22
265
107
343
600
870
701
61
953
111
174
454
429
318
3
338
186
435
164
236
115
687
3
568
321
716
195
959
132
208
160
338
466
776
764
16
716
700
193
281
628
173
233
190
266
153
369
381
577
334
734
123
176
90
175
235
328
8
788
141
347
58
160
268
53
362
133
44
298
239
730
611
51
256
555
158
71
18
143
258
187
583
369
774
201
488
532
323
117
885
526
404
594
309
56
74
121
392
351
233
631
659
263
684
113
27
278
397
651
122
205
91
98
93
453
123
355
664
140
172
110
966
65
94
199
745
325
245
457
94
281
14
202
219
80
177
629
561
272
9
159
612
88
834
268
968
200
177
738
21
32
434
340
142
524
660
91
518
69
114
128
252
619
303
487
168
684
55
743
732
402
434
159
282
7
54
29
145
649
37
699
420
172
45
44
81
437
344
421
585
30
562
690
92
561
33
54
439
59
249
416
789
62
20
25
344
186
648
781
363
425
258
376
350
835
255
138
629
603
594
635
495
283
515
687
377
626
295
386
169
132
20
690
687
448
309
37
290
671
231
720
258
151
226
463
354
286
53
60
610
756
250
533
252
284
61
470
246
142
752
526
77
44
532
444
433
493
209
731
76
504
