1000
2
3
4
5
6
7
8
9
10
11
12
13
14
15
16
17
18
19
20
21
22
23
24
25
26
27
28
29
30
31
32
33
34
35
36
37
38
39
40
41
42
43
44
45
46
47
48
49
50
51
52
53
54
55
56
57
58
59
60
61
62
63
64
65
66
67
68
69
70
71
72
73
74
75
76
77
78
79
80
81
82
83
84
85
86
87
88
89
90
91
92
93
94
95
96
97
98
99
100
101
102
103
104
105
106
107
108
109
110
111
112
113
114
115
116
117
118
119
120
121
122
123
124
125
126
127
128
129
130
131
132
133
134
135
136
137
138
139
140
141
142
143
144
145
146
147
148
149
150
151
152
153
154
155
156
157
158
159
160
161
162
163
164
165
166
167
168
169
170
171
172
173
174
175
176
177
178
179
180
181
182
183
184
185
186
187
188
189
190
191
192
193
194
195
196
197
198
199
200
201
202
203
204
205
206
207
208
209
210
211
212
213
214
215
216
217
218
219
220
221
222
223
224
225
226
227
228
229
230
231
232
233
234
235
236
237
238
239
240
241
242
243
244
245
246
247
248
249
250
251
252
253
254
255
256
257
258
259
260
261
262
263
264
265
266
267
268
269
270
271
272
273
274
275
276
277
278
279
280
281
282
283
284
285
286
287
288
289
290
291
292
293
294
295
296
297
298
299
300
301
302
303
304
305
306
307
308
309
310
311
312
313
314
315
316
317
318
319
320
321
322
323
324
325
326
327
328
329
330
331
332
333
334
335
336
337
338
339
340
341
342
343
344
345
346
347
348
349
350
351
352
353
354
355
356
357
358
359
360
361
362
363
364
365
366
367
368
369
370
371
372
373
374
375
376
377
378
379
380
381
382
383
384
385
386
387
388
389
390
391
392
393
394
395
396
397
398
399
400
401
402
403
404
405
406
407
408
409
410
411
412
413
414
415
416
417
418
419
420
421
422
423
424
425
426
427
428
429
430
431
432
433
434
435
436
437
438
439
440
441
442
443
444
445
446
447
448
449
450
451
452
453
454
455
456
457
458
459
460
461
462
463
464
465
466
467
468
469
470
471
472
473
474
475
476
477
478
479
480
481
482
483
484
485
486
487
488
489
490
491
492
493
494
495
496
497
498
499
500
501
502
503
504
505
506
507
508
509
510
511
512
513
514
515
516
517
518
519
520
521
522
523
524
525
526
527
528
529
530
531
532
533
534
535
536
537
538
539
540
541
542
543
544
545
546
547
548
549
550
551
552
553
554
555
556
557
558
559
560
561
562
563
564
565
566
567
568
569
570
571
572
573
574
575
576
577
578
579
580
581
582
583
584
585
586
587
588
589
590
591
592
593
594
595
596
597
598
599
600
601
602
603
604
605
606
607
608
609
610
611
612
613
614
615
616
617
618
619
620
621
622
623
624
625
626
627
628
629
630
631
632
633
634
635
636
637
638
639
640
641
642
643
644
645
646
647
648
649
650
651
652
653
654
655
656
657
658
659
660
661
662
663
664
665
666
667
668
669
670
671
672
673
674
675
676
677
678
679
680
681
682
683
684
685
686
687
688
689
690
691
692
693
694
695
696
697
698
699
700
701
702
703
704
705
706
707
708
709
710
711
712
713
714
715
716
717
718
719
720
721
722
723
724
725
726
727
728
729
730
731
732
733
734
735
736
737
738
739
740
741
742
743
744
745
746
747
748
749
750
751
752
753
754
755
756
757
758
759
760
761
762
763
764
765
766
767
768
769
770
771
772
773
774
775
776
777
778
779
780
781
782
783
784
785
786
787
788
789
790
791
792
793
794
795
796
797
798
799
800
801
802
803
804
805
806
807
808
809
810
811
812
813
814
815
816
817
818
819
820
821
822
823
824
825
826
827
828
829
830
831
832
833
834
835
836
837
838
839
840
841
842
843
844
845
846
847
848
849
850
851
852
853
854
855
856
857
858
859
860
861
862
863
864
865
866
867
868
869
870
871
872
873
874
875
876
877
878
879
880
881
882
883
884
885
886
887
888
889
890
891
892
893
894
895
896
897
898
899
900
901
902
903
904
905
906
907
908
909
910
911
912
913
914
915
916
917
918
919
920
921
922
923
924
925
926
927
928
929
930
931
932
933
934
935
936
937
938
939
940
941
942
943
944
945
946
947
948
949
950
951
952
953
954
955
956
957
958
959
960
961
962
963
964
965
966
967
968
969
970
971
972
973
974
975
976
977
978
979
980
981
982
983
984
985
986
987
988
989
990
991
992
993
994
995
996
997
998
999
1000
1000
1000
139 867
7 503
555 617
41 380
507 924
591 775
384 747
102 292
675 726
282 810
200 887
379 492
24 425
579 896
84 540
18 85
497 921
609 959
55 556
269 995
706 951
237 612
44 366
348 865
403 987
89 630
104 785
26 781
231 965
51 976
173 947
12 61
209 389
612 967
87 556
452 704
716 772
14 176
457 560
483 947
536 942
29 994
524 538
301 725
491 637
53 603
374 879
232 824
597 614
69 190
65 355
471 536
26 776
334 783
9 955
591 977
107 349
232 780
193 222
111 121
939 977
373 742
468 523
370 635
237 257
440 944
23 104
252 852
59 276
301 801
902 931
877 920
347 838
277 462
171 544
189 712
448 607
762 884
20 553
471 867
324 834
11 921
43 150
825 996
135 691
321 386
183 613
10 685
21 479
452 680
233 332
187 779
135 211
544 903
847 999
464 633
918 965
85 355
532 933
540 671
57 854
130 298
37 406
581 845
790 923
153 380
286 482
181 849
254 613
14 198
59 529
312 852
179 637
30 742
20 841
558 706
76 706
709 943
60 573
509 847
365 663
516 894
35 975
313 458
288 798
533 748
104 881
223 260
649 799
20 436
391 945
30 293
8 119
275 970
187 883
527 663
145 745
473 654
475 753
682 774
464 591
89 408
75 479
150 647
13 285
7 874
519 769
373 773
162 981
478 882
326 700
910 961
256 795
609 809
70 413
452 815
210 832
80 774
54 734
760 816
251 373
223 709
494 538
409 715
500 601
547 815
135 336
85 364
221 448
895 938
63 795
368 891
568 646
784 875
846 945
9 400
7 481
53 728
191 806
437 981
210 899
359 786
41 695
698 931
178 580
427 709
448 471
426 745
335 623
258 832
120 276
413 946
641 830
45 48
68 937
363 876
666 746
183 729
49 265
235 269
56 406
20 474
158 181
357 555
342 954
16 189
122 382
354 390
483 678
927 958
369 386
290 425
310 464
753 831
102 624
579 936
595 910
123 129
13 852
227 364
281 865
2 306
3 113
169 220
515 563
47 52
600 739
55 238
452 764
27 206
83 284
740 884
18 603
122 731
200 821
472 589
9 518
495 938
874 953
91 1000
332 360
185 807
496 514
21 958
99 802
216 884
750 769
774 960
318 626
148 962
436 586
474 969
639 777
556 757
653 728
272 534
6 974
575 652
704 876
335 453
33 885
829 970
298 653
74 987
92 909
377 883
354 992
523 604
918 922
337 354
459 523
438 846
437 754
687 868
453 982
615 882
395 674
195 505
627 932
631 768
46 228
462 683
269 463
421 919
563 663
337 655
94 425
618 855
321 569
31 239
420 640
879 888
823 847
705 879
303 736
189 291
302 468
446 571
33 595
43 163
282 513
31 413
230 717
814 905
240 567
131 545
425 902
396 775
60 816
119 553
155 889
120 374
441 541
482 891
88 999
360 665
415 791
256 576
89 778
276 479
402 831
277 730
923 970
766 787
142 341
387 476
523 755
383 939
59 762
434 695
547 728
170 614
48 391
330 785
514 574
721 920
160 402
271 778
54 498
562 858
821 846
36 551
154 942
221 994
342 945
233 611
12 229
364 365
111 603
668 747
863 865
92 695
720 887
30 628
274 377
85 221
580 895
342 665
215 333
177 562
504 920
524 900
524 667
285 789
356 480
162 238
340 688
279 968
782 885
674 732
97 632
654 900
338 680
17 512
115 372
82 319
564 949
176 887
478 481
588 768
311 848
157 168
600 761
230 461
166 415
159 711
159 327
209 905
353 657
247 712
133 528
232 893
91 421
380 697
712 979
126 772
560 710
466 500
550 778
515 821
352 907
579 693
505 697
453 699
167 447
426 509
416 484
12 517
506 705
127 819
31 832
647 995
474 813
218 284
501 987
270 728
495 983
132 578
317 889
581 914
308 731
142 869
560 873
352 661
604 927
307 400
450 809
119 630
289 305
246 267
187 664
58 791
356 618
346 678
255 384
13 570
67 736
710 862
481 964
526 635
115 955
251 968
329 354
53 956
400 518
101 482
778 898
248 978
126 245
612 879
490 772
875 988
522 630
680 914
650 747
569 800
646 808
64 627
522 682
435 526
635 958
666 741
758 858
687 814
35 411
234 251
246 725
249 917
45 980
826 902
170 889
163 294
595 650
164 704
551 691
102 332
92 809
50 614
512 850
214 620
119 233
719 871
84 428
150 306
463 507
302 520
68 278
973 980
568 964
259 808
755 947
205 570
167 834
315 815
249 603
44 668
23 462
38 916
68 777
221 440
152 633
103 941
124 497
69 466
392 408
880 907
515 724
233 285
388 753
145 293
408 486
71 288
257 819
808 851
850 932
161 318
25 429
287 821
550 731
132 457
381 443
791 977
716 936
28 187
192 590
570 846
504 891
110 508
40 322
337 869
353 476
380 968
699 709
148 913
647 1000
234 707
471 818
854 929
350 493
187 491
153 172
367 953
555 667
374 970
665 963
344 985
626 842
82 739
35 191
32 99
582 794
210 682
191 549
739 932
55 444
237 669
110 173
198 741
71 874
603 977
563 826
538 572
127 171
273 422
390 456
306 329
312 960
679 989
131 968
291 595
126 263
774 929
303 359
312 611
188 904
264 944
34 609
323 975
17 303
521 641
363 441
571 616
596 881
272 460
215 306
9 312
335 860
522 794
47 158
420 760
119 545
639 864
235 531
311 610
186 573
605 832
751 840
156 373
80 646
793 819
1 14
458 874
286 801
126 633
950 976
323 718
313 848
35 311
376 779
2 883
703 946
210 882
153 506
44 517
402 509
186 274
57 963
367 592
32 572
934 938
33 509
869 984
403 681
610 654
433 551
749 886
169 357
455 840
138 592
29 114
52 231
197 228
5 506
245 442
117 725
522 994
203 366
364 702
182 610
209 322
376 743
394 844
23 484
166 716
594 772
230 883
440 679
636 665
722 791
722 926
12 632
293 752
467 962
131 521
263 860
92 598
678 724
400 933
119 724
228 451
209 293
721 888
35 560
68 178
9 116
38 698
634 846
794 815
376 854
177 866
53 484
33 389
219 822
111 156
250 724
284 923
315 882
184 276
506 556
261 720
358 692
179 490
302 745
805 867
72 626
408 896
155 500
340 893
602 670
200 377
497 757
182 618
374 391
25 168
829 929
139 729
330 822
630 800
576 832
746 869
791 997
81 677
116 451
50 720
46 273
64 273
461 604
299 596
762 863
72 768
645 939
412 751
477 950
105 311
588 876
467 817
780 951
492 822
46 727
899 966
267 867
113 426
145 690
570 829
222 919
44 674
230 329
307 928
301 385
43 631
58 377
97 269
291 949
40 155
53 384
172 178
95 188
148 190
133 549
181 342
141 635
916 960
482 725
249 697
403 502
341 399
612 729
333 799
871 915
446 743
213 429
231 872
196 382
165 491
693 889
718 934
305 585
505 746
673 904
269 858
474 915
505 833
154 775
292 716
534 985
4 407
236 543
400 719
514 576
28 576
702 724
176 730
792 975
336 905
538 769
129 955
111 502
218 596
117 383
126 238
201 314
258 675
292 925
427 921
197 944
216 263
99 785
583 733
261 462
407 516
459 915
117 596
243 434
522 631
619 766
115 901
338 738
116 898
417 567
429 468
261 274
223 265
416 982
154 436
41 995
311 993
719 985
404 561
8 262
123 481
392 748
378 489
149 153
60 970
86 598
611 831
673 687
98 564
121 470
207 714
609 943
90 788
259 389
33 698
488 754
278 757
422 659
198 227
24 626
311 545
3 783
6 782
130 458
421 873
483 555
139 473
862 974
818 876
719 827
411 420
341 347
136 574
361 700
403 574
246 333
475 878
37 679
318 325
748 991
16 71
42 75
40 961
36 780
730 961
356 841
451 870
24 784
508 525
800 967
458 668
271 520
583 929
68 357
293 871
594 652
74 428
52 908
383 886
705 890
400 946
253 942
65 396
202 495
215 334
361 598
409 890
392 605
163 210
587 721
77 138
218 317
224 256
557 954
122 406
970 998
248 441
410 852
328 440
16 172
50 135
148 420
365 537
181 819
102 143
165 338
17 422
339 450
415 543
178 598
520 964
379 758
68 591
452 981
825 940
706 708
98 320
454 934
744 839
269 642
909 959
110 645
460 565
490 748
586 602
328 595
430 463
29 650
95 401
738 939
490 950
158 462
201 541
556 798
500 865
615 755
18 523
288 503
266 367
624 745
151 704
70 77
82 884
50 571
158 816
292 783
687 709
313 652
234 625
188 246
369 751
322 413
450 682
130 145
682 893
54 967
29 659
193 659
109 243
757 813
350 386
764 833
35 258
404 818
166 574
379 785
314 897
465 874
273 646
6 960
223 686
159 884
21 242
11 159
487 552
283 336
2 182
93 729
28 899
160 167
918 974
44 415
920 987
268 377
172 548
201 372
141 903
570 586
858 872
108 941
320 949
519 971
618 964
170 194
539 878
90 417
61 572
195 994
517 713
96 122
131 576
8 104
265 452
474 768
234 362
47 590
393 734
328 651
33 575
669 744
306 721
