0 0
1 0
2 0
3 0
4 0
5 0
6 0
7 0
8 0
9 0
10 0
11 0
12 0
13 0
14 0
15 0
16 0
17 0
18 0
19 0
20 0
21 0
22 0
23 0
24 0
25 0
26 0
27 0
28 0
29 0
30 0
31 0
32 0
33 0
34 0
35 0
36 0
37 0
38 0
39 0
40 0
40 1
40 2
40 3
40 4
40 5
40 6
40 7
40 8
40 9
40 10
40 11
40 12
40 13
40 14
40 15
40 16
40 17
40 18
39 18
38 18
37 18
36 18
35 18
34 18
33 18
32 18
31 18
30 18
29 18
28 18
27 18
26 18
25 18
24 18
23 18
22 18
21 18
20 18
19 18
18 18
17 18
16 18
15 18
14 18
13 18
12 18
11 18
10 18
9 18
8 18
7 18
6 18
5 18
4 18
3 18
2 18
1 18
0 18
0 17
1 17
2 17
3 17
4 17
5 17
6 17
7 17
8 17
9 17
10 17
11 17
12 17
13 17
14 17
15 17
16 17
17 17
18 17
19 17
20 17
21 17
22 17
23 17
24 17
25 17
26 17
27 17
28 17
29 17
30 17
31 17
32 17
33 17
34 17
35 17
36 17
37 17
38 17
39 17
39 16
38 16
37 16
36 16
35 16
34 16
33 16
32 16
31 16
30 16
29 16
28 16
27 16
26 16
25 16
24 16
23 16
22 16
21 16
20 16
19 16
18 16
17 16
16 16
15 16
14 16
13 16
12 16
11 16
10 16
9 16
8 16
7 16
6 16
5 16
4 16
3 16
2 16
1 16
0 16
0 15
1 15
2 15
3 15
4 15
5 15
6 15
7 15
8 15
9 15
10 15
11 15
12 15
13 15
14 15
15 15
16 15
17 15
18 15
19 15
20 15
21 15
22 15
23 15
24 15
25 15
26 15
27 15
28 15
29 15
30 15
31 15
32 15
33 15
34 15
35 15
36 15
37 15
38 15
39 15
39 14
38 14
37 14
36 14
35 14
34 14
33 14
32 14
31 14
30 14
29 14
28 14
27 14
26 14
25 14
24 14
23 14
22 14
21 14
20 14
19 14
18 14
17 14
16 14
15 14
14 14
13 14
12 14
11 14
10 14
9 14
8 14
7 14
6 14
5 14
4 14
3 14
2 14
1 14
0 14
0 13
1 13
2 13
3 13
4 13
5 13
6 13
7 13
8 13
9 13
10 13
11 13
12 13
13 13
14 13
15 13
16 13
17 13
18 13
19 13
20 13
21 13
22 13
23 13
24 13
25 13
26 13
27 13
28 13
29 13
30 13
31 13
32 13
33 13
34 13
35 13
36 13
37 13
38 13
39 13
39 12
38 12
37 12
36 12
35 12
34 12
33 12
32 12
31 12
30 12
29 12
28 12
27 12
26 12
25 12
24 12
23 12
22 12
21 12
20 12
19 12
18 12
17 12
16 12
15 12
14 12
13 12
12 12
11 12
10 12
9 12
8 12
7 12
6 12
5 12
4 12
3 12
2 12
1 12
0 12
0 11
1 11
2 11
3 11
4 11
5 11
6 11
7 11
8 11
9 11
10 11
11 11
12 11
13 11
14 11
15 11
16 11
17 11
18 11
19 11
20 11
21 11
22 11
23 11
24 11
25 11
26 11
27 11
28 11
29 11
30 11
31 11
32 11
33 11
34 11
35 11
36 11
37 11
38 11
39 11
39 10
38 10
37 10
36 10
35 10
34 10
33 10
32 10
31 10
30 10
29 10
28 10
27 10
26 10
25 10
24 10
23 10
22 10
21 10
20 10
19 10
18 10
17 10
16 10
15 10
14 10
13 10
12 10
11 10
10 10
9 10
8 10
7 10
6 10
5 10
4 10
3 10
2 10
1 10
0 10
0 9
1 9
2 9
3 9
4 9
5 9
6 9
7 9
8 9
9 9
10 9
11 9
12 9
13 9
14 9
15 9
16 9
17 9
18 9
19 9
20 9
21 9
22 9
23 9
24 9
25 9
26 9
27 9
28 9
29 9
30 9
31 9
32 9
33 9
34 9
35 9
36 9
37 9
38 9
39 9
39 8
38 8
37 8
36 8
35 8
34 8
33 8
32 8
31 8
30 8
29 8
28 8
27 8
26 8
25 8
24 8
23 8
22 8
21 8
20 8
19 8
18 8
17 8
16 8
15 8
14 8
13 8
12 8
11 8
10 8
9 8
8 8
7 8
6 8
5 8
4 8
3 8
2 8
1 8
0 8
0 7
1 7
2 7
3 7
4 7
5 7
6 7
7 7
8 7
9 7
10 7
11 7
12 7
13 7
14 7
15 7
16 7
17 7
18 7
19 7
20 7
21 7
22 7
23 7
24 7
25 7
26 7
27 7
28 7
29 7
30 7
31 7
32 7
33 7
34 7
35 7
36 7
37 7
38 7
39 7
39 6
38 6
37 6
36 6
35 6
34 6
33 6
32 6
31 6
30 6
29 6
28 6
27 6
26 6
25 6
24 6
23 6
22 6
21 6
20 6
19 6
18 6
17 6
16 6
15 6
14 6
13 6
12 6
11 6
10 6
9 6
8 6
7 6
6 6
5 6
4 6
3 6
2 6
1 6
0 6
0 5
1 5
2 5
3 5
4 5
5 5
6 5
7 5
8 5
9 5
10 5
11 5
12 5
13 5
14 5
15 5
16 5
17 5
18 5
19 5
20 5
21 5
22 5
23 5
24 5
25 5
26 5
27 5
28 5
29 5
30 5
31 5
32 5
33 5
34 5
35 5
36 5
37 5
38 5
39 5
39 4
38 4
37 4
36 4
35 4
34 4
33 4
32 4
31 4
30 4
29 4
28 4
27 4
26 4
25 4
24 4
23 4
22 4
21 4
20 4
19 4
18 4
17 4
16 4
15 4
14 4
13 4
12 4
11 4
10 4
9 4
8 4
7 4
6 4
5 4
4 4
3 4
2 4
1 4
0 4
0 3
1 3
2 3
3 3
4 3
5 3
6 3
7 3
8 3
9 3
10 3
11 3
12 3
13 3
14 3
15 3
16 3
17 3
18 3
19 3
20 3
21 3
22 3
23 3
24 3
25 3
26 3
27 3
28 3
29 3
30 3
31 3
32 3
33 3
34 3
35 3
36 3
37 3
38 3
39 3
39 2
39 1
38 1
38 2
37 2
37 1
36 1
36 2
35 2
35 1
34 1
34 2
33 2
33 1
32 1
32 2
31 2
31 1
30 1
30 2
29 2
29 1
28 1
28 2
27 2
27 1
26 1
26 2
25 2
25 1
24 1
24 2
23 2
23 1
22 1
22 2
21 2
21 1
20 1
20 2
19 2
19 1
18 1
18 2
17 2
17 1
16 1
16 2
15 2
15 1
14 1
14 2
13 2
13 1
12 1
12 2
11 2
11 1
10 1
10 2
9 2
9 1
8 1
8 2
7 2
7 1
6 1
6 2
5 2
5 1
4 1
4 2
3 2
3 1
2 1
2 2
1 2
1 1
0 1
0 2
0 1
0 0
