1000 52108979
95206
57741
21428
54544
57883
29467
86441
21098
24755
88893
79677
63948
36745
85695
69914
37065
22956
43425
37836
87022
56082
20223
72792
60171
90464
66872
25003
33485
17586
74772
55314
8552
82145
42817
92698
66595
68505
24936
98367
39395
94442
68455
24947
28653
22446
23919
82932
18834
77598
62985
81064
78648
31416
31653
94736
67580
35511
82882
59843
25802
46007
62298
10931
9731
19763
1908
1530
61858
87669
53448
86071
43830
30330
87176
64494
13947
43083
73121
46892
38712
88330
35964
54838
54801
7958
49104
46927
25826
9604
64935
69981
67211
23902
70305
15715
71681
14457
90226
99405
13461
6199
20665
28937
77083
28744
30675
87485
84328
26759
24863
41607
1503
63130
44254
33414
18158
49566
5925
41822
68016
53336
53705
35792
17351
84756
9529
37096
3175
82799
60726
53428
506
15837
61677
9135
13778
81277
83284
61208
93531
31525
60171
92297
69232
12413
68123
76577
76996
39758
72010
12908
98067
77942
56811
31361
75227
71858
52271
91235
91396
5896
78624
22826
63850
93322
71487
92
4155
1874
98985
99229
87495
98133
81923
64280
72431
75017
92984
28320
35677
90022
91130
34390
62173
3710
76713
50420
38544
303
81315
94743
79256
47239
43557
62191
34795
15920
93793
69824
93797
69747
34192
73213
55346
69625
22549
18908
3964
57776
25984
72244
35737
21021
34176
80122
54012
66695
77543
1453
64504
97390
42768
11569
7626
20390
4259
55286
72653
45838
95985
20739
57788
94890
72913
43725
39261
56265
66844
95490
73806
59662
17130
85645
85235
50365
95321
62853
2444
23352
69352
16246
50208
27656
85260
74748
76851
42675
42223
13242
21411
69343
53095
53764
70839
18622
24277
76008
6494
28932
21946
16476
65529
87706
74723
82866
85226
19580
51458
56651
82072
25087
57509
95882
82260
58316
20336
25521
74702
50888
82246
6816
24316
91839
69830
21921
58526
43780
79722
93956
74654
92474
84418
43329
17268
71407
18288
84544
69814
24746
58599
9392
23769
18608
87462
572
86978
50013
51346
60263
1182
82580
14069
36879
24928
3061
235
34638
95710
85258
3101
19918
51396
82940
27119
47669
67124
10986
81165
15082
87423
14020
4923
34562
14938
3685
47974
82045
87215
37966
8509
75932
80117
10798
10097
54291
23143
1842
94499
85108
26020
28069
8291
93781
60554
58802
52770
70442
72671
6449
24016
83806
3024
57826
51692
23665
74700
91042
93487
29637
34391
45780
4420
65080
24678
39075
88556
53738
60883
31229
89762
49223
66443
1950
92603
89404
9410
20279
9493
43271
91756
33544
5810
45063
32888
64665
80635
51868
44720
36656
6695
83342
53529
784
75652
59243
40015
50228
79449
16105
38530
19155
78288
13307
65806
6357
60123
22349
99570
48596
61426
53483
96958
69349
93237
52326
57292
77945
59593
42776
26470
75901
77505
47971
31680
25206
93029
35493
18078
15264
98326
96320
79339
69080
54874
45214
25168
63225
66982
3804
24684
69061
33804
56065
71032
62007
35460
23877
81572
76715
46605
8998
25707
4023
31710
35873
13641
97640
11655
80114
7992
25282
10601
84398
343
38355
79069
40619
21969
31236
57838
31248
11839
37634
13787
64765
59092
52737
5250
99934
12711
30792
46582
50970
89912
36285
3394
81036
94579
94834
89367
73247
48747
1441
29068
70511
8491
50156
95584
33309
51711
36065
93125
11542
49173
96534
20968
98191
81568
62052
26951
78577
15004
62483
53892
10444
30122
74984
51156
84241
77846
89700
22723
96823
30335
59189
8442
80167
77609
16747
93965
24063
3095
36407
93550
98205
51119
75785
77044
36163
6194
61266
41507
56167
99538
13375
99255
48966
24287
50101
15594
41048
54274
53008
74702
76503
50662
20309
61798
45703
87499
49887
87445
31164
85129
9007
57446
90189
90325
29445
95999
62789
14349
52206
89816
78550
15213
5817
40914
98810
91145
73240
34199
46139
75934
26694
26624
98003
74762
87936
95626
7864
5108
92130
77385
30784
85547
26796
47199
97916
67320
28153
94316
24147
38570
87290
59352
98339
68621
19007
35316
52050
96014
82888
97989
78866
61239
22661
92242
50623
6835
58118
69852
10534
25242
70212
98622
68205
90167
92292
79279
71410
87559
22494
76471
7152
92691
544
24740
75717
56038
9039
40106
59699
8991
89750
63471
55763
59172
85047
26542
38471
37997
97454
91536
73894
95241
69657
22069
40619
60327
8125
27863
64560
99894
87225
96478
38270
14567
74585
19573
71330
74113
73412
3500
99000
68936
88398
24878
36129
74268
96204
57284
82185
65348
84578
70022
40985
71563
87382
73431
32397
47269
82728
48290
62567
84253
14494
83865
49352
62330
15183
58543
38858
82326
80236
30826
60394
14138
85090
20917
5315
96026
14019
63556
42540
37583
87433
21925
29038
1582
17169
73405
91127
58544
262
81572
83527
14240
42399
49339
40290
71841
3307
50253
47797
18469
2774
13205
42553
98770
46878
51244
19117
12499
36936
59015
61679
15233
59068
77490
3238
91086
21244
48408
75725
72779
20224
73514
41860
98700
76575
14018
3253
24212
32335
10530
26326
13528
36348
46436
56741
33127
57180
73854
39286
19181
92541
96358
50530
99250
22095
54975
27170
9770
95927
35544
99084
41007
97414
88977
16769
7363
40888
13133
82179
349
63831
90459
39037
77408
55435
46712
64550
93685
96329
8970
68455
66504
29925
54167
79645
85155
44489
6879
98578
32983
94011
7977
55910
88307
47449
60329
89642
64128
17846
47120
84719
87714
58251
3000
46653
56125
78681
37296
58843
81694
90752
48626
82749
64662
89925
29160
4473
72729
77452
1846
4766
51133
58243
51887
61793
46014
29272
9996
38139
32671
23504
11230
95443
51917
38189
20442
13872
75890
92810
6066
32227
45988
51448
17983
5322
55928
58487
19910
46549
55390
99521
98622
21454
35097
61776
78875
11534
38421
96890
69969
61762
76127
37882
58499
26329
63411
72537
98398
73666
81779
99565
65403
57249
92806
11552
33111
59899
53840
58438
73744
52736
88294
80177
34961
21585
30841
27385
26559
66721
15248
5984
59014
83951
49790
31184
64319
94492
90771
78525
28788
66343
96732
98487
96922
89584
90659
58681
4236
99139
7624
39344
58643
74197
79551
27929
34996
38081
45933
29218
28759
40848
52134
92743
51416
96316
8756
10869
80901
10749
85007
85812
37667
21369
75210
35429
25191
86056
83497
9433
72742
53003
39864
52721
49315
81609
9954
56041
87476
95534
88490
89688
33626
35292
63680
