175
da 650180948
u 478876302
ggkg 390188994
xq 686727944
szyf 535027887
a 906916189
ir 186864721
prd 619744352
q 249759203
flgf 732171331
wm 865080182
zxba 260706310
xguxw 819788979
o 842495993
zdcc 766155962
pcs 566793475
tpd 527958018
vmigvy 807088941
ufgw 487061633
ffgqn 769957688
cnlw 232999046
nvzcst 98551145
ks 420592375
zv 844686865
v 244669462
k 127702835
g 248253150
wnev 536555478
h 504057804
bafgq 485445830
ocdapq 28748013
by 1530267
ynazu 521158637
cfscm 971263913
yazi 411499783
ri 598925685
nbojv 426209309
fy 353898870
xt 551453693
npd 549082258
iigehk 465227072
plp 124819304
qqp 468873681
ngzyzy 655197861
svqv 818670348
aszdiw 489931773
fipf 86107258
rkpe 469562890
bepajv 111547132
bpiis 760445792
kve 254791482
ubs 948590179
lmqfv 876761398
iatgj 709557328
jsgns 684513340
hx 547157375
araxzx 681683994
lqcpgu 437933230
fuganu 404199074
uogy 678643097
rm 409249041
cmer 948255925
s 2721678
lalf 362700714
r 582682983
oirxiv 643798405
pp 873983662
fstj 226422014
kxnm 777215901
ocfgkl 416943670
kwql 16612427
nfx 703140353
wzboo 388865407
fkoad 39508507
wsfppa 891912957
gmjrz 719309537
hzzl 866703392
i 827205258
e 865430521
ezy 475923600
kkqf 175962115
f 470582877
sckej 640094036
p 100067525
lvdqr 185302260
ycjur 630251466
efla 219578678
mi 972122897
vvfg 492109937
wkp 649963466
c 953429374
lwc 697558394
eio 934532081
odd 301720546
cl 66282540
cle 582799028
ztt 7942131
jflxa 825979970
jmru 593723779
qv 731595522
chmxrv 476561796
bkh 408978815
m 249825539
rmopx 228480502
qowh 129900295
bouln 11523760
iywb 243544998
ixla 792783109
ewgx 583201307
xrz 134355017
acd 668834011
zqmd 641304082
wlxl 13805105
ozumhv 983858209
ttou 282842723
lrey 274592356
xvjue 456605816
gzflj 278680502
sowp 815072603
py 92447668
unf 688377755
amh 774069665
fgizp 91574915
drqu 19516468
w 537606782
mrqw 335178823
fft 118577030
l 749546339
oel 125775159
lop 106996140
chi 906117758
jzm 764329518
aupniy 110111571
t 822286773
plza 577665070
qntmkp 365516095
lplwe 321658515
xmq 831638833
pvtpg 465626953
wx 18368415
gwpw 639039133
wcuxz 533886377
fdglir 454477650
alapw 495741492
pej 657165817
hcolw 987560303
qltrh 712725812
elx 63289601
yebew 642586561
qngkau 791493178
clzwv 865953205
wstdpf 349563304
fv 130775167
slp 639764784
hn 915291680
x 223374350
sek 659577020
rsr 280215627
sx 785739053
fdpr 675516970
hcsfko 663097242
rltncu 982956594
ix 798333549
npq 634814400
didrj 577407754
qpvcp 625228711
yhwcwb 903779764
mrtia 614854171
kif 457567296
pzojk 223252
y 184879851
jmrvy 479861871
iij 502547247
fdulv 341025801
hugqgo 941285850
514
929775453
969507965
116676373
196062419
209112948
963317183
660570509
579430454
104294859
304803733
333606826
255071240
978048197
247832660
943112203
589041271
575810358
431093232
815937325
680759756
918743926
389927847
604112311
828901751
241032301
930068445
483035407
612944661
133968513
926804249
355146378
801307930
996477245
36788337
954360512
238039828
240211781
530710134
631981334
823001383
607711387
278697391
324083352
579752093
403413951
349607678
966609659
929471820
928453415
257213492
170896389
318196240
979107166
152389440
47167853
762413379
929359300
812950628
886320515
433309399
230561876
89819822
981884235
269240388
81870415
69623508
809004189
975725465
663541542
975986014
583547668
33357086
918238096
178283932
569174748
322798588
570332309
912713489
957242332
564362945
470897302
725945186
629509021
476726296
189114250
745172654
390238840
767744623
546076517
245274763
324700484
375500510
422176574
889434375
873749235
592044232
58149139
543480264
746164343
991283936
37032615
670435955
142024770
811463050
965010298
738129932
870064757
924024969
690339413
278244268
764879724
873892077
796231082
635222754
215352274
48537796
160677826
93223155
83290699
930411293
616354156
749652148
137573017
883707820
839438994
319186833
423384740
82077079
798956883
583921092
310479453
901092404
924971373
874749560
325057425
75323309
730423209
460084485
198387066
824127205
407553065
726764693
667954979
778335043
474197422
349691359
683462790
377350551
233812534
109255774
95871135
984072248
610280522
60947802
114344356
359379131
647677358
504797626
193040160
551202922
741038692
439226647
487916531
677348346
812585817
656159655
934411279
337393122
797563214
344211175
246677525
160783998
199652096
632239758
617849781
911408105
67723014
459778226
838822706
69893076
524729938
951907627
660823060
125282921
647679055
12145788
178318095
717272257
378451590
594310479
258144811
660709580
451964689
142370448
102108930
75867018
571910066
657054709
367647414
335703489
664835529
816347273
562569227
906656267
531171005
693039647
508782565
936498502
882877470
676379690
575804552
54951691
209358021
27868725
862410934
767848982
442783938
223069696
515074189
191638208
476086251
705407814
306793051
84491883
424492617
386933980
214386639
233469304
759622569
230723217
304928634
776440480
238576765
952614350
713163747
634963239
390548814
388676038
745759491
898416808
112136988
231991235
491312937
319562584
275830402
482150267
494119553
216817608
383930534
398752131
992905014
44172243
81944805
833588415
700250649
80575
424139991
870521610
379215816
298380474
364294184
5718644
474303494
20245726
91486698
89011167
452888978
909492901
614212033
961566453
318687885
374609736
976198598
962118057
316485841
596597048
994773053
113433644
381755992
593886963
294807015
127930151
418910303
755776634
660425771
232688035
78623807
637176702
808483434
104321609
312472450
99215456
390115970
941156291
872113619
840393880
250496572
429257855
138860308
711139553
416063922
232369497
825580786
732887939
477988506
477323454
810600702
684093978
357285157
542075129
969829240
771338802
182069500
303837018
429080533
148094737
466220500
220178471
777098306
221413048
860230254
829786272
263264025
193349496
144113964
769507054
748749437
972995383
893449726
302221735
329708984
673400821
404363714
239235719
166216755
31514205
964450550
981809480
415129751
414069566
771267059
429331712
425259053
199531705
941470729
364320516
26354406
23158568
454234172
752955555
377029518
248157453
438084714
133714835
888876502
481324449
340321849
362434567
123772196
633797162
990035835
773516650
831501227
928527952
248553796
227489219
691447730
674459181
153622929
441647616
954301853
673098936
526275148
884807178
940920903
391557023
124201536
300437580
210011076
93188547
10558471
876828880
153700473
773753997
256952130
191053019
259701919
262056837
836471743
990914590
307495648
334480829
331182209
47263689
203687457
427002453
859375669
10384017
545715274
117466800
447513602
983720019
444946091
877192205
368346050
481940383
379829785
771324274
275819862
959556541
944260467
938778300
367998883
890879676
7830510
63569299
549458312
431533381
396852840
341621977
936616819
54504792
179471298
484143657
86595676
330114083
476494619
286714049
710356864
450070040
610815904
650751480
192224999
324256909
299973194
768988486
914561761
825225758
109474729
278221097
728745185
633773207
267992071
387496147
425651524
510587823
79042820
229548633
519909873
455687670
66656750
580822820
958454189
981370061
7384635
323051099
601342213
20314910
70571637
637446958
71145904
318240073
834649248
633707644
213431485
255251278
686242979
887966920
516942688
753772315
395377390
858594795
227323465
320270501
694588345
117234784
191600340
414103704
696344810
333188701
167624997
270077919
752092194
665983871
884266107
930943533
131117107
50299697
973698068
112905835
98833361
249257524
579777313
588823230
360469777
274215807
357511597
215349529
962970839
593679960
816120886
772009847
438694399
576060990
339957715
409644272
861980331
112194594
673097464
560566446
321580467
378577136
686233912
108845142
