75430 1023
2 35240
1 19591 72782
2 40573
2 20723
1 23051 9605
1 56998 21631
2 42017
1 29845 50459
2 30260
2 66229
2 1743
1 44698 33115
2 63495
2 8182
1 29370 50119
1 47897 21841
1 70420 48710
2 28884
2 32541
2 8399
1 40428 55835
1 66051 60011
2 75155
2 71765
2 17669
2 24596
1 36346 75345
2 64348
2 74485
1 58811 10747
2 11200
2 41607
1 51659 21389
2 57202
2 30516
2 27579
2 41382
2 52240
1 25973 18827
1 72854 10485
1 52433 63331
2 38131
2 27626
1 13165 37082
1 56101 53105
1 55339 61872
2 21683
2 68265
1 44928 29064
2 55089
1 56081 15758
1 37629 7273
1 20146 21734
1 49486 112
2 59583
2 47313
1 46699 70657
2 33128
1 23031 38017
2 3699
2 43337
2 39712
2 60952
1 23509 46302
1 29716 34867
1 11586 57091
2 44646
1 63249 13647
1 58039 47325
1 12146 13651
2 30254
2 53063
2 44937
1 34957 2956
2 49446
2 49976
1 52108 70628
1 64713 2346
2 74064
1 24510 11217
2 3132
2 5134
2 25983
2 30465
1 33016 62389
1 31191 73787
1 8903 32428
2 15056
2 37573
2 24702
2 34214
1 67667 51672
1 30085 27020
2 2706
2 29727
1 46794 5148
1 56495 64567
1 60316 12728
1 45704 36020
2 31241
1 15075 66158
2 42081
2 65510
2 42445
1 40824 4048
2 63306
2 18139
2 25535
2 32074
2 51934
1 29293 6916
1 25480 19395
1 47847 44094
1 37791 24295
1 13029 24673
1 8597 69753
1 40359 67842
1 48198 9799
2 38860
1 71111 38414
2 2475
1 59074 10172
1 72498 74133
2 28245
2 2521
1 38539 35599
1 41328 38290
2 55547
1 56250 68174
1 34040 75254
1 32345 50614
2 31144
1 24913 67381
1 8050 57482
1 49795 68464
1 55578 57870
1 46344 20471
2 59927
1 31019 50436
2 33765
1 24874 3620
1 49767 7356
1 12104 31830
2 60761
2 1630
1 35789 36401
1 5740 35056
1 6517 11960
1 66522 47293
2 23416
1 50681 55418
2 54698
2 3717
1 40640 34438
1 74268 69064
1 41853 56240
1 20722 53734
2 60418
1 9795 45196
2 31556
1 22022 15611
1 68490 65993
1 67116 53035
2 42197
1 46996 26548
2 44520
1 57716 30191
1 52427 18814
2 27398
1 41505 30300
2 11523
1 70180 47868
1 58266 4732
1 38946 15431
2 59317
1 15343 33854
2 46136
2 45543
2 39725
1 4488 64012
1 56596 74052
2 28531
2 23705
1 39753 51531
1 27991 4842
2 52375
1 11458 5143
2 16270
1 18498 30985
1 71054 24598
2 33391
1 39428 47499
2 64354
2 48582
2 21249
2 23386
1 60480 62067
2 23548
2 63316
2 29563
2 68599
1 47677 1561
2 65454
2 15988
1 54337 69545
2 12748
1 2347 49439
1 43994 74244
1 73099 16799
2 27625
1 65127 33798
1 15387 38621
2 66456
1 57513 66958
2 49747
1 21612 39008
1 45910 54761
2 57241
1 73836 11873
1 30560 61754
1 41506 41669
1 29875 18697
1 18046 41272
1 30023 11732
1 71605 7971
1 31921 68267
2 73709
1 72357 14095
2 69343
1 61440 16819
2 50892
1 69768 60807
2 11866
1 43574 72844
1 39445 51152
1 37413 33448
2 67384
2 10908
2 8911
1 1859 66944
1 46496 745
2 37969
1 31808 12275
2 57907
1 9218 72790
2 32177
2 9037
1 54364 16857
2 33696
1 35369 26987
1 28814 34001
2 68964
2 6727
1 21034 74613
1 7008 23190
1 69917 68330
2 64779
2 23235
1 74028 37258
2 64160
2 25281
2 68334
2 59241
2 74762
2 36886
1 9444 50792
2 56511
1 26088 35058
1 22759 43373
2 9137
1 30021 12063
1 15121 23502
1 49749 17668
1 8272 37501
2 42343
1 9115 6845
1 74432 20978
2 56656
2 27530
1 39066 42960
2 13609
2 13836
2 3185
2 3638
2 46122
1 798 72159
2 64043
1 22676 17784
1 3821 29805
2 28276
1 48703 66096
2 42761
1 46283 28548
2 33485
1 27065 373
2 21284
1 71116 15334
2 49931
1 52590 793
2 22363
2 28404
1 66983 47631
2 74032
2 64010
2 43116
2 5685
2 66569
2 57046
2 66048
1 6202 68495
2 32030
2 25352
2 43450
1 16729 47265
2 20600
1 57620 3065
2 73796
1 44569 60553
1 63622 9462
2 37219
1 742 72895
1 4424 26190
1 29331 59536
1 25505 58310
1 69245 68864
1 5049 38742
1 8770 52756
1 40477 66332
2 27338
1 25446 64136
2 11993
1 64302 33384
1 5454 20841
2 9047
2 40441
2 4987
2 10382
2 19706
1 20746 21913
2 53535
1 60500 52681
1 39680 75202
1 20512 13023
2 14216
1 13446 10649
2 59337
2 36188
2 74983
2 31081
2 65671
2 66064
1 11947 32367
1 33333 74601
1 46384 62113
2 50238
1 34410 24640
2 24078
2 34285
2 7716
2 67062
1 57573 74174
1 54678 73688
2 18
2 72304
1 46610 72468
1 21466 74212
1 69336 25280
2 839
1 24588 5919
1 52068 4821
2 2746
2 8049
1 51460 29000
2 59910
2 53218
2 59617
2 22161
1 58489 38277
2 12002
2 74238
1 18817 25886
1 54022 27945
2 6437
1 61570 26209
2 322
2 57846
1 1091 65926
1 73166 17076
1 55888 53150
2 24009
2 3689
2 37599
1 48616 47256
1 59695 74299
1 4337 23944
2 17397
2 59997
2 16336
2 17816
2 68438
2 68577
2 3575
1 5071 60973
2 5091
2 18220
1 9979 51627
1 4867 57947
2 8526
2 46228
2 70031
2 59236
1 28253 23622
2 11909
1 36891 35480
1 33006 48263
2 32839
2 68375
2 30642
2 22276
1 12892 52663
1 19447 52508
1 67348 68812
1 9180 59351
2 73479
1 18811 18087
2 70619
1 64991 63501
1 31974 20769
2 69919
1 67860 6388
1 57387 12845
2 65802
2 27871
2 6618
1 20823 24011
1 23594 1661
1 29867 43437
2 58886
2 42693
2 30707
2 14593
2 56804
1 31185 10297
1 41080 74880
1 59539 37441
2 29155
2 55836
1 61293 11456
1 11827 52844
2 54767
1 7936 61356
1 29585 50140
2 28332
1 20230 70190
1 61539 47304
1 7413 66968
1 43723 48975
2 4443
1 45392 5692
2 43522
1 35210 156
1 57198 73537
1 11043 47628
2 33160
2 17430
2 30624
2 32945
2 33074
1 59632 61744
1 13797 71148
1 35252 32072
2 8332
1 74037 14128
2 54327
2 53864
2 44050
1 64704 4155
1 26933 54688
1 1145 29256
2 11450
2 69167
1 56566 49893
1 35973 8964
2 71327
2 913
2 37855
1 18725 638
2 27506
1 2962 51104
2 20822
2 53489
2 20553
1 33604 39226
2 56969
1 67410 63317
1 30786 66558
1 46328 38295
1 33886 75427
1 46845 20090
1 70355 26548
2 19411
1 74142 18772
2 71675
2 56372
1 54785 31351
2 52161
1 35816 7400
1 31075 42471
1 9183 34037
1 11408 74107
2 22235
2 25706
1 65417 31631
1 53746 10930
1 64496 51105
2 34289
1 51794 68339
1 11715 54984
2 65099
2 36945
1 68124 19261
1 40681 3326
2 10727
2 22150
1 14762 36515
1 28639 30268
1 46677 20589
2 73639
1 15339 24699
2 61175
1 52114 16279
2 50355
2 65806
1 50816 3999
1 39251 62277
1 53382 9817
1 68999 26542
1 36016 48118
1 35394 68231
1 59049 71433
2 47830
2 36056
1 74736 48947
2 44552
2 56787
1 28583 50401
1 11630 10354
2 57001
2 41407
1 232 21656
2 72295
1 50647 16878
2 38352
1 70722 10788
1 26413 26013
1 27826 21412
1 69779 11881
1 73716 29338
1 56031 7244
1 22239 55788
1 46467 30648
2 1726
2 15294
1 52154 3379
2 38214
2 69382
1 58946 50209
1 19809 41982
1 23516 399
2 12017
2 48005
2 46142
2 71120
2 37114
2 31097
2 52756
2 68499
2 72382
1 10460 55571
2 41129
1 50383 6324
1 71903 62899
1 36488 16191
1 15207 51956
1 72236 1227
1 51966 69474
1 61462 23220
1 28108 48133
1 51873 7328
2 52215
1 11089 64035
1 49266 46254
1 2339 55324
1 34765 5234
2 5614
2 1179
1 22060 70882
2 42921
2 49268
1 36235 72136
2 50040
1 33784 3844
2 25141
1 41726 19636
1 3858 12691
2 58301
2 70225
2 25122
1 50648 9208
1 55568 14073
2 32014
1 61410 5838
1 30305 8523
2 2706
2 61382
1 53580 26569
1 47711 40031
1 21573 69563
1 33314 70576
2 20118
1 36418 56030
2 48919
1 45144 42378
2 50452
1 15696 43931
1 12256 44516
2 32124
2 24446
2 21460
1 26254 70720
1 9929 56876
2 28647
2 34877
1 50506 8025
2 48199
1 12941 51699
2 72729
2 1449
2 56837
1 4032 63350
1 71682 52111
1 27307 75048
1 1172 27598
1 1265 56485
2 45308
2 18242
2 31151
2 36492
1 19488 17850
1 12466 6426
1 1330 6518
2 69926
2 58000
1 68156 13585
2 6800
1 66156 48617
1 48600 44882
1 72856 60160
1 51466 21558
1 34633 50939
1 61776 63757
1 15494 26877
2 21171
2 24999
2 1794
1 72628 4413
2 37646
1 13033 62779
1 52015 31955
2 12047
2 50339
2 51252
2 34294
2 19927
1 43918 70643
1 27258 42788
2 49606
2 15905
1 2202 56708
1 13573 26384
2 5388
2 15468
1 7903 7602
1 12900 61507
2 66615
1 2625 56
1 28185 49869
2 1204
2 8418
2 39892
2 23888
1 72424 60939
1 25341 56940
2 40311
2 27728
1 34513 8624
1 49597 51129
1 70960 51966
2 51811
1 14193 31471
1 6278 71252
2 34834
1 9166 12828
1 34730 63622
2 74341
2 54442
2 51391
2 10772
2 53667
1 13292 64601
2 40447
2 16098
2 23524
2 56212
2 15445
2 19725
1 8138 16493
1 33178 38349
1 12392 49626
1 43363 35431
2 28538
2 23771
2 7224
1 34584 48095
2 1524
1 11219 66841
1 65512 53964
1 20885 614
1 42769 54482
2 82
1 72109 22812
1 30968 17833
1 67049 61485
2 65722
2 42921
2 11165
2 34976
1 46868 11357
2 68240
2 74267
2 68384
1 32566 28594
2 24370
1 74398 36934
2 17958
1 63406 61720
2 7756
2 40835
1 33007 21110
2 56954
1 66908 22834
2 47108
1 3330 10035
1 75234 30097
2 37312
1 3810 15123
2 52424
1 59810 65046
2 16247
2 35017
1 49744 54185
1 56339 70181
2 54245
1 12854 49297
1 73722 59300
1 38297 1575
2 11693
2 29750
2 53261
1 59084 310
2 3427
2 50957
2 19766
2 66159
2 34676
1 51721 67808
2 62025
2 3704
2 47641
1 53396 16882
1 22665 52858
1 58651 32088
1 8892 15682
2 32228
2 16252
2 4176
2 30220
1 69536 15927
2 18753
2 46177
2 768
1 18259 13377
1 20437 44566
1 46409 3290
1 9499 31329
1 22610 18472
1 3113 37838
1 61475 21804
1 44758 61278
2 53216
1 33064 40254
1 62899 74683
2 45773
2 18538
2 37012
2 60683
2 67448
1 62137 39517
2 10297
2 41355
2 29778
2 55651
1 29118 56006
1 71351 5164
1 34321 42043
2 23603
1 48397 26539
2 50479
1 136 1260
2 71259
2 68004
1 11238 6712
2 48776
1 17451 62521
1 25493 5428
2 32286
2 66209
2 46133
1 27945 28567
2 45701
2 73558
2 897
2 48025
1 58680 23064
1 24595 31586
2 93
2 66
1 26260 32178
1 2538 64201
1 31677 18474
2 19004
1 7542 28071
2 62881
2 60388
2 35744
2 16741
1 20854 44988
2 8468
2 73953
1 51129 34260
2 55873
2 53250
1 68913 28132
1 66902 40073
1 73125 48262
1 16884 56490
1 3861 59714
2 2228
2 51936
2 23538
1 72983 73997
1 19393 52621
2 11157
2 29395
1 72246 65901
1 2476 3944
1 60921 54374
2 75412
1 13344 61077
1 48838 53630
2 65359
1 11625 71676
1 38406 74967
2 13962
2 45836
1 33637 14681
2 49148
1 6713 22264
2 74436
1 20548 53665
2 28713
1 64185 20032
1 32434 68347
2 20149
1 21060 8915
1 33504 3085
2 73674
2 30666
1 45593 30232
1 66606 59166
1 50363 68481
2 73309
1 41369 34963
2 72211
1 23501 5153
2 8118
2 28324
1 14306 32392
1 38475 26519
1 596 19250
1 38250 22858
2 14170
2 48291
1 72511 14828
2 71297
1 8663 74654
1 58825 56155
2 30666
1 68631 40403
1 70570 746
1 52988 9937
2 59864
1 53441 29630
1 44180 12327
2 57068
2 28206
1 15372 46200
2 31931
2 27220
2 51533
2 8697
1 64674 16506
1 19844 42888
1 2174 284
2 37897
1 25919 74139
1 42975 9786
2 8928
2 54472
1 5143 41200
2 31193
1 48349 73524
1 53033 36786
1 40700 56392
1 14778 16051
1 48168 26668
1 31008 60011
2 25704
2 1352
1 48002 18815
2 29687
2 22849
2 65778
1 41649 34239
1 75087 48455
1 58227 48085
2 19226
1 58085 4371
2 19556
1 2808 32035
2 29649
2 27580
1 59884 74854
2 14589
2 24939
1 32133 74330
1 19478 19309
1 6673 44482
2 40210
2 45655
1 47068 67275
2 69741
2 58117
1 16670 33403
1 47704 65103
1 36881 26381
2 48377
2 47475
2 22219
2 50269
2 58078
1 26175 36144
1 13815 37715
2 43830
2 22137
2 32828
2 71514
1 55240 58496
1 42859 18078
1 4335 74649
1 24240 47715
1 60659 54595
2 3356
2 46036
2 13725
2 61073
2 68772
2 60744
2 72752
2 40199
1 8599 31056
1 6922 44764
2 57188
1 67778 74708
1 23133 29330
2 12327
1 18188 38953
2 68463
2 18144
2 5428
1 16691 64831
1 19951 74498
1 38469 26519
2 60793
2 53878
1 18219 10032
2 39046
2 19775
2 47776
1 60742 55004
1 18332 62384
2 5016
1 31770 16102
1 34271 48241
1 42500 40198
2 16493
2 32308
2 11694
2 43944
1 64568 23089
2 5901
2 40782
2 15022
