38407 9075
1 6937 13486
2 4286
2 34976
1 14361 27339
2 7022
2 31548
1 34966 20418
2 20503
1 27777 3635
2 9465
1 34659 9888
1 25612 22564
2 14105
2 20048
2 20109
2 37470
2 18783
1 15091 31404
1 37950 22375
2 16169
2 16827
2 30681
1 36361 26576
2 28619
1 14289 22837
1 31502 23618
2 4654
2 18089
1 3722 26798
2 18617
2 28174
2 15333
1 37840 687
1 13201 25296
1 17222 36980
1 3414 13604
1 31786 2669
1 8968 13790
1 29671 43
2 6416
1 25279 16582
1 3429 4427
2 28180
1 18135 14536
1 6645 32516
1 12684 1172
2 12376
1 35107 759
1 6321 38217
2 35207
1 3194 14463
1 11919 16390
2 33479
2 1678
2 12657
1 5303 21776
1 22205 21393
2 33346
1 36896 5198
2 37439
2 22083
2 19327
2 37394
1 24411 13710
1 38264 4100
2 9799
2 12243
2 9487
2 11443
1 35149 7044
2 26508
1 25619 5520
2 24684
2 1510
1 6028 20245
2 19605
1 18706 17576
1 31523 24817
1 4937 19178
1 37406 30366
2 13116
1 10647 3369
1 29597 28509
1 12270 8497
2 5185
1 2373 18444
1 9842 29144
2 14140
2 10625
1 10872 787
1 15737 34330
1 23359 592
1 36814 11364
1 10474 7838
1 993 23764
1 2428 16540
1 24756 23330
1 21535 38141
1 32124 24882
1 24362 17162
1 35218 33605
1 28350 26449
2 4000
2 6711
1 30133 4280
2 16182
1 37135 20453
2 5999
1 5200 208
1 16356 10714
1 36689 18579
2 4459
1 36744 26245
2 9293
2 17606
2 1153
1 37643 33772
1 37266 38028
1 32676 1028
2 15781
1 28488 35952
2 29945
2 24522
1 26679 7968
1 23335 28845
2 14758
1 11972 9677
2 34241
1 7816 19703
2 14096
1 9268 8253
1 20883 35100
1 16423 2587
1 25710 15606
1 19255 7927
2 8393
1 34155 26303
2 32008
1 11528 10955
1 29884 37025
2 31193
2 31709
1 31038 33663
1 12817 37253
1 28285 7091
2 23463
2 18828
2 3330
1 35434 12310
1 5749 31382
2 23065
2 27906
2 4684
1 30020 32506
2 2570
1 15666 7892
1 17272 15475
1 16430 29212
2 36617
1 29317 17994
2 17154
1 6622 37458
2 37604
1 9156 13618
1 26350 22616
1 16192 864
2 5276
1 17765 38149
1 30996 30167
2 20340
2 36283
1 3898 28049
2 2719
1 26099 20519
2 33955
2 13454
2 3790
1 22739 6933
1 7916 29607
2 12705
2 31552
1 17822 6967
2 26165
2 5521
1 2867 5625
1 13841 13127
1 37388 478
2 6347
2 2471
1 12827 1092
2 32314
1 19830 1242
2 25933
2 25920
2 5128
2 22172
1 38361 25115
1 5417 9866
1 29630 19684
2 4410
1 7100 1767
2 2556
1 21415 15995
2 29228
1 1396 9169
2 17789
1 24147 6789
2 35579
1 34877 16213
1 21754 24093
2 30481
2 23011
2 4242
1 9478 11285
2 30728
2 7318
1 16166 34751
1 2421 30650
1 1914 36008
1 31737 32045
2 31737
1 25594 26337
2 9496
2 25404
2 23643
2 29130
2 28443
2 23310
2 5307
1 30158 933
2 29571
2 5644
1 16100 35347
1 34347 8354
1 33681 23731
2 27005
1 23257 4560
2 19311
1 28162 18200
1 1036 13935
1 35256 3496
2 1663
1 2350 27484
1 30237 21318
1 19349 5738
2 18405
2 13371
1 20630 14097
1 24993 23924
2 12643
2 11562
1 11063 11787
1 13221 29983
2 19395
1 27263 14842
2 26401
1 31864 3052
1 14700 16593
2 32907
2 14373
1 13613 30656
2 5217
1 16418 2301
1 3104 17107
2 19570
2 8890
1 17089 17523
1 20418 32225
2 30272
2 19801
2 21065
2 819
1 18696 29807
2 31972
2 21569
2 13201
1 5736 25679
1 5618 16978
1 8036 11114
2 5724
2 34834
2 10176
1 22903 24509
2 19128
1 28297 27204
1 23063 3363
1 19716 27250
1 37165 22814
1 1125 7585
2 27857
1 21775 13048
1 4076 8090
1 6048 30378
1 27401 6725
2 7063
1 11924 36142
2 32341
2 18728
2 15619
1 10248 24345
1 34414 17145
1 35373 18123
1 18013 18195
2 226
1 13576 30237
1 28748 13293
1 1560 5858
1 35702 33253
1 8547 21144
1 8929 26056
2 27267
1 22959 22642
2 17078
2 23176
1 17417 15783
1 19367 7525
2 28829
1 920 19441
2 34662
1 18565 33217
2 22828
1 30220 6821
2 10541
1 31281 12285
2 2317
1 20777 27568
2 37508
1 15083 7777
1 5096 9878
1 30703 37426
1 38089 33249
1 18101 23463
1 2595 19908
1 25551 38199
1 26595 19903
1 1773 26178
1 6669 24559
2 23520
2 29690
1 36796 1463
1 17534 36818
1 15153 3884
2 34800
2 15321
2 6263
2 14518
2 13590
2 2217
2 2362
2 16548
1 15140 30631
2 22437
1 3242 9969
2 32445
2 38152
1 30497 12740
1 13018 26614
1 30673 24996
1 18891 4877
2 3371
2 18575
2 28576
2 13598
2 24957
1 5644 32375
2 18581
1 7422 33953
1 21415 13342
2 20180
2 24065
2 29704
2 8953
1 13392 7229
1 22881 25203
1 29602 13758
1 3816 5000
1 12777 34368
2 1705
2 21928
2 28969
1 30208 12921
2 28469
1 36249 33860
2 29067
1 13318 12892
1 9195 24016
2 11195
2 2215
1 12478 22316
1 975 36704
2 33073
2 19348
1 37007 14225
2 5773
1 16010 30953
2 8759
1 15460 17150
2 2124
2 11646
2 18906
2 20107
1 24006 8229
2 20163
1 23625 5845
2 26313
1 21062 33487
1 21096 18902
2 8386
1 8879 25946
2 26592
2 32917
2 26145
2 5303
1 6155 27359
1 15595 34246
2 3361
1 18946 5774
1 24599 4975
1 24820 4675
2 32852
2 29336
1 14032 13586
1 5104 734
2 8625
1 37155 20109
1 10905 5265
2 9611
2 20107
1 30072 14084
1 11840 20457
2 8733
1 5814 18015
1 9315 7716
1 22785 15468
1 10390 397
2 13734
2 34402
2 37966
2 117
2 34791
1 2426 3890
1 26746 11393
1 4580 2405
2 2394
2 30887
2 7864
1 10104 25317
1 12849 29802
1 20713 20207
1 4874 23865
2 17148
2 1365
1 33605 33130
2 33118
1 7712 20445
2 37070
1 19439 24696
1 23319 23804
1 9567 15989
2 6325
1 37068 14898
2 5953
2 26624
1 24572 477
2 37468
1 7917 8264
2 16476
1 24161 38169
1 17808 785
2 16389
2 16811
1 23578 3986
1 9050 37566
1 5181 33455
2 4790
2 617
2 4511
1 1100 6998
2 2541
2 37755
1 2453 27851
1 32185 610
1 14148 11965
1 37059 11076
1 31972 34077
2 27091
1 26350 5231
2 11638
1 28684 3777
2 12378
2 35949
2 37462
2 25534
1 622 1148
1 33213 15284
2 38230
2 34222
1 8077 34964
2 13545
2 14520
2 33474
2 15774
1 33937 4578
2 27411
2 23839
2 2690
1 15836 10525
1 37086 3335
1 6562 30226
1 13020 29852
2 10783
2 16007
2 21751
1 13778 11483
1 28824 18336
1 5036 12049
2 17747
2 16715
2 10348
1 5891 20427
2 19783
1 3133 36292
1 33829 5270
2 13147
1 9327 34008
1 1736 29905
1 35413 1852
2 4888
1 26073 20151
1 4619 12951
1 27453 24172
2 34003
1 22678 31190
2 25525
2 288
2 34851
1 21871 14737
2 11176
2 2035
2 17375
2 13086
1 18181 6425
2 27787
1 22183 30769
2 25961
2 16400
1 1044 37463
2 24880
2 11793
2 15510
1 28448 12235
1 35055 23652
1 30496 23224
1 24640 24894
2 28754
2 14139
2 3860
1 9039 9807
2 26763
1 22448 36431
2 8553
1 21520 2532
2 27702
2 7805
2 19945
2 37526
1 25417 773
1 2877 3002
1 2107 3591
1 35079 12204
1 4238 9650
2 22534
1 30523 20109
2 20251
2 6967
2 6580
2 22178
1 38297 23271
2 29963
2 10190
1 15557 827
2 14205
2 18654
1 26756 34917
2 20193
1 14619 4542
1 37068 211
1 2555 16970
1 9592 13688
1 2693 18364
2 16066
2 5396
2 25473
2 28200
2 36033
1 8253 13306
2 19039
1 27150 37913
1 22063 16196
2 25622
2 34079
1 28332 31565
2 17837
2 2880
1 12399 5902
1 30952 5239
2 26850
2 34931
2 36863
1 1268 38031
2 5635
2 21146
1 4024 9153
1 6667 19271
1 36219 7043
2 21570
2 4002
2 5571
2 38028
2 4714
1 21610 1246
2 14184
2 10247
1 17504 24041
1 15788 12324
1 5464 2636
2 26306
1 1494 4460
1 19231 23799
1 19494 32106
2 10452
2 28806
2 9163
1 19846 35148
2 12765
1 33283 30424
2 2574
2 26395
2 30485
2 33057
2 16266
2 4380
2 9967
1 28336 17975
1 23114 1456
1 4831 32530
1 17720 37885
1 14966 12244
1 24155 24952
1 31987 23099
2 4241
2 20642
1 36795 9709
1 35996 26855
1 8436 28569
2 13408
2 24695
1 29681 22710
1 32674 32851
2 5914
2 9507
2 5602
1 4816 34551
1 21257 1189
2 10005
2 14040
1 14739 1040
1 11973 14466
2 1720
2 10782
2 18803
2 22347
2 30150
1 30509 12630
2 38204
2 34988
1 29693 29034
1 18301 32785
2 26863
2 1586
2 2549
1 26228 10769
2 33146
1 38233 5807
1 33994 14015
2 13568
1 28562 2940
2 16424
2 21304
1 37422 36864
1 1316 30041
2 1887
1 9974 29974
2 36828
2 28766
2 33282
2 3758
2 10968
2 11869
1 31913 24027
2 4564
1 23945 18842
2 36043
2 1749
2 22795
2 16825
2 10242
1 10195 9975
1 35406 23983
2 23925
1 13562 1841
1 13222 31194
1 4219 34719
1 32717 4485
2 10188
1 25502 281
1 32336 34294
2 7525
2 12608
1 25993 36815
2 37449
2 21324
2 30048
2 17443
2 30653
1 13159 10550
1 22123 15600
2 27202
2 6526
2 25592
2 3823
2 2805
2 33107
2 4971
2 7022
2 11043
1 699 37443
2 35615
2 17642
2 9671
1 3085 30076
2 3678
2 36775
2 26242
2 10228
2 28947
1 30852 35302
1 15565 28531
2 14248
2 9459
2 20213
2 15692
1 14917 11492
1 12729 36846
1 16200 5875
1 22339 21058
1 4208 13869
2 12845
2 511
2 25942
2 14281
2 1820
2 12153
1 20919 29786
2 7059
2 14714
1 22868 23718
1 5725 5303
1 8166 30862
2 9371
2 31465
1 387 17527
2 31595
2 993
2 6516
2 13368
1 10489 25312
2 9608
1 4301 25371
2 19668
1 20654 17224
2 36637
1 4234 21438
1 37724 17653
1 4455 7707
1 20185 37079
1 33875 9704
2 20555
1 34765 14281
1 38320 15748
2 36338
2 36314
2 10704
1 1571 15545
2 4788
2 27088
1 25558 35368
2 26648
1 7818 22937
2 1336
1 13946 3773
1 29185 31503
2 26695
1 36699 6255
1 34230 2471
2 32345
2 16063
2 15017
2 28156
2 14898
2 24427
2 11067
1 29879 35346
1 33441 3715
2 33725
2 32641
2 22641
1 19551 36412
1 11088 15324
2 28543
2 9353
1 36378 15990
2 21890
1 16726 27753
2 30349
1 974 19048
1 11618 26354
1 13325 2819
1 27905 34869
2 30373
1 38164 24200
2 649
1 4463 18437
1 27342 12746
2 36127
2 1098
2 31410
1 23706 893
1 19051 3235
1 33334 10080
1 26602 22109
1 5361 20729
2 34495
1 38141 8402
2 33302
1 15820 38261
1 37456 16457
2 26468
1 36843 4634
1 2152 28406
2 37901
2 22025
1 24931 35830
1 15550 35846
1 9106 23625
1 1499 1068
1 186 30425
2 17742
1 3840 8731
2 17054
2 6621
2 1307
2 25530
1 9478 27227
2 10709
2 20546
2 735
1 22871 30852
1 25534 16166
1 22208 14482
2 1627
2 13122
2 27907
1 11336 1607
1 6094 5292
1 8819 8609
1 4444 8255
2 21578
1 25859 3387
1 31336 12052
2 23351
2 4828
1 9816 8694
2 7885
2 1611
2 11061
2 31995
1 26355 16434
2 3421
1 34472 29565
1 7267 25455
1 31237 4365
2 6731
1 29928 7229
2 35551
1 3131 36550
2 25106
1 24838 37475
2 27879
2 28691
2 37922
1 297 8912
1 22154 36202
2 32904
2 12096
1 15190 16195
2 18261
2 8537
1 26088 34408
1 15964 4413
2 15487
2 9207
1 3712 36211
2 36386
2 16896
1 23839 32440
1 15789 12393
1 25733 14042
1 11596 18567
2 28491
1 20784 372
1 1390 34598
1 4610 4288
2 10914
2 14223
2 3507
2 23882
1 35959 23547
1 22820 2390
2 30820
2 31419
2 9167
1 33593 23580
1 14129 3989
1 13474 26334
2 27177
1 15701 20617
1 7097 14443
2 4690
1 8584 27725
2 24975
2 5718
1 15104 32846
1 11660 11706
1 8915 321
1 36197 35788
2 22711
1 10151 13461
2 31636
2 19273
1 754 9706
2 3108
1 13447 2169
2 22177
1 29102 14989
2 29888
2 36584
1 36096 26823
1 1568 13030
1 6998 33323
2 31292
2 10928
2 28789
2 16053
2 36351
2 16678
1 21126 18544
2 18948
2 38038
1 23274 656
2 18153
1 4470 34084
2 28282
1 6773 3803
1 3176 5701
1 5724 9074
1 23795 5943
1 28948 28107
2 24382
2 38369
2 32474
2 36002
2 18641
2 18997
1 4190 16459
1 8807 29807
2 14957
1 38344 5868
2 20850
1 13791 35203
2 11593
2 11057
1 17849 33430
1 9612 27422
1 23734 11352
1 17708 429
1 16158 15038
2 36266
2 6429
1 31104 14551
2 11062
1 6928 3646
1 34439 37825
1 17623 4557
2 1133
1 19676 28257
2 22449
2 1124
1 19799 26822
2 17480
2 8419
1 9728 25397
1 34363 19594
1 28507 11509
2 16162
1 4443 26382
1 23633 21061
2 26767
1 17789 768
1 23587 21458
1 24562 37515
2 33223
1 13694 33985
1 12552 38184
1 26407 14106
1 33381 30638
1 14049 27271
1 30989 5603
1 9458 8627
1 38376 25994
2 6781
1 7218 6862
2 21657
2 6001
2 12070
2 4606
1 826 35540
2 22210
2 5082
2 27377
2 6940
1 14663 35756
1 22381 22749
1 37242 33001
2 1070
2 17282
2 22065
2 22805
1 15755 16429
2 37677
1 32587 34982
1 26621 28218
1 19006 32260
1 17974 1839
1 29367 28786
1 2207 24272
1 34919 5951
2 25577
1 33115 33431
1 36800 4783
1 36406 26281
1 35829 18093
1 17795 35672
1 3255 29737
2 28569
2 37293
2 32967
2 6531
2 21093
2 7609
1 26611 14560
2 35340
1 10966 35801
1 10392 6711
1 16569 12372
2 23646
2 1462
1 4044 1675
1 32738 29037
2 38363
2 18503
2 10406
2 34721
1 3158 37743
2 2728
1 37712 18235
2 34261
2 14733
1 34109 29079
1 29508 26792
1 28351 12701
2 8871
1 8568 6548
1 10075 15358
1 34518 16494
2 27380
2 35090
2 368
1 19680 10272
2 31793
1 22437 31458
1 37831 2973
2 33003
1 32815 20487
2 9033
1 34183 16489
1 11056 33436
1 17367 33653
1 23614 11079
1 16147 24841
2 29569
1 34171 10984
2 20262
1 32486 11728
2 2226
1 23922 3927
1 18617 6136
2 309
2 35230
2 10649
2 23987
2 33010
2 13471
2 14453
2 27984
2 28165
1 12914 21935
2 25738
2 19273
2 2325
1 33140 11855
2 24196
2 29351
2 16935
1 17540 36915
1 37072 16121
1 7498 21597
2 2562
2 29159
1 19486 24722
2 20018
2 27318
1 37677 24180
2 18615
1 26637 34427
2 3786
2 20106
2 20640
2 35415
1 11620 285
2 15484
1 13788 4608
2 6345
1 33689 26894
1 33480 3056
2 11284
1 191 26082
2 9987
2 6515
1 9904 26277
1 34072 6308
2 23900
2 1740
1 37236 27510
2 27529
1 11737 5142
2 20228
2 24586
1 12509 25342
1 37230 34918
1 10877 3249
2 12094
2 20192
1 21936 12253
2 24122
2 16597
1 4860 34355
2 12279
2 522
2 22890
2 32002
1 23781 4065
2 17697
1 34203 36413
1 7417 9640
1 12048 12635
1 22258 14291
2 14855
1 1571 16624
2 5545
1 36756 25535
1 34470 15386
2 29917
1 13191 25773
1 23972 17249
2 15396
1 23439 18525
2 6406
1 26090 12061
2 14747
1 18406 5045
1 12356 24467
2 22253
1 30083 20253
2 21620
1 37865 391
1 13221 11476
1 36775 11731
2 32278
1 27880 19303
1 30042 12392
1 8499 6508
2 32253
1 31053 33888
1 31660 20372
1 23413 14540
2 232
1 36945 18503
1 32305 11657
2 20005
1 7521 4546
2 15225
1 12121 10390
1 29295 23600
2 1630
1 28586 26269
1 31528 20115
1 8017 37591
2 5836
1 24405 27546
2 15247
1 22415 37043
1 23159 30085
2 29295
1 17708 28631
1 3004 36227
1 14891 2899
1 32638 8101
2 20211
2 731
2 20284
2 17183
2 28051
1 14242 37258
2 34708
1 18511 34151
1 19052 14699
2 35784
1 36977 16189
2 29226
1 4981 22216
1 13303 1340
1 15915 27417
1 14802 21783
1 31829 27658
1 24403 5579
2 32731
2 10315
2 17619
2 2747
2 6247
2 38105
2 6325
1 34316 27365
1 25255 12680
1 9329 26365
1 9697 25842
2 5677
2 37733
2 3567
1 19702 26377
2 20766
1 24770 34067
2 33173
2 26525
1 25937 21473
2 617
2 5747
1 31171 28709
2 12301
1 15417 26297
2 31115
2 3704
2 36270
1 35903 29859
2 3526
2 4815
1 23033 38405
2 8369
1 36208 10586
2 10604
1 33062 27123
1 32299 25134
1 14824 1733
2 17751
2 22994
2 35231
2 12293
2 5849
2 35873
1 37126 11545
2 24476
1 10119 6520
1 49 5790
1 31753 20810
2 11221
1 23034 8204
1 28077 8782
1 3060 16203
1 37784 10559
2 26544
2 6707
1 32710 25813
2 10884
2 29729
2 27259
1 5590 10682
1 8618 19520
2 12028
1 31362 30988
1 22973 1392
1 10999 22552
1 6407 38154
2 19687
2 26836
1 3057 26248
2 24074
1 14290 1095
1 347 7297
2 26475
2 22169
1 26414 35168
2 6341
2 18901
1 32203 2464
2 30831
1 8976 36737
1 10773 18131
1 34390 25532
2 24066
2 19347
1 9093 21823
1 31233 1452
1 19419 12233
2 34847
2 10851
2 22802
1 32715 26127
2 14041
2 21583
1 36077 18733
1 14793 30862
1 35495 5771
1 13305 6446
1 37634 11328
1 7839 2628
1 20248 16273
2 17407
1 32678 7883
1 24407 35315
1 34231 2673
2 22176
1 6362 8085
2 31245
2 2268
2 1386
1 3155 12702
2 8823
2 37427
1 32740 34889
1 14431 3833
2 1304
2 5616
1 16543 37950
2 1370
1 22173 14597
2 30713
2 14445
2 29860
2 7725
1 6672 14758
1 27849 29778
2 7820
2 36714
2 251
2 12776
2 21091
2 3188
1 30608 11872
1 32984 1673
2 14254
1 36139 10039
1 16806 17042
1 1790 2275
2 15071
1 20306 16713
1 38314 2039
1 13723 22393
1 36487 17385
2 29467
1 11355 21760
2 19509
1 36733 17753
2 30416
1 2936 12142
1 28621 9130
2 4332
2 32359
1 13675 20550
1 28617 19846
2 21635
2 19724
2 30551
2 30954
1 1082 19151
2 35938
2 11578
1 21233 25412
1 30444 19480
2 3692
1 36350 3555
1 659 12711
2 17561
2 17123
2 3819
1 18314 38103
1 19770 14442
1 35225 11204
1 15512 33111
1 9180 5702
1 20469 6877
1 36996 15972
1 10802 18724
1 9266 31638
1 22529 31906
2 15271
1 27938 34942
1 2649 35228
1 33810 22101
1 20192 3581
2 16108
2 23605
2 9477
1 27968 5401
2 1289
1 18183 22039
1 8046 1154
2 16822
2 4172
2 2272
2 30138
1 21859 21722
2 24434
2 16966
2 25257
2 31351
2 22250
1 27604 27380
1 20946 19351
1 27795 15922
2 19103
1 38263 30236
2 38397
1 2282 33547
2 21264
1 3264 26232
1 8708 21900
1 19731 33975
1 27987 9670
2 2711
1 28286 24340
2 3310
1 34247 2780
2 35461
1 6761 33715
2 94
1 4189 30131
2 23207
2 15566
1 18146 5834
1 31654 30640
2 28258
2 7681
2 11172
2 21696
1 37631 10026
2 6663
2 19295
1 20383 21120
1 7521 36731
2 17446
1 36931 7855
1 5324 29507
2 22009
2 35587
2 26278
1 3547 37867
1 21668 7115
1 11155 35410
1 6193 5951
2 36146
2 5949
2 24341
1 18844 30545
1 22252 9351
2 1665
1 25287 19914
1 31578 20128
1 27018 37281
1 30176 8160
1 20721 26874
1 24043 20074
1 29546 22467
1 37990 32506
2 37186
2 6002
1 17858 25865
2 6925
2 28692
1 13387 28483
1 26450 33527
1 10051 11695
1 19627 18996
1 26268 11889
2 20039
2 34301
1 14535 26382
1 11914 3811
2 19951
2 17615
2 649
1 5522 14220
1 8357 13766
2 31012
1 30133 10429
1 5523 31550
1 29197 12245
1 35157 28454
2 37547
1 37595 18717
2 11529
1 2234 14234
1 4868 1278
1 8619 12949
2 15101
2 34855
1 25990 16654
1 38244 15110
1 24984 24526
2 17120
2 3903
2 22447
1 9269 17782
1 20116 19148
1 14257 29672
1 35601 21706
2 12045
1 8767 13712
2 26133
2 29722
2 11360
2 3990
2 36436
1 14762 19606
1 8466 17075
1 20004 15132
1 23125 1777
1 13199 21364
1 32267 32379
1 5621 1868
1 1442 27765
2 36180
1 13369 18131
2 11831
1 36773 24647
2 20444
1 10621 24110
1 1516 37701
2 27374
2 29472
1 31072 13865
1 29718 34721
2 9819
2 35478
2 34753
2 35895
2 19814
2 3163
1 25540 29163
2 27895
1 30404 20430
2 12092
1 12108 6570
2 14510
1 34107 12054
2 26321
2 4987
1 31350 37469
1 18401 22486
2 16708
2 11767
1 34887 9982
2 21305
2 377
1 4991 14868
1 25404 1788
2 25632
1 26855 35022
2 23389
1 37365 8795
1 25729 23937
1 30717 10636
1 23444 28906
1 28265 17825
1 13915 18840
2 28584
1 20534 10855
2 31676
2 18294
2 34587
1 26 305
1 10597 34283
1 7503 33349
1 32380 23392
2 8803
2 15074
1 20785 1980
2 16146
1 10296 36471
2 401
1 19977 24892
2 32618
2 10910
1 18201 37373
2 30319
1 5202 24508
2 9971
1 16533 12542
1 37979 22960
1 6908 1643
2 28908
1 10951 453
2 4516
1 31040 27945
2 33258
1 6546 11055
2 638
1 29556 12840
1 13049 26042
1 27027 36330
2 27093
1 34722 9605
2 8735
2 37212
1 37262 18581
2 15658
1 8755 26351
1 14054 15164
1 16545 813
1 29 38320
2 2759
2 28464
1 22797 32457
1 16073 36857
2 33550
1 16349 22310
2 30871
2 38075
1 27972 38177
2 4401
2 4983
1 5013 25655
1 14253 16173
2 2155
1 4038 14417
1 36510 29742
1 12047 16478
1 4737 35668
2 17619
2 27158
1 33024 18623
1 11105 24472
1 22635 2991
1 15520 22546
1 2253 13384
1 33104 29230
2 7698
1 26571 11884
1 32692 13183
2 5586
1 37349 11611
2 1409
2 22044
1 25486 16541
2 30397
1 38069 36245
2 10021
2 31544
2 29428
1 17115 31806
2 31183
1 25552 37479
2 25013
1 27665 18155
1 37905 13117
2 30274
1 21050 19222
1 19097 2200
1 4023 16805
2 10533
2 27566
1 33585 10129
2 7471
1 19722 21579
2 87
1 19537 25056
1 33007 34081
1 3842 35348
1 34269 35487
1 32798 400
1 23403 13102
1 6999 17804
2 327
2 15404
1 10561 29195
2 12910
2 28675
1 12430 24060
1 8808 13927
1 25766 36063
2 14497
1 7539 27248
1 4356 20299
2 3052
2 1813
1 8534 12404
2 34858
1 27523 31218
2 25756
1 22147 32435
1 37215 19611
2 38394
2 30164
1 8598 19953
2 29629
1 29309 33617
2 19468
1 37698 22859
1 27121 16901
1 7154 6678
1 35101 18775
1 30986 331
2 31770
1 21526 36724
1 8781 37146
1 10104 23709
1 33956 33350
2 31855
1 29059 28939
2 14072
1 30334 460
2 3439
2 29669
2 24538
1 22160 34621
1 29529 19262
2 10010
2 31970
2 30797
2 29053
1 35920 29817
1 27891 15809
1 1316 1746
1 12800 28357
2 19755
1 22309 29056
2 12738
1 11596 20229
1 3031 3340
1 17927 17302
1 25118 11278
2 2390
1 23578 1655
1 34492 12699
2 31648
1 14161 2350
1 19762 8214
2 4663
1 10689 24187
1 5506 15592
2 4888
2 25054
1 27010 24773
2 10383
2 28565
2 5388
1 35841 29769
2 36994
1 16064 9351
1 22023 3224
1 25485 5877
1 14541 13534
1 33315 34552
2 25821
2 3700
2 12296
1 2716 10550
1 34590 10345
2 27781
1 36165 20971
2 31409
2 8363
1 35303 24800
1 22179 3534
1 14188 2960
1 20586 23073
2 15895
1 37606 25021
2 4396
2 22327
1 38321 22120
2 12206
2 36982
1 20774 4386
2 34663
2 35972
1 19394 384
2 5308
2 951
1 7086 25484
1 4311 20715
1 27323 12994
2 25966
2 11150
1 7599 23127
1 29016 6921
1 1159 24647
1 5604 7058
2 8670
1 36183 10398
2 19691
2 9048
1 15616 12054
2 33
1 37207 9565
1 21206 21513
2 27908
2 34490
1 21960 24973
1 38160 33233
1 37373 18420
2 8123
1 11939 5293
1 33748 16155
1 7155 19740
2 29945
1 28387 5981
2 3613
1 26479 26153
2 22311
2 25102
2 25963
2 29015
2 11792
2 25849
1 6994 16125
2 33533
2 12022
2 12038
2 20580
2 36445
2 21341
1 37854 7164
2 20540
1 25307 25530
2 28231
2 37877
1 11676 4055
1 28522 31823
2 16624
2 33705
2 38349
2 35999
1 34054 27049
2 20673
2 32938
2 33286
2 31734
2 37814
2 37513
1 1900 4531
1 5881 26944
1 1576 38388
2 6237
1 12898 21835
1 18874 9771
1 6316 24112
2 17972
2 15503
2 5985
2 32267
2 14116
2 24144
2 33688
2 28769
2 22152
2 5492
1 18892 1824
1 30960 13553
2 33238
2 9453
2 5492
2 7571
1 2679 24103
1 31318 5807
1 7472 2406
1 30138 38030
2 32360
2 6717
1 37025 37234
1 8018 14483
2 8126
2 13530
1 18314 29582
1 13173 26624
1 25938 17363
2 23785
1 37806 29606
2 23800
1 10981 35908
2 38211
1 19172 32198
1 12583 608
2 30725
2 26899
1 26067 1354
2 33814
2 24908
2 4248
2 33085
2 1881
2 25320
1 514 1496
2 21766
1 5741 37039
2 2482
1 5120 3227
1 1245 32646
2 13428
2 6041
2 27744
1 25778 18691
2 20453
2 20780
2 14610
2 12991
1 15668 28506
2 19782
1 32609 7332
2 22595
1 31582 19451
2 9148
2 1481
2 29319
1 21391 11430
1 34500 37521
1 35232 1194
1 21600 9716
1 22 781
1 20209 18778
2 28461
2 18250
1 19925 14857
2 30143
1 26902 5734
2 20047
1 21339 18453
2 9653
2 5979
2 14656
1 12236 36760
1 21961 13419
2 4146
1 17036 34912
1 28864 10317
2 3123
1 954 29255
1 25230 22384
1 20764 26797
2 8064
2 23264
2 16741
1 15151 8231
2 32425
2 23462
1 25904 38146
2 11344
1 29851 34588
1 21162 1348
2 3999
2 19169
1 20780 19264
1 6673 16080
2 17722
2 7825
1 5161 1738
2 8898
2 14559
2 15574
1 34777 18232
1 27374 24819
1 19738 16203
2 28988
2 360
1 33340 16416
2 26112
2 16487
1 27951 17154
2 18029
1 33968 16845
2 36216
1 12297 20518
2 11095
2 36386
1 6665 20324
1 29548 11709
2 27036
1 4805 7711
1 9435 6640
2 36740
1 24064 5137
2 1604
1 17275 23134
1 9684 11334
2 25411
2 25681
1 20593 26853
2 25414
2 6470
1 5616 37477
1 30522 32592
2 24522
2 24935
1 24717 20854
2 13591
2 23526
2 26710
2 16755
1 12947 26578
2 1686
2 37807
2 28244
2 28030
2 29190
1 15643 398
2 28381
2 15962
1 14034 4054
2 9617
1 10470 21786
1 18543 32764
1 5620 22957
1 37447 29393
2 28777
2 5800
2 19468
2 36970
2 11974
1 4637 11224
2 26580
1 3730 4883
2 34835
2 2206
2 4825
1 34733 5625
2 8624
2 1116
2 5873
2 19952
1 24424 32817
1 27665 18553
1 35110 20302
2 1042
1 6191 7033
1 29940 29882
2 18315
2 15852
2 34289
1 6762 22114
1 1430 4740
2 20839
1 9414 25828
2 26695
2 22577
1 34001 11761
2 3885
2 24162
2 6014
1 14323 7209
1 38079 8386
2 28373
1 4020 32263
1 30350 14274
1 8428 21663
2 36675
2 29849
2 33320
1 102 30576
2 26421
1 24809 272
1 24113 17253
1 19072 6147
1 28433 32451
1 35292 10970
2 2802
1 18623 21346
1 29452 13865
1 2514 29349
1 19878 16759
2 22056
2 36696
2 3320
2 5948
1 17491 37227
1 26666 11238
1 10539 14709
2 505
1 5432 2700
2 26911
2 21632
2 22565
2 7435
2 6621
1 14229 18393
2 38228
2 23272
1 30137 11086
1 19639 3055
1 21735 17381
1 6717 13186
2 30148
2 29923
1 32787 15181
2 8368
1 17926 34400
1 7878 1786
2 19892
1 4013 36934
2 31379
2 16125
2 27149
1 37196 24847
2 2262
1 33539 34069
1 29912 7402
1 30725 17143
1 30587 21991
1 24205 27874
1 31154 20941
2 276
1 30732 38141
2 4186
1 3197 32516
2 30909
1 30524 15645
1 17498 9429
2 21501
2 32834
2 33296
2 32539
2 17188
1 5986 10981
2 518
2 3844
2 6861
2 4126
2 29466
2 3821
2 14759
2 36048
1 13148 17514
1 36970 27043
1 23684 1874
2 30288
2 22179
1 33980 2081
2 16403
1 7330 26220
2 35660
1 16795 4661
1 24440 27249
1 21444 19761
1 8940 22699
1 28606 7719
2 21701
1 14456 22210
2 19906
2 27345
2 30785
2 648
2 35869
1 13738 16679
2 37858
2 21090
1 29300 30496
1 10797 20804
2 10018
2 21955
2 33384
2 31968
2 10387
2 10117
1 1445 33040
1 3166 37014
1 2199 36062
1 21215 17549
2 31849
2 30705
1 15669 7765
2 29798
1 16309 30753
1 9055 25057
2 15419
2 27356
2 8109
1 36939 35641
1 30160 8740
2 15574
2 31125
2 24404
1 29529 10404
1 13499 27826
2 35745
1 11782 23406
1 11236 7237
1 29422 32134
2 6110
1 11021 28069
1 34795 18878
1 26474 33854
2 1291
1 8664 37420
1 7354 20006
1 23117 766
2 18754
2 10634
1 26471 20944
2 23655
1 25943 21095
1 15704 32662
1 665 19648
2 16103
1 28197 32777
2 33530
2 34288
1 31622 32199
1 9745 6266
1 21032 22320
1 22168 14486
1 37630 12590
1 27229 32383
2 8744
1 3955 35315
2 34756
1 37271 13175
2 37989
1 28641 3424
1 22002 9289
2 22407
1 14961 21327
2 5693
2 35584
2 1295
2 12719
2 1106
1 21180 14224
1 33386 32530
1 13484 17402
1 38066 27237
2 20532
2 15912
1 12544 7598
2 11248
2 13034
1 31047 2770
1 381 28766
1 4730 1703
1 14662 17161
1 3787 11355
2 28489
1 8875 10767
1 36935 26691
2 5833
1 23573 24311
1 5716 8285
1 26648 6248
2 9730
1 11406 24556
1 9907 23163
2 2247
2 36034
2 6444
2 26196
2 19567
2 23695
1 34820 438
1 9510 6669
2 21756
1 1942 37989
1 20014 13149
1 5220 14094
2 2138
2 4223
1 10450 6355
1 36930 28474
2 21973
1 32876 408
1 7647 7605
2 14891
1 5047 5310
1 2808 18663
2 25565
1 3030 9367
1 15127 18228
1 18326 10573
1 14504 16562
2 15163
2 26423
1 2227 6227
2 5307
1 9530 32619
2 10300
1 21333 25972
1 17592 8153
1 9527 32148
2 30398
2 19152
1 36041 13378
2 18246
1 23605 32008
1 20956 1220
1 27964 1055
2 6121
2 750
1 1651 31297
1 9171 9674
1 3455 7857
1 17270 19719
2 20751
1 9828 37439
2 15696
1 28953 35045
1 5287 31357
2 4394
1 21626 32067
1 11544 37968
1 15027 16444
1 17190 21736
1 30405 15827
2 4445
1 16293 24459
1 30430 25163
2 12234
1 14278 19700
2 32142
2 23049
1 22539 19359
1 34776 32313
1 6916 3757
2 31353
2 12194
1 6725 28779
1 6412 9192
1 23650 9416
1 33017 23517
2 13728
2 32512
2 9854
2 31831
2 23228
1 10655 34313
2 21527
2 18669
2 36248
1 11897 4231
1 12063 35093
2 16788
2 35276
1 7597 25936
1 1172 16846
1 25132 27742
1 33438 27982
2 17485
2 14335
2 24906
2 12357
1 11613 1756
2 35378
2 26649
2 6810
1 26911 25154
1 6057 29183
2 16661
2 36342
2 428
2 27383
2 11340
2 29967
2 28120
1 13579 10963
1 38370 2183
2 19814
1 15447 8074
1 31870 32722
1 3406 11537
2 2536
2 29109
2 9505
1 17977 14179
1 9892 11568
1 30453 38367
1 18461 25385
1 28350 8705
1 19934 6274
1 33183 8530
2 37894
2 1328
1 35653 31764
1 15465 11411
2 13949
1 37880 30000
1 22907 4928
2 11357
1 23885 36646
1 26613 17651
1 1337 22187
2 2817
1 33166 17100
2 11649
2 17886
1 7007 28153
2 10353
2 31276
2 15119
2 8001
2 33717
1 1351 32610
2 13551
2 13054
1 30151 38029
2 5665
2 37981
2 30031
1 26716 32240
2 5634
1 20221 17954
1 10669 19045
1 7368 34956
2 12749
1 7019 21957
2 25481
2 26661
2 10605
1 29898 12909
2 22902
1 975 27750
2 36244
1 15242 16645
2 3117
1 4502 19736
1 11613 23843
2 24031
2 20726
2 35369
1 1621 22341
1 13128 36056
1 32771 7019
1 18014 21162
1 22943 8390
2 18480
2 15910
1 10396 11730
2 11113
2 14610
1 2506 18172
2 36213
2 11935
1 12246 21997
2 24181
2 11337
2 11709
1 7471 37653
1 31765 33648
2 11691
1 11080 38264
2 8695
1 27141 13257
2 21975
2 13025
2 3533
2 22949
1 9931 7326
1 37306 20327
1 25198 32249
2 33049
1 34230 22801
1 1650 29800
1 2727 22530
2 29400
2 8048
2 6853
2 18007
1 13471 12680
2 10346
1 3688 26489
2 25061
2 14829
1 27654 17505
2 33412
2 23281
1 7817 2265
1 17902 6161
1 23297 16167
1 10872 34784
1 37834 13020
2 14030
1 4386 6
2 15724
2 30403
2 34033
1 9537 9035
1 30591 25757
2 22793
1 38296 12604
1 33493 36670
1 4463 1588
1 23949 24048
2 36941
1 14652 22949
2 102
1 34576 12716
2 10797
1 19475 22749
1 13788 23459
2 28082
1 22993 21180
1 28850 34055
2 17349
1 18690 4359
1 33032 33328
1 35535 8286
1 28119 30750
2 9852
1 22910 20501
1 601 11209
2 21201
1 12071 36159
1 8814 21943
2 17071
2 38166
1 17693 19740
1 37890 29360
1 27246 5825
1 6741 23061
2 1879
1 33644 32347
1 31289 3683
1 11963 9820
2 9383
2 21261
2 27470
1 25385 31421
1 7239 15810
2 37880
2 6371
1 27369 19044
2 37142
1 3225 15096
2 18441
2 7
2 13059
1 11205 20986
1 9633 36040
2 9679
1 33225 32622
1 21197 2204
2 21443
1 4048 13370
1 25240 4128
2 11990
1 3829 3583
1 23700 18390
2 16440
2 18471
2 7550
2 17009
2 19175
1 24248 33700
1 21255 16178
2 33005
2 12563
1 23218 7488
1 35252 17700
2 18756
1 4397 3474
1 25945 33174
1 28128 28727
2 28868
1 24952 37789
2 23270
1 25003 21968
2 17687
1 18149 20944
1 17595 24968
2 23148
2 28301
1 11244 6186
2 26369
2 29832
2 10761
2 28548
2 2219
2 12018
2 36164
1 20258 21637
1 6280 4649
1 25758 14473
2 5670
2 19115
1 5206 26065
1 27119 27987
2 6336
2 35170
2 25252
2 544
1 30466 983
1 31235 28754
2 6084
2 5985
2 21756
2 1882
1 32329 23783
2 20362
2 26035
2 9055
2 11067
1 33538 20685
1 5196 28820
2 6250
2 20594
2 14900
1 29615 7448
1 21943 6464
1 22592 12760
1 25402 30446
1 28006 36947
1 1086 22020
1 32432 22601
2 36857
1 13205 24338
2 31411
1 18007 17905
2 3321
2 12435
1 18435 15817
1 26720 33399
1 20856 16995
1 30949 27762
2 3482
1 698 25066
2 36421
2 38274
2 2836
1 33407 35958
2 33939
2 21640
1 11845 20276
1 11361 25329
2 27788
1 31589 6838
1 21345 13315
1 23968 27912
2 7411
2 29211
2 22114
1 26384 5385
2 30025
1 8464 10890
2 20231
1 26778 15376
1 808 21996
1 11958 8281
2 8125
1 6338 34379
2 30986
2 7919
2 18855
1 26988 34964
1 22544 31580
2 29455
2 20724
1 6743 11299
1 5368 33576
1 16448 14027
2 4100
1 21001 15539
1 7041 34017
1 4704 22672
2 30410
2 24696
1 13437 23606
1 33319 35199
1 20634 7256
2 32527
2 7626
1 32826 16289
1 9934 25363
2 27837
2 9938
1 35258 28329
2 35530
1 11051 28175
2 8521
2 29126
2 35698
2 26709
2 15011
2 19245
1 29611 24953
2 20945
1 2525 13550
2 7364
2 15295
2 10496
2 23752
1 18942 565
1 11502 11159
1 1087 2644
1 5773 18342
1 29838 24659
1 32327 27396
1 12654 20984
2 34849
2 2079
1 2038 26573
2 14894
1 36009 3016
1 3940 10036
1 25312 6304
2 27862
2 24269
1 36950 5073
1 15526 18508
2 14664
2 29557
1 34167 26035
1 353 28865
1 24960 31550
2 9451
1 20821 6412
2 23062
1 37003 4972
2 11934
2 11590
2 13806
1 30011 35263
2 26857
2 15082
1 18809 13751
1 3250 3929
2 5541
2 10098
2 6914
2 4440
2 6532
2 27728
2 30091
1 9074 1860
2 32261
2 24686
1 15579 6221
2 17920
1 29953 21195
2 181
2 31551
1 38034 3286
1 32445 3013
2 35093
2 2055
2 5411
2 26785
1 20318 18182
2 1362
1 33330 1885
2 31528
1 38331 15761
2 12591
1 20957 4044
1 21000 26987
2 34356
2 7012
1 2039 20308
2 14177
2 28126
1 4519 6725
1 16827 27715
1 28865 15610
1 26403 25692
1 34605 17005
2 14658
1 35041 9598
1 23863 2308
1 35073 6399
2 13544
1 12705 25072
1 25976 24945
2 23169
2 35442
1 3421 17886
1 1450 14523
1 30459 31431
2 22518
1 27991 32047
1 24983 10200
2 26383
2 7026
1 29689 6405
1 17141 34010
2 5704
2 16125
2 5834
2 1338
1 23617 10071
2 15784
2 24241
2 31381
1 33205 4366
1 28687 867
1 32784 32583
2 23153
1 3352 635
2 2332
2 4324
1 8652 37450
2 35033
1 28972 15155
1 12060 9076
1 30447 9739
1 17482 6314
1 6585 25495
2 17378
1 20352 22185
1 7119 3794
1 1619 31438
2 23912
2 21196
2 32371
1 22007 8347
1 19440 1056
2 13448
1 20780 24937
1 3963 22059
2 27045
2 21050
1 7155 36032
2 8975
2 27582
1 5155 25470
1 3826 29318
1 14815 23145
2 38286
2 29590
1 18788 35649
2 11236
2 10506
1 22262 25354
2 36524
1 37397 28987
1 36021 2254
2 7660
1 29017 21239
1 16017 26905
2 33516
2 7053
1 36783 27546
2 17208
2 28232
2 26180
2 31623
2 19052
1 33102 35022
2 34422
2 15102
2 24228
1 23444 1858
2 36679
2 34352
2 23090
1 11603 13104
2 29630
1 32400 6649
2 17499
1 1595 30887
2 16379
2 25524
1 14364 37659
2 23469
2 21527
2 6168
1 32930 16310
1 8555 23560
2 5455
1 2150 20684
1 620 34833
2 37971
1 1805 2583
2 23266
2 10507
2 5853
2 38129
2 5992
1 14759 37555
1 29609 24177
1 16405 37725
2 35382
2 33153
2 175
1 14310 2471
2 18659
2 12724
1 32211 33260
1 28683 7620
1 36760 18873
1 2860 34962
2 24925
1 9386 18707
1 5186 9017
1 18927 24380
1 19324 34497
1 16821 29242
2 19282
2 36763
2 29593
1 29776 20195
1 11766 5077
1 29078 17579
1 38210 1575
1 2230 1704
1 19903 26275
2 13941
2 8875
2 24592
1 27857 21012
1 11986 4342
2 5747
1 8781 11206
2 5500
1 3086 1925
1 27024 12064
2 6215
1 30246 32055
2 836
2 15794
2 35771
2 17860
1 23455 27460
2 6606
2 17644
1 12844 31326
1 35732 3358
2 27547
2 234
1 11642 26288
1 2696 28700
2 14472
2 34416
2 31265
2 24966
1 9507 7174
2 4698
1 37278 27177
2 13855
2 29908
2 3843
1 33798 36781
2 23557
2 29401
2 2515
1 30703 32439
2 33190
2 4929
1 34291 17578
1 11936 21665
2 5611
1 19020 21719
1 13878 4713
1 9743 9407
1 25155 4676
2 37477
2 9443
1 24579 22384
1 9953 31145
2 20744
1 7646 22991
1 11782 26068
2 14506
2 22362
2 33135
1 19778 14664
1 7699 10852
1 25776 2469
1 2358 36296
2 22690
2 28211
1 21465 22000
2 23109
1 29839 27219
2 15491
1 33276 29111
2 30397
2 9892
2 35025
1 24569 824
1 16623 15052
1 2297 36732
1 5550 5886
1 5546 30957
2 2743
2 32842
1 32530 16614
2 15567
1 15102 2602
1 18820 14343
1 32314 31771
1 13102 31158
1 19131 33577
1 28437 17158
2 14933
2 6874
2 26364
1 2688 21597
1 21761 32753
2 29848
1 9349 5511
2 1494
2 11127
1 18428 29589
2 13895
2 2748
1 13361 8478
1 13960 8574
2 15530
1 10468 6181
2 18789
1 4823 33270
2 9633
2 25733
1 37059 23157
2 5255
2 14520
2 35358
2 25757
1 915 7564
2 34925
1 27117 3218
1 3300 9298
2 4474
1 9932 33042
2 15230
1 17484 19982
2 34910
2 2971
2 3696
2 6098
1 23669 6632
1 14115 3680
1 7278 21680
1 8415 3460
2 33976
2 16840
2 27267
2 34309
2 35743
1 20723 32419
2 3685
2 5194
1 19882 26506
1 36201 21832
1 30149 5577
2 9896
1 16603 3880
1 27597 11973
1 34654 10922
2 32423
2 9171
1 28174 20351
1 34745 4993
1 17489 15318
2 1642
2 19980
1 19446 37034
1 32016 27878
2 15529
2 18646
1 26340 13633
1 10567 7340
1 19892 772
1 10264 12081
1 10204 3121
2 30200
1 30729 26712
2 37274
1 2108 10575
1 36511 1398
2 8641
2 33556
2 2198
2 22226
1 34796 8963
1 711 30378
2 4053
1 19933 864
2 10049
2 19767
2 15958
2 34788
1 38087 28448
1 14660 21967
1 15440 5993
1 6970 14591
1 24570 36982
2 23371
2 7487
2 37250
1 20777 11903
1 30707 5377
2 15545
2 15009
1 31948 30231
2 10688
1 36023 22224
1 6859 36693
2 16649
2 12063
1 31123 19229
2 36195
2 34082
2 26150
2 38246
1 20347 358
2 27565
1 9482 10327
1 29540 14931
1 14694 12897
2 37381
1 2907 6641
1 33597 6813
2 19183
1 34557 12439
1 35606 20622
2 33482
1 33607 35243
2 6025
2 19674
1 35128 11760
1 7999 13226
1 9022 13242
2 37715
1 1880 17633
2 31705
1 16432 35205
1 10822 33452
2 11948
2 36264
1 9999 6437
1 9946 29009
1 26727 5024
2 23510
1 8521 5654
1 29154 91
1 18033 21341
1 18693 21046
1 10947 20
1 3178 21090
1 9000 10691
2 32058
1 31220 37026
1 4926 34141
1 24596 9090
2 2123
2 28737
1 18145 13401
2 29914
1 19833 32833
2 26015
1 29868 24750
1 1914 13618
2 10644
2 28341
2 7249
2 13499
2 76
1 670 25211
1 30980 13235
1 38029 26475
2 18482
1 9050 6490
2 26482
2 35426
2 34775
2 28555
1 34675 3898
1 13698 27226
1 20897 29251
2 18446
2 11478
1 12306 10606
1 6273 11908
2 5446
1 33571 23654
2 14433
2 11594
1 21574 34521
2 37721
1 13324 21637
1 10332 7749
2 30195
1 29472 15537
1 36690 18671
2 17524
2 35830
1 1884 7996
1 16494 16131
1 16964 19147
1 21336 10689
1 10708 3662
2 34324
2 10486
2 25972
1 18946 23580
2 10626
1 37898 13562
1 1202 5095
1 2998 22338
2 18914
1 6013 2750
2 19626
1 30814 27293
1 35175 14016
1 19219 3298
1 3306 18707
2 35920
2 21746
1 22140 20318
1 26464 26834
1 14785 37448
1 17102 23575
2 37186
1 32555 5397
2 31285
2 22809
2 34690
1 28801 29366
1 24142 13201
1 12571 11596
2 30701
2 18851
1 33150 1683
1 5492 1461
1 23673 7908
2 14562
2 28307
2 22195
2 25567
1 1134 33735
2 24774
2 31031
1 14786 3450
1 21058 27158
2 10829
2 3133
1 36579 17095
2 28863
1 3005 24578
1 20803 29127
2 2660
1 4943 2310
1 23060 17691
1 23579 32483
2 24356
1 4905 27443
1 931 4107
2 9580
1 23691 27646
2 18475
1 33867 3186
1 1102 11002
1 23855 37507
1 17010 37125
1 32715 19967
2 17062
1 11884 36673
1 17125 11017
2 28161
2 12463
2 16735
1 30877 22217
1 1742 37363
1 11472 34304
2 14946
1 13416 20490
1 30873 31684
2 35510
2 13421
2 6260
1 21355 5746
2 7989
2 36209
2 35097
2 28963
2 2730
2 19917
1 6606 20712
1 17816 13396
1 19980 37698
1 7932 23497
1 28163 15239
2 1632
2 29228
1 36628 16164
1 10556 4293
2 18819
2 25379
1 29848 3578
1 23931 2733
2 23350
1 32134 1898
2 8969
2 34861
2 1454
2 10604
1 15108 34125
1 15175 30766
2 25249
2 22264
1 20314 1954
2 19907
1 26226 2010
2 25380
1 34754 9462
2 6290
1 25124 37683
2 2416
2 18685
2 7752
1 26823 3308
1 29761 33177
1 21614 18460
2 11051
2 8929
1 19151 2056
1 895 4006
2 18712
1 29086 36873
1 23108 29460
1 36675 7371
1 7095 9972
2 7913
2 32891
1 36520 36954
1 24300 14144
1 31021 16416
1 5916 35826
1 28498 16819
2 24873
1 36691 9473
1 10408 4104
2 1383
1 12418 23466
2 31478
1 26266 13715
2 33811
1 33861 8291
2 36695
2 2962
1 9993 25366
2 15746
2 29399
1 2896 5638
2 34747
2 26576
2 3031
1 34851 23069
1 37311 15964
1 26893 32517
2 15902
2 25680
1 25436 5938
2 16259
1 9485 35799
2 9633
1 9722 17496
1 37070 5746
1 7536 17917
1 27908 30320
1 24780 11695
2 27965
2 33970
1 9147 26534
1 19822 931
1 5796 5181
2 24326
2 6978
2 17257
1 23532 7696
1 1119 27728
1 21971 5267
2 9157
1 13862 6998
2 23935
2 6619
1 2267 10533
1 25015 6798
2 28912
1 16894 37588
2 8928
2 3316
1 19576 24495
2 24500
2 14269
2 14436
2 5814
2 32136
2 29258
2 31590
1 34303 33673
2 25649
2 29300
2 3979
2 16297
1 28350 26859
2 13954
2 1462
2 36597
2 34165
1 23876 33979
1 32741 36210
2 12407
1 20394 8063
1 18417 18016
1 28663 24054
1 12893 6783
2 21110
1 30122 25661
1 33966 8100
1 37494 23040
2 36543
1 14389 36774
1 24508 1137
1 17871 8577
2 21812
1 16959 27300
1 318 34270
1 28750 1526
2 34727
2 35525
2 2624
2 33446
2 29530
1 14538 36830
2 37955
1 3754 3108
2 7111
1 31205 19101
2 5797
2 33688
2 30480
2 17180
1 2171 36925
2 11647
1 11469 3908
2 36901
2 32964
2 6704
2 10364
1 16689 3352
1 34056 6609
2 2509
1 8688 13763
2 30222
2 24094
1 9267 25930
2 5533
1 4816 32421
1 38074 25981
2 5001
2 20968
2 17930
1 6132 10764
1 10327 36336
1 35543 26390
2 15214
1 32277 156
1 36358 35502
2 7706
2 12855
1 37540 32414
2 9373
1 32805 7091
2 8646
1 29238 3213
1 26347 12015
2 5052
1 3952 33858
2 4724
1 13967 28351
2 34665
1 29720 8464
1 14892 29892
2 24612
2 11076
2 9604
1 30632 14565
2 25944
2 6066
1 3374 35060
1 31386 10659
1 16987 21848
2 27780
1 14359 21465
1 22302 10638
2 29241
1 11773 22575
1 3577 5618
2 1452
1 34694 17537
1 24166 18367
1 35128 12490
2 3645
2 28103
1 32564 13638
1 3709 15190
2 1477
2 800
2 6047
2 12776
1 13958 3605
2 12012
2 16351
2 8769
1 13669 7134
2 22597
2 19168
1 14407 19777
1 397 4433
1 24271 6089
1 9298 23782
1 36127 37596
2 6743
2 5884
2 14491
2 10072
2 27848
2 5929
1 6365 28843
2 10185
1 33934 18902
1 31231 36875
1 35909 13114
1 32310 9542
1 27329 9534
2 12497
2 36500
1 14507 17678
2 36316
1 4016 2136
2 28985
2 2876
2 32338
2 18144
1 19384 11965
1 18400 7
2 5342
2 27327
2 24934
2 5637
1 35728 6003
2 8158
1 4543 19253
2 28468
2 18414
2 16469
1 22643 8301
1 9654 22701
1 8790 20074
1 35429 29017
1 19738 19171
2 12525
1 28080 19600
1 3674 18769
1 37401 9272
1 9869 18584
1 24292 28874
2 32229
1 28644 1913
1 35226 28894
2 37207
1 12299 22934
2 19105
2 4063
2 28558
1 19836 37096
2 15968
1 37566 19375
1 13323 3740
2 18991
2 7826
1 5293 11651
2 8155
1 16691 27592
2 8882
1 5294 14500
2 34496
1 12630 15633
2 30121
2 35533
2 15798
2 32809
2 28689
1 7326 19971
2 32275
2 1102
2 6457
2 3838
1 31455 26143
2 4337
1 8826 16996
1 25322 9911
1 35402 34308
1 25749 94
1 31916 28425
2 7314
2 6614
1 34225 19872
2 7684
1 15074 10634
1 14057 26518
2 37433
2 34262
1 37871 8915
1 21295 28197
2 18151
2 34184
1 34447 12063
2 2359
1 30510 12569
2 11188
1 34417 25429
2 5599
2 27428
2 12453
1 20569 1950
2 27266
2 9534
2 6126
2 27896
1 25157 16957
1 19574 9745
2 16667
2 25331
1 30092 25704
2 36434
1 26646 23282
1 22065 11585
1 30653 31980
2 1322
2 28198
2 32453
1 30258 31431
2 31673
1 63 32397
2 14377
2 21666
1 13991 25310
1 11561 23867
2 21207
1 31306 15731
2 23027
2 20977
2 10903
2 10323
2 676
1 31385 32216
2 15011
1 16224 10988
1 25000 10945
1 38321 21908
2 21978
2 21821
2 29915
1 36744 30047
2 26454
2 21224
1 17725 11612
1 19765 27865
2 22800
1 22576 37906
2 13452
1 19432 29634
2 8571
2 31065
2 26421
1 11100 19545
2 12730
1 24458 32977
2 3307
1 17888 26558
2 32218
2 9270
2 16228
1 545 21037
1 25242 8310
1 18102 20174
2 26297
2 35040
1 1785 16051
2 27952
1 720 26073
2 28575
2 35613
1 6634 24275
1 35335 35561
2 6044
2 25174
1 642 14710
1 3247 1378
2 38097
1 6496 29562
2 34619
2 26010
1 24189 16362
1 7962 36354
1 31894 27615
2 17038
2 4651
2 27958
1 3452 5045
2 668
1 4358 14471
2 18434
2 4749
1 19882 21353
1 14580 13807
1 33103 2499
2 4070
1 12367 25135
2 4246
2 14529
1 32094 24887
1 13805 5037
2 228
1 9363 4496
2 8960
1 22986 13391
1 10295 35690
1 25806 6795
1 20914 4041
2 6008
2 28398
2 24700
1 34952 24818
2 16367
1 30112 36343
2 16417
2 18092
2 26613
1 34343 26904
1 13545 25009
2 28994
1 37404 28598
1 19723 24857
1 32538 36586
2 33553
1 23717 1253
1 3848 31625
1 28912 1789
2 20304
2 5911
1 6323 8577
1 28824 25515
2 19822
1 1028 9333
2 14824
1 37093 6211
2 23230
1 20094 28236
2 4898
1 16931 34134
2 19423
2 2099
2 27397
1 25934 7075
2 5612
2 28766
2 23667
1 7805 27451
2 7877
2 17200
2 23466
1 11569 11112
1 11230 15083
2 25123
2 34973
1 810 11887
1 19560 8958
1 23022 29705
2 3479
2 12643
1 624 35642
1 24440 37751
2 22697
2 26425
2 11949
1 35311 30659
1 2625 13486
1 19055 31841
1 10213 9746
1 23996 10717
2 3233
1 12966 29438
2 29937
1 13944 16544
2 5224
2 24586
1 33980 34287
1 11183 19784
2 3930
1 19941 30106
1 5336 25902
2 10041
1 22746 25601
1 3392 4901
1 6696 32267
2 33091
2 38360
2 5515
1 1783 28669
1 11115 36941
2 17345
1 20796 2760
1 16569 22439
1 375 12009
1 3412 27776
1 1352 35157
2 7269
2 10323
2 33181
1 11195 13319
1 11436 19006
1 36576 36131
1 2880 33285
2 30054
2 17029
2 21883
2 23448
2 19253
1 19655 30990
2 25430
2 15098
1 19495 36369
2 15643
1 22267 5283
2 25747
2 31316
1 24139 34399
1 37701 25970
1 4852 26632
2 26423
1 10595 4395
1 15356 28905
2 9773
2 20837
1 37342 23766
2 13744
2 34695
2 14276
1 20802 15454
2 27721
1 35247 33798
1 29913 14318
2 19493
1 17091 19837
1 25846 14261
2 35647
1 35308 23242
1 14736 24498
1 28020 30223
1 14956 17272
1 29 37837
1 387 10226
1 4164 25256
1 37015 31577
1 14631 8317
2 38129
1 17279 31073
1 3492 19691
1 18656 27007
1 15582 30233
1 2968 6874
1 24062 1139
2 27298
2 28774
1 16487 31533
2 14130
1 23541 28861
2 25615
2 27066
2 22081
1 30463 1979
1 864 20015
2 26117
1 33660 17273
2 8147
2 6822
2 846
2 21040
1 22001 35218
2 38199
2 1014
2 21048
2 32136
2 9868
2 3092
2 13241
2 26986
1 36167 34694
1 13034 17505
2 33735
2 8833
2 19105
1 37289 29859
2 3970
2 38403
2 13851
2 38261
2 34157
1 11920 13698
2 9296
1 27013 37146
1 15970 21984
2 33837
1 18139 32069
2 24852
2 33683
2 17626
1 6450 11927
1 17003 4358
2 28939
1 35074 12793
1 37121 9651
2 6881
2 25127
2 15992
2 3656
1 5836 11334
1 30376 13235
1 31476 7723
1 30163 26712
1 33206 11838
1 30426 10191
1 19697 13346
2 15975
1 17088 13996
2 22694
2 36135
2 35480
1 14661 30319
1 27839 26103
2 34966
1 32696 23204
1 34306 22046
1 21448 8844
2 2697
2 30249
1 20760 32058
1 29553 4378
1 9585 32995
1 15202 7174
1 35196 28752
1 18825 25153
1 19035 18661
1 17184 18277
2 27012
2 33363
1 15199 19207
2 5152
1 22068 8042
2 26950
1 6857 27909
2 17467
1 9138 9784
2 20175
2 16778
1 6027 19230
2 1933
1 2952 6426
2 32420
2 35136
1 19423 36566
2 20962
2 3924
1 2437 33153
2 16843
2 22566
1 35447 2478
2 11517
1 751 29548
1 13364 8651
1 36431 4921
2 11552
2 29795
2 14299
1 12197 21390
2 6208
2 36498
2 7853
2 32212
2 28121
2 13318
2 6243
1 36005 13882
2 4318
2 21246
2 8323
1 1270 32474
1 21329 22622
2 4938
2 14123
2 35728
2 34121
1 13727 8090
2 4250
1 24272 4777
2 6076
2 16754
1 8079 20595
2 17569
2 29689
2 6018
2 33209
2 32233
1 32095 37877
2 13974
1 20954 10591
2 17835
1 18897 19021
1 16501 6016
1 6738 6046
2 1264
2 37979
2 25101
2 15587
2 2895
1 25544 13617
1 34645 27776
2 22516
1 14261 18023
2 4136
2 26384
2 19160
2 29324
2 27058
2 15437
2 687
1 2206 22396
1 10106 13040
1 13951 35702
2 6953
1 30998 34526
2 31980
2 10093
1 26100 26448
1 36718 26644
2 22192
1 10400 5018
2 4467
1 5822 19514
2 24336
2 20616
1 38077 33493
2 34254
2 1752
1 2019 9606
2 20477
2 11465
2 21272
2 8308
2 4730
2 17755
2 20444
2 16776
2 25999
1 21779 534
1 34324 14337
2 25210
1 32087 29850
1 103 33960
1 22622 21477
1 34826 22630
2 26576
2 23169
1 589 16894
2 19727
2 10455
1 23927 14015
1 11823 21323
1 29363 13963
2 26264
1 27874 21983
2 24525
1 38396 27565
2 36379
2 23509
1 10131 36291
2 16262
1 30574 3678
2 24225
1 19202 27374
1 11729 31178
2 6818
2 38231
2 30
1 15780 271
1 21310 17797
1 30527 34239
1 17242 7824
2 31697
2 20345
2 35169
2 29288
1 34209 13082
2 16993
2 34394
2 29473
2 3745
2 29445
2 10254
2 12880
2 24920
2 37995
1 36438 10156
2 3549
1 12312 25809
1 19121 25709
2 24706
1 27030 31318
2 7895
1 6338 33480
1 13888 13656
2 27736
1 17677 23181
1 4211 30427
1 8612 7793
1 7754 9254
2 6689
2 21375
1 9916 6909
2 12697
1 7540 26913
2 4208
1 11 26288
1 17744 25463
2 18432
2 31429
2 24600
2 36954
2 10323
1 3698 10990
2 26399
2 26233
2 26980
1 6285 8878
2 9832
2 26340
1 25039 13267
1 4283 29137
1 37301 19507
1 7573 3334
1 721 7625
1 28255 18117
2 5358
1 12416 21671
1 37393 22392
1 19893 38165
1 1988 27968
2 15917
2 36177
1 17507 29961
1 1088 37002
2 7799
2 7968
2 2403
1 2880 22427
2 19884
2 3100
2 25445
1 7947 739
2 21599
1 11687 27935
2 5456
1 28328 14161
2 15271
2 38362
1 32072 13023
1 32132 37577
2 25328
2 36689
1 30717 20831
1 7311 35833
1 12145 7934
2 14553
2 10230
1 9076 7969
1 34861 11656
2 16089
1 12315 34926
1 33433 6772
1 22580 23620
2 33794
1 29984 641
1 14348 17902
2 11719
1 17190 11864
1 27961 15772
1 11559 36466
1 18998 4714
1 14493 18179
1 15774 26031
2 14730
2 23171
2 16958
2 3743
1 12976 3333
2 6997
2 30166
1 6857 32754
1 14859 4977
2 5613
1 935 34197
2 17141
2 611
1 26443 32588
1 31742 4731
2 19531
2 20371
1 18045 28056
1 1707 6704
2 29298
1 28755 8454
1 10822 29828
1 34112 7739
1 38269 35256
1 7342 32942
1 21219 6664
1 30832 12087
1 4007 23245
1 26235 18738
2 26942
1 29056 33020
2 5181
2 14859
2 5813
2 29179
2 14998
1 3506 20422
2 13039
2 15000
2 34349
2 6749
2 29528
2 13982
1 27791 35717
2 23673
1 5687 22948
2 19818
1 479 21816
1 26808 21268
1 20755 24197
1 15198 5219
1 20111 32031
1 23202 10629
1 8719 5181
2 24274
1 7805 29857
1 4466 939
2 13088
1 5043 34465
1 34182 13196
2 608
1 6931 6256
1 7300 1901
2 6083
2 31091
2 26889
2 8797
2 36728
2 2283
2 14347
1 9399 35091
1 28164 28611
2 27640
2 8726
1 10004 13632
2 27144
2 7211
2 23550
2 30768
1 14871 27262
1 22989 4854
2 20647
1 19683 11860
2 5867
1 18591 24607
2 5588
2 14969
1 23422 8632
1 28209 4830
2 14962
2 17072
2 2184
1 16586 15439
2 36067
2 30482
1 8503 22339
2 26794
1 38035 10874
2 28029
2 32231
1 18698 35206
1 37467 6321
1 31102 4488
2 24015
2 13657
2 18332
2 30252
1 12590 18753
1 37916 7963
2 8167
2 11882
1 12468 25490
1 16550 26521
2 8509
2 12537
2 29186
2 18903
1 534 3222
2 27389
1 9644 37149
1 7221 916
1 16602 3560
1 20265 27396
1 37947 22773
1 38002 15272
2 30193
2 28316
2 13837
1 37558 10013
1 27718 5869
2 26781
1 2322 31550
1 19025 17776
1 8338 13326
1 35832 37402
2 16385
2 19239
1 18783 1143
1 16717 8027
2 20977
2 6269
2 13467
2 6412
2 30658
1 25078 37768
2 1349
2 10459
2 37415
2 38010
1 35945 28860
1 19461 18626
1 28660 2476
1 17021 13081
2 35630
1 3725 4415
2 34915
2 16682
1 36461 25785
1 32259 30415
1 27473 7067
2 12513
2 2232
1 30831 11511
2 12748
2 37030
2 25539
2 16255
2 35126
1 9468 38389
1 33608 23834
1 13603 19416
2 37765
2 9730
1 24914 30385
2 14556
2 35982
2 30158
1 22240 25806
2 6871
2 124
1 17824 31282
2 661
2 17159
1 34484 3224
2 22772
2 9875
1 33776 35231
1 8661 10709
2 10341
2 26831
2 17768
1 31330 10934
1 30533 32635
1 10089 8016
2 19369
2 8987
2 23873
1 30494 22391
1 2777 20841
1 37794 26736
1 17349 14080
2 15045
1 2479 1402
2 30519
2 29607
2 37886
2 22126
2 19922
2 318
1 26017 19824
1 20486 2742
2 15717
2 12485
1 18409 11827
1 20556 31179
2 7033
1 18070 33683
2 19458
1 7815 35957
2 22336
2 10710
1 37741 35639
2 15313
2 16331
2 18491
2 23455
1 32739 37990
1 22277 7192
1 14129 12622
1 28015 15622
1 19391 1259
1 27456 16003
2 30015
2 16258
2 361
1 4398 4357
1 13322 37241
2 28839
2 18174
1 28501 14019
1 20044 5107
2 31997
1 14677 34788
1 7246 9694
1 7459 15222
1 5429 8540
2 27287
1 25817 9656
1 26383 19593
1 15183 19930
2 13614
1 15931 28405
2 13061
1 5748 9461
2 33433
2 27753
1 23751 34442
2 33819
2 16698
2 5277
2 34874
1 35737 22902
1 862 18454
2 8347
2 19283
2 36705
2 13140
1 30272 28121
2 26216
1 33823 21569
1 10735 21283
2 24886
1 17256 34537
2 14643
2 30865
1 14512 28892
2 27207
1 27430 31941
2 37675
1 14553 16454
1 28155 25972
1 26708 27724
1 34008 25039
1 30808 16524
2 1331
2 1700
2 38230
1 32454 26000
1 13732 31926
1 7975 15777
2 12034
1 1862 13831
2 10840
2 21507
2 34884
1 36417 8730
2 24123
1 23447 8245
1 16539 14363
2 33753
2 37591
2 28664
2 13112
2 21331
1 12889 28019
2 28198
2 26724
1 23057 22074
2 27600
1 29740 27303
2 10864
2 7697
1 3972 23106
2 19568
1 27301 34515
1 16951 28534
2 37426
1 36463 4389
1 19720 3176
1 6937 8556
1 28599 13051
2 13946
2 9115
2 17906
2 13067
2 9925
2 32928
2 15910
1 33882 29815
2 36592
2 35934
1 14164 16664
1 31554 14464
2 14011
1 10242 9992
2 33256
2 10472
2 7349
1 656 4739
1 23076 6683
1 26467 19155
1 34821 33812
2 14042
2 3133
1 27470 13721
2 32429
2 12567
1 162 16039
2 8278
2 4515
1 10252 28784
1 6305 1444
2 34556
1 22527 7572
1 26848 14614
2 22694
2 15640
2 4723
1 32213 6132
2 3218
1 20596 6645
1 37161 22671
1 28624 23428
2 22692
2 11023
2 27284
1 9106 10978
1 33137 15636
2 22995
2 22709
1 27541 25102
1 20814 1413
2 35691
1 25573 18335
2 21390
2 19574
2 8489
1 24068 3535
1 19490 17922
2 38202
1 17424 18741
2 18314
2 21707
1 32047 6034
2 9779
1 27686 37406
2 34463
2 24211
2 28909
1 34691 25589
1 24834 26383
1 14534 14141
2 26806
2 28704
2 5725
1 29043 2155
1 18540 32160
2 31551
2 29316
1 17516 2165
1 16561 29899
1 26524 33739
1 30195 3245
1 23149 36016
1 19464 26521
1 17436 34089
2 35883
1 37468 20846
2 11328
1 10370 37699
1 15448 13221
1 11034 27396
2 32600
1 30828 10165
1 28019 17930
2 33340
1 36923 12390
2 37532
1 23377 36798
1 32192 23328
1 7515 31823
2 25545
2 26537
1 24783 15087
2 23340
2 22257
1 16187 17111
1 27286 37820
2 1495
1 4268 14434
2 14245
2 26333
1 7730 9404
1 9819 17366
1 26870 3406
1 29575 3366
1 18450 9156
1 36660 31714
1 23458 13544
2 22042
1 4332 37499
2 26578
2 11239
2 28621
1 869 26679
2 4450
2 34308
1 31892 35920
1 29756 7752
1 23997 20860
2 19854
2 31261
2 37854
2 15083
2 26240
2 14982
2 3241
1 16569 31950
2 22357
2 23406
1 20375 10005
1 6640 36635
2 6841
1 15933 4912
1 25237 6048
2 7454
1 595 31273
2 37567
2 26347
1 17556 30932
2 31666
1 33871 35448
2 4867
1 9992 16791
1 24849 2241
2 34560
1 8798 18206
2 13258
1 21156 201
2 30480
2 34688
2 9666
1 31093 19988
2 14229
1 17403 26157
2 3379
2 29771
1 25149 23868
1 35059 21491
1 36609 14246
1 867 26294
2 708
2 5841
2 3447
2 17169
1 10434 5393
2 15561
1 23947 22763
1 28940 19999
2 9736
2 2699
2 21874
2 23260
2 31548
2 16051
1 19308 36424
2 26296
1 3565 14049
1 32726 37496
2 11369
1 18297 26304
2 241
1 7711 4400
1 34705 78
2 29972
1 23948 16907
2 157
1 8861 4757
1 26605 18184
2 2464
1 29922 12186
1 4111 6156
1 17046 19342
2 18988
2 10803
2 8713
1 3210 2958
2 37869
2 35484
2 20053
1 9737 14347
1 16802 5841
1 28800 24384
1 30332 19729
1 29939 20737
1 5751 27218
1 34627 10940
1 8269 32202
1 27711 18798
2 615
1 24643 34841
2 13270
1 30417 1449
2 2763
1 32626 4914
2 13444
2 8716
1 8036 15556
2 30220
1 31087 33672
2 33772
1 33154 12152
2 13498
1 31438 13343
2 35663
2 17227
1 26466 14825
2 13350
2 30362
2 3153
1 29199 1313
2 25083
1 32433 30222
1 1950 6856
2 4345
2 3628
2 22418
2 6681
1 6115 12508
2 36473
1 1453 5881
1 17557 8672
1 33219 30649
2 3350
1 36377 19167
1 6945 30135
2 15076
1 33298 23912
2 14452
1 26157 25293
2 25271
2 32559
2 9927
1 30810 26030
1 446 7209
2 27429
2 1799
1 20809 10119
1 11917 28531
1 19708 9485
2 33471
2 15740
2 34292
2 13994
1 32489 17773
1 25670 15578
1 5760 19037
1 32220 35728
1 18491 29867
1 7277 34948
1 25900 18177
1 11293 14807
1 21444 29980
1 15472 29109
1 1776 34230
2 20932
1 8814 38193
1 31110 11847
2 20296
1 4961 5784
2 18311
1 5455 3553
1 8944 34910
2 32860
2 25183
1 19891 147
2 4373
2 18364
2 22529
1 9371 16632
1 1418 34349
1 18253 24966
2 7060
1 22789 34279
2 28053
1 4354 9733
2 22842
2 29060
2 13797
1 15737 31641
1 26414 21753
1 9829 30689
2 21110
2 19646
1 35217 4095
1 3084 30551
2 10250
2 28405
2 4500
1 28096 20031
1 3678 27567
1 536 18645
1 28647 3734
1 26463 20097
1 28303 5203
1 17265 1336
1 17076 33366
1 29800 8250
2 29803
2 30044
2 1863
2 23975
1 13032 927
2 25241
1 10446 31480
1 3551 26579
1 9490 38225
2 25116
1 8871 20372
2 33831
2 34507
2 26287
1 10866 4676
2 10978
1 212 4446
2 128
1 3438 6014
1 11472 11987
2 10296
1 33366 3211
1 36712 29357
1 28981 10332
1 7401 36054
1 27542 36683
2 10719
1 5716 194
2 30805
2 5648
2 16131
1 930 8843
1 32217 3421
2 31099
1 5372 14735
1 31398 21182
2 25455
2 9432
1 13484 17744
1 13718 4245
2 19975
2 26114
2 32731
1 18600 27179
2 12790
1 8929 18722
1 6814 17624
2 37327
1 21356 5633
2 31871
1 22126 17513
1 35341 6061
1 20835 28991
2 30189
2 32737
2 23035
2 2791
2 27883
2 16405
2 1934
2 4722
1 17828 22300
1 11216 1245
2 12634
1 27159 12422
2 21730
2 32829
1 30982 10528
1 863 35874
2 34785
1 9843 18112
2 11315
1 748 15547
1 34677 33378
1 29127 33908
2 13699
2 20616
1 19364 5249
2 15807
1 33155 5991
2 26150
2 27013
1 34671 32140
1 806 1066
1 29190 6747
1 1060 15000
2 24141
1 38170 6251
1 22561 31531
2 27186
2 28378
1 33078 6888
1 14446 4322
2 6641
1 23554 16012
1 19809 6035
1 17056 29655
2 2668
1 21497 21441
2 20326
1 29249 1275
2 21396
2 31700
2 32758
2 8149
1 37555 17631
2 12636
2 19037
2 35428
2 22619
2 16734
2 5749
2 37717
1 13019 37541
2 36701
2 23629
2 19291
2 24988
1 23017 31805
1 6880 26924
2 32398
1 150 697
2 36278
1 19288 22105
2 25594
2 7226
2 34490
2 36366
2 7998
2 13296
2 20980
2 9746
1 6302 8479
1 19589 3778
2 22007
2 24000
2 19689
1 10291 20582
1 28735 9946
2 4472
2 28289
1 12087 16584
1 15987 21997
2 21452
2 37399
2 7862
1 14222 35865
1 931 24733
1 20305 6917
1 33620 31092
2 32033
1 20192 25459
1 3182 25382
1 18869 6662
1 30411 24914
2 8160
2 12661
2 9209
2 1866
2 32167
2 34668
1 11877 16806
2 20768
1 7807 12773
1 26850 12391
1 1857 29201
2 26874
1 1964 34773
1 20854 20966
2 33451
2 27621
1 13191 33909
1 16781 34999
1 11916 34093
2 37735
2 32538
2 10451
2 14162
1 10000 12893
2 26956
1 32747 36597
1 12978 17801
2 7771
1 27251 709
2 32488
1 29839 23119
1 7153 12411
1 35360 7343
1 13449 5389
2 13873
1 35598 37825
2 27060
2 34369
2 374
1 34101 16424
1 36202 30565
2 4806
2 30070
1 31499 4004
1 2562 28284
1 14049 3503
1 38190 37568
1 21842 19350
2 4979
1 20557 15444
2 2175
1 3179 35724
1 2318 23387
2 4740
2 32106
1 32471 27045
2 13831
1 31919 125
1 19995 25709
2 21313
2 9681
1 24699 11004
1 21645 32330
1 12843 22293
1 14595 4422
2 18809
2 7900
2 27505
2 13987
2 28153
1 256 31873
1 1169 36065
1 11943 14364
2 5756
1 34230 16097
1 28943 19452
1 27409 36732
2 17533
2 19063
2 12945
1 2585 5940
1 14303 25654
1 24870 14908
1 7816 9303
2 8169
1 36303 33008
1 36271 37256
1 26141 24772
2 36721
1 8374 25594
2 21338
1 28554 31626
1 3654 6658
1 3946 16339
2 12897
2 4833
2 28700
2 19418
1 37112 32654
2 12591
1 22239 36781
2 10218
1 11481 36155
2 29050
2 36997
2 22274
1 27942 37233
1 20902 33695
1 15527 32051
2 12541
2 18296
1 6933 12510
2 8921
1 25503 32051
2 33875
1 38060 27554
1 12058 28811
2 8003
1 1736 7355
1 16350 18775
1 1504 3298
1 30385 15126
2 10084
2 37671
2 26606
2 19414
1 16673 34779
1 28268 18706
1 14327 11292
2 4616
1 4618 1619
2 37601
2 27343
2 8138
2 33266
1 12913 31612
1 36680 14018
1 7191 18725
2 25657
1 32486 5347
1 37229 20395
2 22307
1 36993 24625
1 37172 18225
2 33699
1 29585 18163
2 2686
2 35414
2 11691
2 23824
1 432 15148
2 24977
2 22981
2 29897
2 13217
1 25130 779
2 19137
2 38386
1 14359 2542
2 20104
2 5673
1 20408 14912
2 24895
2 388
1 33088 10854
2 18800
2 21525
2 18641
2 463
1 13572 24975
2 4288
2 19196
2 30883
1 3500 7975
2 8049
1 29698 21473
2 468
2 30948
1 35690 7987
2 5163
2 32064
1 4606 3054
1 37391 3620
2 34720
1 2931 32977
1 37337 26382
2 31328
1 19152 17657
1 6971 3025
2 20948
1 28769 8858
1 25793 22610
2 38155
2 32851
1 985 529
1 13880 20339
1 220 29405
2 27100
2 20266
1 12202 28893
1 755 28176
2 24099
2 4040
2 14152
1 862 21767
1 5848 25011
1 35502 15735
2 23023
2 12130
2 11316
2 23923
1 9024 10132
2 37419
1 9568 30700
2 36604
2 27027
2 33492
2 10825
2 34659
2 10430
2 28802
2 29449
2 2500
1 35856 33652
2 4408
1 32699 24479
2 28712
2 37356
1 32560 8988
2 30739
2 36865
2 6948
2 23930
1 32872 31898
2 22255
2 17195
1 36876 32078
2 2873
1 33982 18227
2 27297
2 69
1 9200 33631
2 29261
1 22360 7786
1 24667 6739
1 3487 23771
1 17558 17377
2 1382
1 31427 21118
1 8058 33655
2 5282
2 18106
1 18854 4655
2 15899
1 6916 12533
2 21763
1 18566 21529
1 20942 28113
2 2311
2 18730
2 27841
1 29906 20902
2 22496
1 7514 28786
1 29436 11365
2 3942
1 26518 19785
1 3840 11402
1 22250 14831
1 18076 30220
1 22280 12284
2 6806
1 7691 3910
1 8303 21897
1 18020 10945
1 5090 32732
2 4254
1 3149 1861
2 858
1 34597 8092
2 17941
1 767 32784
2 1582
1 9364 6038
2 3959
1 18533 21072
1 34698 27092
1 25793 2308
2 22959
1 18973 7762
1 27865 4657
2 2094
1 1978 19002
1 8609 5161
2 37829
2 29066
1 27023 25702
2 12918
2 6823
2 34074
1 14348 35468
2 37232
2 12003
1 20075 7000
2 19800
1 35726 15074
2 25176
2 17192
2 29940
2 24277
1 23237 29311
2 25743
2 27975
1 8841 35031
1 12448 26995
1 11319 10948
2 36348
2 16325
1 36437 14257
2 17841
1 34177 14789
2 6225
1 10710 8834
1 21384 34466
1 11454 36904
2 33708
2 13858
2 8337
1 21193 2600
1 9723 10650
1 32494 5528
1 22537 33912
1 21552 20542
2 10824
1 27930 17806
1 13537 2168
2 9661
2 32989
2 22764
1 37054 8205
2 37442
1 27752 25328
1 33962 29665
1 23479 25483
1 33972 26310
1 16527 13789
2 34109
1 31979 19731
2 34174
1 20075 3937
1 7426 28978
2 36780
2 28218
2 24377
1 1882 24148
1 18216 31411
1 1601 24506
2 22260
2 5527
2 4760
2 27737
1 35789 6326
2 24677
2 32560
2 27839
1 16478 28278
2 2197
2 1673
2 6618
2 9270
2 3099
2 30936
2 26469
1 37331 5240
1 26920 34866
1 5223 11791
1 13462 5878
2 3299
1 34471 7696
1 3022 10352
2 27746
1 29756 33700
2 21934
1 16460 32252
2 17771
1 29023 28444
1 27349 32377
1 30698 9344
1 25447 18886
1 21026 16242
2 20136
2 10220
2 1198
1 3969 15403
2 23477
1 19558 21330
2 3774
2 12854
2 36534
2 8395
1 34172 22268
1 26239 9319
1 494 16566
1 31338 34990
2 24183
2 23414
1 8895 7850
1 14521 27476
2 19251
2 37029
2 37792
2 17136
1 29568 11804
1 23622 19270
1 35272 34577
2 24409
1 9400 34479
2 13753
2 38221
2 31214
2 17082
1 34486 10189
1 6784 32838
1 8331 25417
2 16559
1 7593 3171
1 31898 5947
2 18770
1 23236 36363
1 37147 33733
2 2150
2 9369
2 29029
2 14847
2 28815
2 33402
1 35208 15101
1 19466 38266
2 10583
1 2280 31791
1 9962 33146
1 11760 32853
2 14668
1 27056 22968
2 33992
2 13549
2 10929
2 12599
2 29104
2 34662
1 3111 24228
2 23809
1 817 10612
2 16904
2 3659
1 37597 7303
2 427
2 21353
1 7497 28432
2 8569
1 29300 7225
2 15962
2 25978
2 11994
1 26727 21972
2 26616
2 8707
2 14155
2 4462
2 35827
2 22782
1 14600 35557
1 5934 23143
1 23359 35809
2 27084
2 19325
1 13302 990
1 23265 37491
1 4467 24560
1 13256 21501
1 19604 36573
2 15772
1 17322 3453
2 31526
1 24997 20014
1 529 35951
2 8419
2 32787
2 2061
2 23945
2 22981
2 22220
1 15163 37155
1 3 19657
2 19055
1 23281 5183
2 35104
1 30059 16061
2 7027
1 9376 19419
1 28518 13997
1 34477 1934
2 38200
1 32559 36026
2 21180
2 14643
2 34274
2 12485
1 38070 18247
2 10565
2 17772
1 1972 26995
1 15704 15283
1 3345 2426
1 38316 8836
1 36831 26258
2 31121
2 28853
2 27793
1 38271 34389
2 11806
2 1649
1 26689 14025
2 34209
1 13822 20773
1 36237 36329
1 18076 2410
1 943 36009
1 4997 6584
2 18363
1 23707 18533
2 6290
2 303
2 735
1 1559 23877
2 23298
2 8006
2 23315
2 19058
2 36458
1 16607 5912
1 16950 11359
2 34720
2 14567
1 22380 456
2 33869
1 36259 25234
1 10816 11881
2 23851
2 29572
1 24824 33450
1 26552 1366
1 27283 23153
2 18304
1 26738 25446
2 14029
1 32220 15225
1 30773 11978
1 18282 11879
1 6944 27211
1 28899 20303
1 31632 1153
2 1461
1 17456 1651
1 35839 34150
1 7537 31859
2 18227
1 9960 25668
1 23516 5589
1 17218 4723
1 22040 32535
1 35153 16918
2 24759
2 18423
2 29120
2 816
2 19979
1 24397 10886
1 11370 27548
2 22925
1 16695 13290
1 13386 33466
2 30820
1 1047 10982
1 8348 19218
1 4514 25905
2 5854
2 13611
1 13579 25014
2 19212
2 18091
2 9818
2 4026
2 25399
1 12766 25935
2 1524
1 35661 9767
1 1515 25613
2 27157
2 1413
2 15688
2 7400
1 32175 4490
1 483 13503
2 18194
2 23640
1 9215 37638
1 11730 10635
1 25116 19462
2 1110
2 13734
1 22681 28495
2 10734
1 2367 17714
2 18340
2 11707
1 6780 20164
1 37139 14768
1 27092 12430
1 8371 5020
2 15713
1 34117 13928
2 13643
2 12258
2 28910
1 8825 10726
2 12284
1 33126 34542
2 32996
2 18819
1 10896 21839
1 34663 13496
2 18682
2 15258
1 3258 25666
1 36560 20043
2 20610
1 30128 6960
2 27735
2 10466
1 6729 20396
2 24479
2 28728
1 2423 35501
2 12053
1 38264 19307
2 31166
2 37270
2 13501
2 11461
2 15154
2 21608
2 25156
1 2746 19056
1 30999 24809
1 21282 2512
1 1849 30003
2 20579
2 12282
2 25913
1 9338 32558
2 6708
1 21099 16014
1 31730 4841
2 5247
2 27837
2 15625
2 10763
1 19876 25911
1 13652 21706
1 12442 3556
1 5681 15193
2 31002
1 270 2831
2 1072
2 27633
2 4140
1 9111 22572
2 9366
1 9350 16603
1 11248 32936
2 3748
2 27398
1 13686 12548
1 14058 27759
1 6701 7128
1 31767 23601
2 28262
2 3918
2 20179
2 13572
2 5086
2 8156
1 31217 23835
2 23995
2 12826
1 36535 30805
1 1522 2438
2 33427
1 10665 3373
1 30948 17309
2 21936
2 15054
2 6881
2 15792
1 31613 13999
2 32669
1 1295 12253
2 33948
1 14256 4979
2 25033
2 32708
2 35931
2 1782
2 35031
1 24916 27799
1 23103 31304
2 29222
2 11966
2 12726
2 21494
2 36868
1 6102 14928
2 31089
1 13823 15718
1 4457 3652
1 22913 29011
1 6422 20908
2 35407
2 18290
2 14675
2 22161
2 2341
1 18815 29842
2 31773
1 2054 29830
1 17196 20169
2 32832
2 2977
1 24830 23778
1 37457 29969
1 4422 1156
1 2693 38348
2 15
2 37576
2 26018
1 32232 9482
1 7353 31295
2 36426
1 15370 35394
1 38121 35994
2 35112
1 13004 35585
2 37165
2 904
2 24782
1 18892 12350
1 31318 33843
2 25474
2 2450
1 36345 1997
1 4365 36599
2 15280
2 11624
2 9729
1 17657 2284
2 2533
1 11493 5098
2 34230
1 12111 7513
1 23615 26137
2 26556
2 9394
1 3731 15690
1 23126 31026
2 5661
2 6925
1 23317 30019
1 27065 1131
2 18060
2 32618
2 25082
1 7401 26882
1 32775 6280
2 14763
1 19720 6787
1 36864 19713
1 15819 8700
1 4987 19255
2 34160
2 32921
1 8469 564
1 3598 18067
1 4674 18039
1 27166 29847
2 20308
2 10397
2 10977
2 8424
1 12066 18736
2 34984
1 1624 40
1 8108 10136
1 25959 33934
2 13590
2 4722
1 21026 3815
2 24499
2 11604
2 6550
2 33613
2 11424
1 20864 33448
2 37734
2 7772
1 17828 36166
2 7580
2 31656
2 13756
1 1805 11974
2 17311
1 23491 4066
1 348 1199
1 21336 17120
1 22072 17001
2 15253
1 24464 29462
2 8890
2 37323
2 25872
1 29836 3920
1 17216 12352
1 30342 2836
2 3493
1 28412 25366
2 36441
1 21056 8115
1 31846 33107
2 18069
2 28778
2 32135
1 16845 20030
1 22469 18733
1 13987 36724
2 11402
1 37185 32052
1 16899 37945
1 8043 15744
1 30334 17767
1 26153 36015
2 23190
1 9594 30189
1 25587 21308
2 26648
1 15449 1633
1 27646 4454
1 18997 1031
2 34470
2 31284
2 12728
2 24258
1 29130 29326
1 35027 1239
2 7507
2 13861
2 7521
1 37600 1803
1 31761 24625
1 12292 38399
2 24312
1 23262 22991
1 880 18274
1 798 32119
2 1413
2 7076
1 9449 12706
2 22300
2 22870
2 33092
2 20403
2 6162
2 9336
2 3858
2 21098
2 27777
2 15003
2 28519
1 20572 11879
1 7654 739
1 24596 15023
1 20828 8343
1 19189 29585
1 13283 12068
1 12074 19006
1 16192 16327
2 37242
2 6796
1 2502 20306
1 8723 22368
2 24676
1 10989 34085
1 33957 29951
1 9376 959
1 30828 14183
1 30979 27119
2 16954
2 3798
2 19622
2 32208
2 19771
1 28939 25698
1 13967 26167
2 24331
2 20531
2 21135
1 37112 23526
2 21909
2 33221
2 7295
2 5110
2 2042
1 24234 19423
2 17877
2 27953
1 31588 4534
2 30838
1 16043 24942
1 22532 9354
1 28746 13761
2 11661
2 9463
1 5425 31172
1 604 33581
2 27216
1 24792 28044
2 26242
1 1298 23215
2 21976
1 22586 1399
1 35477 2245
2 23864
2 35399
1 32698 12395
1 38139 22999
2 37413
2 11240
2 19340
1 21896 5616
1 3033 10460
2 15046
1 13953 21741
1 5232 10244
2 14198
1 2311 6381
2 24698
2 20343
2 2747
2 27783
1 10966 15947
2 31716
2 34221
2 4341
2 14408
1 22515 21586
1 38407 13957
2 3162
2 38031
1 9573 30782
1 33762 7571
1 30438 16799
2 6847
1 22331 11245
1 19466 15657
1 28210 30975
1 21866 15130
2 18840
2 13399
2 30478
2 35401
2 27400
1 22233 36310
2 9114
1 17496 4354
1 10743 31950
1 14699 12455
1 26907 36958
2 891
1 12864 33835
1 37360 31576
2 7590
2 9029
2 3178
2 6096
1 32330 2571
2 21040
1 22276 4811
2 24006
2 21787
2 21696
1 16801 23079
1 28317 13528
2 3369
2 1500
2 26131
1 1750 26914
2 29919
1 2142 22384
1 26620 2246
1 32678 3619
2 7339
2 37890
2 22400
2 28557
1 25253 1350
1 33497 16710
2 15305
2 14745
2 15534
1 7505 5611
1 22838 1907
1 29683 3130
1 35618 18259
1 14727 35999
1 22936 9934
1 1033 37023
2 10995
1 26 26320
1 18722 1945
2 36497
2 26926
1 37213 8639
2 2739
1 10403 26941
1 34736 14672
1 11133 37794
2 32891
1 8846 31967
2 27113
2 1132
1 33745 15420
1 32744 34753
1 10117 18832
1 24386 18789
1 10007 23382
1 9168 319
1 1041 32962
2 34645
2 33132
2 27874
1 28230 37596
1 9185 5710
1 28380 25919
1 36434 4553
1 30124 20511
2 35492
2 37552
2 27459
2 36206
2 27278
2 21874
1 33906 33769
1 3358 23386
1 34745 11770
1 32200 29212
1 22341 14249
1 38323 29104
1 32432 4299
2 37682
2 5748
2 23641
2 14819
2 1763
2 28441
2 20167
2 23336
2 11669
2 37826
1 23829 1002
1 8731 26127
2 21050
2 34957
1 35158 8637
2 9760
1 36806 28814
2 16324
1 13462 5697
1 26571 26851
1 16705 25278
2 24972
2 16644
2 7475
2 18641
1 24237 2343
1 33774 7765
2 9653
2 12647
1 17117 17439
1 19752 27147
2 37892
1 6076 28299
2 20073
1 31182 5002
1 22272 14798
2 20281
1 2778 21354
1 8659 1754
1 30362 15646
1 16669 11248
2 36576
2 29279
1 16394 33690
1 33603 16222
2 13567
2 255
1 20498 4808
1 12277 24459
1 20415 21876
1 19148 28123
1 29123 28816
2 32243
2 14120
1 19080 8182
1 305 34025
2 11759
2 35056
1 19158 22150
1 18698 16876
1 30606 26645
2 36340
1 30700 5066
1 35517 9336
2 9077
2 36742
2 10754
1 18919 36116
1 13892 789
2 32340
1 29430 8489
2 18934
1 35121 1747
1 36941 12856
2 6060
1 21779 10981
1 11373 23558
2 2762
2 28728
1 3910 20628
1 682 11150
2 33966
1 7013 4787
2 28357
1 21802 32739
2 19061
2 22049
2 38275
2 26459
1 428 18478
2 257
2 628
1 37516 7718
2 20929
2 18892
2 7726
2 17720
2 38248
2 8072
2 15477
2 27316
2 15774
1 32577 29815
1 22418 16261
2 31839
1 6353 28532
2 17966
1 16157 17340
1 38225 8475
1 2974 7087
1 37557 35183
1 35183 29569
1 26325 18379
1 35624 35861
2 14656
2 17127
1 16732 31019
2 4952
2 22010
2 5544
1 16535 26448
1 10898 24426
1 27429 23104
1 995 22410
2 22765
1 184 33737
1 6947 3414
2 35300
1 16807 29600
2 4684
2 2111
1 37922 13990
2 6647
1 7305 21844
1 36861 7229
1 7606 4915
2 18310
1 31593 34730
2 18082
1 25533 5413
2 37782
2 5685
1 36199 35897
2 7503
1 19518 30101
1 36120 11386
2 27513
2 8593
2 20665
1 29839 8623
1 20759 25614
2 25860
2 34430
1 18928 37010
2 4536
2 30242
2 18925
1 29418 4551
1 32515 34640
1 26162 10536
2 35124
1 16640 12054
2 37727
2 26631
2 36336
2 21753
2 30002
2 5683
2 11215
1 275 28944
2 27628
2 33564
1 2662 14267
2 24835
1 14960 14087
1 35068 9362
1 24886 3733
2 22125
1 37492 34353
2 8515
2 11098
1 34546 30294
2 19613
2 25396
1 283 16461
1 16870 7215
1 29171 12962
1 29102 7363
2 31057
1 25275 23889
1 19935 6504
1 28313 27911
2 35133
2 13590
2 24158
1 34692 36126
1 7531 11567
2 3465
2 37944
1 17901 6178
1 22749 24466
2 16530
2 36090
1 7742 24841
2 7543
1 8343 9631
1 14322 15209
1 17725 19022
1 775 29944
1 18943 14342
1 26150 4052
2 37946
2 25218
2 17421
2 21750
1 18023 15921
2 29495
2 2939
2 37271
1 34842 1083
1 21975 23143
2 17006
1 8785 33002
1 24835 112
1 37207 10743
1 7300 4677
1 3264 2389
2 2440
1 338 28936
1 8478 26678
2 12619
2 11907
1 38019 7275
1 31905 19028
1 25895 32555
1 20657 20554
1 16818 27550
2 20469
2 30107
1 8898 36100
2 36109
1 31372 8436
1 37571 30429
2 4726
1 26232 10226
2 237
1 5219 24347
2 2577
2 12529
1 3384 4183
2 7413
1 6794 34871
1 2217 17716
1 36157 30130
2 8794
2 1450
2 16602
2 8580
2 22648
1 16684 30393
1 27700 26553
1 21870 37213
2 29298
2 9575
2 17115
1 8762 26636
1 35358 8430
1 14624 32328
2 15904
2 31683
2 1901
1 8016 18964
1 33664 5185
1 23769 21407
2 32686
2 37407
2 17883
2 1914
2 18416
1 21134 28396
2 7680
1 34318 16851
1 17249 33280
2 18971
1 21152 9751
1 12193 22204
1 37804 13985
1 19140 23245
1 37242 19899
2 3976
2 11873
2 12828
1 9791 11867
2 12755
1 9865 5768
2 19971
1 28741 19568
1 26799 26166
2 532
2 23344
1 3537 32694
1 16885 2975
2 28798
1 35825 7496
2 33834
2 22227
2 5081
2 24822
1 34085 28181
1 7799 21014
2 15807
2 18917
1 13521 4390
1 17887 20546
2 23809
1 3435 16964
1 9927 31331
1 25797 15481
2 7434
1 33796 3541
2 19336
1 31991 35529
1 14836 16815
1 18105 24385
1 7335 35075
2 18691
2 24524
2 7206
2 29825
1 9999 8042
1 10041 9311
1 21285 13385
2 14306
1 33063 36848
1 21462 15836
2 27700
2 5404
2 34641
1 5389 17202
1 3223 27393
1 15956 25119
2 18869
2 5959
2 12136
2 14965
1 3745 5369
1 21492 17216
2 12924
1 30698 7716
1 36235 6570
2 11170
2 6493
1 9953 31893
1 4465 26026
2 10102
2 17720
2 34586
1 32702 10773
1 4587 7091
1 18739 25755
1 1178 3171
2 3462
1 5543 478
1 34683 19249
1 8104 8806
1 38311 27330
2 30098
2 6567
1 1007 12641
1 21800 21968
2 31006
1 3276 30910
2 31907
1 15129 28009
1 27825 26143
2 18932
2 2810
2 10152
2 11554
1 14151 26825
1 33169 11417
2 16132
2 1345
1 331 10320
2 33748
1 29050 2482
1 21870 3203
1 29931 19325
1 29998 12939
1 37562 30257
1 19826 4078
2 10354
1 31628 17692
1 15034 931
2 4524
2 19905
1 11642 35929
2 37237
2 10365
2 9606
1 30588 14575
2 34112
2 33753
2 36859
1 4840 26465
2 10974
2 1174
1 12896 19482
2 16780
1 24360 19467
2 27118
2 6553
2 15904
2 12720
2 22681
2 6855
1 13755 9872
1 12501 1460
2 9948
1 24417 8103
1 4058 13731
2 9239
1 5910 14721
1 35239 20748
1 1058 26822
2 520
2 28974
1 32411 28425
1 28273 33791
1 21539 14209
2 23300
1 11429 10316
2 30504
2 10363
1 18897 33753
1 27126 27843
2 5151
2 26223
2 36081
2 16241
1 1705 6366
2 13340
2 3716
1 35842 33901
2 899
2 12833
1 16904 36797
2 9659
1 29228 2028
1 8690 21558
2 30401
2 35633
1 22167 29168
1 1194 37259
1 34236 28827
2 9686
1 24987 133
2 6857
1 28353 24863
1 31114 33852
1 22532 35208
2 27923
2 8512
1 30012 7105
2 23076
1 21552 13018
2 36129
2 34484
1 13065 20742
2 4639
1 22284 19630
2 10587
1 4421 15879
2 584
2 11171
1 12402 23549
2 12984
1 30247 20852
2 33619
1 24002 36933
2 6626
2 9779
2 22325
1 37750 11420
1 27319 30328
1 29453 31319
2 6935
2 9099
2 24209
1 17973 26083
2 11174
2 27037
1 6236 24994
1 444 16773
2 36663
1 23916 32756
1 33117 10486
2 25787
1 35921 34907
1 26519 32757
1 20486 9284
2 33393
1 23882 2161
2 34397
1 28785 35071
1 14786 5560
1 3629 12391
1 34625 12405
1 30863 10379
2 22175
2 4631
2 13426
1 2248 31432
2 13114
1 2322 11954
1 26682 13423
1 34078 2000
2 8808
1 6812 33110
2 6586
2 26346
1 9752 33452
1 25708 37174
2 14997
1 26511 15001
1 18798 12248
1 9938 3300
2 10756
2 12152
1 20343 34242
1 20624 7388
1 11321 17894
2 16375
2 23972
1 38044 38321
2 22698
2 23767
2 26689
2 6867
2 9749
2 25212
1 31722 3297
2 26951
1 38037 604
1 12711 37364
2 26546
1 10651 17365
1 25511 2900
2 31643
1 12519 630
2 23308
1 12786 3430
2 30102
1 5187 13034
1 26878 12119
1 15792 14965
2 20314
1 15017 991
1 5926 36157
2 12609
2 22486
1 8292 24983
1 1264 9797
2 33530
2 9589
2 17992
2 19974
2 25277
1 8113 28631
2 29057
2 31697
1 2179 21887
1 28264 23403
1 19770 35092
1 22405 23737
2 27627
1 9667 18282
2 25918
1 31034 14725
2 6482
1 1383 27506
1 36535 14608
1 7453 22750
1 10501 4635
2 33928
1 736 29513
2 25489
1 35824 17558
1 33753 1120
2 36662
1 641 25640
1 22853 160
1 20873 35212
1 32278 4757
2 3323
2 13922
1 14038 35292
2 16234
1 23995 9689
2 34482
1 26200 23190
1 15863 34740
1 1097 14118
2 13867
1 22276 12858
2 25364
1 11416 4313
2 31499
2 34764
1 26260 37488
2 22590
2 24842
1 3698 13925
1 6928 26393
2 28188
2 28953
1 4550 27755
2 32226
1 18576 33274
2 34530
1 1397 20701
1 9683 37994
2 27904
1 22750 35278
2 17915
2 6455
2 37175
1 25396 31083
2 31042
2 8887
1 21292 14690
2 33168
1 2326 26331
1 21264 701
1 31683 4457
2 5993
1 7438 6661
2 1158
1 30174 14854
2 34992
1 27901 14570
1 351 16857
1 4454 2701
1 35618 11758
2 23890
1 22600 34261
2 393
2 20830
2 34053
2 36600
1 18150 17637
2 32396
1 21768 19084
1 12016 13201
1 1082 15272
2 27403
1 13124 3006
1 23942 38225
1 6333 25261
2 16288
1 26636 25393
2 31013
1 31570 26921
2 28301
1 28103 8037
1 9498 36667
1 18869 1279
2 17797
1 18587 4792
2 10425
1 16383 22691
1 6573 5742
1 7975 5067
2 3373
1 10813 20282
2 4599
1 34743 1573
2 18623
1 17347 1474
2 33483
1 22957 12201
1 30241 29349
1 26792 10285
2 4230
2 16161
2 24645
1 26355 14358
1 6095 6205
2 19608
2 22424
2 3779
2 7635
1 34089 37788
2 9411
1 22894 7576
2 27896
2 18063
1 1669 4317
1 31917 37272
2 36405
2 10240
2 26863
2 6212
1 38358 11278
2 8094
1 9581 22041
2 38207
1 4423 23601
1 4421 18517
1 33176 28849
1 30890 32642
2 18379
1 21314 18341
1 27974 20843
2 28582
2 2619
2 38249
2 38390
2 22153
2 24743
2 24775
2 4817
1 25605 2016
2 10945
1 14733 1935
1 33701 4500
2 37157
1 15060 37916
1 28103 29565
2 32384
1 25478 19653
2 27888
2 36671
1 638 10830
2 13462
1 8953 14030
1 27931 21676
2 11466
2 29280
2 8818
1 4099 28407
2 14422
1 21343 28497
1 31268 14308
2 14267
1 33314 22613
1 38137 2706
1 21234 29587
2 22216
1 30219 2517
2 12969
2 35518
1 7030 7528
1 34718 6549
1 33773 36916
2 37107
1 7993 27094
1 37175 3621
2 17512
2 14331
1 32794 37781
1 23618 10617
2 34117
1 27974 20253
2 36257
2 31954
1 35149 8996
1 2749 10974
1 37503 3003
1 35750 9669
1 9743 17109
1 31837 19856
2 31379
2 37958
2 8897
2 26524
2 15797
2 1949
1 28243 8899
2 38093
2 32833
2 14066
2 18073
2 21073
2 12605
2 32315
2 6780
2 18090
1 38295 9251
2 22531
1 14198 16219
2 3082
1 24918 27036
2 2079
2 10872
1 15992 34932
1 5718 13923
1 37917 19220
2 20736
1 8740 22856
1 6580 37449
2 32220
1 14537 5327
2 33145
1 28714 16703
2 2837
1 23350 30436
1 8194 23653
2 30324
2 5643
1 12538 16237
2 7497
2 27096
1 6879 30355
2 7383
2 19280
1 19612 6529
1 10089 19628
1 14250 35631
2 28083
1 20935 35492
2 4264
1 2276 37008
2 23243
1 23606 1867
1 36045 27107
2 18369
2 1808
2 9226
2 29401
2 33827
1 21800 18063
1 35335 22827
2 16370
2 5966
1 37395 7986
1 28318 38109
1 9437 1378
2 12514
2 8013
1 33135 32516
1 35594 8853
2 32784
2 36323
2 3566
1 3338 35907
1 37771 22266
2 23016
1 19148 28482
2 26072
2 880
2 9261
2 12636
1 9792 5655
2 26542
1 14653 1264
2 3075
1 14305 25230
1 1376 34315
2 31005
1 24131 15593
1 8730 29602
2 4807
1 27231 24051
2 21230
2 998
1 14613 4759
2 1222
1 9013 35169
2 32751
1 26924 15305
2 5886
1 22245 8489
1 30704 2223
2 28469
2 3463
1 36449 1903
1 36899 15482
1 20582 30507
2 7990
1 9115 14556
1 14950 16673
2 18891
1 31264 7795
2 12755
1 36337 16984
1 20842 3780
2 8212
2 37137
1 5557 35210
2 27186
1 20820 8862
1 22854 5766
2 15183
1 29840 1042
1 4534 37815
2 33355
1 37892 33409
1 21168 24358
2 37281
1 3960 19204
1 7540 2803
2 16960
2 18691
2 32371
2 16693
2 7469
1 18371 772
1 27472 7137
2 6
2 24936
1 10786 31791
2 15423
1 24227 2979
2 6865
1 26216 17961
2 7797
2 6554
2 9842
1 10856 9637
2 32623
1 7694 34014
2 27445
1 20505 33469
1 10589 23196
2 28000
2 22751
1 31486 30848
2 8097
1 12290 13201
1 36610 8591
1 14719 16279
2 17477
2 37263
2 28114
2 21271
2 31511
2 15909
2 404
2 5170
1 11876 36033
1 14291 22164
2 36009
1 7987 32287
2 35962
2 31120
1 10713 16493
2 37897
2 34513
1 9355 13925
1 13995 3860
1 25021 30609
1 999 15616
2 14515
2 2619
1 19046 16758
1 24929 2457
2 13725
2 551
2 9091
2 17124
2 23848
1 6913 28562
2 31430
1 15264 29863
2 26779
2 17109
1 1390 18664
1 21274 35494
1 18039 34780
2 12937
2 3004
2 29266
1 12822 212
2 13481
2 13652
2 14595
2 5074
1 33542 27383
2 3179
2 29781
1 1345 27315
2 18065
2 34988
1 10101 5126
2 23120
2 20330
2 37005
1 5005 22258
2 386
1 19795 17608
2 22577
2 34979
1 27237 19176
2 13648
1 38265 13008
2 8919
1 11617 7352
2 6592
1 28974 17716
2 13541
1 4704 14497
1 9689 4659
2 25299
2 24187
1 11150 2167
2 13020
1 22984 20049
2 14443
1 36953 14098
1 28501 25042
1 1431 13419
2 3477
2 26410
2 12707
1 11897 27848
2 15929
2 14600
2 37445
1 19811 31382
1 10853 18661
2 23991
1 12503 35053
1 774 10361
2 33037
2 19392
2 12248
2 25960
2 25435
1 10095 11697
2 21870
1 25094 2679
1 33128 37691
2 27380
2 33709
2 32563
1 29478 7883
2 26288
2 27992
1 26117 15435
1 32166 38394
2 17667
1 16646 17457
2 25483
2 7567
1 29151 9302
1 31616 14034
1 30898 5788
1 20024 36266
1 2717 16874
2 19890
2 11981
1 25768 769
1 36605 27642
1 14858 21943
1 1152 18834
1 3893 14634
1 17368 6344
2 26933
2 6991
2 20357
1 15401 14398
1 16795 15949
1 15174 4224
2 12506
2 3625
1 1936 18056
1 15401 9876
1 30388 26242
1 18345 28003
2 24180
2 24150
1 785 35982
2 18082
2 22497
2 30628
2 3863
1 17071 35215
1 1776 29441
2 9020
2 16191
1 19021 22266
2 27934
2 19365
2 6349
2 17850
1 12970 8195
1 35553 36700
2 2715
1 26362 18224
1 22716 30147
1 10300 26318
1 38406 21183
2 33107
1 8511 16824
2 36784
1 12119 27246
1 5422 38242
1 818 20244
1 567 19949
2 27352
1 25094 35926
2 2078
2 37709
1 25466 3625
2 13954
1 25898 23103
1 22364 10728
2 37683
1 22218 29895
1 312 32398
2 34438
1 158 24177
1 26558 29468
2 32147
2 4471
1 24935 13573
2 9847
1 27080 9260
1 5897 23720
1 15653 16503
1 1774 32495
1 27361 24984
2 25439
1 25825 25934
1 19892 3139
2 6089
2 12275
2 7026
2 32021
1 17612 20851
1 1375 19588
1 22452 17688
1 31457 30438
1 37596 34915
2 35872
1 14750 13584
2 28370
1 10443 33439
1 9922 18468
2 34377
1 33985 33883
1 3086 33759
2 19305
1 15144 9716
2 31582
2 21963
2 34833
2 8534
1 19523 19541
2 1556
2 20236
2 33917
1 5112 4903
1 36871 298
1 38105 20062
2 14951
1 13686 19597
2 35435
2 28044
2 30050
1 33295 5979
2 6459
2 17957
2 34315
1 25163 9711
1 37476 20528
2 9810
1 37641 19866
1 2563 13283
2 18287
2 26661
1 7264 19669
2 38031
1 16151 32935
1 6402 307
2 25749
1 22099 36310
2 5243
2 28726
2 12343
1 5333 37901
1 35019 5957
2 37503
1 14214 16845
2 32259
2 7090
1 7733 13379
2 12304
2 32601
2 3607
1 4780 10079
2 37871
1 37896 34869
2 16131
2 30467
2 28971
1 37103 12425
1 23640 26543
1 2124 35097
1 27036 3342
2 35454
2 11989
1 18813 30208
1 9222 34483
1 27863 16932
1 8281 27595
2 37705
2 24541
2 23821
2 309
2 33264
1 32898 7420
2 16598
1 22039 17908
2 15590
1 26096 5930
1 14301 33461
2 5322
2 28518
1 20712 22226
2 11143
1 1383 12905
2 4635
2 7399
1 35702 5409
1 17075 19264
1 10806 8194
2 28439
1 1065 21572
1 35305 31681
1 11539 19084
2 17043
1 759 16828
1 17286 31446
1 24105 707
2 9096
1 33540 15677
2 19131
2 37836
1 22199 37872
1 27866 34206
2 26563
1 14815 11711
1 5283 23850
2 4953
1 16720 12531
2 3579
2 32991
2 28785
1 36686 18675
2 19213
2 23350
1 27944 19570
2 7280
2 26245
1 15406 28997
2 2592
2 30069
2 29880
2 9215
1 12000 34109
2 1080
1 29378 599
2 994
2 27652
2 23436
1 12651 33723
2 6777
2 33778
2 26794
2 4661
2 1514
2 27302
1 18435 28596
2 25284
1 21856 13225
2 23797
1 37344 4274
1 17065 31098
2 23406
1 6691 26318
1 19452 22268
1 27991 7736
2 14128
2 2393
2 27173
2 16799
2 8505
2 8965
1 25487 23653
2 26493
1 16324 4091
1 36711 4495
1 22777 34752
2 18445
1 30694 32185
1 9825 35655
1 35243 11361
1 16814 15667
2 33441
1 2835 16157
2 33033
2 8677
2 12667
1 31107 33823
1 11970 27153
1 32507 572
2 18950
1 34551 24642
1 23710 15177
2 31405
2 11008
1 2093 18274
2 25577
2 13649
2 7833
2 3989
2 35114
1 28928 19110
2 24587
1 1319 30516
2 17407
2 34733
1 25631 36662
2 5976
1 28623 22955
2 25525
2 33953
1 10609 14259
2 16992
2 35928
2 29635
1 25791 31921
2 16135
1 18730 17776
1 22531 28244
1 17981 5263
1 5603 34154
1 20088 34868
1 29781 1399
1 26208 27949
1 17357 35272
2 23990
1 18012 21188
2 27359
1 6861 33383
1 37183 38030
2 2426
1 1457 34884
1 14370 9283
1 33137 36823
2 27081
2 15367
1 954 19660
1 9954 18448
2 2935
1 36985 628
2 25662
2 4097
1 3884 25520
2 2719
2 14632
2 24352
2 21284
2 34356
2 36510
2 8801
2 19375
2 10342
2 10277
2 28849
1 2820 31366
2 8588
2 30961
1 16624 26448
1 12397 23672
1 37899 20460
2 15820
2 22094
2 28442
2 30252
2 9551
1 38048 25404
1 29540 29154
2 18758
1 13569 17989
2 19630
1 19514 12739
2 9585
1 11543 5899
2 622
1 33325 30834
1 29257 10908
2 25136
1 8007 17888
1 31009 21202
1 9985 18343
1 27100 8676
2 2741
1 5980 23826
1 11521 13064
2 7891
2 8998
2 5515
2 37502
2 16321
2 35988
1 10231 1507
1 37573 7554
1 30405 10407
2 25593
2 24111
1 38048 14032
1 32710 3023
1 30971 12254
1 16275 11696
2 1919
2 7675
2 26465
1 2708 6697
1 9277 4309
2 12352
1 30329 15678
1 17437 6155
1 29362 26752
1 10301 5234
2 32990
1 15664 35680
2 11962
1 11392 35697
2 12626
1 35097 16348
1 30358 30453
1 35498 927
1 12973 321
1 17924 15670
2 31465
2 36606
1 4542 35714
1 20 29284
1 35109 15622
1 4402 16425
1 29889 21511
1 3192 10273
2 7335
1 19723 3254
2 11224
2 11363
2 7045
2 4599
2 9204
2 14100
2 31784
1 4614 28055
1 37952 37184
1 36065 21900
2 32836
2 28172
2 9915
1 22415 14406
1 2172 27621
1 10163 30308
2 37487
1 9814 10932
2 30752
2 28277
1 33909 30026
1 23455 16404
2 27965
1 500 6589
1 7512 24010
1 26093 15908
1 266 9922
2 14752
1 35801 19661
1 26487 24940
1 11405 9349
1 21477 16389
1 7469 7353
1 11477 16682
2 19421
1 12587 7262
1 5125 11299
2 11513
2 25061
1 22239 14898
1 8519 24069
2 13919
2 37897
2 3204
2 15802
2 37159
2 11860
1 38154 37244
2 10786
2 34240
2 12452
1 1761 25407
1 8232 16481
1 6453 21069
2 19388
2 33135
2 34672
1 25083 30967
1 32365 34291
1 4940 19478
1 6473 28502
2 14193
1 28510 19291
2 19714
2 31311
1 16884 3155
1 1826 16452
1 27160 34426
1 28849 34688
1 1106 25094
2 36250
1 13331 17051
2 21700
2 3443
1 30089 21823
1 4619 9758
2 1971
2 1542
1 11554 8568
1 15132 6051
1 4403 17416
1 13107 12400
2 11655
1 22185 8463
1 15270 8324
2 7917
1 24170 17258
2 10543
1 1076 5011
1 15129 13906
1 18065 38360
1 2823 26921
2 32773
2 4584
1 32396 13562
2 25989
1 7411 18105
1 37636 13656
2 38091
1 37622 8141
2 25279
1 26949 30942
1 20181 837
1 25018 37285
1 5742 37875
1 3116 9618
2 31444
2 19817
1 29159 8495
2 2939
2 17474
1 7447 4779
2 5598
2 11042
2 38088
2 30404
1 2208 33485
2 18116
2 29013
1 12476 22996
2 17045
2 35431
1 33258 16038
1 32897 5180
2 35787
1 35226 25554
2 18497
1 30607 169
1 7230 28119
1 20943 19609
2 8399
1 5811 31333
1 3305 3853
1 34082 35243
1 6467 33387
1 13715 9907
1 32240 27015
2 12444
2 25046
1 29084 3321
1 26294 24622
1 9723 3131
1 13956 13261
2 12348
1 3449 16307
1 10438 513
2 30589
2 13296
2 16169
2 35934
2 30024
1 22270 37763
1 11695 14452
2 33162
2 7187
2 3272
1 16568 4942
2 23994
1 20326 17126
2 711
2 26651
2 149
1 28516 3991
2 33749
2 9676
2 26716
1 19096 7938
2 1821
1 5343 4686
2 32375
1 1289 4751
2 36176
2 35861
2 28909
1 1913 1875
2 8253
2 20584
1 11149 9679
1 11750 35932
1 21679 7747
1 15372 23959
1 417 31318
1 36457 2715
1 8533 16365
1 14579 123
1 34242 33221
1 34859 19411
1 31005 22842
2 33363
1 15357 3010
1 28700 21521
1 878 23644
1 34601 6458
1 32454 10630
1 23000 16617
1 8465 4278
1 26512 31925
2 14554
2 6728
2 36147
2 7767
1 3623 24214
2 893
2 9808
2 20971
1 5522 7733
1 27190 27259
1 13070 10299
2 3743
1 18845 15487
1 18516 2577
1 13522 37814
2 37717
2 11968
1 37415 21419
2 37012
2 37662
2 4845
2 11911
2 10300
1 15683 17598
2 13200
1 31970 29525
1 6304 27095
2 21725
2 11701
2 15387
2 27278
2 6574
1 8287 15818
1 2797 35087
2 12603
1 13170 35156
2 12492
1 11188 27004
2 28039
2 22860
2 20650
2 9779
2 9667
1 16242 26260
1 24182 37510
1 19650 21264
2 31937
2 20705
1 11365 23279
1 7051 36252
2 30982
2 1259
1 31545 29340
1 186 3553
1 31035 29700
2 33036
2 23161
1 18224 6497
1 546 19434
2 22664
1 16457 13340
2 11917
1 28680 10684
1 34311 31107
2 18608
2 36855
1 18683 25326
2 37859
2 22761
2 32885
1 27889 4216
2 16005
2 2839
2 20388
1 35385 21593
2 29448
1 18321 36579
2 15896
1 29022 36795
1 14842 324
1 5550 16100
1 5240 1248
1 29911 2392
2 24034
1 13561 14883
1 5298 34148
1 27790 32997
1 27521 15830
2 19157
1 20992 1736
2 6836
2 30796
1 23910 731
1 36600 16017
1 25211 34638
2 19143
2 16836
1 19052 37419
2 23117
2 14712
2 25361
2 26426
2 25977
1 29170 19647
1 11781 5579
1 9666 19413
2 3156
1 16729 13913
1 12762 28607
2 5670
1 703 21922
2 28082
2 31158
2 20927
2 20767
1 2313 12253
1 31978 11366
1 23800 1110
2 5871
1 14617 22776
1 26728 9390
1 2989 13126
2 31013
2 18954
2 19489
1 30651 37415
1 169 19753
1 32577 3224
2 30427
2 3604
1 36642 11553
1 18950 24193
2 10037
2 8050
2 28850
2 7957
2 21877
2 12753
1 27720 36535
1 33494 29571
1 30056 14066
2 35707
1 36279 17144
2 32695
2 33215
1 12163 32540
2 15470
2 7094
2 13107
2 1932
2 22568
1 2504 20176
1 17003 24957
1 30380 18081
2 11578
1 11796 3898
1 15664 28798
1 33381 15094
2 13429
1 29113 16808
2 16399
2 29445
1 20962 10121
1 33 11297
1 23137 35255
1 25962 19648
1 30895 33782
2 31524
2 28255
1 6914 15225
1 18831 20176
1 34525 30733
2 35012
2 5809
2 13425
1 31381 10528
2 10110
1 29541 3739
2 2269
1 27958 10804
1 26279 2956
1 399 11846
1 12800 13647
1 19540 9203
1 550 21517
1 38047 35744
1 8794 15714
2 17720
2 2453
1 8394 14432
1 5907 831
1 8789 4906
1 28850 21496
1 38191 8016
1 1334 21870
2 9339
2 8715
2 35890
2 36698
1 34114 33442
2 25676
2 958
1 2473 24737
1 26448 11529
2 2383
1 30314 5744
1 3765 28927
2 25433
2 14464
1 35268 2473
2 8986
2 25116
2 32642
1 35303 16470
1 23239 15861
2 17042
2 11203
1 27043 16392
2 4630
2 25393
1 34950 21595
2 22930
1 28608 2378
2 37765
1 4558 22281
1 36105 27442
2 20647
2 3992
1 24477 21220
2 6794
1 19704 9639
2 36166
1 32555 10967
1 22281 9318
1 13317 27202
1 7032 15401
2 386
1 25001 37025
2 26228
1 30612 629
1 36353 4819
1 179 12067
1 33281 5400
1 32210 32661
1 15910 3048
1 35047 5724
1 21454 37400
2 2366
1 31500 15871
1 36263 16953
1 19617 5555
2 13160
2 2449
1 16729 3856
2 37975
1 12886 16300
2 8635
1 16083 7161
2 23746
2 31317
1 9080 37891
2 6877
1 5980 10452
2 19971
1 34442 18671
1 37077 35755
1 11333 4543
2 28166
2 18403
2 29600
2 25824
1 8699 18882
2 17299
2 769
1 34632 16008
1 22762 17219
2 37380
2 24836
2 37320
1 11311 12913
2 17513
2 4038
2 24494
2 14956
1 25761 6996
1 24443 34753
1 37607 10914
1 32782 22743
2 25432
2 32465
1 3009 18638
2 8337
2 14951
2 33159
2 565
1 29622 29833
2 22349
1 13043 30565
1 33977 37829
2 10749
1 29228 28665
2 31469
2 32755
2 11650
1 341 28603
1 20999 8683
1 22598 19339
2 34638
2 632
1 37389 15116
2 14468
2 33453
2 19087
1 33133 3254
1 4213 9269
2 8276
2 11958
2 16846
2 9958
1 12123 20011
1 24186 22529
2 11423
1 5744 7033
2 4683
2 7090
2 26119
2 35700
2 23619
1 12755 768
2 24732
2 28337
2 24375
2 10141
1 36833 21264
1 27994 37643
2 687
2 3203
2 10451
2 31411
2 11044
1 13706 25375
2 1829
2 4516
1 28475 36070
2 18471
1 11267 17187
2 23652
2 21181
2 10725
2 13784
1 32707 24075
2 10243
2 15905
1 33277 19181
2 11495
1 16146 28661
2 21969
2 11885
1 10825 23825
2 32100
1 4776 36323
1 6672 46
1 3827 10738
1 24331 2455
2 18898
2 200
2 25355
2 14368
1 20971 31576
1 441 7893
1 8112 30045
2 23806
2 17743
1 8323 19096
2 36737
2 4843
2 1917
1 22934 2930
1 4606 19469
2 37298
2 32719
2 14058
1 19333 33187
2 30528
2 28883
2 22421
1 26760 31564
1 2357 19784
1 21525 13672
2 17738
1 19346 11041
2 6434
2 8547
1 16230 12047
2 6573
2 1755
1 15305 28924
1 30513 14762
1 28258 20179
1 26610 25634
2 18166
1 13363 3325
2 19066
2 29290
2 37818
2 1129
2 25538
1 31970 19886
2 28247
2 25821
2 16363
2 17491
2 274
2 33452
1 7778 12069
2 16835
2 11816
2 6735
2 19494
1 9895 36870
2 31838
1 37096 17306
1 16852 29113
2 8315
1 4979 35011
1 32420 15929
2 5212
2 1599
1 1625 31
2 6770
1 77 37168
1 3984 9577
2 34133
2 2725
2 4440
1 31652 910
2 23027
1 880 5069
2 14019
1 17193 6831
1 30944 20226
2 21170
2 24702
1 4636 3129
2 6846
1 3539 29548
2 8721
2 35051
2 21131
1 18823 17864
2 23454
1 15664 26842
1 30238 5118
1 20143 4215
2 20075
2 20906
1 20326 17091
2 11581
2 3800
2 2363
2 3350
1 36751 36358
2 6152
1 23817 5360
2 36614
2 22891
1 7108 3214
1 12010 35930
1 21969 25205
2 31439
1 21651 1366
1 31800 10541
2 24403
2 20672
2 36091
2 29298
1 5549 27420
2 9391
1 36171 18599
2 3577
1 32250 565
1 7149 1390
2 17581
1 4046 33992
1 22533 2861
2 34220
1 7113 7833
2 15996
1 2222 29947
1 8002 24649
2 25423
2 35233
1 14503 34370
2 38102
2 12575
2 3434
1 31958 11459
2 7483
1 33994 29049
2 21616
2 19729
1 29394 26485
2 32226
1 11139 24817
1 35028 14625
2 11459
2 14102
1 36690 7047
2 37689
1 31617 29387
2 25425
2 2061
2 22277
1 33346 30550
1 2943 6198
1 10487 22806
2 14871
1 34472 6124
1 34508 18402
2 19023
2 5157
2 34193
1 31029 6162
1 7325 32504
1 17431 12681
2 8920
1 32257 32366
1 30368 19834
1 8474 33302
2 3134
2 23068
1 17620 17070
2 22674
2 3042
2 1508
2 29237
2 3092
2 32201
2 26348
1 4256 23274
1 9353 29421
2 37895
2 34814
2 24033
2 36947
1 16141 33524
2 4711
2 21621
1 23491 659
2 35303
2 77
2 16923
2 6699
2 35699
1 34390 29623
1 36245 10516
2 23009
2 28467
2 13795
2 36310
1 31050 1670
2 13539
1 6925 25720
1 4131 1579
2 19277
2 2506
2 25414
1 4608 15444
2 22718
1 2560 26832
2 25888
1 21342 34813
1 32135 13653
1 37930 17429
2 18208
2 14589
1 16802 24096
2 18863
2 2323
1 33242 35494
1 126 36206
1 18712 29641
1 24223 18237
2 35039
1 35769 18741
1 9621 1674
2 26448
1 25082 22775
1 16859 14774
2 8870
2 1751
1 30433 14970
1 21692 22812
1 16273 16271
1 28056 26276
2 14680
2 333
2 23175
2 3744
1 37000 6359
1 12935 30789
2 4263
2 20880
1 11737 2785
2 13900
1 19530 31801
2 36504
2 12387
1 25014 33151
2 7388
2 1836
1 36644 3469
1 17673 9083
2 18167
1 12438 17603
1 18058 2524
1 21051 31798
1 34431 29952
2 21776
2 26057
2 24003
2 33881
2 3042
2 37917
1 1955 32755
1 14904 28232
1 12954 5421
1 1558 2254
1 28841 8936
2 14481
1 28534 12340
1 34715 29033
2 14675
1 3091 31513
1 17582 14215
2 35322
2 21116
2 17163
2 10788
2 14342
2 26878
1 19130 23424
2 34548
1 31000 12689
1 20823 13396
2 27426
2 10611
2 28142
2 3288
2 3955
1 22026 10792
2 27086
1 2348 19358
1 25842 31011
1 3198 5277
2 18155
2 2703
1 6757 9802
1 16729 28531
1 29644 7602
1 29441 15147
1 18424 2669
2 11453
2 35312
2 18551
1 31578 17206
1 25816 18341
1 37358 14162
2 29855
2 21821
1 12504 3027
1 285 25435
1 27954 23664
1 34782 35589
2 3800
2 15842
1 30951 38123
1 2920 29586
1 36551 23641
1 37660 17307
2 14444
2 32726
1 21208 22845
1 37793 27633
1 2261 28301
1 21408 24615
1 7085 16440
1 10114 1274
2 10994
2 28387
1 20095 26006
2 18033
1 18315 708
1 29829 18047
2 27283
1 18297 14579
1 6293 19430
2 23955
2 22321
2 18402
1 18106 31646
2 35498
1 11954 35996
2 2129
2 6513
2 27439
1 36210 5606
2 21505
2 2557
1 27285 35275
2 18911
1 27282 22866
2 13762
2 1280
1 1884 31466
2 31681
1 15208 3864
1 9495 11154
2 26266
1 35967 17260
1 5977 20882
1 3246 20365
2 6912
1 4236 20029
1 16828 28238
1 3350 577
2 25681
2 8430
1 14206 21514
1 15807 11959
1 3934 33973
2 3116
1 32871 31145
2 9723
1 19805 8317
1 14832 10699
1 16900 21786
2 18633
1 29900 17596
1 21791 37163
2 26468
1 3985 30443
1 25969 10220
2 3806
2 33214
2 25164
2 7374
2 21370
2 3248
1 5929 24283
1 30124 10284
2 20303
1 35580 21190
1 9609 32810
2 14748
2 15359
1 7350 118
2 11684
1 23253 26227
2 24453
1 17419 4750
2 16873
1 23666 30996
2 1270
1 14442 320
2 24904
2 12218
2 26669
1 5068 13449
2 11857
2 19099
2 923
2 20553
1 35978 28199
2 34593
1 1872 35142
1 22416 2101
1 26425 15251
2 26730
1 35210 2174
2 5088
2 31517
1 29152 32397
1 18638 14236
2 12446
2 35413
2 1104
1 11042 34475
2 10247
2 29711
2 22541
2 33139
2 31948
2 1598
2 17579
1 28749 17389
2 28751
1 1751 8205
2 23801
1 35500 22314
2 27721
1 15433 21364
1 23435 25963
2 16339
1 25512 3090
1 33051 18130
1 33188 22574
1 11918 23383
2 37942
1 19780 8181
2 9579
1 14309 17639
1 13503 33419
2 3346
2 28096
2 33807
1 16848 7982
2 11241
2 13589
1 29673 30738
1 10152 17132
1 18957 18255
1 37825 2185
2 29462
2 22143
1 2931 18412
2 30362
2 5104
1 9920 15646
2 13299
2 28073
1 37050 22819
1 22205 12624
1 37937 30753
2 7321
2 22276
1 31771 3773
1 22159 11813
1 20377 17025
2 30999
2 19075
2 34662
2 32455
2 2665
1 35083 6225
1 28027 2276
1 22638 24569
2 14854
2 14465
1 14684 23497
1 26200 23486
2 8895
1 12278 28765
1 2166 32688
1 14062 31622
2 22365
2 7165
2 26984
1 19686 31149
2 1954
2 2816
2 37652
2 15617
2 2519
1 9345 31611
2 19204
1 33834 2128
1 33254 38068
1 12172 35837
1 6828 30563
1 33370 34906
1 7203 12997
1 25466 4514
2 21418
2 7001
1 7788 23416
2 36179
1 27732 37782
1 15436 23464
1 12566 30651
2 1803
2 27217
1 37144 21422
2 29870
1 17222 26492
2 19615
1 12993 20783
1 26461 21989
1 35182 1561
2 13782
1 34755 14313
1 6801 19259
1 6060 13230
1 21809 29009
2 17043
1 20224 37933
1 34732 3941
2 10243
1 8278 38160
1 37203 12616
1 25143 20511
1 23448 27161
1 23636 23920
1 32796 14355
1 17401 20086
1 7802 30265
2 15684
2 31811
2 6428
2 7923
2 8529
2 26377
1 27905 17529
1 24345 13734
2 17918
2 17552
2 13063
1 17211 38363
2 32906
1 29321 9147
2 7049
2 24982
1 13235 30363
2 4314
1 23539 25103
2 4195
1 28410 6848
1 26234 13212
1 19532 12052
1 22031 11001
1 26416 20383
2 6992
2 36760
2 22230
1 21767 4407
2 13937
1 4795 15680
1 29047 23735
2 7176
2 30451
1 16741 15993
2 31499
2 28767
2 29617
2 10737
2 14751
1 14350 35569
1 23537 20389
1 16591 9370
2 18710
1 28398 29866
1 223 12366
2 1010
1 11932 30916
2 19103
1 28573 12281
1 35107 30522
1 12404 23992
1 20924 17023
2 18817
1 9215 29738
1 4766 19121
1 19242 6788
1 30070 1062
2 28453
2 30724
1 26160 15532
2 4222
1 1562 11619
1 12988 33858
2 33444
2 4902
1 36563 19218
1 7847 26270
1 34665 30328
2 35357
2 7282
2 4757
2 10863
1 31678 17229
1 9048 26963
1 20071 1314
1 14506 35289
2 1671
2 28429
1 902 27967
1 35280 29847
2 24150
2 804
2 34409
1 6511 6585
2 20524
2 4988
1 32298 21740
1 4236 35659
2 2024
2 33203
2 30890
1 33835 18317
2 33591
1 31442 2000
1 20746 22147
1 33010 35507
1 16004 13302
2 4682
1 23069 33014
1 11495 19224
1 5557 13356
2 21009
1 2252 19825
1 5717 229
1 34364 31979
2 6438
1 15276 25984
2 30225
1 28480 34021
2 37397
1 36934 1299
2 37816
2 35809
1 29686 771
2 24566
1 27 8128
2 36853
1 21467 26462
1 15954 19489
2 36535
2 1469
1 11884 17053
1 16649 1088
1 12383 10075
1 30576 4132
1 16475 14483
1 34788 37528
2 30497
2 36199
1 14705 30568
1 38356 35472
2 514
2 23352
2 12241
2 18781
1 726 31478
1 25124 29241
1 17644 29736
2 35711
2 33687
2 17291
2 16184
1 10796 10412
1 10940 28462
1 10742 37316
1 3094 11701
2 31593
2 11233
1 16048 19382
1 14786 8644
1 6405 37097
2 2293
2 26902
1 7041 30343
2 33852
1 21929 33158
2 1779
1 17935 17477
2 6958
2 7563
1 32155 11073
2 24490
1 30325 4369
2 7053
2 24866
1 6828 9693
1 33063 20409
1 35527 21402
1 10136 15231
2 32526
1 7315 13374
1 14205 35913
1 4932 9662
2 36590
1 6031 32018
2 12569
2 3225
2 28975
2 30238
1 4041 29827
2 3374
2 24868
1 32567 26308
2 5412
2 37034
1 11439 1229
1 37414 347
1 10199 24651
2 5097
1 25740 8094
1 22534 33233
1 5415 12149
1 8064 8881
2 19563
1 32194 4522
1 373 15200
1 7704 11063
1 14008 23352
2 31884
1 32031 2064
2 29521
1 27221 4862
2 29838
2 33155
1 21024 30993
1 15620 18240
2 9751
1 9502 35435
2 5362
1 14590 36380
2 33808
2 11821
2 33045
1 36051 38067
2 27813
2 5779
2 33372
2 17803
2 38109
2 18701
1 31775 23593
2 32504
1 18496 38065
2 3256
2 29558
2 27044
2 14157
1 10254 37539
1 2333 28040
2 31059
1 35331 7493
2 16099
1 2189 28237
1 14300 28055
2 37323
1 32352 25079
2 37095
1 32348 8294
2 20829
2 7516
2 19408
1 14737 4469
2 21619
1 33705 23555
2 19826
1 32492 34062
2 5023
2 38270
1 38077 15932
2 7234
2 31760
1 35381 4499
1 3639 1740
2 20738
2 14440
2 4756
1 11871 17180
2 32275
1 22811 12380
1 1823 11221
2 929
1 35284 16939
1 36487 28896
1 24220 11117
1 343 18527
1 1010 35446
2 13504
2 23169
1 7981 9457
2 9400
2 9049
1 33301 4232
2 5654
1 25229 35781
1 36325 37150
1 18559 25135
2 10587
1 8026 7402
2 34521
1 11154 25343
1 2804 10135
1 1398 18265
1 30254 37972
1 30798 8343
2 12961
1 2225 1654
2 3981
2 21535
2 23639
1 9901 27715
2 18630
1 37782 9254
2 34660
1 21970 24493
1 11123 20627
2 15797
1 25736 35752
1 9907 8380
1 31607 36876
1 1650 17887
1 30438 10888
1 520 32549
1 16073 3199
2 30953
1 25681 32731
2 34251
1 15776 12427
2 35645
2 8154
1 32226 12890
2 26283
2 3494
2 19069
2 2479
2 15111
2 26819
2 16801
1 30555 5347
2 9768
1 17165 34481
1 3374 26473
1 5266 21682
2 34009
1 37418 14892
2 15951
1 13809 12307
1 27421 31859
2 20671
1 20759 30463
2 28236
2 12545
2 34900
1 24359 17049
1 24933 17389
1 20078 15259
1 19620 2927
1 5220 33822
1 10889 34755
1 29317 18744
1 27062 14529
1 31041 23469
1 7556 36247
1 10461 23383
1 24335 12217
1 23429 25503
2 21199
1 30590 22547
1 15021 18744
2 4810
1 17480 19724
2 8391
2 6149
2 38183
1 31662 16722
1 3660 14989
2 35306
2 15012
1 1044 36497
1 7384 25701
2 26799
2 3073
1 31232 647
1 30994 22111
2 3099
2 10803
1 29623 459
1 13481 1079
1 24965 32938
2 30801
2 37866
2 27303
2 588
2 25513
2 37957
1 10522 1180
1 12509 13389
1 35951 10354
2 15706
2 7382
2 17013
2 11319
2 12231
1 35286 24587
2 15032
2 32008
2 24007
1 35865 9327
1 29636 16786
1 21395 37583
1 21730 23228
2 37143
1 34930 23352
2 8465
1 21645 33850
2 16587
2 22627
2 21835
2 8259
2 5711
2 29735
2 25648
1 8991 3747
2 26843
2 33725
2 24117
1 20459 23720
2 17145
2 19250
2 8646
2 4019
1 31726 21961
1 22772 34888
2 32634
1 14661 12517
2 37633
1 14543 29743
