0
0
0
0
0
0
0
0
0
0
0
0
0
0
0
0
0
0
0
0
0
0
0
1
0
0
0
0
0
0
0
0
0
0
0
0
0
0
0
0
0
0
1
0
0
0
0
0
0
0
0
0
0
0
0
0
0
0
0
0
0
0
0
0
1
0
0
0
0
0
0
0
0
0
1
0
0
0
1
0
0
0
1
0
0
0
1
0
0
0
0
0
1
0
2
0
0
0
1
0
0
0
2
0
0
1
0
0
0
0
0
0
0
0
1
1
0
1
0
0
0
0
0
1
0
0
0
0
1
0
1
1
1
0
2
0
0
1
0
0
0
0
1
0
0
1
0
0
0
1
1
3
0
0
0
0
0
1
1
0
0
2
1
1
0
1
0
0
0
1
1
1
0
0
0
1
0
0
2
1
0
0
0
0
0
0
0
0
0
0
0
1
0
0
0
0
0
1
1
0
0
2
0
1
0
2
0
0
0
7
0
2
1
0
0
2
0
1
0
0
0
1
2
0
0
0
0
0
0
2
0
2
7
1
1
0
0
0
0
0
0
16
2
2
0
0
2
8
0
1
0
1
1
1
2
0
0
4
0
2
2
0
1
0
3
4
6
5
0
1
1
0
1
1
0
0
0
3
0
1
0
26
0
10
5
0
0
1
0
0
0
1
0
0
0
5
0
0
26
0
0
0
0
1
0
5
0
2
2
4
1
19
3
0
0
6
0
11
0
2
1
2
1
1
0
26
0
1
0
0
0
2
0
0
0
9
0
2
7
26
0
