0
0
0
0
0
0
0
0
0
0
0
1
0
0
0
0
0
0
0
0
1
0
0
0
2
0
0
0
0
0
0
0
0
0
0
0
0
0
0
0
1
0
1
0
0
1
0
0
0
0
0
1
0
0
0
0
0
1
1
0
0
0
0
0
0
0
0
0
0
0
4
0
1
2
0
0
1
0
0
0
0
1
0
1
1
0
0
0
0
0
1
0
1
0
0
0
0
0
0
0
3
0
0
0
1
0
0
0
0
1
0
0
0
0
0
0
2
1
0
0
0
1
0
0
1
0
1
0
0
1
0
1
0
0
2
0
0
0
1
0
0
5
0
0
1
4
4
1
0
0
0
0
0
2
3
0
0
3
0
0
0
0
5
1
0
2
3
1
1
0
3
1
3
0
0
1
1
1
0
0
0
4
4
0
1
0
1
7
1
8
9
0
0
1
1
2
0
0
12
0
5
0
0
0
12
0
1
0
1
0
7
1
12
0
1
8
1
1
0
12
7
0
0
1
3
9
2
1
5
6
1
0
0
3
8
0
1
0
0
0
0
0
0
1
0
0
0
3
0
12
0
4
0
0
4
1
0
3
12
12
0
4
12
0
3
14
0
3
24
4
0
3
7
1
4
0
14
0
0
0
1
15
0
4
3
0
28
0
4
34
1
76
0
1
0
0
0
0
134
0
18
0
5
2
9
135
0
0
18
18
164
15
1
2
0
0
23
0
164
0
23
23
0
172
9
172
0
199
199
5
212
0
7
212
0
0
212
2
0
2
212
1
213
213
214
214
1
240
0
0
240
0
0
0
0
0
10
244
5
4
0
0
261
261
0
268
0
0
0
0
0
274
0
0
275
0
275
275
291
291
0
0
291
5
0
0
293
296
296
0
296
296
298
0
301
302
2
0
0
302
302
0
0
0
305
0
305
307
307
0
308
0
308
308
3
2
309
309
0
309
309
4
310
3
310
3
0
315
319
0
319
333
333
333
335
335
335
