62 840
1 19 18
2 24
2 38
2 2
2 7
2 32
2 3
2 34
2 60
2 55
2 56
1 29 21
2 16
1 6 1
2 45
1 2 45
2 57
1 47 13
1 23 1
2 53
2 33
2 51
1 6 45
2 41
2 53
1 45 25
1 29 28
2 23
1 9 12
2 32
2 38
1 4 15
1 11 24
1 59 40
2 16
1 46 6
2 45
1 24 55
1 35 20
1 37 8
1 50 51
2 49
2 46
2 47
2 8
1 33 42
1 45 48
1 28 5
1 9 23
2 39
2 7
2 8
1 38 33
1 53 40
1 25 33
2 22
2 8
2 26
1 1 18
1 18 62
2 42
1 30 32
2 24
2 57
1 33 10
2 30
2 29
1 40 21
2 50
1 27 47
1 55 20
2 30
1 36 9
1 42 16
2 40
2 16
1 10 27
2 13
2 45
2 28
1 1 33
2 13
2 52
2 53
2 30
1 12 44
1 3 1
2 11
1 60 1
1 28 1
1 49 30
1 38 9
1 45 39
1 19 37
2 41
1 48 3
1 59 39
2 56
2 36
2 51
1 26 32
2 21
2 30
1 27 51
2 12
1 12 55
1 18 31
1 42 21
1 38 60
2 29
2 43
2 10
2 37
1 62 19
1 41 56
1 1 31
1 26 39
1 42 31
1 24 13
1 21 15
2 31
1 6 2
1 15 8
1 17 4
1 38 45
2 1
2 11
1 10 49
1 55 58
2 53
2 54
2 60
1 21 4
1 39 13
1 43 54
2 12
1 55 21
1 40 14
1 30 39
1 28 33
2 44
2 10
1 28 46
1 4 31
2 18
2 16
1 28 19
1 15 20
2 26
1 9 55
2 11
1 16 50
2 58
2 1
1 18 14
1 55 13
1 61 30
1 46 23
1 15 48
1 9 45
1 12 49
1 62 41
2 35
2 47
1 12 27
2 17
2 2
2 55
1 3 19
1 51 34
1 60 22
2 11
1 39 19
2 7
2 53
1 62 59
2 41
2 26
2 49
1 30 26
2 5
2 45
2 9
1 19 7
2 26
1 42 28
2 39
1 12 29
1 12 39
1 43 4
2 57
2 39
1 42 17
2 20
1 24 40
2 23
1 40 27
1 41 10
1 30 44
2 1
1 30 37
1 29 48
1 12 56
1 26 41
1 1 52
1 43 53
2 13
2 28
2 29
1 43 10
2 53
1 18 39
2 27
1 23 14
2 12
2 54
1 27 22
2 20
2 10
1 55 40
2 5
2 4
1 45 32
1 27 28
2 58
2 6
1 38 48
1 54 6
2 34
1 61 36
1 42 14
1 56 32
2 50
1 23 52
2 31
1 33 61
2 49
1 32 3
1 17 23
1 1 53
2 55
1 38 58
2 49
2 47
1 2 26
2 18
1 45 18
1 54 35
1 33 15
1 11 39
2 59
1 8 26
1 49 41
1 61 55
2 24
1 38 61
1 52 33
1 8 21
2 49
2 38
1 8 58
2 17
2 26
1 11 43
2 52
1 36 37
2 36
2 31
1 14 58
2 52
2 52
1 33 55
2 32
2 44
1 6 55
2 8
1 56 37
2 34
2 35
2 49
2 23
2 36
1 10 24
1 1 17
1 54 18
1 2 14
1 43 2
2 21
1 33 3
1 2 59
1 33 35
1 2 38
2 32
1 60 49
1 26 48
1 62 45
2 40
1 25 29
1 58 53
2 25
2 57
1 22 51
1 9 16
1 52 18
1 35 45
2 6
2 9
2 34
1 14 5
1 46 10
2 41
2 10
1 7 16
1 15 17
2 49
2 45
1 28 13
1 20 36
1 19 6
1 4 49
1 40 33
1 30 21
1 7 38
1 47 7
1 23 44
2 55
1 60 42
2 58
2 34
2 35
2 46
2 47
2 18
1 58 35
2 41
1 38 36
2 46
1 9 20
1 55 49
2 43
2 44
2 18
2 29
2 9
1 16 8
2 43
1 46 52
1 36 16
2 46
2 32
2 22
2 42
1 60 51
1 23 30
1 57 59
1 8 6
2 41
1 45 43
1 45 21
2 43
2 13
1 12 26
1 34 6
2 19
1 29 35
1 30 40
2 56
1 15 29
1 22 9
2 34
2 38
1 3 2
2 34
1 34 28
1 24 58
1 4 57
1 42 32
1 57 39
2 51
2 40
2 40
2 62
2 7
1 40 62
1 61 17
1 35 39
2 60
2 5
1 36 32
2 25
2 28
1 32 49
2 9
2 52
1 16 40
2 54
1 37 34
1 50 40
2 59
1 7 54
2 33
1 8 4
1 12 13
1 40 6
1 49 17
1 44 3
2 21
1 9 53
1 57 40
2 27
2 33
2 44
1 30 7
2 9
2 47
1 3 30
1 62 9
2 31
2 50
2 45
2 26
1 62 11
1 58 34
2 20
2 38
2 45
1 49 31
1 35 10
1 12 59
1 33 32
1 36 50
1 1 44
1 15 30
2 30
2 38
2 38
2 54
2 23
2 33
1 50 45
2 22
2 57
1 1 8
1 59 56
2 12
2 14
1 12 54
1 62 39
1 30 18
1 19 55
2 58
2 19
1 1 38
1 51 13
2 31
2 35
2 5
1 9 4
1 46 59
2 61
2 25
1 19 56
1 19 50
2 40
1 1 2
2 25
2 49
1 16 32
1 24 57
1 52 32
2 57
2 20
1 58 49
2 58
1 5 33
2 27
1 20 27
2 23
2 43
2 35
2 53
1 47 29
1 13 56
1 56 2
1 12 2
1 39 33
2 34
1 24 43
2 38
1 11 52
1 3 45
2 29
2 31
2 36
1 13 15
1 53 21
1 15 16
1 1 50
1 8 62
2 23
1 15 44
2 11
2 38
1 29 45
1 58 27
2 7
1 3 39
2 7
2 32
1 19 21
2 46
2 23
2 34
1 36 21
1 23 5
2 36
2 30
1 21 22
2 32
1 44 11
1 17 51
2 28
1 62 43
1 30 4
2 38
2 14
2 1
2 48
2 58
2 1
2 43
1 48 42
2 2
1 17 52
2 1
1 39 36
2 55
1 53 55
1 19 26
2 33
1 46 30
2 15
1 44 41
1 55 18
2 35
1 21 56
1 3 36
1 12 50
1 57 22
1 51 53
2 45
2 4
2 32
2 8
1 6 35
2 55
2 26
2 41
1 56 8
1 55 14
1 49 38
2 48
1 62 53
1 45 37
2 4
1 4 42
1 4 5
2 30
2 41
1 50 48
2 60
2 47
1 37 52
2 1
2 19
1 18 58
1 23 18
1 49 39
2 40
1 11 55
1 11 45
1 54 53
2 20
2 29
2 48
1 48 61
1 22 20
1 59 10
2 17
1 21 57
1 44 43
2 10
1 55 7
1 53 42
2 44
2 30
1 59 36
1 47 19
2 12
2 32
2 56
2 7
2 4
1 16 39
2 18
1 2 37
1 32 47
1 49 7
2 60
1 46 33
1 21 27
1 25 17
1 54 23
1 49 25
1 40 12
1 10 11
1 51 16
2 53
1 44 14
2 52
1 1 25
1 28 25
2 11
1 52 21
2 21
2 36
1 8 43
2 62
1 47 9
1 49 5
2 33
1 48 57
1 29 23
2 39
2 3
2 47
1 7 56
2 14
2 30
1 48 46
2 17
1 40 36
1 20 16
1 26 5
2 45
2 54
2 7
1 44 39
2 62
2 53
2 59
2 30
1 51 18
1 29 36
1 30 53
1 49 26
1 19 20
1 4 23
1 58 39
1 45 15
1 24 54
2 57
2 18
1 31 55
1 34 3
1 37 28
2 25
1 2 53
1 35 46
1 49 8
1 22 37
2 3
1 42 29
2 8
1 28 62
2 13
1 60 24
1 31 37
1 4 22
1 37 25
1 37 54
1 38 39
1 34 22
2 18
2 56
1 34 40
1 23 62
1 5 6
1 19 30
2 52
2 3
2 7
1 13 58
1 45 59
1 37 10
1 60 29
2 56
1 54 17
1 36 42
1 2 10
2 42
2 49
2 55
1 58 17
1 51 29
1 29 19
2 35
2 1
2 37
1 48 55
1 38 62
1 7 50
1 57 6
1 43 34
2 30
2 11
1 56 46
1 37 18
1 59 53
2 17
2 34
1 13 31
2 32
2 37
2 12
1 37 47
2 53
2 30
2 60
1 17 39
2 40
1 6 26
1 53 25
2 53
1 47 16
2 61
2 13
1 9 48
2 50
2 2
1 1 39
1 25 30
2 20
2 25
2 7
2 9
2 23
2 52
2 35
2 13
1 61 6
2 25
2 31
1 61 28
2 45
2 27
2 48
1 9 42
1 35 62
1 53 3
2 24
1 57 7
1 7 59
1 20 24
2 58
2 35
1 35 27
1 44 34
2 15
2 33
1 4 59
1 50 6
2 17
1 52 45
1 26 9
2 23
2 56
2 57
1 10 12
1 44 62
2 27
1 8 47
2 41
1 23 11
2 23
1 51 39
2 34
1 28 44
1 25 44
1 4 61
2 31
1 18 15
2 36
1 35 24
2 21
2 16
2 35
1 44 22
2 39
2 22
1 42 35
2 53
2 29
2 17
2 57
2 1
1 40 15
1 61 40
1 48 51
1 26 40
1 33 44
2 3
1 53 20
2 14
1 5 54
2 13
2 27
1 12 22
2 28
1 1 22
2 24
2 54
1 35 51
2 54
2 7
2 28
1 52 44
2 50
1 56 29
2 47
2 58
2 33
2 41
1 22 46
1 13 33
2 21
2 50
1 17 20
1 4 53
2 6
