851 992
2 838
1 240 410
1 103 67
1 77 543
2 474
2 567
2 830
2 377
2 340
1 469 450
1 107 236
1 511 714
1 307 351
1 830 735
2 431
2 113
1 824 635
2 687
2 388
2 29
2 183
1 315 408
1 454 440
1 362 508
1 165 186
2 29
2 228
2 605
1 462 743
1 247 378
2 461
1 534 841
1 566 350
1 760 607
1 184 771
1 190 342
2 18
2 166
1 328 282
1 613 600
1 311 18
2 784
2 395
1 427 297
2 361
1 86 577
1 696 333
1 400 454
1 749 252
1 563 115
1 152 162
2 578
2 219
2 380
1 379 648
2 289
1 241 522
1 432 177
1 585 606
2 526
2 613
2 136
2 386
1 226 166
1 394 797
1 651 440
1 302 252
2 365
2 339
1 587 694
1 130 640
2 315
1 851 716
1 64 273
1 44 554
2 153
1 157 73
1 171 632
2 422
1 662 410
2 499
2 571
1 687 678
1 548 508
2 198
2 754
1 736 231
1 597 32
2 372
2 241
1 833 593
1 535 498
1 732 155
1 144 225
2 772
1 822 738
1 382 709
2 819
1 39 200
1 242 615
2 259
1 821 453
1 470 593
2 828
1 275 115
1 328 364
2 723
1 104 361
1 121 353
2 783
1 498 295
1 374 556
2 812
1 646 390
1 221 332
2 165
1 253 92
1 142 331
1 169 355
2 190
2 553
2 123
1 474 319
2 164
2 448
1 115 811
2 480
1 230 543
2 566
1 15 22
2 153
1 674 847
1 456 204
2 643
1 149 256
2 111
2 337
2 610
2 312
2 260
2 105
1 505 371
2 407
2 374
1 415 617
2 661
1 296 74
1 73 463
1 189 365
1 477 363
1 839 395
2 649
1 667 207
2 187
2 786
2 12
2 209
1 268 279
1 82 664
2 170
1 681 14
2 718
1 561 461
2 469
2 134
1 198 833
1 808 402
2 284
2 579
2 122
2 141
2 190
1 683 243
2 811
1 406 586
2 367
1 444 119
2 404
1 773 177
2 729
2 513
2 228
2 556
2 246
1 597 118
1 565 715
1 642 605
2 295
1 660 245
1 648 673
1 380 686
1 51 288
1 397 772
2 84
1 196 767
2 263
1 96 439
2 736
1 383 534
1 242 440
1 353 339
2 291
2 192
2 569
2 43
2 430
2 367
2 598
2 41
2 144
1 138 607
1 758 631
2 587
1 823 304
1 101 78
1 162 468
1 803 59
2 838
1 489 843
1 847 315
2 486
1 9 739
2 213
2 402
1 682 286
2 463
2 606
1 45 662
1 184 612
1 240 196
1 380 111
2 273
1 100 146
1 45 63
2 448
1 784 558
1 258 731
1 759 162
2 810
2 380
1 672 257
2 599
1 49 503
1 815 73
2 5
1 640 492
2 254
2 435
2 439
1 581 514
2 370
1 104 424
2 475
2 409
1 314 527
1 342 729
2 426
2 265
2 639
2 312
2 386
2 383
1 603 744
2 468
2 186
1 107 538
1 446 649
1 214 456
2 231
1 253 739
2 461
1 710 664
1 138 733
1 537 497
1 312 752
2 61
1 68 451
2 528
1 611 599
1 757 295
2 714
2 542
2 724
1 234 395
1 755 257
1 310 256
2 677
2 711
2 110
1 320 759
2 715
2 479
2 610
2 351
2 638
2 304
1 349 158
2 406
2 648
2 476
2 57
2 77
2 194
2 656
1 176 755
1 210 302
1 741 39
1 825 773
1 68 633
1 278 567
1 135 248
1 805 811
1 752 598
1 29 345
1 455 363
2 728
2 751
2 358
1 751 440
1 556 525
1 835 51
1 585 219
1 345 198
2 464
2 218
1 819 355
1 624 161
2 307
1 497 534
1 817 609
1 240 343
1 213 222
2 7
2 602
2 349
2 34
2 343
1 780 617
1 562 209
2 803
2 695
2 494
2 466
2 592
2 387
2 339
2 691
2 756
2 548
2 641
2 600
1 613 647
1 437 64
2 111
2 671
2 628
2 340
1 667 363
1 398 43
1 613 268
2 353
1 508 353
2 707
2 469
1 373 481
1 494 67
1 731 580
2 230
1 622 684
2 603
1 659 623
2 810
2 848
2 795
1 13 570
1 681 663
1 677 237
1 439 645
2 529
2 796
2 80
1 294 361
1 538 498
2 20
2 239
2 324
2 265
2 511
2 349
2 743
2 546
1 673 259
2 619
2 762
2 440
1 478 450
2 320
2 6
2 703
2 614
2 245
1 408 817
2 821
2 266
1 45 415
2 687
2 781
2 204
2 382
1 605 379
1 606 477
2 336
2 463
2 33
1 435 817
2 556
1 479 149
2 738
2 257
1 657 789
2 713
2 450
1 176 256
1 561 544
1 846 253
1 446 639
2 631
2 62
1 68 131
2 380
1 322 686
1 434 850
1 576 131
2 174
1 57 43
2 256
1 840 809
2 165
2 410
1 677 251
1 1 584
2 89
1 110 851
1 210 458
1 605 486
2 726
1 142 264
1 370 290
2 712
1 353 325
1 759 694
2 583
1 819 690
1 699 653
1 367 474
1 223 452
1 270 123
2 71
2 198
2 483
1 392 156
2 143
1 180 371
2 208
2 157
2 783
2 566
1 426 794
2 581
1 171 431
2 468
2 648
1 654 16
1 101 694
2 183
1 643 254
1 659 168
2 704
1 492 561
2 674
1 760 448
1 47 172
2 850
1 838 346
2 793
2 832
1 490 1
1 762 169
1 224 237
1 106 743
1 536 463
2 143
2 180
2 298
1 155 473
1 569 45
2 784
2 433
1 735 724
1 189 212
2 718
1 170 799
1 124 211
2 468
1 272 498
1 403 22
1 318 345
1 572 76
1 253 481
1 289 27
1 534 141
2 161
1 753 99
2 260
1 636 337
2 216
2 687
2 847
2 630
1 327 495
1 810 281
1 131 37
1 687 845
2 169
1 649 6
1 522 281
2 755
1 634 669
1 818 99
2 692
2 278
1 775 105
1 757 79
1 57 673
1 43 433
1 61 238
2 88
1 360 340
2 824
1 475 487
2 450
1 835 151
1 658 317
1 306 204
2 281
2 662
2 498
1 198 267
1 368 737
1 733 292
1 39 670
2 806
1 240 2
1 236 353
1 486 453
1 226 85
2 397
2 269
1 274 601
1 306 589
1 259 658
2 590
2 602
1 541 839
2 41
2 17
2 419
2 33
1 273 85
1 694 202
1 565 602
2 717
2 223
2 439
2 506
1 230 245
1 522 212
2 140
2 17
2 284
2 114
1 846 27
2 560
2 694
1 820 796
1 393 346
1 488 717
2 773
2 177
2 607
2 810
1 790 763
2 688
1 21 128
1 530 316
1 362 649
1 141 420
1 504 337
2 363
2 354
1 438 589
1 576 278
1 236 721
2 462
1 207 583
1 139 326
1 193 658
1 37 22
2 846
2 111
1 216 174
1 306 265
2 769
1 436 791
1 679 194
2 398
2 806
1 272 81
2 513
1 417 277
2 432
1 543 36
1 688 382
1 187 104
1 522 688
2 653
2 58
2 682
2 248
1 354 87
1 786 549
1 656 219
2 810
1 137 612
2 567
2 38
1 689 501
2 796
1 215 301
1 765 246
1 346 572
2 243
1 351 328
2 308
2 843
1 132 563
1 527 281
1 823 353
1 384 375
2 453
1 209 517
1 52 688
2 402
2 727
2 471
2 189
2 119
1 51 802
1 737 782
1 54 272
1 801 179
1 719 696
2 502
2 820
1 199 568
2 204
1 845 181
1 304 294
1 335 199
1 57 584
1 636 243
2 255
1 496 252
1 696 624
1 486 245
1 184 18
1 226 77
2 250
1 231 732
2 458
2 643
2 615
2 196
2 162
2 826
1 181 618
1 185 642
2 95
2 85
2 42
2 155
2 319
2 846
1 620 391
2 559
2 643
1 300 123
1 625 3
2 123
2 99
1 723 381
1 385 851
2 109
1 666 703
1 561 746
1 122 539
1 607 77
2 525
2 700
1 753 56
1 262 817
1 837 162
2 35
1 198 626
2 519
1 642 657
1 91 491
1 414 152
2 272
1 252 500
1 762 171
1 680 315
2 594
2 672
1 47 13
2 226
1 388 43
1 650 272
2 598
2 63
1 103 776
2 574
2 599
2 502
1 851 641
2 180
2 520
2 61
2 12
1 319 633
1 829 21
2 237
2 559
1 646 150
1 773 543
1 654 107
1 371 744
1 265 98
1 591 512
1 726 552
1 823 148
2 690
2 72
1 144 432
1 495 161
2 449
1 499 303
1 308 831
1 11 120
2 282
2 776
2 835
2 597
1 82 433
1 438 480
1 434 611
1 338 54
2 524
1 62 470
1 520 780
1 568 812
2 54
2 520
1 777 242
1 204 378
2 4
1 329 559
2 475
1 363 334
2 347
1 225 446
2 807
2 45
1 454 228
2 7
2 676
1 586 31
1 516 694
1 584 514
2 166
2 241
1 222 186
1 15 678
2 49
2 650
1 123 414
2 842
1 209 177
1 455 409
2 828
1 534 665
1 651 287
2 581
1 213 757
2 391
1 344 381
2 468
2 826
1 707 834
2 782
2 717
2 546
2 537
1 718 385
2 529
2 576
2 1
2 818
2 656
1 715 85
2 849
2 298
2 67
2 281
1 581 417
2 351
2 520
1 244 539
2 483
2 367
1 622 5
1 511 166
2 461
2 72
2 664
2 338
1 591 845
1 575 371
1 438 850
2 418
1 536 154
1 123 470
1 124 219
2 360
2 222
2 84
2 724
1 798 827
1 178 38
2 376
2 139
2 271
1 16 252
1 687 237
1 88 446
2 552
2 327
2 239
1 362 532
1 101 617
1 495 289
2 289
1 721 182
2 268
2 604
2 657
1 287 491
2 240
1 273 91
2 396
1 229 681
2 702
1 78 339
1 551 245
2 177
1 300 158
1 317 629
1 29 13
2 50
2 480
1 598 301
2 412
2 259
2 754
1 737 552
1 39 202
2 461
1 169 108
2 501
2 262
1 472 756
2 807
1 138 608
2 734
2 111
1 63 189
2 23
1 345 740
2 759
1 741 385
2 176
1 501 229
1 743 729
2 304
2 285
1 61 581
1 195 404
2 600
2 57
2 37
1 528 483
1 617 833
2 782
2 636
2 87
2 368
1 313 840
2 395
1 706 11
1 129 575
2 106
2 245
2 341
2 783
1 114 107
1 17 112
1 569 359
2 798
2 799
2 741
2 814
2 662
1 680 329
2 170
2 328
2 172
1 682 791
1 803 26
2 95
2 233
2 454
2 489
2 644
1 437 663
1 101 642
1 351 789
2 629
2 64
2 560
2 157
1 613 510
2 408
2 180
2 308
1 615 50
1 841 427
2 80
1 209 148
1 259 489
1 273 316
1 139 153
2 7
1 79 14
2 670
2 15
2 74
1 467 212
2 697
2 333
1 124 246
2 730
1 354 704
1 176 239
2 13
1 507 423
1 592 331
1 392 284
1 52 556
1 131 225
2 191
2 647
1 660 177
2 550
1 377 818
1 782 555
1 391 37
1 420 2
2 200
2 241
2 577
2 403
1 329 46
