700 654
1 110 641
1 434 233
2 169
2 394
1 559 282
1 656 141
2 195
2 479
2 676
1 231 178
2 638
2 417
2 69
2 12
2 400
1 334 494
2 100
2 527
1 461 20
2 13
2 554
2 125
2 251
1 670 473
2 419
1 446 635
1 412 116
1 110 340
2 549
2 290
1 86 150
1 462 97
2 186
2 645
1 664 590
1 464 345
2 413
2 509
1 636 118
1 408 511
2 462
2 391
1 156 219
2 660
2 147
2 51
1 248 224
1 200 425
2 31
2 597
2 284
1 114 293
1 664 608
1 492 172
2 558
1 75 269
1 298 580
1 145 613
2 35
1 442 245
2 171
2 174
1 130 245
1 677 17
2 402
2 290
2 226
2 650
1 555 676
2 135
2 101
1 598 202
1 128 206
1 639 172
1 570 209
1 383 547
1 470 211
1 243 561
2 673
2 114
1 422 89
2 226
1 469 483
2 304
1 564 630
2 341
2 74
2 212
1 129 616
2 625
2 221
1 518 238
1 506 242
2 440
2 305
1 27 97
2 451
1 280 405
2 155
1 497 93
1 478 379
1 107 431
2 430
2 697
1 648 652
2 655
2 674
1 348 395
2 300
1 268 188
1 401 272
1 553 484
2 609
2 23
1 605 304
1 227 65
2 493
1 294 114
1 93 659
2 337
1 249 162
2 578
2 547
2 263
2 531
2 597
2 61
2 536
1 518 8
1 475 265
2 170
1 521 185
1 189 132
1 379 251
2 533
1 260 221
2 396
1 409 503
2 601
2 401
2 390
1 184 346
1 669 621
2 295
1 96 17
1 631 153
1 558 78
2 638
2 409
2 223
1 234 603
1 278 561
1 352 345
1 7 12
2 111
2 679
2 7
2 539
1 28 668
1 697 383
2 433
1 44 223
1 255 184
2 642
1 286 132
2 553
2 198
1 115 501
2 52
2 362
1 403 597
2 147
1 131 539
1 95 86
2 324
1 351 449
2 559
1 35 637
1 423 371
2 447
2 172
2 594
2 83
2 448
1 157 675
1 183 527
2 200
1 534 606
1 230 550
2 530
2 674
1 38 75
1 651 615
2 154
1 633 473
2 379
1 222 686
2 100
2 124
2 651
1 647 634
2 457
2 577
2 14
1 213 341
2 498
2 1
1 378 273
2 123
2 252
2 355
1 517 241
2 78
1 219 681
2 141
2 281
2 412
1 693 417
1 660 364
2 23
2 472
1 283 322
1 648 137
1 682 632
2 180
1 480 452
2 399
1 675 317
1 338 12
2 421
2 632
1 652 329
1 509 101
2 372
2 290
1 561 133
1 284 298
2 485
1 391 682
2 117
1 557 649
1 674 339
2 78
2 301
1 298 435
1 7 280
1 123 35
2 129
1 429 272
2 446
2 564
1 508 219
2 375
2 294
1 449 407
2 24
1 373 288
2 276
2 378
2 546
2 237
1 90 341
2 623
2 476
2 116
2 495
1 629 37
2 16
2 656
1 594 281
2 690
1 301 385
2 192
2 136
2 283
2 461
2 652
1 183 462
1 614 370
1 456 315
2 105
1 658 170
2 367
1 489 77
1 45 114
2 192
2 544
2 13
1 138 162
2 233
2 202
1 377 215
1 91 116
2 71
1 667 294
1 606 316
1 134 558
2 498
2 352
1 270 612
2 288
1 694 357
1 478 350
1 183 4
2 613
1 439 178
2 450
2 686
2 54
2 698
2 318
1 450 676
2 209
1 371 280
2 550
2 658
2 486
2 519
2 406
2 594
1 531 246
1 460 592
2 696
1 443 296
2 299
2 449
2 564
1 616 301
1 689 25
2 321
2 309
1 29 517
1 182 353
2 500
1 622 231
1 601 617
1 152 692
1 518 388
1 240 236
1 280 208
2 549
1 503 553
1 88 491
1 601 43
1 471 285
2 217
2 59
1 520 546
1 395 120
2 655
1 621 529
2 453
1 379 353
1 618 550
2 307
2 321
1 297 564
2 264
1 390 429
1 204 530
2 211
2 257
1 279 697
1 366 246
1 99 662
2 309
1 147 612
1 53 544
1 44 626
1 645 219
2 569
1 310 266
1 493 180
1 438 265
1 306 671
2 155
1 671 376
1 394 33
2 513
2 248
1 183 89
1 629 401
2 636
2 259
1 327 57
1 588 32
1 199 81
1 263 114
1 92 609
2 109
1 453 333
2 147
2 696
1 48 636
1 178 329
2 240
1 554 453
1 123 168
2 487
2 564
2 149
2 387
2 586
2 7
1 298 695
1 152 502
2 164
2 246
1 644 263
1 562 448
1 218 154
1 251 97
2 32
1 8 61
1 220 412
2 342
2 117
1 188 561
2 453
2 690
1 41 80
1 503 499
2 128
2 100
2 343
2 311
1 345 449
2 489
1 358 565
1 236 333
1 553 690
2 297
1 354 384
2 611
2 578
1 479 215
2 271
2 261
2 275
1 652 186
1 578 337
1 355 412
1 251 597
2 426
2 473
2 655
1 356 426
1 155 441
2 157
2 371
2 141
1 389 232
2 234
2 174
1 74 301
2 455
2 98
2 271
2 108
2 432
1 573 462
1 163 616
2 478
2 626
2 612
1 633 325
2 299
2 549
2 172
2 186
2 607
1 638 440
1 409 126
1 211 468
1 116 71
2 557
2 55
2 32
1 55 225
1 279 269
2 615
2 506
1 197 493
2 346
1 568 116
1 676 532
1 310 465
1 317 683
2 447
1 211 570
1 631 517
2 654
1 255 444
1 319 352
1 12 652
1 423 653
1 223 677
1 39 554
1 402 619
1 322 167
1 185 408
2 209
2 663
2 531
2 391
1 276 314
2 583
1 622 237
2 107
1 83 212
1 137 275
1 239 312
1 531 94
1 87 304
1 187 383
1 300 80
1 544 599
1 396 232
1 295 281
1 402 123
2 46
1 235 111
1 24 511
2 346
2 468
1 240 149
1 292 665
2 294
2 37
2 466
2 689
2 460
2 560
2 592
1 667 137
2 92
2 593
2 684
1 353 393
2 541
1 693 493
1 353 10
2 366
2 21
2 225
2 688
1 197 390
2 644
2 98
1 626 569
2 390
2 561
1 138 126
1 287 674
1 352 528
1 414 103
2 663
2 84
2 494
1 296 181
1 580 568
1 680 430
2 158
2 584
2 691
2 434
1 513 632
2 250
2 691
1 460 8
2 583
1 590 276
2 163
2 463
2 151
1 384 591
1 697 672
2 7
1 656 192
1 376 466
2 259
2 416
1 135 350
2 216
2 256
2 103
2 1
1 461 75
1 209 548
2 570
2 541
2 230
2 443
1 575 305
2 276
2 530
1 370 558
2 527
2 184
1 281 267
1 29 406
2 177
2 381
2 518
2 392
2 71
1 581 515
1 26 33
2 289
1 262 2
1 3 156
2 395
1 572 399
2 662
1 524 111
1 355 411
2 442
2 598
2 378
1 503 67
2 311
1 359 268
1 492 508
1 307 285
2 439
2 457
1 323 446
1 131 224
2 202
2 577
2 308
1 437 477
1 29 682
1 603 233
2 217
1 475 554
2 656
1 139 645
1 103 355
2 551
2 105
1 133 414
1 364 235
2 21
1 41 629
2 139
1 483 5
2 549
2 141
1 250 373
2 464
2 178
2 36
1 458 352
