624 231
1 70 91
1 42 584
2 619
1 96 155
1 170 228
2 326
1 129 442
2 134
2 194
2 338
2 66
1 604 624
1 273 163
1 330 563
1 368 448
2 295
2 509
1 220 547
1 471 485
2 225
1 99 117
2 118
1 446 7
1 164 169
2 521
1 175 142
1 200 387
2 123
1 593 454
2 67
1 73 9
1 204 409
2 292
1 179 248
2 545
1 172 237
2 154
1 305 449
2 477
2 433
1 191 183
1 448 322
2 47
2 12
1 84 143
2 143
2 249
1 280 234
1 264 298
1 455 77
1 57 288
2 548
2 608
1 278 183
1 101 244
2 365
2 509
2 38
2 413
2 605
1 294 339
1 50 562
2 67
1 234 304
2 132
2 286
2 326
2 380
1 47 408
2 326
2 55
2 505
2 603
2 54
2 480
1 466 9
1 545 72
2 447
2 212
2 52
1 303 250
2 373
2 207
1 409 10
1 412 134
1 174 545
1 282 79
1 326 351
1 239 505
1 23 409
2 375
2 48
2 130
2 237
1 120 366
2 259
2 134
1 211 412
2 216
1 127 260
1 387 1
2 520
2 65
2 321
1 326 431
1 506 46
2 96
2 85
2 18
1 371 622
1 430 37
1 365 177
1 226 211
2 455
2 242
2 168
2 72
1 201 287
2 412
1 229 194
2 76
1 580 69
1 490 164
2 91
1 180 21
2 395
1 563 154
2 157
1 398 274
2 550
1 19 176
1 612 13
2 533
2 323
2 357
1 469 487
2 435
1 6 618
1 167 133
1 247 109
1 531 133
2 133
2 7
2 388
2 621
2 334
1 511 514
2 374
1 548 449
1 170 205
1 280 301
2 358
1 72 394
1 506 519
1 73 523
2 295
2 362
1 423 319
2 457
1 401 368
2 93
2 303
1 421 159
2 388
2 121
1 307 275
1 550 531
2 595
2 277
2 399
1 535 557
2 49
1 312 90
2 305
2 226
1 380 561
1 516 304
1 99 570
2 200
2 621
1 527 475
2 146
2 59
1 493 611
2 484
1 559 116
1 379 291
2 362
1 179 389
2 541
1 497 437
2 578
1 260 605
1 104 2
1 114 378
2 188
1 156 285
1 254 338
2 262
2 401
2 587
2 132
1 291 244
2 608
2 366
2 507
2 55
2 30
2 53
2 577
1 572 251
1 222 230
2 594
1 553 150
1 230 480
2 232
1 308 73
1 243 43
2 269
1 229 263
1 30 301
1 244 181
2 217
2 462
2 18
2 259
1 69 472
1 523 574
2 176
2 329
2 133
