367 660
1 41 317
2 208
1 360 44
2 219
1 26 172
1 116 77
2 108
1 152 13
2 136
1 6 246
2 113
2 288
1 127 67
2 27
2 37
2 125
1 359 51
1 48 274
2 354
1 332 292
1 140 64
2 365
2 174
1 24 240
1 154 318
2 25
2 143
2 284
2 2
2 350
2 359
2 38
2 14
1 127 16
1 42 292
2 112
2 92
1 20 183
1 43 76
1 59 311
1 100 133
1 350 136
1 165 187
1 231 51
2 72
2 298
2 93
2 289
2 197
1 363 280
1 270 111
1 175 337
2 235
2 328
2 191
2 247
2 336
1 306 265
2 35
2 324
2 84
1 315 355
2 215
2 307
2 237
1 290 299
1 126 150
1 340 261
2 103
1 219 76
2 141
1 295 288
2 136
2 137
1 101 236
1 80 39
1 22 32
2 357
2 352
2 311
2 195
1 203 100
1 48 173
1 199 235
1 129 149
1 56 46
2 147
1 197 140
2 121
2 131
2 235
2 82
2 324
2 200
2 184
1 216 43
1 128 326
1 15 70
1 129 357
2 226
1 164 253
1 257 330
1 203 299
2 249
1 115 246
1 157 163
1 32 357
1 317 83
1 215 7
1 45 175
1 340 44
1 142 179
2 105
2 220
1 169 175
1 11 10
1 256 5
1 223 106
2 20
1 142 3
1 313 42
1 179 186
2 50
1 1 129
1 62 344
1 191 140
2 352
1 345 194
2 35
2 29
2 222
2 57
2 32
2 323
2 203
2 144
2 134
2 182
1 64 284
1 111 358
1 303 22
1 364 305
1 270 109
1 10 355
1 315 157
2 79
2 206
2 352
2 180
2 235
2 244
1 179 259
2 217
1 246 248
2 47
1 45 80
2 238
2 184
1 228 112
1 135 167
1 121 18
1 114 365
2 13
2 363
1 170 315
2 31
1 305 268
1 20 245
1 282 288
2 97
2 320
2 70
1 100 2
2 245
2 83
1 134 77
1 339 176
1 17 209
1 192 282
2 214
1 70 332
1 329 111
1 124 259
1 156 301
1 21 1
2 211
1 34 264
1 285 261
1 345 68
1 248 337
1 210 351
2 241
1 210 276
2 229
1 302 74
2 365
1 119 122
2 92
1 143 79
2 55
1 143 293
2 181
1 191 259
2 315
2 114
2 92
1 98 211
1 295 285
1 118 244
2 178
1 297 348
2 325
1 123 102
2 273
1 54 59
1 349 178
2 341
1 308 276
2 51
2 115
1 91 181
2 87
1 118 5
1 103 145
1 177 55
1 149 176
1 353 114
2 59
1 116 9
1 177 105
1 319 285
1 312 237
2 302
1 210 19
1 224 351
2 350
2 365
1 255 223
2 231
2 18
2 34
2 233
2 123
1 111 362
1 175 166
2 334
2 159
1 240 262
1 293 80
2 303
2 350
2 295
2 353
2 290
2 216
2 183
2 99
1 356 324
2 167
2 272
2 267
2 268
1 78 74
1 12 80
1 86 93
2 235
2 66
2 56
1 18 185
1 335 199
1 153 229
2 141
2 225
2 232
1 4 119
2 114
1 125 343
1 290 289
2 266
1 10 81
1 363 122
2 135
1 333 4
1 113 126
1 360 254
1 200 269
2 61
1 328 58
2 150
1 344 139
1 288 62
2 251
2 134
2 24
1 160 77
2 138
2 361
2 165
2 21
1 182 301
1 13 107
2 117
2 219
1 58 126
2 332
1 93 74
2 97
1 225 324
2 250
1 327 237
1 324 181
1 11 44
1 300 222
1 286 67
2 53
2 307
1 237 337
1 299 150
1 292 182
1 364 142
1 321 323
2 92
1 45 172
2 85
2 221
1 322 51
2 232
2 91
1 156 329
2 250
1 274 312
2 112
1 93 305
1 336 192
2 75
1 235 287
1 175 269
2 81
2 231
1 12 18
2 325
2 355
1 130 317
1 319 357
2 5
1 318 143
1 245 293
1 114 27
1 94 139
2 331
1 71 61
2 144
1 1 201
2 235
1 253 313
1 31 93
1 203 57
2 188
2 332
1 301 26
2 154
2 12
1 67 336
1 18 46
2 288
1 87 165
2 27
1 146 85
2 257
1 228 70
1 352 262
2 125
2 330
2 275
2 72
2 120
1 73 145
1 193 26
1 234 57
1 163 267
2 346
1 109 25
1 357 300
1 264 90
2 316
1 214 363
1 151 25
1 202 355
1 180 88
2 101
1 53 312
2 339
2 72
2 363
2 112
2 75
1 28 64
1 82 246
1 50 253
1 265 365
2 294
2 19
2 363
1 131 169
1 150 224
1 239 107
1 178 110
1 187 206
2 213
1 133 10
1 173 295
2 238
1 180 101
2 273
2 131
1 304 189
2 121
2 181
2 70
1 163 262
1 37 243
1 351 116
1 312 27
2 75
1 47 52
1 100 141
2 66
2 60
2 137
1 267 193
2 36
1 241 69
2 284
2 232
2 48
1 249 217
2 222
2 296
1 29 195
1 351 29
1 155 207
2 73
2 32
2 143
2 82
2 271
2 305
1 229 250
1 122 96
2 319
1 182 312
2 290
2 70
2 336
1 196 160
1 219 73
2 340
1 49 45
2 302
2 86
1 162 142
2 222
1 79 344
1 199 105
1 57 254
1 170 146
1 77 208
1 273 185
2 87
2 232
2 138
1 312 200
2 290
2 12
1 15 153
2 234
1 317 267
1 125 71
2 87
2 328
2 135
1 57 210
1 151 152
1 67 103
1 344 230
1 78 253
1 223 58
2 143
1 337 214
1 213 340
2 325
1 123 126
2 74
2 355
2 277
1 223 306
1 352 198
2 346
1 44 6
2 322
2 123
2 123
1 227 113
1 161 211
1 72 345
1 333 227
1 359 267
1 75 271
1 9 109
1 219 306
2 234
1 321 133
1 17 28
2 325
2 162
1 358 283
1 226 134
1 254 53
1 281 246
2 94
1 316 221
1 119 243
2 92
2 271
2 63
2 140
2 286
1 133 211
2 16
1 140 95
1 317 287
1 360 267
2 173
2 333
2 97
1 59 329
1 319 334
2 140
2 84
1 298 289
1 292 83
2 164
1 149 95
2 31
2 155
2 269
1 270 249
1 228 33
1 139 275
1 327 273
2 262
1 92 149
2 150
1 108 44
2 182
1 307 284
1 108 306
2 302
1 277 346
2 176
2 236
2 12
2 287
1 360 283
2 225
1 107 218
1 141 132
2 294
1 275 1
2 363
1 118 38
1 302 238
1 312 81
1 303 4
2 12
2 302
1 345 221
1 316 71
1 289 283
2 224
2 138
2 325
2 161
1 130 225
1 132 28
2 21
2 91
2 16
1 318 203
2 223
2 298
2 358
1 78 259
2 125
1 365 183
2 69
2 69
1 361 177
1 197 296
2 113
2 357
2 276
2 356
2 307
1 49 62
1 256 221
1 175 135
1 279 195
1 88 36
2 102
1 298 57
1 354 281
2 303
2 91
1 344 200
2 3
2 87
2 170
2 291
2 358
1 32 256
2 83
1 33 179
1 227 54
2 286
2 128
2 151
2 157
1 328 26
1 95 283
2 358
2 307
1 107 236
2 299
1 292 287
1 246 249
1 89 335
2 271
2 210
2 135
2 120
1 2 224
2 172
2 150
2 146
1 221 337
1 55 151
2 280
2 45
1 346 263
2 32
1 342 39
2 65
2 275
1 205 40
2 365
2 48
1 230 304
2 7
2 249
