244 729
2 2
2 235
2 17
1 143 239
1 164 129
1 142 190
2 62
2 127
1 16 2
2 137
2 188
1 84 160
1 17 81
1 91 68
1 37 156
2 22
2 178
1 38 84
2 64
2 189
2 209
1 208 82
1 89 212
2 197
2 139
1 128 213
1 199 18
2 201
2 36
2 123
1 219 125
1 80 134
2 172
1 168 72
1 154 51
1 6 117
2 13
1 174 225
1 224 104
1 77 85
2 173
2 102
2 148
2 168
1 114 211
2 200
1 40 183
2 103
2 60
2 33
2 27
1 240 191
1 129 108
1 86 31
1 41 234
1 128 38
1 176 164
1 25 50
1 210 204
2 15
2 187
1 27 45
2 204
2 25
1 178 107
1 131 110
2 20
2 213
2 79
2 79
2 193
2 231
2 102
2 118
2 104
1 108 198
2 24
2 232
1 239 35
1 191 113
2 218
2 5
1 15 126
2 178
1 139 174
1 1 83
1 125 37
1 221 197
2 122
1 153 233
2 21
2 157
2 54
2 190
1 114 62
2 6
2 211
1 157 38
1 132 240
1 15 143
2 147
2 160
2 53
2 221
2 168
2 141
1 111 12
2 101
2 135
2 179
2 61
2 188
2 52
1 99 147
2 21
1 8 177
2 214
2 51
1 243 187
1 209 227
2 235
2 121
1 15 43
1 228 212
1 73 108
1 187 188
2 90
1 195 76
2 6
2 117
1 173 198
1 161 97
2 144
1 131 107
2 41
2 224
2 227
1 157 31
2 216
2 171
1 149 113
2 233
2 214
2 161
1 144 169
2 83
1 62 103
1 200 69
1 195 187
2 64
1 216 120
1 49 201
1 119 85
1 15 121
2 218
2 36
1 50 227
1 228 138
1 183 117
1 125 134
2 177
2 105
1 206 28
2 138
1 22 162
2 144
1 185 47
1 229 231
2 141
2 159
1 50 122
2 216
1 82 28
1 146 97
1 65 96
1 176 194
2 175
2 222
2 204
2 149
1 37 211
1 220 33
1 91 129
1 139 33
1 174 53
2 229
2 207
2 42
1 6 5
2 243
1 153 198
1 225 223
2 234
1 149 205
2 240
2 142
2 144
2 201
2 90
2 91
2 3
1 82 22
2 62
2 77
2 3
1 20 154
1 71 31
2 235
1 86 140
1 134 59
1 24 204
2 179
2 165
1 29 209
2 94
2 58
2 168
1 16 177
2 208
1 32 228
1 92 131
2 116
2 46
1 167 55
1 228 171
1 5 1
1 198 23
2 148
2 210
1 54 7
2 10
1 105 24
1 154 22
2 242
2 54
1 55 74
2 13
1 2 51
2 92
2 29
2 1
1 138 33
2 30
1 44 9
1 11 196
1 168 3
1 210 112
1 18 80
2 99
1 131 187
1 237 194
1 159 164
1 104 226
1 208 216
1 214 107
1 205 34
2 170
2 26
1 162 220
2 244
1 23 78
1 87 61
1 178 153
2 108
1 101 126
1 38 158
1 187 84
1 198 171
1 36 189
1 243 89
1 83 202
1 5 168
1 186 174
1 19 113
1 128 236
1 10 194
2 36
1 231 128
2 142
2 139
2 168
2 53
2 36
1 173 210
1 4 149
2 197
1 76 91
1 78 212
2 119
1 227 63
1 174 153
1 234 220
1 146 73
1 237 166
2 149
2 236
2 45
1 97 140
2 50
2 3
1 144 134
1 144 87
2 127
2 60
1 220 207
1 63 53
1 180 211
1 123 103
2 145
2 50
2 63
2 193
1 62 16
1 80 192
2 216
1 73 118
1 196 58
1 78 51
1 119 187
1 105 176
1 96 72
1 239 98
1 23 60
1 161 80
2 150
2 60
1 133 239
1 188 104
1 71 105
1 82 47
1 208 57
2 163
2 151
1 150 32
1 121 90
1 111 4
2 16
2 170
1 27 73
1 1 195
2 16
1 46 76
1 150 108
2 12
1 45 145
2 241
1 38 11
1 211 104
1 63 88
1 133 208
1 42 79
1 115 141
2 13
2 141
2 233
1 177 183
2 72
2 85
2 13
1 36 21
2 139
2 40
1 3 149
2 220
1 70 44
1 232 122
2 11
1 23 30
1 126 181
2 199
2 119
2 24
2 151
2 1
1 208 102
2 59
2 126
1 181 101
2 112
1 229 126
1 203 201
2 48
2 173
2 138
1 33 5
2 220
1 198 92
2 131
2 11
2 183
1 20 92
1 27 225
1 204 244
2 44
1 19 32
1 47 187
1 123 170
2 171
2 241
2 159
1 156 26
2 243
2 120
2 14
1 146 225
1 128 235
2 108
1 116 207
1 14 135
2 29
1 117 1
1 238 16
2 180
1 93 235
1 178 170
2 116
1 103 118
2 240
1 39 61
2 225
1 212 63
2 64
2 193
1 56 106
1 149 224
2 45
1 92 11
2 165
2 115
1 225 1
1 109 213
1 120 158
2 27
1 34 209
2 121
2 97
1 74 188
1 168 178
2 231
1 22 132
1 34 230
2 97
2 70
2 9
1 1 204
1 201 62
2 138
2 26
2 70
2 198
2 35
2 40
2 12
2 42
2 157
2 156
2 11
2 185
1 111 84
1 50 114
2 148
2 230
2 108
2 222
1 215 124
1 109 29
1 231 109
2 40
1 12 150
2 17
2 3
2 75
2 184
1 65 24
2 123
2 228
2 126
2 148
1 174 134
2 52
2 207
2 190
1 5 165
2 72
2 229
2 171
2 89
2 92
2 37
2 2
2 148
2 69
2 238
2 161
1 110 44
2 142
2 33
1 161 79
2 161
1 86 203
2 138
2 75
2 94
2 208
2 160
2 203
1 183 196
1 10 185
2 222
1 78 236
1 234 45
2 157
2 84
2 218
2 224
2 217
2 159
1 150 142
1 168 187
1 73 145
2 25
2 67
2 211
1 72 125
2 224
2 189
1 15 183
2 31
2 109
1 43 181
1 52 214
1 27 97
2 36
2 212
2 227
1 149 152
1 8 218
2 61
2 35
2 64
1 166 28
1 49 178
1 226 198
1 75 184
2 117
1 67 137
1 219 129
1 165 62
1 243 208
2 170
1 238 180
1 199 59
1 29 121
2 237
2 120
1 236 233
2 39
1 8 31
2 171
2 179
1 120 17
1 8 79
1 219 205
2 153
1 166 154
1 38 184
2 76
1 98 80
2 47
1 157 122
1 232 117
2 86
2 73
2 57
1 67 29
1 42 135
2 71
1 143 59
2 94
2 172
2 52
2 99
2 90
2 44
1 96 15
2 38
2 48
1 141 54
2 183
2 210
1 46 161
2 55
2 109
2 69
2 23
1 50 117
1 45 232
1 173 218
2 161
2 77
1 108 127
1 41 55
2 96
2 229
1 37 161
2 127
2 83
2 74
2 200
2 145
1 230 234
1 101 190
2 101
2 208
2 210
1 182 24
1 142 33
2 98
1 158 22
2 168
1 35 9
1 235 67
2 124
1 16 226
2 98
2 122
2 2
2 188
2 51
1 4 113
1 36 101
1 228 26
1 123 20
1 198 73
1 194 73
1 29 242
2 155
2 117
2 19
1 177 74
2 93
1 118 71
1 159 165
2 202
2 174
1 165 187
2 168
2 200
2 238
1 60 182
1 57 202
1 122 9
2 99
2 200
2 114
1 54 205
2 149
2 242
1 123 214
1 23 42
2 125
2 73
2 208
1 190 157
2 169
2 164
2 171
1 241 218
1 168 169
2 152
1 94 62
2 78
2 10
1 140 142
1 75 76
1 19 24
2 52
2 21
1 76 129
1 143 2
2 81
2 188
2 239
1 199 56
1 226 109
1 7 25
2 115
2 134
2 2
1 51 44
1 211 159
1 85 236
2 97
1 33 190
1 60 62
2 69
2 218
2 130
2 201
2 228
2 177
2 62
2 85
1 192 98
2 3
1 154 230
1 36 73
2 7
2 33
2 42
2 66
1 202 160
1 2 14
1 118 198
2 232
2 97
2 37
2 188
1 170 22
2 17
2 231
1 97 82
2 126
2 128
2 241
2 149
2 221
1 176 34
2 109
