311
53 4650
162 4635
271 4620
380 4605
489 4590
598 4575
707 4560
816 4545
925 4530
1034 4515
1143 4500
1252 4485
1361 4470
1470 4455
1579 4440
1688 4425
1797 4410
1906 4395
2015 4380
2124 4365
2233 4350
2342 4335
2451 4320
2560 4305
2669 4290
2778 4275
2887 4260
2996 4245
3105 4230
3214 4215
3323 4200
3432 4185
3541 4170
3650 4155
3759 4140
3868 4125
3977 4110
4086 4095
4195 4080
4304 4065
4413 4050
4522 4035
4631 4020
4740 4005
4849 3990
4958 3975
5067 3960
5176 3945
5285 3930
5394 3915
5503 3900
5612 3885
5721 3870
5830 3855
5939 3840
6048 3825
6157 3810
6266 3795
6375 3780
6484 3765
6593 3750
6702 3735
6811 3720
6920 3705
7029 3690
7138 3675
7247 3660
7356 3645
7465 3630
7574 3615
7683 3600
7792 3585
7901 3570
8010 3555
8119 3540
8228 3525
8337 3510
8446 3495
8555 3480
8664 3465
8773 3450
8882 3435
8991 3420
9100 3405
9209 3390
9318 3375
9427 3360
9536 3345
9645 3330
9754 3315
9863 3300
9972 3285
10081 3270
10190 3255
10299 3240
10408 3225
10517 3210
10626 3195
10735 3180
10844 3165
10953 3150
11062 3135
11171 3120
11280 3105
11389 3090
11498 3075
11607 3060
11716 3045
11825 3030
11934 3015
12043 3000
12152 2985
12261 2970
12370 2955
12479 2940
12588 2925
12697 2910
12806 2895
12915 2880
13024 2865
13133 2850
13242 2835
13351 2820
13460 2805
13569 2790
13678 2775
13787 2760
13896 2745
14005 2730
14114 2715
14223 2700
14332 2685
14441 2670
14550 2655
14659 2640
14768 2625
14877 2610
14986 2595
15095 2580
15204 2565
15313 2550
15422 2535
15531 2520
15640 2505
15749 2490
15858 2475
15967 2460
16076 2445
16185 2430
16294 2415
16403 2400
16512 2385
16621 2370
16730 2355
16839 2340
16948 2325
17057 2310
17166 2295
17275 2280
17384 2265
17493 2250
17602 2235
17711 2220
17820 2205
17929 2190
18038 2175
18147 2160
18256 2145
18365 2130
18474 2115
18583 2100
18692 2085
18801 2070
18910 2055
19019 2040
19128 2025
19237 2010
19346 1995
19455 1980
19564 1965
19673 1950
19782 1935
19891 1920
20000 1905
20109 1890
20218 1875
20327 1860
20436 1845
20545 1830
20654 1815
20763 1800
20872 1785
20981 1770
21090 1755
21199 1740
21308 1725
21417 1710
21526 1695
21635 1680
21744 1665
21853 1650
21962 1635
22071 1620
22180 1605
22289 1590
22398 1575
22507 1560
22616 1545
22725 1530
22834 1515
22943 1500
23052 1485
23161 1470
23270 1455
23379 1440
23488 1425
23597 1410
23706 1395
23815 1380
23924 1365
24033 1350
24142 1335
24251 1320
24360 1305
24469 1290
24578 1275
24687 1260
24796 1245
24905 1230
25014 1215
25123 1200
25232 1185
25341 1170
25450 1155
25559 1140
25668 1125
25777 1110
25886 1095
25995 1080
26104 1065
26213 1050
26322 1035
26431 1020
26540 1005
26649 990
26758 975
26867 960
26976 945
27085 930
27194 915
27303 900
27412 885
27521 870
27630 855
27739 840
27848 825
27957 810
28066 795
28175 780
28284 765
28393 750
28502 735
28611 720
28720 705
28829 690
28938 675
29047 660
29156 645
29265 630
29374 615
29483 600
29592 585
29701 570
29810 555
29919 540
30028 525
30137 510
30246 495
30355 480
30464 465
30573 450
30682 435
30791 420
30900 405
31009 390
31118 375
31227 360
31336 345
31445 330
31554 315
31663 300
31772 285
31881 270
31990 255
32099 240
32208 225
32317 210
32426 195
32535 180
32644 165
32753 150
32862 135
32971 120
33080 105
33189 90
33298 75
33407 60
33516 45
33625 30
33734 15
33843 0
