100 100
40320 720 120 40320 362880 5040 3628800 40320 479001600 720 3628800 3628800 39916800 362880 479001600 362880 3628800 362880 40320 40320 5040 5040 479001600 40320 120 39916800 720 720 5040 3628800 40320 3628800 479001600 40320 120 40320 39916800 39916800 39916800 3628800 479001600 362880 40320 3628800 120 5040 720 3628800 39916800 362880 120 720 39916800 120 362880 479001600 39916800 3628800 120 720 5040 362880 39916800 720 479001600 479001600 362880 3628800 3628800 40320 40320 362880 479001600 39916800 5040 479001600 120 40320 3628800 39916800 120 3628800 479001600 39916800 3628800 40320 3628800 362880 120 39916800 3628800 40320 5040 40320 362880 720 5040 720 479001600 479001600
1 21 40320
1 36 720
1 13 39916800
1 71 39916800
2 88 98
2 22 88
2 10 43
1 38 120
2 44 73
1 99 40320
1 12 39916800
1 52 120
2 13 82
1 98 3628800
2 39 64
2 28 94
2 14 23
2 21 28
1 8 362880
1 51 3628800
2 47 84
1 65 720
2 55 76
1 91 479001600
1 86 479001600
2 21 79
1 55 39916800
2 32 62
1 87 120
2 26 33
1 74 5040
2 30 93
1 96 3628800
2 40 56
2 90 99
2 12 33
1 40 120
1 66 479001600
1 80 479001600
1 83 362880
1 8 479001600
1 29 479001600
1 3 479001600
1 94 720
1 16 3628800
2 10 33
1 50 39916800
1 98 39916800
2 47 79
2 21 82
1 36 39916800
1 20 362880
1 25 362880
2 54 92
1 11 3628800
2 44 76
2 22 61
2 3 22
2 30 56
1 99 479001600
2 19 91
1 44 39916800
2 47 87
1 75 39916800
1 42 120
2 45 70
1 7 120
1 97 120
1 95 5040
1 73 39916800
1 85 362880
1 55 479001600
2 79 80
1 89 40320
2 8 85
1 53 362880
1 78 720
1 98 720
2 71 75
2 49 77
2 8 57
2 46 56
2 16 43
2 26 49
2 30 62
1 92 40320
2 67 85
1 9 120
2 9 58
1 62 720
1 64 40320
1 94 720
1 71 479001600
1 35 39916800
2 43 84
1 57 39916800
1 2 362880
1 45 5040
1 72 40320
1 95 362880
