100 100
356316028 804081488 501600928 199809932 205405246 68187195 370660027 209887842 95791223 854944713 780586563 998921151 286725691 339671687 965788119 240026257 816009898 368721973 4941084 213088779 58685927 484559467 436287320 616454369 830733238 63444527 126029388 905627338 6484241 323943369 528443212 362800268 128024857 30044140 562610199 185946454 950747686 785786577 395834295 899055260 640731289 28937209 897976410 779973331 368608896 716280881 19999588 37135145 85002853 24940671 250223923 996205131 362016490 686511242 612659500 45266079 749955769 591205239 803409768 608956361 915148607 331852979 971756628 895689815 214413470 386883178 81636268 165161156 25186106 329986914 64216415 665917394 358924123 814709177 298407076 727533018 383506409 318406663 764668162 321025613 195863686 14892084 317230744 410396527 553919678 782406595 455662605 156391798 226128185 111588724 765348158 141276791 443441702 589621137 889482958 657855172 976504314 823635577 675532679 1690419
1 65 520124164
1 81 92595982
2 2 5
2 23 26
2 8 11
1 21 916176683
2 81 84
2 51 54
1 18 642469697
2 37 40
1 89 325697132
1 67 925451053
2 58 61
2 19 22
2 82 85
1 97 942407629
2 65 68
1 64 853405529
2 40 43
2 77 80
1 5 37917734
1 23 687270893
2 42 45
2 26 29
2 33 36
1 71 454453681
1 28 884271967
1 3 675879843
2 93 96
1 49 18781241
2 22 25
1 45 125346543
1 36 360445641
2 43 46
2 14 17
2 23 26
2 44 47
2 15 18
2 31 34
2 95 98
2 77 80
1 30 476205627
1 36 399588607
1 85 770637532
2 28 31
1 48 679846846
2 5 8
2 49 52
2 5 8
2 67 70
1 52 78325719
1 72 457983386
2 87 90
2 5 8
2 6 9
1 5 570552716
1 61 385599871
2 27 30
2 53 56
1 17 137009613
1 33 175328195
1 62 97905640
1 52 795602130
1 72 790044331
2 33 36
2 9 12
2 72 75
2 64 67
2 39 42
1 79 306060805
1 51 412346904
2 42 45
2 15 18
1 23 969878574
1 37 296790511
1 96 916803435
2 2 5
2 59 62
2 94 97
2 83 86
1 19 918605092
1 1 142562270
2 49 52
1 20 874912567
1 55 679442018
2 77 80
1 20 753721334
1 62 981476048
1 68 785412375
1 43 936184686
1 94 684798095
2 65 68
2 63 66
1 30 981060
1 55 985172868
2 35 38
2 43 46
1 87 572307991
2 16 19
2 65 68
