100 100
124353280 221728896 908408706 504161724 135206635 543175119 551288940 13300281 550256893 232116692 645506285 746756377 208079058 74870038 348271436 95427094 142127654 227227851 29676568 447014556 575149509 294959273 445345678 43176707 63748930 86693356 286278999 389472538 130128135 564285579 652175157 106997766 786014475 560583862 611159490 773737461 956275333 14964781 787037741 359048577 247081473 285060377 105804953 455160530 212446767 306592741 550587623 207090772 533820591 432780542 654105327 108970099 727739814 99451005 4663157 791488743 38660712 143458507 33477632 21305198 707744086 685652788 128302963 346274912 98753002 739462452 120012372 55028334 754427233 759566465 414076910 1508705 44626841 372398215 309185586 109589959 678990955 859773208 316680730 65327897 145070101 970786057 26814347 725326266 922753413 31477504 369331360 813930476 174936010 402808991 835235673 882680095 88461779 816054987 81471358 187214780 408033791 201483730 94759465 14977375
1 17 784027288
1 23 320738436
1 41 730570882
1 24 124731614
1 22 784027288
1 8 17818802
1 16 748389684
1 11 124731614
1 28 89094010
1 35 712752080
1 42 302919634
1 18 71275208
1 37 427651248
1 46 837483694
1 31 855302496
1 26 231644426
1 32 106912812
1 34 605839268
1 1 552382862
1 25 409832446
1 38 498926456
1 33 71275208
1 9 320738436
1 13 124731614
1 48 962215308
1 15 231644426
1 12 124731614
1 14 124731614
1 4 516745258
1 45 356376040
1 29 427651248
1 10 124731614
1 30 659295674
1 5 160369218
1 40 249463228
1 2 285100832
1 7 962215308
1 27 980034110
1 6 392013644
1 21 71275208
1 3 516745258
1 43 677114476
1 20 142550416
1 47 926577704
1 36 356376040
1 44 801846090
1 39 178188020
1 19 267282030
2 1 48
2 3 9
2 27 72
2 15 47
1 10 870453120
1 11 516831540
1 9 326419920
2 9 11
1 22 552481306
2 61 99
1 97 310134546
2 41 62
2 64 72
1 30 645603491
1 92 725310110
1 36 876323251
1 30 774142538
2 37 48
2 2 87
1 19 703851865
2 61 94
1 32 79155751
1 50 96279208
1 47 962792080
1 43 481396040
1 48 96279208
1 49 96279208
1 46 385116832
1 45 192558416
1 44 192558416
1 42 866512872
2 42 50
2 17 87
1 18 269663421
2 36 44
1 80 423650523
2 7 38
1 63 57596127
1 59 287980635
1 60 748749651
1 57 172788381
1 62 806345778
1 61 172788381
1 56 403172889
1 58 230384508
2 56 63
1 35 81509297
2 11 100
2 49 92
1 80 529929586
2 30 61
1 87 793267440
