100
9329 -6034 -4720 898
4603 7260 -7334 713
-6066 707 8131 653
7123 -8741 7073 603
1803 -9937 -706 890
9445 3640 9451 443
3333 -4427 -4134 928
5598 -9242 4146 493
4437 -4289 8523 373
6932 -7612 -5349 421
2808 -8121 9482 948
2782 -6986 6374 289
-1358 -2432 -6145 141
-7923 6995 3781 462
2371 173 -5179 992
4066 20 6546 727
-9332 3567 799 902
-2226 -4736 -2103 109
6965 -7778 696 809
8699 5476 -3242 981
-8372 4768 2562 179
-1905 -7607 -5514 203
9720 4695 -180 418
-7553 -5909 4087 655
1765 -1486 -1532 804
-812 6255 -7384 305
1060 -8427 -3497 577
2503 7695 933 215
-5522 1918 -8716 286
6075 173 -2589 102
2626 -5187 2366 58
-3760 6571 -4038 236
-8712 -4306 408 728
-5471 9578 2977 135
-2689 2727 -3104 46
-4380 -3402 8371 946
7704 -7378 -872 345
5732 4676 7319 697
-4851 -2327 -7385 316
-4310 -9507 1356 876
-1257 -2310 3083 273
1787 -1473 -6265 607
-4879 4478 5760 700
5025 -9874 1224 181
2586 8258 -718 710
7781 3696 3733 23
7337 7241 9172 55
-9700 9248 5462 413
-9944 3865 -2413 526
5258 9072 9769 523
1060 1864 5746 45
4346 1344 5172 727
9742 2587 6093 771
-9416 4943 -9116 85
-4519 1812 -495 337
-3718 -3586 -9858 800
418 -7767 -9509 214
-4020 -5392 7278 424
-1297 4663 5345 990
-7053 -8070 256 452
-3783 -1732 1396 91
3603 -1709 -4617 890
-6497 3979 -1774 974
-8291 -1653 5200 87
2453 9097 -7260 458
-7353 4271 -3670 39
-1323 5515 9847 571
-35 -316 6436 723
-2475 -1763 4051 85
-700 -453 -2051 128
8414 6830 4051 356
-8467 -9415 149 540
1172 -5252 -8882 491
-2333 6903 2996 709
8100 5234 -8743 158
-6445 6401 5495 690
4772 -8720 7850 84
-2644 4736 -3490 522
-1426 -7966 4411 943
-1611 185 8101 760
-6651 -4477 2152 176
-3075 1177 -7266 807
9313 -983 -6501 394
6965 -2394 9765 795
-6486 -4256 7308 637
-3553 4079 -9654 37
3684 1300 1771 284
7084 -851 -2829 283
8467 5658 267 163
9211 9615 5389 159
1238 -2893 -3758 242
2153 -5315 3830 891
-8643 -8415 6478 311
6922 7222 -1639 568
-60 6572 -3213 174
4209 3718 -4315 122
5772 233 -4020 295
-1682 6143 4020 64
9813 -4967 6620 846
521 5503 -8945 131
1000
9415 -2802 -5080 697
-884 6570 -4034 724
3713 6097 211 498
358 -6936 7377 293
6500 2343 -7549 159
-4049 8432 4958 5
843 -8069 9380 202
539 -8026 6787 629
1793 8682 7522 552
-6958 -1726 960 659
-5792 1880 -3419 206
1623 -8633 9842 884
-9508 3697 -8574 194
9660 -6315 -2728 703
-1686 -6655 -7926 890
7161 -946 -7675 756
-5746 8882 1840 154
3414 3952 -4072 673
-8151 9402 -7904 20
6632 5774 -4639 147
6778 -5905 4326 97
3947 -3477 -4646 416
-3383 -6468 5119 209
6213 5251 -4692 863
-4343 -8840 -6173 906
9181 460 -5631 846
-499 5541 32 504
8613 -117 3945 721
9989 3824 1013 943
5019 3197 500 169
-6328 3895 -5115 973
-1066 669 -3660 71
1435 1433 -4677 352
-7817 6691 2059 217
-2254 9222 7570 187
-3223 3120 -1841 625
-365 -5731 -7376 715
2132 -2248 -1074 10
-6047 9493 -2799 757
-6043 -5740 -6813 497
-5758 521 5123 110
-8548 -1158 -4519 910
3445 9037 -850 27
-71 -8977 7765 190
-6060 9932 -1776 236
2049 -8042 -7892 569
695 1313 3101 436
-8733 5248 2881 989
3480 1133 -5444 32
381 5721 -3502 86
8776 -7429 -2650 886
-7539 -4752 7080 53
1900 5322 -2086 456
689 6121 -9773 921
-8248 5323 2107 295
460 -743 -5614 411
-483 -1113 9695 940
-7109 6782 -9898 658
2709 2416 7368 204
3745 -7181 753 85
763 -1469 -9133 389
-1858 -9636 4496 862
8733 3670 -4745 529
-3409 -6498 6997 506
2878 108 -2715 520
-3140 -2818 4878 682
-5442 4358 7558 756
-6236 -1278 9639 142
-5842 -6299 3891 422
-9008 -2919 -1849 736
-3555 -8619 427 792
-2901 7212 9397 443
4919 -6377 -9033 108
9090 -7803 -3804 425
1391 -5622 3013 276
7063 6191 -5541 991
-1370 -1523 1153 4
-4873 6873 -8518 985
2114 -6639 -6857 662
-2586 -7877 -9346 491
-7328 8902 8758 501
-5030 -1524 -5951 454
7259 -1520 2467 741
6265 6046 3119 978
-4795 -648 279 96
-4245 6515 -8985 407
-7205 3583 -1548 679
6764 1133 -1057 663
-9020 -412 7287 127
-8881 1402 -835 384
4075 -8568 3602 798
4039 6124 -990 313
-3753 -2407 -9722 129
-1286 7267 6258 505
3750 -8909 2023 168
6237 8246 -2308 41
2135 -6852 -4806 458
5055 -4015 1826 156
7375 7100 3629 8
-2772 -9750 9257 180
-4971 -8417 4501 186
-57 -627 -3347 168
-8726 -3139 -1126 37
7263 -7034 9599 573
4412 -2444 -1503 138
-8193 -4245 -9674 819
-3339 5253 -7437 732
-4577 -9422 9424 328
3134 7960 -3321 742
263 -3075 -5808 636
-8747 -4937 5837 126
-750 9635 -7553 872
-3418 -5257 -1267 996
-4564 6487 -3622 942
-6978 6197 5706 254
-2328 -5040 -4395 804
7427 -3556 -8563 248
88 5958 -6599 555
9885 -9833 7223 324
-6749 -2098 -1287 597
-2079 -3638 -6611 15
1221 -294 2723 924
-5718 -8372 78 830
952 7232 8068 232
7104 4849 6270 28
-9065 456 -7226 991
2862 -8569 -8439 562
2011 2460 -786 302
-5569 -2757 -8319 456
8537 -2761 7468 31
-6887 -9292 6893 807
-2984 -5652 -1530 878
178 -8119 -4973 605
7869 6620 4173 225
-7596 -8844 -805 576
-793 2448 -4562 506
-4382 3485 -1707 855
3770 -1897 -3871 895
4514 -9658 1544 644
8954 532 -720 93
-5411 -2384 -302 72
9458 -3297 5232 823
9334 -5482 3191 195
-3550 -850 6955 676
8102 1680 -9871 645
3664 2539 -1141 459
-3157 2165 -281 439
5767 -1702 6822 29
-6286 6605 1326 970
-6385 6960 -8934 861
1636 -2171 -5290 150
-1365 5351 4718 627
-1117 -4110 -9896 579
-2681 -2123 8480 342
-9688 -6033 -68 312
3261 7918 -9450 499
9166 -23 -2478 575
5833 -6737 -2086 200
-3538 5465 6234 296
2916 -4711 -237 168
-6551 -1176 8623 320
-7471 -7256 -3402 467
1062 2058 -3385 992
835 -7281 -8169 197
-9616 3420 -3502 913
-5878 6270 -7178 285
27 -7922 8845 201
-1653 -7596 8862 372
-9727 -2314 -5198 255
-7466 -4323 3740 800
4367 -2884 -8868 673
-5115 9144 -3482 720
-8726 4119 4152 534
9916 4403 -1125 527
5087 4723 482 871
9475 -6701 -2092 965
8202 -5870 3826 512
-5045 5692 610 711
7343 6614 -8299 516
-9143 9777 9012 41
-6862 -4924 -3139 581
-9038 2577 -4820 423
-6605 4838 -9387 752
5344 -9657 2739 956
-3422 2441 -6803 357
760 -6415 -2393 695
-7365 -5297 7806 245
9399 -9103 7105 220
5417 -7178 -2167 346
-2644 -4466 -2926 40
-2303 7448 -1183 669
-3323 -951 -3638 526
1895 3290 2822 57
-4557 -1783 -269 477
-7155 3659 -7718 758
8108 -7363 -7054 835
-9055 -4398 7399 208
-7495 1538 -7996 776
-4889 -6111 -3998 970
8271 -3499 -324 165
8892 7716 139 703
-7134 3861 4528 380
-690 5728 1496 443
-6723 -2310 -212 953
-1343 3060 2600 998
-7970 2272 1788 768
-7923 -805 4433 181
-651 -6551 -9565 510
-5291 6071 -8554 409
1290 391 -5280 8
9065 -7872 -8594 769
-3859 7171 -8728 259
-9551 -8451 -6723 50
8033 -1897 5124 382
-7411 -7459 -3408 524
7063 3869 -880 934
3 -1227 -2823 978
-1758 -1904 6082 945
6547 -2055 1856 271
6103 -610 -1488 28
-9489 7247 -8896 866
-7155 670 1922 199
-848 -2141 -2425 260
8331 8733 -3778 315
-612 3270 4334 105
-895 -673 6742 812
-2965 -8169 -740 747
-4361 -9307 -3955 756
-2590 7876 -2146 984
-2742 -2449 759 236
7390 6833 7699 982
-6731 843 -7842 686
-1880 3962 637 302
1920 1294 6976 541
-2762 -5003 -2255 739
-3001 -7949 828 171
2806 9279 4105 996
6968 6976 9238 849
-8686 4229 -1461 45
-3119 3882 -8805 860
-6284 -7862 -7615 140
1903 -8471 6963 637
6856 -3203 5769 973
-2526 7768 4449 594
8297 338 5322 140
-7623 4732 8168 344
-1245 2373 1289 140
-9081 9297 -4627 419
-8932 8597 2932 110
-9060 -6600 7470 272
-1121 -3374 3708 274
3901 156 1137 597
-3797 869 2238 909
-4613 9478 -8018 106
-2097 -4796 522 58
-1896 7778 -109 414
1196 -3456 -9722 15
-4411 -2981 5970 588
-735 -4346 5441 234
-1914 -6256 7831 595
9674 -3125 -5605 879
-8567 -8099 3826 849
-2219 -3659 -6828 527
-5910 -9480 -129 248
-5687 8543 6682 797
8982 4123 -52 241
99 5270 -5430 54
-9952 -5609 4545 791
5303 8197 4440 7
-3508 -9909 4435 803
7823 9863 -4767 47
7253 1800 -1573 797
901 3755 -2484 41
7052 4706 -6192 182
4559 7142 -9280 687
2033 651 6687 256
8101 -5551 -7677 349
2334 8964 4657 186
5956 747 2152 302
4179 -8820 -1842 922
8717 3151 1793 737
3937 -531 -8468 603
-9110 -6484 -5708 105
-6867 2280 7552 358
-8415 1833 -7685 658
9590 -8897 1912 269
-4411 8404 213 253
-8087 1462 -5238 160
9472 -295 -4107 971
3709 -2072 730 678
-9255 5522 -1807 44
1228 -8769 5153 299
-7231 -8230 -3016 236
-7228 -3009 8987 92
8680 1393 4033 713
118 -3131 -5135 290
-9377 -2232 -1057 920
1829 3933 -4289 45
850 7395 -8009 869
-4248 -7255 -4523 856
-329 -9876 4000 732
-6469 -4959 -3844 353
-3343 2021 -8755 219
7036 1596 7419 584
9583 977 -2895 244
9785 -13 7173 45
2637 2346 6891 48
654 7009 2273 481
869 1962 -2915 901
-2395 -3564 -3555 466
-5133 -6389 7146 808
7790 -4486 3780 42
7743 -2982 -2441 871
2551 9894 3339 459
-160 4804 7566 156
6461 -5628 -8590 691
6813 5920 -1452 604
644 2273 2576 136
-1794 7617 -2669 112
-5070 8540 -253 95
3420 -3151 6248 465
-3890 -6120 9478 454
228 -3788 -6477 598
2189 -5858 7054 375
-3811 1542 9307 255
-8403 4376 1349 759
-4596 4767 7160 481
3053 -5544 -4280 874
6201 -9009 -612 641
7103 3215 -7095 51
3721 -2611 8892 715
-2861 3518 8010 491
1435 -9717 8423 284
-5691 -3 -493 138
8758 1582 1493 388
-1071 6700 -6820 144
-6098 9712 2278 522
-9541 997 9508 830
639 -1236 -6311 337
-3578 1086 3699 108
-5644 -2074 -8993 249
-5121 3271 -3806 390
7106 -2949 3999 354
8726 -8792 -1564 680
-7030 3575 6504 494
-5921 3732 8289 986
6287 -7756 -4565 669
-7714 6523 6474 831
9180 6406 5813 894
1756 4119 -5156 320
8320 -727 -3889 168
-8088 -6183 8223 258
-8986 -875 4183 210
-8299 -9816 -980 862
3107 -8874 -5961 867
1338 5975 7522 629
9198 -560 7264 524
2926 -3909 6901 894
-140 -2984 8228 768
7015 4567 -8910 138
-1172 -3903 2524 230
8362 -5265 -8865 780
-3517 -9623 6354 78
8776 -7152 -5445 129
-6665 -4077 1753 573
929 -9217 -247 599
-1048 4833 -4132 118
8134 6096 623 601
931 144 874 13
-8153 1890 6908 218
8136 -8191 9472 208
3231 -177 -5131 744
1698 1542 398 713
3473 8787 1501 848
4731 -914 9807 188
-4232 3767 6554 91
8058 6659 1723 198
-13 7921 5593 850
-7727 -5539 1965 362
146 2903 -395 515
-4881 -6192 2624 918
-1982 -6513 -7930 407
9053 2827 -2553 96
9692 -7262 -7376 395
-6174 8339 -8754 414
9147 3078 6263 97
-7661 -4120 6331 252
5011 4302 1268 737
-6548 -2079 5720 492
3884 5036 -3100 523
6572 -1810 1891 142
-5863 -3227 2016 541
5342 -9238 2731 393
-2652 -3442 3173 273
-408 -3696 -6217 866
8594 -6712 5118 519
3479 -8740 -763 713
-9767 -4085 -8214 282
8464 -7421 -8881 500
-7343 5906 4399 465
-7354 -8764 -2627 378
-9096 -5648 6908 173
2070 -5235 3447 216
8446 -9725 -6514 633
-9113 -6299 -9861 185
719 8949 -1271 868
-2066 8104 -6186 296
8510 5124 3214 521
5388 7790 2582 901
-4934 8375 4475 427
75 971 -7355 116
3872 -9428 6533 426
7518 -2840 -5096 921
-8179 7613 -3549 213
3944 938 4768 34
412 -3075 9013 431
-7587 7029 -2653 820
-3874 7901 -1973 996
-9319 -9145 3232 678
-2153 6318 8525 394
-2969 -9064 7979 390
-6505 2127 -4064 226
-2858 -6359 785 232
4549 -8005 -513 117
-7882 2278 3575 135
-5478 -5484 -9946 145
-4707 -5021 7123 468
4169 -9666 -7887 90
-6504 2817 8187 950
5345 3642 4967 205
732 -3951 3624 989
-4535 -7370 2346 455
8671 -5553 4007 858
4690 81 -9843 321
-3324 4296 1014 728
8686 -4646 5229 190
-2529 3230 3263 53
4804 918 8334 810
-3164 1382 4481 63
-7334 2905 -4044 446
-7503 -593 1604 66
-3412 4101 3687 888
-9702 9833 7397 809
-2070 -8713 -4100 267
3525 2418 -8508 389
-7801 5442 -8046 680
-9321 526 5554 88
-4686 -7704 5828 871
3570 7004 3794 840
4361 6511 -6746 451
4977 -6078 2207 84
6536 -3141 -3970 561
-6707 -5260 -7012 239
9527 8325 7685 541
-1964 6832 2411 144
-3051 -2789 3534 809
-3713 -2879 2270 771
8016 6865 9220 951
5911 3950 4586 867
8373 -9995 9776 587
-8234 1929 2250 114
-5271 8315 -3615 203
9559 1612 -7252 786
769 -4955 -9086 707
2001 106 819 32
1920 -6500 -1100 259
1831 -4572 -6277 368
-8643 -4255 8666 718
6117 -4792 -8259 885
-9887 1496 5141 195
3865 9915 -1471 431
522 639 -1686 477
-9804 -2670 2728 405
-4251 -2132 -4086 151
-687 9156 6568 777
-958 1878 -3457 271
7432 441 -78 309
4761 1564 2748 120
-7108 2637 46 403
-424 -4084 5710 244
-8281 7342 -416 724
-6743 -5437 988 570
-780 -336 5275 986
7836 5303 7353 160
917 2128 -6678 649
-5262 -7032 9104 342
-2515 3452 -692 296
-5776 5612 -3352 475
6814 735 -9368 973
2017 2465 4962 322
831 4704 3649 481
1405 3977 -9182 135
-9196 -84 4366 391
-3857 3063 258 566
2842 -3512 2379 978
-3081 2914 -4768 79
-9473 571 345 447
-2561 -2636 -6779 483
-4923 8678 -8209 153
-6691 -3736 -397 724
-4108 -9507 -8008 887
682 -4114 -117 542
9882 7438 9442 546
3641 385 -8905 812
-7297 -6906 1676 220
-1397 6312 8937 506
4555 222 -5658 98
-7817 -628 8028 852
8948 5866 4725 521
-238 7767 -3751 24
9938 6870 6076 22
-2817 -4279 1094 480
1164 45 -1348 226
-7234 -2153 -166 314
-1585 5498 -1328 267
-8862 -6730 -7020 423
-8307 6348 7983 86
-5793 707 3693 660
4134 -9379 7773 36
4503 3002 1094 942
-9086 8837 2376 934
-2169 -4910 7525 465
4409 -3404 3626 349
-9787 -486 -6686 24
-9588 5771 -7307 36
9277 5347 -5240 41
7736 1035 -3194 553
-8113 -3537 5177 583
-9184 -5380 -2941 678
541 8203 8501 857
-8363 -8916 -2645 336
9239 6895 9438 407
9401 2136 -3161 225
-3166 -7807 8346 545
6568 7097 -4961 485
746 -7833 -4073 280
355 5453 -319 412
4454 3079 2126 292
-1600 -5567 1711 937
7833 113 9500 352
608 -7658 5949 567
-7586 -3844 -5911 434
6093 -8865 872 668
-9317 1391 -9277 322
7757 -6954 -6851 593
3465 1861 3335 269
8203 -8064 8190 844
-2546 -3823 -5657 309
1195 5801 -8964 100
-519 -794 -8036 680
-4009 -2465 9759 445
-4833 1672 -3038 513
-1099 4118 -937 250
-5014 -6954 2375 500
-6274 5771 905 830
-890 -2796 9551 701
246 1251 -6117 952
-6001 6858 3838 964
-2357 4862 -5077 39
-6375 5682 -3789 176
9588 4050 2105 664
-9654 5476 7746 122
1019 8185 -3215 55
4394 -3889 7774 314
-1096 9779 8580 226
-2194 -2441 -8354 585
-6284 -5931 4531 326
-7821 -418 -3913 955
-6321 5408 -2701 239
-6321 2582 6525 557
-4158 -7995 -4867 250
-1466 8746 4101 926
5171 3498 3693 691
2316 459 6917 705
-1874 698 1223 960
-8780 8819 -1788 455
-4170 -1534 -439 134
1919 8887 3453 500
-4925 -3098 9732 27
3561 -90 9302 193
9784 -4894 -2141 968
-7873 2792 5969 673
164 -8436 -3202 683
-1805 -395 1957 22
5410 -3859 -1142 497
-8899 -8714 3845 381
625 -7268 8145 966
7324 -3049 -8727 287
7213 7894 -5583 555
6180 -1913 4600 528
1940 -9192 -5043 789
9202 -4172 8394 580
-505 433 5541 576
797 -7229 -3539 333
8016 -4119 -7552 854
6850 -6963 -2031 288
-9620 -5243 -7310 617
2482 2679 3274 222
5445 3392 6489 79
2364 3022 -8304 389
-7223 4106 7786 913
-3245 494 6269 910
7296 -1530 -6231 150
6420 3889 -9431 314
-106 -1197 2143 470
-1834 -1654 -7889 731
-1242 -9767 -5281 828
-2542 -4923 -1654 8
7096 -5494 -8927 780
-9817 8740 2495 67
-4952 6811 -4897 155
-7940 8615 -7253 853
-2606 -8072 -5724 265
9759 -6629 6812 787
4957 -2432 -2865 127
2297 7437 -1376 963
1450 -1133 6483 396
5220 4963 -7195 384
-8508 -9350 6633 238
5154 -9838 -5620 191
2655 1725 162 858
-9795 9999 -5685 179
8173 -4769 2517 690
422 3902 5665 724
2541 8793 1234 455
-5712 -1989 6441 645
-120 3144 -1859 908
-3703 -5324 -7939 948
955 4276 4627 116
9570 -5727 -9934 161
-267 -3299 -4082 236
-8175 -2563 -6205 521
3296 -8273 -9722 917
-2469 523 -1607 709
3280 -5089 -3129 169
-4318 -7700 8963 566
3359 -495 1908 305
9414 -5703 -3909 861
-3882 -2458 5043 633
-9917 2173 -9891 177
3795 3179 -3660 59
4088 2550 -3564 853
-2514 7059 -5860 946
9840 -9662 5102 152
-5501 -8761 7645 748
9168 -5817 120 299
6978 7075 -6485 188
3834 -2295 9271 553
879 -5655 5558 406
3806 9178 -9330 820
3734 -7312 -422 213
162 4012 9165 923
3901 -1976 371 417
-20 -3489 -4229 600
-12 241 -8965 144
5559 9492 -81 408
4058 2929 6925 209
-8562 850 3773 326
4007 -2336 -8948 534
-6932 3620 -8980 481
-5804 -1919 -9537 638
1109 -1106 1351 683
5092 -5818 3037 985
-1764 5545 6067 15
6278 -6622 9759 254
-3450 4845 1276 15
7976 381 1037 403
2420 1513 8530 25
-6359 -6734 9273 709
1334 6077 -4250 28
2641 -5670 -6932 708
-9337 323 -5745 927
7791 -109 -9468 253
7997 7870 2109 161
1948 5419 4529 534
3310 9861 -3814 776
-779 -8693 8688 579
-3547 8477 -7819 555
3436 8123 -1226 602
-4614 7875 -8502 397
815 -4088 8057 789
3682 7568 5229 212
8029 2256 9267 714
1193 5005 -4821 405
4123 -7989 1033 504
4707 -5581 -3027 905
-5433 6167 9511 121
3889 6822 930 578
-2643 7355 3378 971
636 3848 -2067 489
5874 9135 -955 2
-8309 8791 173 58
9545 -7513 7136 948
569 -8562 1230 323
-8583 -8821 7504 688
549 1719 -9192 327
4891 -5268 3891 143
5168 -103 5294 992
-2114 -61 3823 832
2400 -1413 -9766 330
-6676 834 -9803 801
9903 777 -1448 187
-5880 -4311 3587 285
-2198 318 1556 342
-265 4043 5755 999
6523 -1504 -1060 520
9891 -7485 6530 857
-8949 7903 4646 409
7551 1675 -2611 906
6367 -9998 3244 199
-9103 -2120 -9635 890
796 170 -487 46
4953 -1420 -2959 430
250 878 3189 683
-5034 -325 -4268 997
-1945 8556 7706 914
2814 -6556 8342 854
-5952 -7264 9778 450
1862 181 -3251 625
9460 5321 8900 190
-3274 2683 5664 461
9247 -8473 -6394 210
2959 9814 -3283 877
-9869 665 8994 717
-5433 769 -4377 490
4117 880 2857 784
-3922 -3820 -9927 377
-9336 3234 2090 111
-6892 8635 -167 789
-7841 -4088 1477 336
3702 -3311 -4856 490
-4316 6997 -2085 190
-7900 9543 8355 749
-1999 -1377 -8876 367
-6164 6785 -5304 891
-8606 -4553 3480 736
-4789 3584 4463 231
3756 9307 -2213 661
7143 -8571 3760 974
-2324 -7235 -8223 889
3438 8706 6190 788
-752 4091 -2205 366
-4957 8184 -5791 885
-8842 -4270 8864 957
-4120 -7167 -895 675
-1650 666 -6095 146
3089 9999 5295 496
-9931 -3871 5326 720
-6528 4841 5207 154
8961 4478 2427 815
7269 -729 2412 862
-5560 9662 -2863 278
157 -7984 4572 335
9353 8089 -5373 11
2640 7765 2883 953
1902 5815 2117 258
-495 -975 8790 189
5689 -6297 7500 473
-4206 5414 -5722 96
-2580 5564 7737 160
-5745 -8972 -4201 83
4833 -6506 1340 860
-7082 7887 -4982 560
-747 5903 2382 243
6924 9847 6532 641
837 -2185 -8681 394
-6088 -4326 -3446 554
-637 -8512 -5908 777
-3107 -2490 -4164 642
-2514 6842 6030 561
679 1357 9770 640
2215 9154 8643 233
5616 1843 -25 994
4228 -3796 -6717 548
7637 -6764 -130 330
839 1466 6433 193
-8597 -6100 7977 788
6208 7109 9963 922
3175 -4895 5705 944
-8637 -636 9985 7
-3547 -3663 625 84
8383 9818 3920 77
-1219 -1564 -1884 236
-6445 -7493 -5705 578
1489 -1568 -8582 449
7462 -5020 -1408 297
8907 -1137 -2629 648
-5788 -6316 -4031 61
2434 -1039 3051 467
-1443 -771 -2331 906
442 -3885 7073 868
8160 7142 6266 654
-2579 -180 -2582 906
-6237 -2243 -6145 459
126 8221 1469 963
-9752 5037 7458 30
-60 -5425 6301 171
-863 3400 7940 483
6613 1829 3572 868
-4868 5283 -7448 877
-188 6361 4805 163
7484 -7563 2949 503
6542 8858 -2928 789
1273 -4425 5817 949
4279 -29 2977 227
6756 5340 -8978 59
4446 9476 8457 770
8357 -5532 -4216 17
3678 613 9406 808
3890 -7905 8261 594
-325 8181 -9932 267
-1848 -9422 -1807 835
-9004 -5340 8177 83
-9866 -9446 9273 10
-7098 1692 7128 234
1345 -9825 -7732 240
-1361 6920 8506 183
2760 6654 -387 722
9185 -1758 4380 520
-9256 -3209 -7335 515
409 -1476 -643 872
-8811 7115 -7337 613
-9377 4970 -7391 291
2796 4717 6133 708
-6570 -3572 -2141 411
456 -2280 341 795
-8838 -3754 7566 761
3687 -3401 7996 697
561 8587 -7310 773
1401 7273 7215 720
6568 679 4744 112
-922 1515 -4871 252
192 6823 -6116 371
-9651 -7638 -5146 707
-1738 -3622 -8965 236
-2652 7834 -9640 35
2527 -4144 5572 480
5733 -5887 7081 366
6042 -9769 4050 973
5061 6008 -7926 286
3901 2234 -9539 944
2862 3835 -9349 692
9982 -4977 606 533
6951 6430 8867 961
4029 8988 1120 354
7456 -1701 -3342 319
-4052 -6581 2056 878
9743 1069 6299 6
-4843 -9055 -855 807
-4238 7366 7152 677
9289 -9683 -836 816
4981 -2830 -8929 67
6611 -3344 -6111 748
7431 -2043 1968 880
7274 -625 7186 49
7083 -9014 -2463 537
-4926 3379 8024 723
7157 -7182 -8957 310
-7923 9659 -9493 782
-7585 9237 -7390 488
5733 -3346 6501 490
-5611 -7416 -8590 472
5227 6829 -7539 144
-7478 -234 -1866 311
-2558 7302 1978 23
-5955 5323 2108 482
-6951 2390 -4063 475
-2970 -6801 3075 164
6649 3788 -441 530
3203 8416 6587 967
-4903 7087 8846 927
7798 -123 -9419 421
6251 -9810 -6138 129
6477 -9287 2256 62
-1394 6249 8219 618
-6527 6019 7368 288
-5980 -2770 -622 12
-7953 -8537 1705 884
6886 353 5696 742
9867 -2372 2948 577
-5478 -6115 -711 181
-9316 2072 -8521 75
1852 8714 8065 615
1960 -2024 -9020 433
-7676 -7662 1406 557
3107 -3230 3554 74
4341 -519 2224 944
-6884 8976 -4128 999
-5774 -4314 -5234 41
3670 -2673 8870 652
-3542 -9242 -532 664
6242 9189 4905 71
-5066 -6628 4756 584
3986 -7523 -6183 325
1559 -8440 21 155
-9359 -5628 7241 192
78 -1968 6167 218
-7334 -942 -6255 863
4243 -5469 -9574 268
-2689 9562 -7741 794
6748 600 5523 813
-5144 7736 -2334 581
-5901 6619 -4239 208
-5538 -4751 548 14
-6551 9931 302 107
2445 2663 -7031 707
2010 -2823 590 55
5271 -2318 -2187 518
2367 5580 -3603 880
-2290 -3191 -8747 12
-7655 1867 -3039 168
-7426 714 -1279 723
-7174 31 -5464 536
-1042 1559 5118 874
7169 -7867 530 695
5159 3424 1733 318
-8990 -611 4981 336
-995 1134 -2104 169
-3459 -4854 879 350
141 -5227 -7723 915
-4025 4345 502 456
-9482 -5137 -4239 608
5772 -4697 -9005 182
-4908 -5252 -9102 208
6303 7989 4604 33
7714 -9642 -4453 837
-7526 1131 -8637 276
8928 3590 3615 371
-6495 1048 -5550 806
5651 -2654 -1469 864
-3513 4282 6778 897
-7158 -4554 -2297 543
8998 -4832 -7949 335
8057 -1847 9074 875
-6660 -5814 -2797 178
-3736 -3285 -5526 142
-2333 8359 4197 278
4987 658 7189 599
1693 -4438 3739 283
-2849 1319 -2289 395
-2695 5830 1663 530
-7205 6600 229 308
2143 6523 6629 296
-9720 -4001 -7423 88
5236 -3232 6109 809
-6207 -7999 4387 114
-5545 2286 9291 433
8953 -5765 -3586 402
-7197 2874 -9039 498
-761 974 -2772 298
-2609 -2021 -8363 355
-165 -2739 9159 172
-3087 6781 -9904 383
-4726 6411 5605 449
2245 286 -5077 130
5210 -4492 3361 504
-5106 7800 -5008 697
-4095 -7382 -846 636
-505 -4047 974 949
9459 9268 -3511 114
4232 -7500 9084 388
5631 -9623 128 926
9249 -1838 -7680 652
8049 -1791 1400 417
-6046 -667 -9326 742
-6882 3851 8463 878
270 2023 -5101 941
-8147 -8095 -7060 27
-6990 6244 -6398 407
2138 -3075 -363 501
-1681 4414 1678 58
-2921 -6504 5173 533
4699 773 -4294 409
-339 733 8249 457
-127 4063 1372 271
560 7912 3827 744
5688 153 8529 913
2781 -8678 2196 62
-5184 1434 9814 203
-7942 4103 359 168
-5980 252 7932 98
3517 -6203 -9335 810
3897 4891 3425 976
-1406 -3706 -7688 71
-8642 -8559 -7532 882
-9827 5793 2303 813
-8639 6878 1416 883
-2653 7651 320 614
4294 -2282 -3613 681
6279 8985 -1371 209
6952 3755 5295 933
1487 -3142 -3582 45
-7833 5748 6039 567
-7762 2549 640 152
9304 -4532 -8855 307
3814 -9331 4367 790
8718 4991 -4775 145
6562 -6712 4266 758
-9764 502 4268 569
4498 8326 -3120 33
