1000
38 63 -58 4
-8 46 -24 4
-5 4 49 5
65 -75 98 3
56 -99 96 10
-4 68 16 8
25 2 -81 9
54 -90 -82 6
-48 75 79 1
-58 -60 -64 10
-99 -34 30 2
-65 -94 14 3
-6 -97 64 3
-69 -91 -98 8
84 87 -92 7
46 -36 -95 3
80 -27 8 3
-81 85 6 8
20 -83 73 5
-16 -22 -59 4
-18 -56 20 4
67 37 29 7
94 53 -63 4
83 -84 15 6
55 -78 -24 7
15 43 -18 7
-37 14 27 5
22 -47 98 3
-33 -59 57 6
63 15 -97 3
19 49 -52 8
-47 95 -26 1
77 61 18 3
-52 -44 81 10
35 33 84 7
-12 60 -81 1
89 57 91 9
60 -99 -31 8
51 95 -92 1
73 71 -93 10
79 -45 -3 4
-29 62 86 6
-36 -21 -57 5
82 -95 0 7
-17 -93 35 2
0 -37 81 1
2 -43 -33 6
100 72 68 5
-100 86 -23 1
-49 -31 -79 4
48 91 71 8
86 -41 -58 8
-13 -8 64 7
-67 -81 -42 5
-22 -49 -19 2
-72 -98 -75 8
69 27 -78 8
61 -17 82 3
79 31 -78 1
91 -58 -35 8
24 -10 -7 4
18 -95 -87 10
47 13 45 7
-75 68 -95 4
-93 43 -93 2
25 55 33 5
-67 -65 -69 1
-56 69 95 5
79 -48 -42 5
-92 -15 83 4
46 75 49 6
100 73 -93 1
-66 -50 47 10
38 -38 -95 4
-13 -67 -66 9
51 -50 80 2
-45 81 91 4
70 29 -34 4
-11 -25 15 10
32 65 48 4
4 -16 58 7
41 -70 80 5
27 -30 4 10
90 -16 61 6
100 24 -97 5
-9 13 -90 2
55 -90 42 5
-34 75 7 5
-75 84 24 6
-16 -100 -33 8
98 -23 -56 8
-18 60 -4 10
60 -93 -89 2
66 1 -100 5
18 99 -78 8
64 79 -74 1
-17 -59 -59 2
85 18 -55 10
51 39 -71 10
-26 -22 -86 9
-5 37 83 9
-6 -2 38 7
-11 70 38 2
-41 -40 -14 7
81 88 -35 8
83 98 11 8
-14 74 -56 1
38 -17 -51 9
21 -45 -48 6
-90 50 -33 9
1 -43 11 6
-57 -58 67 6
-41 98 -99 3
-26 55 16 8
-91 95 34 9
-19 -65 49 10
27 33 -3 9
50 78 19 5
-24 38 -79 6
42 -54 95 3
-98 96 -58 1
-71 35 -98 9
-12 22 -20 2
40 -93 -11 2
-22 -52 7 7
19 41 25 4
80 -11 -29 8
69 21 60 3
21 -28 -18 1
81 -8 1 8
-96 44 -70 9
-82 -63 -22 9
48 -23 70 8
-50 -59 29 8
1 92 -5 6
-29 -73 -71 3
62 89 57 2
79 62 -83 4
97 82 88 4
-100 -87 -93 2
-18 -1 53 4
-31 87 34 3
-27 17 62 7
34 55 -6 4
-66 -8 -24 1
-71 -65 -98 5
63 -72 -75 7
72 -49 -90 9
11 -70 53 9
-92 32 64 2
87 -42 54 9
9 -27 -9 1
13 -18 -71 9
21 36 91 7
-71 64 -42 1
-34 23 -6 10
38 -68 -20 7
87 52 -17 6
57 6 83 2
-10 94 37 8
-96 -86 -79 9
-96 -31 -29 6
4 -66 -70 2
-59 -15 -72 3
45 -98 -24 3
-28 -79 -40 6
10 61 71 5
-90 -84 18 9
2 0 86 2
-72 -95 -12 6
14 -59 -31 3
-62 -19 10 6
-2 1 -43 1
70 -57 97 9
-89 4 4 10
-75 -71 87 5
6 26 25 10
-88 -52 64 10
12 -76 -75 4
-18 22 -25 3
59 98 9 10
62 -24 7 10
62 -74 -61 7
63 75 -11 9
19 -76 -53 10
20 90 -27 4
62 8 27 2
86 -9 -57 1
48 78 -70 2
-12 51 -68 10
-23 -47 73 1
99 -89 -29 9
47 -58 35 7
24 21 14 5
-69 54 38 7
-83 -53 -46 5
22 -89 -13 3
-88 52 -57 5
0 66 78 4
-5 -34 -59 7
23 74 -91 1
74 71 -59 5
-22 56 -42 3
92 -11 -45 5
-93 50 69 8
-63 54 84 4
96 1 -12 5
17 87 -50 8
-96 24 -79 4
-7 100 -35 8
-42 66 -30 7
34 64 13 7
58 -47 12 6
19 9 -5 4
1 -7 -83 3
-55 -39 28 2
7 5 77 6
48 64 71 2
-11 74 -38 4
63 68 84 7
68 -74 -39 6
-4 71 -85 6
-38 -91 -75 2
96 64 -85 6
-93 43 83 6
-75 30 -1 6
60 20 80 4
20 4 -42 2
-66 -14 -46 2
-19 82 -87 7
-55 -43 93 2
50 14 -29 5
94 24 -70 5
43 79 2 6
91 76 -20 10
27 -86 91 5
19 84 53 8
-84 -65 14 9
-52 31 68 9
-95 -85 -21 3
-2 23 -5 3
-39 -56 -82 3
53 13 -66 3
2 50 -39 5
71 -28 -44 7
-100 9 -7 6
35 79 40 1
85 96 23 1
86 -87 -91 6
5 -94 13 10
-5 68 -71 3
65 -90 92 2
36 -57 -87 9
-97 65 -9 10
72 47 4 3
26 28 25 7
-26 5 0 8
-49 -1 31 7
-90 -28 94 2
-96 -98 90 7
-8 94 96 7
-19 0 -82 10
-90 64 11 4
-37 -97 -8 2
-41 -94 20 7
49 -30 86 3
-45 11 57 8
44 83 35 7
90 12 -11 7
-58 -82 -31 2
-20 -58 88 8
0 -74 -56 8
72 4 71 8
-27 66 59 10
40 -97 -85 2
90 -69 69 6
-83 -26 22 3
92 32 -37 8
-61 -67 -84 10
-25 -2 -65 1
66 -9 -69 9
-54 -36 -67 2
-4 -98 -10 10
67 -56 -46 5
-61 6 -65 2
88 -100 100 3
51 -36 -32 6
92 61 -12 5
69 61 -18 2
91 8 -35 8
46 3 80 2
41 98 -10 1
2 -89 64 1
55 61 -30 10
-6 -52 99 9
96 -35 -99 6
35 12 95 10
43 58 87 9
7 -28 -34 4
-44 -24 -90 9
-17 -76 -63 1
-40 72 -79 3
-81 40 12 6
-71 -66 24 3
83 79 8 6
-65 29 91 9
69 92 -16 7
-18 -41 -14 7
-61 -71 -44 1
-72 -93 16 3
76 -44 11 1
50 -89 66 2
24 5 -17 9
-43 10 95 9
-44 -78 -34 10
84 -97 -19 3
-92 13 -91 9
46 0 -79 10
62 -30 -58 5
-1 -33 97 7
-45 78 -4 3
32 -74 90 5
-42 -34 21 9
35 -19 -79 4
-61 96 53 7
10 53 -85 6
56 59 1 1
-25 -67 -49 7
66 52 -12 2
43 -95 -47 4
-12 99 -65 3
-5 -94 -76 3
34 -93 -53 5
-73 -11 26 8
32 -73 50 4
-76 -80 -47 2
98 71 26 7
-80 -99 20 2
29 99 -58 2
-19 52 5 1
-85 78 -80 3
-40 -53 47 6
46 -44 86 2
100 36 30 7
-3 84 -90 1
-50 -84 33 10
-25 -82 33 3
-39 -20 22 4
37 90 93 6
-83 -75 -60 1
-84 -9 -38 2
36 90 46 7
84 41 -74 4
-57 90 4 9
-93 -60 -64 4
-71 10 47 3
28 52 -91 1
49 25 39 1
-45 51 21 9
-11 74 -76 4
6 97 -23 4
22 -75 46 3
26 12 33 2
90 -35 -1 4
99 -14 79 2
-11 92 -83 2
93 -86 68 4
-58 -45 -66 1
-75 26 -47 8
-42 97 82 7
47 59 40 10
-69 25 -74 2
-7 9 -94 2
-35 75 -58 3
-55 -41 21 3
-37 68 -65 6
13 8 49 5
-45 -94 52 9
2 81 -5 1
31 20 -37 6
-17 -47 -3 3
-70 23 -19 1
-19 61 41 7
-87 -71 -56 1
76 26 62 5
74 -64 -4 4
53 -3 -4 5
-44 -18 -24 8
92 93 -78 10
-59 -62 -20 7
-99 87 15 4
31 -99 39 5
54 72 -69 6
-76 1 24 2
-38 63 -15 8
-42 -74 -86 2
-60 31 3 3
-5 58 52 4
16 26 -25 5
9 31 -49 8
38 -70 -42 3
64 -53 4 4
13 64 -64 1
-25 -42 -91 9
12 -69 -64 1
42 67 -90 3
-74 -67 -7 1
-42 81 31 1
22 51 71 1
-28 66 25 2
37 -50 7 9
38 -1 36 2
17 -59 68 3
-53 10 -31 6
15 42 -100 3
-56 -68 61 5
28 100 66 9
69 90 30 5
64 94 35 3
11 -61 7 5
34 -17 -13 2
-65 -23 -4 1
94 -6 45 8
35 84 -36 5
-62 23 20 5
-98 -22 7 10
-44 53 54 9
-46 36 91 9
14 96 21 9
93 -78 41 7
80 34 80 1
100 90 99 4
24 93 -93 8
63 -37 36 2
-100 15 56 2
-18 10 88 8
-20 28 -89 4
-40 18 -45 10
-59 -39 3 2
59 -93 -17 6
-43 69 17 2
-42 -93 -43 5
64 -8 -81 2
81 -29 -28 6
6 -21 37 4
87 29 20 4
-6 -55 11 2
78 -19 -10 5
49 69 77 2
-1 -53 6 5
74 -100 88 5
11 -53 -72 6
-80 -39 -67 4
96 -44 -82 4
89 34 -64 5
-31 -76 83 2
-84 -52 -8 4
-57 -50 -44 1
-72 -37 -85 4
58 -9 65 9
23 33 -25 1
17 29 59 2
18 -13 -95 5
19 71 -33 9
40 99 -42 10
-86 -64 -57 2
-44 -52 -87 2
-21 91 -41 5
-99 16 84 10
37 70 -7 4
-8 -76 46 2
64 54 28 1
-52 40 8 3
-64 48 -17 10
24 -31 40 7
77 10 32 8
40 -75 34 8
-17 27 55 2
21 -41 48 3
-86 -74 -36 9
-55 -12 -98 4
-81 52 -4 3
-2 26 100 8
30 -59 -4 3
45 -67 2 9
-45 -71 75 9
-60 -2 67 5
-83 -30 40 3
63 -91 -52 1
3 -12 93 10
-28 -50 32 6
94 30 8 8
-23 26 0 1
-9 -31 50 7
-24 -95 60 8
-92 -91 41 8
-63 -36 -58 8
-23 40 -47 10
30 99 23 7
69 71 41 7
-11 2 -44 5
17 99 79 3
76 36 11 9
-39 -44 -75 7
91 44 -91 4
75 60 60 4
98 -23 29 10
4 12 61 1
92 -15 100 8
-60 19 60 6
-40 -62 -22 3
96 31 -14 4
-65 47 94 6
-86 58 81 1
-79 64 60 4
57 26 46 3
62 9 49 8
-74 -61 -51 8
-92 0 -20 4
27 -72 -90 6
-44 49 -2 10
-32 55 -60 6
-21 96 -30 6
80 -11 -49 2
5 -45 65 2
33 -78 -72 3
30 40 -66 10
-74 95 -85 1
31 20 75 6
51 58 -52 4
41 -9 14 2
39 35 -30 10
-92 90 -40 2
-40 -35 47 9
18 0 78 6
-34 -13 65 6
21 -46 -14 2
43 92 -22 4
-60 -84 47 6
-97 24 53 4
-26 55 -88 5
-31 -16 -31 2
24 6 27 5
-87 -44 -29 6
-3 19 -87 6
-3 -16 -3 2
-40 89 86 1
55 33 -21 5
4 -16 -36 1
-67 65 15 10
7 -11 -54 9
-12 -68 -98 2
-65 72 -9 9
-20 -6 -50 3
-3 -89 45 6
-72 42 55 10
40 80 59 4
87 -65 -9 4
-98 -53 81 7
25 35 9 2
-86 78 45 9
-81 0 90 2
-74 81 96 1
-59 -34 -76 4
-27 41 -17 1
-75 -71 70 8
85 62 -37 7
10 -81 34 6
84 59 49 7
78 -94 -74 10
6 61 -84 1
96 76 -76 6
46 -37 -78 6
-58 -55 -38 3
76 -21 -59 1
69 18 20 5
63 99 -67 2
4 10 -69 2
-16 22 -67 5
25 -82 41 6
9 77 65 8
66 -19 -52 6
71 -100 -100 2
74 22 -8 9
-23 -19 67 1
83 19 -34 5
65 -21 44 9
77 39 -40 3
-37 7 -84 1
-79 -11 -94 8
69 -23 27 5
-95 -98 -43 1
-87 -18 -8 4
-47 -81 2 1
-12 30 -86 3
-36 78 24 3
32 -37 -24 7
6 -91 -53 4
50 66 13 2
20 -60 24 5
44 88 -11 3
45 2 -56 2
-8 82 -91 4
88 48 32 4
-10 -82 -37 9
-48 87 39 2
86 -19 -22 1
-55 -11 85 5
12 -76 99 10
-14 -78 10 3
32 -2 5 2
20 76 -82 5
-1 -56 50 6
-24 19 -19 1
-22 -19 -5 5
-27 -92 -65 3
72 -97 34 8
-55 16 -61 4
82 -8 79 5
27 -23 57 9
71 75 19 4
-40 -73 -19 5
37 75 -20 6
52 -8 -16 3
-61 41 -64 8
49 -84 76 3
92 19 51 5
8 55 -100 1
75 -4 45 9
-9 -89 -60 6
-37 -11 23 3
-32 34 -78 2
-20 29 61 2
-32 37 -100 7
-39 28 79 1
100 -95 24 2
16 -69 21 2
27 2 -37 6
-99 -5 73 1
20 70 76 4
-55 97 -74 8
42 -85 -47 6
52 -29 -100 6
53 28 98 1
-15 -72 2 2
14 -43 78 1
-80 -13 45 4
-72 -97 -32 9
58 97 -33 1
-24 -63 -30 6
56 -14 -99 4
-33 -59 -57 4
46 -3 -99 6
-68 98 86 10
65 -95 -73 3
17 -1 61 8
38 25 -59 7
-13 59 95 3
-14 33 18 8
-38 -13 -12 1
-47 -99 94 5
32 -78 65 5
-22 -5 12 2
-94 78 -39 9
-1 -97 87 7
-11 69 -2 1
17 73 32 2
2 4 -96 3
-13 8 21 10
5 -32 -11 4
85 43 66 2
-1 63 40 5
-88 29 50 4
-82 68 7 2
-20 -28 28 5
55 -40 -17 7
-56 49 41 3
3 76 48 9
68 3 -5 9
-7 27 -44 7
-88 -31 -3 2
11 -67 -38 6
34 -26 -70 4
50 -35 54 1
-93 64 -72 5
-54 29 -19 8
-99 24 -34 6
-65 -31 -34 4
1 65 -98 4
-8 16 8 5
97 -91 -16 2
-79 34 85 7
-96 43 11 1
75 -83 -39 5
-28 39 93 2
-36 -40 66 5
54 33 15 1
7 -69 87 1
51 -47 -3 5
15 -22 78 5
48 29 -92 10
-77 -58 55 5
87 -5 17 8
6 -1 23 7
-54 94 -95 1
9 29 45 9
-74 11 -35 4
78 57 -69 2
25 98 52 5
-16 30 41 1
-67 82 -9 1
10 -59 -95 3
-96 -6 54 3
-10 -63 3 2
-36 -64 -71 6
-31 54 -75 6
96 87 -40 6
-63 -62 100 4
-7 45 18 2
-57 21 -99 10
18 22 95 6
-23 -22 2 2
83 -26 -45 2
-51 76 -25 5
-69 42 4 6
-75 -91 87 4
-54 -93 -5 4
61 -44 -27 1
-21 43 78 1
-65 93 37 1
-69 -36 -44 3
57 -37 58 2
-51 58 34 5
-26 -34 -3 3
42 -80 89 1
-37 82 33 4
12 -9 -8 1
78 -39 -77 7
4 50 -96 1
-87 10 -26 1
-85 -22 -62 6
88 -83 -15 1
33 -53 100 5
39 -46 29 8
31 75 26 2
85 83 28 3
10 -84 -69 5
-74 -34 37 7
81 25 82 3
-11 -9 80 8
79 -10 15 1
-33 59 30 6
-86 -43 56 2
-30 80 -31 9
-35 28 66 7
7 -10 -69 1
100 -96 10 7
-50 41 -21 2
-19 -38 -62 4
-30 76 -86 2
-52 -74 -65 3
-99 -81 -28 3
99 79 13 3
89 -17 -31 2
-90 -59 8 1
-76 -51 -2 3
-97 3 83 1
-29 51 64 2
79 -32 46 2
8 -78 -27 3
-67 -70 36 10
40 -73 59 3
-72 45 79 4
-37 -24 -40 4
-7 -74 35 2
65 -100 1 3
31 -36 73 10
-73 -61 0 7
100 -61 47 9
-85 98 -76 9
-21 63 -45 4
-22 -43 -43 3
53 61 -92 7
27 -91 33 3
-66 12 -48 3
-35 35 24 3
-4 -53 -14 8
57 -92 26 7
-66 99 -2 4
-85 -94 29 5
16 48 -74 1
-19 70 -85 2
-43 -58 -43 7
-18 88 -78 1
2 -56 -31 7
46 68 -82 3
99 -81 -59 3
61 -70 37 7
45 -77 -79 7
-63 21 32 6
63 15 26 1
93 -96 -37 3
-67 19 76 4
94 -59 -65 10
-32 23 -65 7
-35 -67 28 9
-97 46 42 6
76 -66 49 8
-67 -35 96 4
-58 95 39 5
56 79 -27 1
-2 4 -23 1
62 77 -37 5
-64 13 72 1
-33 24 48 1
68 43 -26 3
97 -80 -94 5
-30 -53 -91 2
-77 -80 -19 7
40 -95 -63 3
12 62 -26 4
-100 54 -61 4
-58 77 -91 2
13 -50 61 2
-91 34 -89 8
31 100 -26 2
-43 96 -86 8
-48 25 6 1
-40 38 -86 6
82 -27 0 4
-16 -17 50 1
63 -40 -24 2
-18 3 -7 1
-84 92 61 2
-25 92 47 6
16 55 11 9
86 14 79 4
72 57 -68 2
62 98 -54 5
37 -95 11 2
27 38 38 1
5 -52 -100 3
-17 -69 -20 6
-66 -93 99 8
81 26 40 6
6 89 31 5
-58 -12 -57 1
-36 -19 58 1
50 -3 17 1
-63 -50 30 2
54 6 -15 4
-37 -64 -11 4
-92 -93 -34 5
-60 -72 -7 9
49 -22 -48 1
94 94 -17 6
16 -30 73 2
-39 29 11 2
2 62 95 5
74 53 87 2
79 -38 99 10
81 3 -99 7
-75 33 97 2
88 55 -77 1
-38 68 99 4
34 32 42 6
-80 95 31 1
-60 -92 -52 4
-2 -84 73 5
60 9 10 5
-7 87 -47 1
-87 97 -99 2
-7 95 85 4
89 73 -40 4
33 41 64 8
-82 -99 8 5
-91 15 27 9
-97 -19 64 2
-9 -50 -32 5
-11 99 66 1
44 -66 66 2
5 -62 67 3
7 96 82 5
-15 81 89 8
80 -64 31 8
45 67 18 1
-30 -87 58 1
-81 -80 84 3
9 -76 86 1
57 -55 31 2
60 39 -24 2
71 21 -55 3
-25 97 72 5
-49 65 91 1
86 49 2 6
-9 42 43 8
-63 50 54 1
-99 60 31 8
-68 33 -84 5
0 9 -37 7
98 36 70 7
22 -10 4 3
-98 -29 -41 5
7 77 99 3
-100 -13 -94 8
80 -39 36 1
85 -69 4 9
-9 -43 64 1
97 -58 20 3
-96 0 -66 10
10 30 -83 8
2 -41 -77 2
95 71 38 5
-95 -21 48 4
41 17 -9 2
-73 -100 16 3
-62 42 36 7
-2 -23 -15 2
94 -52 14 2
-92 -80 -14 1
-55 68 12 2
-23 -41 19 8
67 -77 33 2
-89 71 23 6
12 -9 -35 1
-82 16 81 5
19 -47 18 8
-86 56 28 4
-52 -49 -11 4
-55 0 -30 2
23 -71 76 5
62 14 16 1
-25 -6 4 3
55 -94 -55 8
-70 -51 29 1
2 -63 -78 3
-18 -89 78 8
67 70 -48 1
-27 -32 72 7
7 -26 -42 2
44 -55 -38 9
-44 65 -48 4
5 -45 25 6
-20 60 -96 4
-39 -31 74 2
95 -7 71 4
-57 -98 53 2
48 80 -84 8
64 70 7 7
78 -80 46 3
-85 -39 3 5
-33 -39 33 3
53 99 -54 3
-20 -15 32 8
-75 82 -61 10
-49 53 -41 7
47 -81 -97 7
-69 46 -86 6
72 -98 69 10
98 52 -12 2
-97 65 85 8
16 81 7 8
-33 -29 -18 4
-34 -90 0 5
-22 -15 61 3
52 11 -100 7
14 -32 -82 4
6 90 -100 6
-38 -52 76 6
-52 -67 -100 2
73 26 99 5
-21 100 -82 3
82 -60 -78 7
21 22 32 3
7 -59 -47 5
-68 0 37 6
-95 63 47 8
22 17 57 4
32 -98 74 4
-25 -79 -86 5
71 -32 -97 2
-72 28 -81 2
85 56 26 5
98 -51 70 3
-16 -31 -49 4
3 -80 7 3
12 89 -27 4
13 -68 -13 3
59 80 65 8
-25 -40 58 1
-46 -4 77 2
-90 85 64 2
0 50 -18 4
97 47 -14 1
-79 50 -28 1
6 100 -29 1
25 -51 42 6
-38 80 64 2
20 9 -62 5
-100 -76 -50 1
1000
-8 38 19 3
-62 -23 88 3
-75 -61 77 5
-79 -4 47 2
-13 -91 1 8
-26 -81 -54 2
-59 -1 -28 1
32 -8 1 3
-52 52 -90 6
11 -34 88 7
27 94 72 7
28 -71 35 5
21 -21 -72 2
-57 39 -17 10
-65 -51 -78 9
85 61 -67 7
19 -58 87 3
82 64 -35 4
85 -37 96 9
-16 85 25 5
99 70 2 8
-78 -37 0 1
-85 67 -46 1
29 -75 0 2
26 60 51 10
89 52 34 7
7 78 -64 2
-83 -33 -91 7
38 -84 77 1
-67 -86 27 1
-19 -45 -79 3
42 47 66 8
67 65 31 6
-57 60 19 2
61 -48 -87 7
43 -24 99 4
81 61 -76 2
16 -85 74 5
96 47 20 2
50 -42 66 10
-91 83 30 3
76 4 -63 5
32 81 84 4
91 -95 21 2
-78 -38 -48 6
2 -48 -13 8
81 -28 -78 8
5 -85 20 10
63 20 46 8
98 58 26 3
-44 -39 -28 3
-82 55 -95 9
29 -97 -94 3
-8 -70 71 4
59 6 -55 3
-94 -20 -8 9
32 15 -48 10
-67 -92 -42 4
-77 -1 4 6
-71 -33 3 3
57 3 42 1
-47 -12 59 7
-63 -89 91 6
-100 39 67 6
91 98 94 3
-26 89 34 2
-27 -65 -84 4
-61 16 2 3
-26 85 99 2
-46 -4 -74 4
81 -95 71 3
85 -68 61 1
69 -28 -27 3
54 31 -59 9
-65 -24 72 3
-51 85 49 6
87 -87 82 9
17 -16 70 4
-86 79 -21 8
94 95 -21 3
-39 34 11 1
87 21 80 8
37 -69 49 10
21 70 -10 9
-93 -98 23 5
58 57 23 10
-68 43 -75 3
-63 92 12 5
-71 -70 -40 6
9 -85 42 9
13 -99 56 8
26 -45 76 1
71 -89 -11 3
17 26 99 3
-37 99 -48 9
-26 2 91 2
7 -70 -26 1
73 -95 8 5
30 34 5 6
9 -84 -49 9
71 -75 52 4
43 -51 -99 3
-35 48 12 3
-8 42 -63 9
92 -4 42 9
16 41 -6 1
-30 -81 -45 3
-9 -98 -14 7
98 32 64 3
-59 -15 -3 1
47 44 -75 9
54 -6 5 1
-88 26 14 8
-61 -68 14 8
-45 -26 10 7
88 48 19 9
-80 53 -71 5
-99 38 48 6
-94 14 -78 5
-29 86 -97 7
81 -33 -42 2
-59 25 -95 9
77 -66 -65 9
30 -5 -29 5
39 28 -68 2
-24 -86 31 1
-29 25 6 7
71 -48 91 4
34 54 -23 6
-6 -16 -76 6
65 0 -92 9
80 29 90 1
52 97 41 3
84 70 -59 9
46 92 -97 9
1 -45 -68 2
91 92 28 6
64 -96 91 2
95 -6 50 2
62 -32 39 9
67 -71 79 8
42 93 94 3
-62 -30 -90 4
9 40 -74 3
-51 -86 37 1
-33 18 1 9
99 -43 20 9
87 37 21 5
-33 -14 21 7
54 -52 -89 8
53 -78 -3 2
-44 -26 77 5
-81 -6 16 9
59 80 29 10
91 -55 39 1
-91 35 -43 2
-97 -22 -62 7
25 -33 5 9
89 66 -94 9
76 -49 34 7
-85 -41 85 5
-2 -20 -76 9
-79 69 -18 3
-70 7 -20 6
-33 -88 74 9
-87 15 -99 9
-5 -67 38 8
-21 -5 -76 1
94 38 42 4
50 -5 98 1
-31 38 100 9
-67 -6 55 10
-64 -19 -16 8
-69 46 70 4
-83 -18 -12 6
-6 -77 40 3
7 -3 58 8
12 70 29 5
-83 5 -53 1
-84 -47 -17 8
60 -63 -40 8
49 -37 51 4
-83 -40 -4 2
69 95 97 5
-74 5 44 1
-33 78 31 9
-77 -4 -81 8
-44 18 44 3
89 -27 53 6
-74 -31 46 5
-87 58 98 7
22 63 -41 1
14 41 -24 7
20 79 38 6
-42 -64 -98 9
-7 -98 37 7
19 29 79 9
67 -10 69 10
-97 -19 -100 3
-30 -50 -1 6
-79 -33 87 1
15 -13 56 1
-23 -43 84 3
-36 -88 -56 3
-61 -23 27 7
-91 -93 -54 2
80 -34 48 10
41 -22 78 6
-71 97 -87 4
-27 26 75 4
16 18 83 9
95 50 -99 3
88 93 -51 7
-46 99 -5 4
87 -44 63 7
9 100 27 4
57 -46 -30 9
73 36 22 10
-48 87 -21 7
-63 -22 -10 1
19 6 51 8
-83 -44 -76 8
64 41 98 4
70 -2 54 1
43 86 -78 1
-24 12 -29 1
-10 -34 -44 6
5 -13 90 9
-73 -28 -94 9
-47 28 30 9
4 15 -4 5
-55 88 39 2
-56 58 -82 7
-35 60 -43 10
-64 -63 34 3
-29 95 21 8
45 -18 -4 1
39 44 -40 9
67 -51 82 2
-87 -31 26 7
-13 -91 -83 3
60 82 47 7
77 43 27 9
-9 52 -33 7
74 17 -60 7
-7 -39 -38 10
-14 -47 -91 9
91 -28 41 2
39 44 62 9
-39 79 30 3
-77 -45 -12 2
-67 -87 12 1
56 32 3 7
-63 -10 59 10
35 -6 88 1
-18 -6 -88 7
-17 -19 -15 3
-87 84 -28 8
57 51 58 9
-89 38 -21 2
35 -94 46 2
46 6 13 5
84 100 91 6
-51 46 30 8
77 -33 94 1
7 -61 76 7
44 -66 46 4
-1 -80 39 10
-15 54 24 10
40 -59 -39 3
-98 17 65 7
-10 -84 72 7
94 47 5 6
-13 65 -91 1
11 -11 -63 6
9 -48 -34 9
56 84 -45 8
12 16 16 9
-98 -69 84 3
-55 -31 32 7
-61 -79 39 3
62 -49 -57 9
18 -70 69 6
-43 75 -25 2
-71 -67 58 10
84 -9 79 1
-44 -4 79 5
19 16 -21 6
-41 31 -52 1
-51 90 55 2
15 -29 -63 8
75 -57 -84 6
-3 -25 15 1
-3 -48 -38 3
13 -59 -73 9
-31 18 27 8
49 -84 77 2
50 -51 94 5
-24 26 87 8
-60 -20 -95 1
85 100 -63 4
-67 32 -71 10
-98 -78 25 5
-61 30 -19 5
-100 -60 71 2
89 -79 98 9
-93 -16 84 5
-98 68 -26 4
-73 -38 -68 10
-95 -81 -38 5
-86 18 3 8
-20 15 -18 1
2 42 -68 5
46 -23 15 3
77 -96 -92 7
17 32 23 3
-71 -56 98 10
67 -44 -98 4
-36 -65 40 10
44 89 84 3
53 -15 -26 9
-71 80 -82 6
61 57 5 9
-83 -97 -12 9
40 -29 14 1
69 3 -82 5
-31 -1 -98 3
24 42 -96 7
-29 -6 54 3
-62 -61 57 2
71 24 -40 5
81 97 -41 10
88 87 -29 8
51 -61 -33 4
-43 40 -6 6
-62 -28 70 3
-4 6 94 1
48 -53 40 5
72 22 94 2
64 64 93 6
-8 54 -16 2
34 91 -44 9
55 -79 -48 4
-68 -17 -35 8
74 30 43 8
97 -98 -70 7
-53 -50 -54 1
89 69 -47 9
-2 95 92 7
-26 52 47 7
72 -92 71 4
-97 40 2 5
-63 -76 -53 3
-15 -11 100 3
-67 8 -26 6
95 35 35 8
44 69 41 1
38 -14 62 7
76 3 -72 2
-64 -3 -58 2
43 72 24 1
7 4 -60 10
-46 -10 -63 10
87 -71 -71 3
-36 -65 36 10
1 -34 1 1
37 25 -86 9
-41 98 -67 8
-83 5 68 2
10 -53 -74 9
-96 -41 -26 3
-31 48 14 5
91 90 92 5
-84 -99 95 10
95 97 97 1
-36 60 -25 3
96 3 -15 5
-58 60 68 9
-89 -53 -7 4
-47 -40 47 8
-75 -6 -18 2
97 27 -40 7
-69 72 -9 3
35 76 -54 2
20 39 30 9
79 -23 -79 10
35 68 13 4
41 -50 -88 5
37 -21 20 7
12 -29 -45 7
-63 -98 67 9
-87 55 -79 1
85 51 18 6
-85 82 57 9
-51 -81 -59 9
43 8 62 5
73 44 -76 3
41 -54 -79 8
77 -76 -53 7
73 -84 26 4
-91 35 -29 5
-84 -83 75 10
-64 -36 10 2
-72 -13 -48 1
81 -42 -13 5
62 -76 -1 8
55 -42 -15 2
94 -30 -79 7
53 -84 87 9
8 -23 10 3
-20 0 -81 6
83 -80 -20 10
-44 5 75 6
-15 65 73 5
-86 69 -82 9
78 97 -54 3
-64 1 -15 2
50 67 -60 3
95 -40 -14 8
86 -17 -96 1
17 -1 37 4
34 -95 -54 7
-2 -94 -79 4
-95 -55 1 2
-75 64 -15 10
9 -52 -65 4
33 -87 -95 5
-72 -100 75 7
-68 -70 -78 2
-93 -100 77 7
17 38 60 4
83 65 -39 6
87 25 -10 2
-16 99 88 10
-87 -82 -1 5
13 -23 -50 4
-14 35 39 3
59 5 -37 1
85 -41 3 8
-16 -86 66 2
83 -81 -49 1
13 87 45 9
-83 97 84 1
-91 37 -67 8
-74 85 -6 9
-19 37 88 7
-34 -16 -93 9
15 -14 85 8
74 5 92 3
-95 17 54 9
-77 61 -50 9
62 -76 -22 3
36 10 45 9
-56 -69 93 3
-24 -5 -27 1
80 -67 -74 3
80 72 5 8
-84 -17 80 1
-64 -96 98 2
25 -70 -79 1
-39 -35 49 1
14 -47 12 1
-48 -31 67 5
100 38 97 4
-64 -69 -33 9
-47 9 -52 3
15 -29 70 5
-20 73 -22 5
13 -88 27 1
99 38 78 5
-23 49 -97 7
19 12 -64 6
-17 68 59 1
67 88 -80 1
-73 15 37 3
-2 7 99 1
-28 -11 12 5
1 100 -10 10
-73 -25 -72 8
92 -57 88 9
73 27 -83 2
-12 -90 -31 2
61 -77 -1 5
96 -100 -44 6
-63 29 79 3
76 -34 -21 3
-68 -21 58 1
-29 -44 9 1
-40 -13 4 9
-61 14 33 10
65 47 2 8
-8 68 -67 3
74 -79 25 4
-40 67 59 5
-53 -7 -95 4
-41 88 24 4
4 -99 25 3
78 -28 -86 10
78 54 -45 3
87 -82 -56 3
-32 -47 -21 1
40 21 -80 10
61 -46 -43 8
40 8 -27 5
72 -62 -2 3
69 89 -98 6
-62 48 19 7
-77 -78 40 4
8 -43 49 4
75 -86 -70 4
-39 -48 33 8
-14 79 -1 6
-44 64 81 8
-98 13 78 5
17 48 75 7
-18 95 -92 3
-7 88 72 10
-86 -24 13 4
30 -97 78 7
-8 -36 79 5
32 -65 56 1
95 62 -23 8
-39 17 -77 7
-37 4 -96 8
-58 -37 30 10
-86 52 36 3
-29 -12 -94 2
-77 -27 86 9
-20 -99 13 6
70 -25 88 9
53 -66 -62 10
-52 31 59 10
-82 -80 -22 1
-70 -54 -58 10
17 -14 -4 8
1 48 -20 4
-46 19 -74 6
96 84 45 4
-34 -42 -7 9
9 95 94 10
-24 -42 59 9
-91 -12 68 10
-61 -26 22 5
17 -44 -29 6
34 44 -71 10
-99 -85 -87 9
-43 80 85 9
95 -42 -41 10
56 81 -84 5
-30 -97 -85 6
59 50 -15 8
76 66 -92 9
92 -47 -74 1
-95 5 -60 9
59 42 -70 7
-38 29 22 6
47 -26 -29 1
86 -97 -13 4
-62 -89 -77 7
-55 26 -42 4
7 -70 71 8
-81 -75 -66 4
-39 -50 38 9
-64 71 71 7
-69 3 -45 8
-88 26 -17 2
-93 -66 8 8
49 -99 60 10
70 -77 -4 8
59 82 93 1
-39 64 59 8
-52 -25 -47 1
-78 29 54 8
-98 17 28 5
45 -3 -40 6
-59 83 41 3
68 -59 -95 4
89 -6 -49 6
68 0 -79 2
23 22 -43 1
-67 64 -22 3
-39 48 6 4
13 -59 80 8
18 70 10 10
-15 -90 86 8
-42 -59 -34 9
56 9 -52 8
94 90 -51 2
37 54 57 3
58 100 -44 9
70 -74 -63 5
-98 -52 99 9
-17 6 -6 3
-78 -95 -44 4
-22 81 -18 8
-92 96 52 3
4 -23 -79 9
-47 9 -69 10
47 -91 -54 3
-97 77 98 9
-31 -96 -36 3
59 -88 -94 5
-9 -97 -69 10
23 -25 40 6
-34 -30 -61 4
-59 32 89 8
-64 -17 56 10
-60 23 86 2
21 78 -54 9
37 52 -58 10
-56 80 -63 8
-43 88 -49 10
-13 37 -77 3
85 91 14 5
7 67 10 6
92 -7 88 9
64 -33 0 3
62 40 70 6
29 -54 -3 5
-4 -62 -44 1
48 43 -47 8
69 15 49 2
67 13 1 10
58 -65 -48 3
60 96 -5 6
-65 70 -8 4
81 62 38 10
24 -79 -13 2
-74 -1 49 5
90 25 3 1
98 -20 74 3
-37 57 -41 9
92 -50 88 10
57 64 30 7
-83 -90 39 10
-26 79 -26 1
-34 -9 -77 8
-28 25 -4 5
-99 44 -11 10
43 -97 -16 7
-41 18 88 8
-63 63 -51 10
4 64 49 4
-39 -38 -75 6
-98 5 -47 3
-2 -47 -98 6
0 99 87 4
-1 64 55 9
-92 7 -36 5
-78 -64 54 10
98 97 18 9
-90 98 49 1
13 -49 90 2
-90 89 -73 9
1 -37 -63 4
59 -14 -49 5
62 -65 76 3
-29 82 82 3
-99 -30 -71 8
100 79 0 3
-43 93 -6 4
-84 8 -99 1
-54 74 75 2
92 -91 41 6
58 11 -83 3
-94 -94 87 6
23 63 -18 2
56 100 8 1
12 -53 79 1
-39 -85 85 8
50 -90 -26 8
-61 -80 -79 3
65 14 -13 1
-5 10 -97 4
30 66 70 1
-30 58 9 10
-82 -14 -90 5
18 28 100 1
19 -63 86 4
-13 -3 -49 7
53 -32 71 7
3 -40 -5 3
19 -83 -26 5
46 11 31 9
67 -21 4 7
69 -70 -90 6
-60 -100 95 7
-37 -10 -98 5
29 -35 -31 6
-40 76 26 2
99 8 -46 7
96 -70 13 3
100 -98 52 10
-93 6 -55 5
-62 68 -38 10
28 2 -93 3
-93 47 -92 7
30 29 44 3
15 77 13 9
-51 -47 39 8
0 39 -14 5
30 -25 78 4
-48 -38 99 10
-4 89 98 4
81 29 59 1
79 -76 75 8
29 -27 -56 9
-94 32 -41 7
84 -26 -24 8
88 64 -83 3
99 34 -87 2
36 35 -47 9
46 28 -84 1
75 95 40 10
-51 39 -68 5
-66 93 -49 10
76 53 -99 8
-50 15 80 1
-39 -9 -61 4
21 25 -3 3
-54 -30 54 10
-59 26 92 3
-77 -40 53 3
89 -1 -91 2
60 37 50 4
28 78 -99 6
-97 -92 -93 6
55 -71 89 1
-31 62 -37 9
-30 -60 -58 6
1 -21 -46 1
68 -13 -64 4
-14 43 -11 3
-90 20 -23 5
-7 -48 98 6
-65 100 -6 4
33 89 -98 1
-97 15 26 4
-1 -47 -91 5
49 -22 47 6
-27 88 -89 5
-81 29 39 5
-100 96 65 10
71 -57 35 1
-19 52 79 6
59 95 -60 6
34 72 31 7
-60 -44 33 2
-2 92 92 10
-98 -58 -95 5
42 -74 97 3
-77 84 -35 9
-77 43 -17 10
18 86 2 5
-53 2 -45 5
13 -25 -61 3
98 -26 31 10
-7 100 5 7
93 47 7 7
-60 91 -8 6
-96 71 -67 5
-99 -81 88 3
-77 -40 54 7
85 42 38 4
-63 -82 -76 5
21 -79 -79 9
-28 51 -62 7
-59 59 -67 7
-26 -93 47 9
-70 -7 -37 4
-52 30 0 4
49 -4 -67 1
-20 45 -27 9
82 -56 -92 9
43 -52 -82 5
-55 58 54 6
-43 9 -10 1
-84 60 -43 2
-77 41 13 10
17 -99 -10 7
-8 54 22 7
-20 -97 -48 8
-69 -4 -84 1
19 36 88 1
-29 -79 -46 9
83 -82 28 9
1 -56 47 10
-42 -43 -12 9
27 -100 -76 4
-26 41 -86 5
-63 -89 89 5
39 24 56 1
9 21 -46 5
96 -97 -3 10
51 -74 -13 9
7 80 -63 9
73 100 -83 1
-33 -45 -89 6
16 -75 -98 2
48 -31 78 1
73 62 -70 6
5 -11 59 1
37 82 4 6
-7 -2 48 1
15 95 45 1
-74 -75 22 8
-57 18 37 4
-10 -14 -7 1
-64 37 -75 4
-5 64 -88 2
-53 63 -32 4
-38 47 92 2
96 -60 -2 6
-50 89 -57 9
40 12 -58 1
16 -13 20 10
62 -29 -81 4
-63 47 25 5
90 -63 -11 8
-81 96 -57 4
84 -2 97 4
9 -51 27 7
-2 -68 69 1
-15 -27 17 1
-43 16 23 4
-31 23 -63 9
97 16 -36 10
72 -61 -67 1
44 -67 26 5
-97 -18 -91 10
46 -37 90 6
96 22 -22 3
-9 18 -35 10
-58 51 99 10
73 21 -19 9
26 97 7 6
-2 -89 -49 5
8 43 97 9
-91 96 75 7
31 -14 26 5
-32 38 -49 10
45 95 25 4
38 58 53 2
-79 72 -52 1
42 74 73 1
10 13 71 2
69 -3 88 10
-1 -98 72 10
-14 16 60 2
30 -29 -18 4
74 -71 -22 10
71 -2 -33 4
-30 -19 -55 3
-80 71 -97 8
-33 -98 14 9
70 1 -73 1
54 76 -14 2
69 28 -69 5
97 -83 16 6
90 69 -31 1
-38 -56 32 5
68 4 -40 5
-94 12 13 9
56 48 -41 9
-28 84 21 3
-67 -91 33 1
94 8 98 9
57 -21 -71 8
22 -40 -27 9
51 -58 15 6
65 39 -97 3
-58 96 -89 2
14 -19 20 4
-64 86 -39 8
26 -80 -48 6
1 -31 -93 5
53 -3 -35 5
32 -65 90 5
69 23 36 9
-61 -77 -78 6
16 22 -93 10
74 -66 14 3
41 -41 16 8
87 85 54 9
-66 48 -48 5
-71 -55 44 8
74 -26 -30 6
-67 0 -55 1
-13 -7 -54 5
-59 -58 63 1
47 22 -83 1
-31 -27 -47 4
-36 68 -47 1
4 -28 -63 2
-45 94 -63 8
84 -32 47 2
-63 6 100 9
30 8 50 1
92 43 -46 5
-39 -52 -41 7
95 -77 -92 8
87 -28 -18 3
-77 -71 12 2
5 91 -29 5
-14 -31 -71 10
-25 -85 -90 7
-27 -8 -49 4
-33 -36 57 1
-98 -24 -34 3
-9 41 9 6
-22 58 -5 10
27 -44 26 5
-60 72 34 5
6 38 90 8
72 59 96 8
68 24 42 8
-74 70 66 2
-85 27 87 5
-60 99 45 9
-72 -19 93 2
-79 60 100 9
-17 -42 27 7
70 -80 -78 5
-46 -19 -11 6
-85 -98 50 7
74 46 6 3
-81 -1 -49 4
-67 -98 74 5
-76 75 -2 4
60 42 -84 1
11 -30 -10 3
61 92 -98 5
-87 -41 -12 4
-32 12 79 9
-90 79 -79 9
-80 69 37 2
-11 -8 -82 5
1 65 24 4
38 96 -22 1
21 16 -97 5
3 82 -83 10
60 -4 26 4
6 -100 89 10
-40 68 -64 7
69 -96 -23 6
80 28 -18 10
-77 -85 65 5
-44 -83 73 2
-38 54 73 7
74 40 36 3
-49 -87 49 3
-42 29 83 9
-16 -71 -77 7
52 19 -13 7
-87 -1 82 7
-59 -24 -13 7
-47 71 33 8
-58 60 84 2
70 92 72 4
-37 73 61 1
45 17 -28 2
52 -35 96 9
-40 -53 70 10
28 7 -19 2
-74 44 95 3
60 -9 75 5
-60 44 -52 3
67 -11 -56 7
-61 -18 -94 9
-94 87 22 6
98 -67 80 9
80 56 -47 6
-44 -69 -12 2
14 14 14 10
-53 65 -41 3
-85 70 75 9
-72 87 11 4
75 65 85 9
21 -76 30 3
-54 5 0 10
-53 -21 84 1
-30 -93 47 3
61 -63 11 5
-78 -13 -89 9
-91 -27 35 7
16 2 7 8
11 85 74 7
-57 -68 -6 4
19 -86 92 4
-98 -21 -57 2
28 72 -76 1
38 -91 -22 6
90 -2 57 4
-66 21 0 6
-91 0 -87 9
81 -41 51 4
94 90 1 5
-19 -7 -62 5
-6 -45 77 5
23 20 -7 2
