100
-7730 -3858 9701 150
-1429 7656 7495 783
1648 -6454 -8557 985
5040 3120 -4796 763
6977 2067 -9730 899
-4327 5624 7102 543
-4991 494 9272 616
3208 -6822 4007 400
-3759 3796 -5492 328
8680 -4267 -7452 138
4587 8305 -7468 752
3983 9252 -8280 38
4339 4311 7072 574
-3368 7189 3687 832
2190 -6857 9194 607
-3389 4773 3475 136
4650 6535 -936 529
-7912 1742 2452 909
-9410 4245 6145 980
6025 -3527 -4803 334
-1244 -3192 9604 104
1113 -8332 -1769 203
5837 -4057 -7957 120
-8215 -9868 1998 852
-390 165 2924 326
-921 2782 8261 157
-6126 9818 -4297 186
-3685 -5683 4921 599
7153 -1807 2903 292
881 1730 9627 222
4061 2955 -8998 155
1724 -387 6041 892
-9997 -5808 6509 314
-1266 8193 -3031 421
3322 -3113 -1566 154
5902 3951 3457 649
-8086 1251 -2433 966
5109 -1342 -8285 325
-8707 -2837 -4041 116
1676 9829 -2556 546
-7450 -4721 3501 651
1822 2517 -9085 523
-8596 -2282 -642 722
3579 -951 690 361
-6083 -6807 -4550 473
-961 1726 6034 194
-5777 -8705 -820 20
6802 1668 2442 112
883 -8446 5196 24
-8415 9176 9117 464
6107 -8508 -2409 672
6984 4948 -9949 161
8221 -3639 -9101 960
7368 -6696 6169 145
-8965 -6288 -4762 136
-3510 -7998 -934 539
575 2287 -5792 47
3220 -4163 5809 173
-5161 -4345 6391 637
3346 -5590 1164 717
6507 -876 -2512 120
-9764 -7674 6933 245
2895 -853 -6088 582
-5324 5681 9239 669
-6971 2267 -5197 553
6362 3252 -5870 25
685 5709 -7883 944
8454 -6451 2518 329
-8751 -4924 8367 193
83 -8665 -1305 436
-9715 -5913 3376 399
-1623 -2614 5847 89
6883 -7244 3684 80
-1283 -5032 1555 424
3913 9253 5883 495
-9010 -5952 -8725 408
-3886 5273 4123 294
-9076 -2600 2185 462
1208 2976 -8201 465
3319 -4522 -3007 690
-7672 -9160 -6955 966
1083 -2218 5534 53
5212 2537 -6983 374
7288 278 -8692 820
-4715 4330 -7431 683
-5070 4547 -5412 763
8124 4385 3488 308
-1019 3214 -2443 737
-7685 4468 -1331 715
2916 -887 4208 672
3948 -7239 -5600 274
-2359 -6642 -6960 528
-9537 -6175 -1814 916
-1673 8254 -8849 659
1019 -725 -1456 400
306 2991 -6956 472
4391 -4945 9235 452
9824 -8824 1309 151
-4192 3105 -6715 795
6050 -7306 3206 584
1000
-5617 -550 -7877 642
-1275 1970 5207 487
-4220 2944 -5619 717
5437 8741 7338 907
-1235 7247 1337 525
6824 3262 -7571 383
8634 4358 8649 211
-5998 5997 3099 499
3677 7272 3277 273
-469 3244 7475 155
-9519 -9349 5663 56
4379 3763 9605 695
4959 -905 8120 915
-9233 8362 -8629 179
4656 -7652 -8516 399
-1362 -1878 -4891 747
7693 5027 8382 246
-2041 -2878 -8082 565
-3184 625 -7045 281
-499 -5123 -4954 793
6272 6022 3609 49
9440 5429 -4144 961
3777 -9364 1941 348
7599 -2232 -1695 813
9772 -6798 6063 911
3120 -9915 1591 813
-6898 1372 -9489 165
5057 -3999 -2725 487
-6120 294 -8829 724
-6369 -7954 -645 5
8216 7987 -7585 642
-3621 -8385 -1214 361
2900 -6835 -2757 715
-9107 3937 3812 308
-8526 -7235 -8118 354
-9551 3201 7401 633
3371 -5712 -6623 315
-8214 2169 883 196
-2030 -2480 8564 289
-874 3007 -812 278
1459 6122 6671 500
1659 -3116 7462 388
-8590 9989 6635 91
-595 3481 8623 914
-9492 -1736 1931 337
-7754 -6422 -6028 211
7967 -5750 478 209
1561 284 -1839 153
3807 236 -9633 239
-2477 4648 -2555 372
-9760 -2478 -9981 353
2489 6267 -7605 703
4470 2740 9445 447
-5833 -6243 -3053 962
-9812 -9549 -4850 875
-405 9024 4980 97
3379 7640 -8316 56
-9264 -5239 1271 287
-8016 -7448 6725 67
5611 3807 2513 262
5288 9143 -8035 305
-4758 5015 2969 197
7047 -9725 -1953 406
1265 3687 3153 582
-7101 9363 639 670
5277 6663 -7679 339
-1646 2843 3883 741
2386 9653 -5762 339
-6602 -7770 975 480
-9764 -2169 839 935
9846 -4150 2244 274
2903 9973 -8881 885
3267 -8791 698 830
6989 3513 6695 341
6178 8215 6853 610
-7666 3054 5503 503
1171 -6645 -6186 785
9427 8361 -623 480
1667 -2921 -5857 995
5780 8433 -6417 827
8530 -2359 8575 228
102 1971 1423 265
-9681 -5801 7213 106
2312 -6894 597 577
3098 -3257 -7279 945
-5696 5960 -5113 728
1797 -856 -6570 465
-6266 5796 435 534
-3183 6204 9372 757
7007 450 1773 857
-2734 7809 -4914 638
6548 -1842 -2866 889
-7814 -6143 -1832 531
6577 -4562 2184 266
-999 -2181 -3619 628
-5835 2565 854 827
-74 -2775 8787 753
-2380 -8948 5164 281
-3980 -4220 -2610 157
7172 -1155 7328 734
6505 6913 -5458 731
-5738 7911 -9479 208
9702 -4370 -6683 572
6649 5090 -3657 498
-716 -7486 7537 869
-7171 8502 2209 912
8722 543 9094 890
-5293 6879 9819 715
-8348 -7833 -1433 42
-2568 -3800 -9565 185
-5039 -8086 6885 755
-6080 -4549 -6143 956
1792 7152 1585 882
9862 4461 5973 342
8009 -8992 2803 282
-4336 6864 8555 334
5161 8253 1016 811
-3095 -1428 -4994 809
-5610 -4830 -6137 675
8532 -1061 -7002 775
8217 -5324 1904 895
-6782 3242 -9839 896
5918 8587 -2185 156
3758 2189 8823 488
-5123 5092 -6401 344
-9867 3349 -658 501
7141 2625 -7072 516
-8135 4708 5521 934
-6873 -1634 9171 819
-7815 860 -3215 590
-5611 8555 -2988 983
6895 341 9471 911
5401 -5752 9166 51
-1595 8569 -2088 778
-6059 -2815 2710 181
2756 9984 -8490 904
-8980 3533 -1536 429
-8294 -7126 -8408 990
6903 -7822 -6437 509
5324 2044 -1056 26
3411 -3244 3325 270
5776 -3763 5857 39
9285 -5465 8754 494
5168 -6953 176 200
1465 -2608 3009 397
7820 2521 -2677 854
-2641 -7294 -8772 459
-6321 -4033 7574 830
-4130 1690 1851 299
-4524 -9167 -3636 81
-3914 6444 -3674 575
1830 9662 1413 779
-3044 -6610 270 819
-1752 -820 -1395 344
837 8499 1652 493
-7279 -3680 -4192 122
8804 -4739 -1194 556
7751 -2389 9273 160
-3779 -4532 9903 851
-5193 -9022 -6312 552
-808 -6643 2338 398
-5126 -78 5652 738
812 -5732 -9364 787
7866 8382 -1754 417
-5499 -2152 7645 468
-6122 -7806 -4367 701
3568 8502 -9140 950
2030 -5450 -9244 917
9831 -1394 -6597 934
-7506 8053 465 718
-573 2288 -5806 80
7655 -1301 -9483 373
-6885 3418 -8015 937
3091 -7150 6878 89
3127 7937 -947 461
9339 -8368 3996 741
8501 7825 -5240 235
-3174 -4615 7733 842
-1879 -6933 -795 867
-3232 -2600 -4636 118
9349 7731 -6489 79
5009 5255 -282 17
5589 -2536 5359 489
-8051 -3365 -557 912
4647 549 -2329 325
1151 6695 -8686 211
5456 -3510 -2041 639
6995 5543 4616 807
6096 -9870 -1220 41
-9078 6911 2070 534
2903 9190 -9319 614
232 -5805 -1458 241
3639 -2842 -2497 775
-530 8428 793 635
-5876 2604 4326 33
2099 613 1388 510
9288 -7650 5559 573
-3191 3578 -7861 805
4315 -9568 7909 530
6026 5145 6370 389
9119 -6302 -8547 294
-7340 496 9509 381
4985 7856 -9468 508
2564 -333 1127 282
-9034 -3726 -4299 597
-6161 -4633 1352 901
1006 3137 1497 548
94 -3359 1777 552
-7501 -3087 -9851 544
-107 -2878 683 940
-7234 7203 -3435 464
3433 -5092 -9374 64
-7577 9402 5725 463
3746 8619 -4589 521
-5853 -4075 -5213 8
699 -3701 8541 926
4058 4984 -2149 762
5150 -9833 -6716 252
4007 -5084 -4320 188
-6526 7544 5973 236
-3068 1869 4832 876
-7824 1422 787 328
-1414 6915 9642 713
5094 -9694 -3137 376
9560 -8122 689 413
-3466 -6655 -3265 403
-381 9663 -5043 843
3883 -9922 3055 260
-549 5106 -8501 489
-4552 9257 5019 954
-7127 -8302 -333 281
5439 8174 -1626 653
-5256 7442 5745 634
-5394 -8443 691 462
90 -2784 -3544 410
9710 7937 -44 918
-8037 -5930 -2982 945
-6012 5304 9919 911
8845 3896 1304 744
9140 1450 513 525
9699 -8695 2610 819
-9406 3998 -1335 231
5043 9896 -8135 536
-1380 -9217 -853 279
-7716 1674 -2617 165
8704 -1019 2587 691
-1628 -3956 -1626 162
3640 -7449 9614 358
-3275 -7016 3636 812
468 9925 -1300 643
6171 6601 -8876 960
9310 -4175 -3363 95
5065 2104 8635 968
599 5457 -152 300
-6300 -8547 7148 227
-1148 -5970 6906 765
-3654 5941 -1610 591
8598 -8360 -9166 698
6016 293 7141 418
-7844 -1883 5638 712
-2261 -7603 2509 523
-4002 7578 5589 413
-446 8240 2297 155
4943 3306 -9592 33
4196 -5009 1327 307
8098 -1697 -2389 895
-2685 -9205 -9419 30
-7016 -2139 -5123 956
1484 5466 39 197
-9613 -9423 -1875 113
6380 2558 -504 835
6317 -6070 1641 659
-4483 3957 -8621 463
7090 2580 6175 366
-5101 1188 -1452 860
7103 211 1290 587
4474 7111 7192 717
1967 5010 -951 734
978 -715 -1485 792
972 -273 725 14
9022 -3951 1743 65
1280 -8703 -9314 917
3482 -2374 6290 759
-6689 4438 8888 718
5221 -7516 -2726 376
5748 -3714 5433 84
4714 -1475 -6641 126
8347 2749 -6924 334
-7009 -8549 1983 938
-7707 -6829 -6594 264
-5702 4975 9677 188
879 -624 -695 364
-5816 31 2295 122
5074 -4832 9693 962
-9435 -9603 3451 719
-1392 263 2202 207
-935 -241 6012 541
-1936 6767 347 619
1959 7802 -8273 154
6398 6839 -4071 377
-8908 3315 -3433 889
4122 9398 -1075 247
-3196 -3309 1519 569
-3625 -5235 -9981 454
6158 -2859 -5187 778
-9032 -4826 -980 527
4518 3386 -4993 360
641 -9660 -1984 661
3832 -9901 6310 706
-2235 -6246 -1468 749
-8967 -1791 -7861 851
3558 8141 -8448 701
-7862 -9585 1449 660
-3941 -5598 -3882 360
-8709 5328 -9159 962
9293 -6836 -3066 522
-3550 -696 4911 175
8828 3782 5843 460
-3679 -376 1164 350
-5797 3327 8271 576
-2621 -7340 -3459 666
6247 7179 6338 310
-4831 -4315 9685 174
4780 2448 9338 265
4596 -7632 -4033 757
1296 -2025 -8166 120
-1785 2859 6190 293
-5504 4254 4523 872
-8409 -6365 818 528
-5641 896 -5148 794
-3259 -5414 8058 591
-7463 -2369 7586 316
2619 -179 8260 302
-867 -1076 -3238 750
3859 -5373 -1659 729
294 9369 1466 606
-9490 -5728 -835 510
4578 -8128 8477 272
-4973 -486 3561 216
1047 8230 -7374 385
-8318 9160 5367 818
7021 7521 4592 633
3738 -2072 -983 515
-7118 6774 -4912 54
2302 -3669 -2923 275
6107 6170 -4702 57
173 5881 5670 354
3429 3652 -2725 478
-2779 4508 -906 823
-3154 790 -5896 828
-9563 1502 673 251
-9333 -7706 -4745 858
-174 -7682 4336 769
-9836 -8621 9916 67
-3107 6158 7891 341
-6714 -7535 -1301 453
8061 3638 -6638 503
-6800 7771 110 91
9866 -9363 -3830 849
-9241 -3057 3751 238
-1802 -2790 -6365 521
-5827 -6394 -3299 260
9515 -3485 8972 318
-7969 2411 9286 409
6127 -7358 -8853 805
5520 -375 -7386 291
9213 3523 874 835
7498 3624 3091 953
1799 7768 -4653 730
-9188 9860 6855 584
-9360 3686 -7243 983
-9135 -2272 1947 93
416 5944 -778 992
5754 -4887 -4842 842
1223 -508 9741 25
4009 8776 -5848 389
1113 -1390 8173 317
-6460 -4176 -1027 714
-9806 -3668 -2595 546
-8099 3262 -851 47
395 8429 -9179 1
1176 -3961 -8872 526
-2492 1224 -5446 594
-9691 7053 -8593 57
5065 7190 7874 200
9018 9823 4401 895
6874 -3128 -171 444
-2466 1245 4657 2
-6648 -5705 5439 338
5724 -9310 -5611 572
-9590 1969 8274 671
-8094 -7187 -8799 392
6568 -2435 -3341 449
8488 4602 -6506 210
-7834 1699 8328 199
-4021 -5446 7616 111
-187 3993 -2119 727
-2510 -239 -3014 223
4145 -1351 3899 428
-2836 2220 4556 425
240 7673 1379 41
-2073 -5188 -5850 298
4405 -2532 -702 298
-6991 6811 -9040 312
-2814 5026 1282 594
-2512 395 1714 614
-5105 8799 -7092 141
-8973 -7436 -3559 884
-7406 619 1437 775
-6832 -876 -3587 412
9605 -3134 6960 919
6994 -6642 -4874 525
-1100 -6040 4293 464
1716 9694 812 279
234 1119 3444 824
-127 9737 -7176 67
3782 -5056 2506 836
194 6731 -2354 672
7318 5914 4082 736
-8700 9228 -9226 941
-1332 675 7893 200
-7120 -8194 -368 791
8088 4381 -1233 270
8249 5550 6950 172
-3806 -639 -7415 334
-2753 8230 9643 517
6053 3417 -5151 74
-5783 8686 -842 17
3658 1652 -3613 156
-2587 1971 -543 937
739 223 -5798 314
-6167 -4673 -4857 880
-8159 -698 8582 339
4726 -4647 -4683 656
5794 9539 -6239 899
9550 -3234 -469 651
582 -3921 -1184 707
-8678 7317 8317 575
4301 -6402 -9358 445
6552 2381 -9857 10
-422 -6359 -7584 266
-2158 2339 6522 213
6576 2108 3687 693
-7044 1101 -3990 6
-9941 -9790 8104 771
1121 1008 5974 864
-9211 -113 1459 381
-345 -5104 -2603 298
-5495 -8975 8498 76
9296 -1289 5097 562
-3981 -8669 -1445 491
-4255 -4755 3051 430
9098 -3224 -3573 950
620 1127 1775 908
-9670 -688 347 785
8537 3336 -2481 520
-1990 -6434 -7635 42
283 1170 -4852 783
230 6033 2909 486
-7175 -7366 -519 938
7679 -5445 -8288 873
-2353 -9017 8141 276
9829 -8398 759 82
-8425 -6615 2945 144
-4895 -7304 -4341 640
-5969 -3502 -8813 696
2779 4336 6669 475
2011 801 -900 276
3248 -7813 7920 547
6270 -211 4570 188
-3381 -4958 9859 660
-912 -1254 7697 981
6890 -5037 -9872 574
-2124 -4439 -6391 515
-1883 -1487 -4832 210
-8206 3633 -6199 573
-3850 -9751 3270 489
-5548 472 -4708 607
-1853 4804 -5191 215
-9225 1585 -9799 344
-9242 5843 -3153 774
3167 -8749 -4009 697
-4922 -5480 3779 437
3292 -3564 7193 313
-7753 1716 9850 646
1389 8475 -6925 130
-717 -365 -6717 64
-456 9098 1835 828
3413 -6961 4999 761
-1362 -7502 7141 692
285 -5167 8202 696
-6744 -2594 -5725 308
-9212 581 2296 121
4350 569 2725 243
1192 -8704 866 538
3715 -7782 -7219 90
-5562 4829 -3307 83
8835 -8739 1403 608
-2312 -738 866 116
2156 483 -4563 403
-8085 8793 -163 789
-9931 2272 7115 974
-6616 -4775 -5953 167
8923 6606 -8727 416
-4020 2509 9030 954
6096 4205 7635 14
-2805 7970 1369 716
-1356 4712 -1858 498
-9179 -9614 7769 307
5955 -6174 -2231 531
9988 -1062 9395 548
1618 -4707 2875 340
7931 -3621 -9650 943
-3862 2056 408 750
7931 5059 -9915 583
-485 6839 -9835 252
-832 6480 -4865 502
-8552 -8724 -4660 474
-254 -618 -6904 780
-4044 5955 -103 566
-8029 3788 -3798 934
4097 -3356 -7064 904
1134 2891 9587 145
9879 7645 -6846 117
4966 6760 4789 840
3102 5121 -6257 947
2623 -2958 -167 269
4097 9183 -1729 229
-7908 -6872 -9666 185
-2211 -7814 5237 827
9779 8909 -4184 234
-8049 8313 7975 228
-5639 3963 -6280 128
1435 4288 -520 280
4340 -1691 7451 908
-7966 328 9261 969
-5406 2206 -1759 174
5244 2556 -3645 430
3056 3246 6056 73
5338 -1052 -521 858
194 228 5545 545
-7306 4981 -8935 146
-4324 -9921 -1289 627
-5948 -983 5516 139
-5843 2752 -7089 907
3905 5456 6051 243
9450 3136 3367 436
8328 9638 7554 394
1597 4508 242 871
9271 492 1917 159
-3646 -4561 7691 287
449 -6287 -7594 834
-801 -6320 -8731 16
-8537 -7096 5547 485
-3676 -6405 -4798 514
-1510 -9026 2314 378
-7566 -3106 -291 180
-8517 -8204 -662 247
-9767 -5933 2797 775
-5707 4918 76 993
3335 -8981 2456 642
8371 223 9631 345
5923 2452 -496 616
-1194 9379 5337 392
8897 -6380 -4077 727
-4459 1756 4670 474
-7059 -1919 5907 373
3345 -2787 8922 259
-1203 5141 -5320 378
5613 5595 -8204 515
-9794 -4039 -654 651
2157 5805 1858 650
5782 -3755 -6506 765
4392 9189 -7904 362
-8874 -2787 5729 935
-1237 -1029 5421 9
-4353 -3063 6866 276
-7261 -8057 -5395 363
-785 8821 7499 17
-553 1198 -8666 787
-6860 -8158 9870 973
-5780 -8027 -7779 322
-1249 4550 5818 787
-6285 8990 -1670 953
9136 4847 7003 286
7509 -9543 -5737 348
-7679 -327 4388 789
9981 -3765 3961 696
1315 6473 8359 81
5609 -9757 8990 208
1162 4421 9558 625
8575 3955 -5971 634
-5792 6326 -3593 608
-2611 -9085 8305 187
-7892 459 6495 822
-2742 2706 9435 58
6269 3179 1492 160
-2364 4322 -3807 895
-5599 -9249 8557 458
-3638 9735 4988 876
-7187 -8676 7205 305
-1100 -5733 -4220 518
-455 2701 8700 165
8619 5016 1620 96
-8488 6213 -7974 341
-6835 -8891 -7558 379
15 -1578 377 296
7829 7182 -5278 741
-5583 9171 6853 157
5922 -8822 -8374 641
-5609 3354 -355 635
-951 9870 3357 142
-546 5693 -5573 414
-8288 3943 -9954 508
-7108 -7401 -813 583
8618 -8502 7719 893
2862 1448 8362 903
8744 228 4877 630
-6802 -4671 5028 929
5767 2583 978 59
-5255 6270 8641 414
5809 -5442 -504 504
-2323 9809 -6003 699
-3841 3402 6360 542
5507 4696 7108 205
7878 -3654 -7498 341
-8843 5874 6230 806
8327 877 1017 512
8591 6455 4830 138
6424 -4027 -6570 562
-310 -5109 9289 291
-8394 -2189 -7909 870
8009 8372 781 843
-4728 -2622 5184 442
1020 3666 -3856 946
5860 5346 -3706 398
969 2753 695 327
-7553 5316 5083 152
3070 9397 -7295 998
7314 8170 4979 648
7808 -5738 4140 548
-7966 -8064 -3104 750
-7194 -7826 9532 527
-2401 6874 -673 135
-6437 8125 300 911
6477 -7661 -7236 779
6209 -4907 9475 956
4703 -3506 7641 187
-3831 -7594 -581 234
-1923 -8715 -8862 982
-5746 852 -1074 548
-2581 -1561 -767 677
-662 -7925 4279 899
-2032 -9226 -345 125
7144 -2907 -1821 206
-1027 -9582 8074 386
-3650 -4144 8195 847
5866 -2720 -3113 150
-2285 -4402 2617 796
-8881 -3593 4362 471
4125 -9883 -7238 310
9897 5747 -5908 401
797 -6708 -66 42
-3477 9567 -304 465
-4236 3146 9874 500
1523 6643 -4334 679
9716 5180 5796 636
4938 1572 -3488 671
-6979 2203 2674 232
-3972 5768 3563 664
3336 -3938 -8053 935
-2007 -9776 -9166 694
4161 -5105 1860 495
-6009 -8041 -279 501
3718 4845 -1043 51
5687 8105 5222 222
-9482 360 4951 117
-9366 4871 -637 840
-8750 4044 6328 827
-1704 5536 2900 226
589 -9752 -2559 232
-4440 -9492 1619 191
-1683 5560 4303 411
-5525 6084 2334 230
-239 6462 -1326 966
4709 9968 -5301 926
-8168 1655 6454 272
9992 -3983 7976 427
-2285 -927 1906 731
-2745 -6460 -1602 30
-2336 -5008 -8541 733
-7574 2801 6135 748
-9979 -7445 -7760 201
5604 -2660 207 355
-1728 6509 -8974 662
6365 1857 -1104 566
2556 1695 5393 80
252 2394 -2723 438
6315 -1006 5669 82
4797 -5249 1949 601
-8585 6490 4723 210
858 -4522 1326 175
6889 1014 1458 163
-6338 7076 7553 702
7991 -4984 8607 168
3206 -5027 -3041 74
-1577 5398 3897 388
-17 -641 6832 504
1013 1232 8010 395
-8990 4184 98 978
-1713 6233 1797 448
7799 -1822 -801 991
9471 -6748 1517 545
4055 -9877 -159 325
8320 2643 3042 160
6587 6824 -132 401
-2558 918 -1287 874
-6728 3489 -9098 62
-6034 -9765 7647 894
4125 3503 5107 384
2292 -4726 -408 806
9856 -6485 1036 778
2848 -6031 -3598 178
-8342 -7578 232 952
8037 -8381 -9994 610
-8644 -8210 5829 615
-2268 -8069 -2694 247
7343 5729 6741 99
4641 -3153 -8651 58
-8955 7734 3551 964
7895 -5139 2285 633
-1016 -9018 -4049 406
3699 -6558 -1910 981
6438 1739 7758 868
-2374 6835 -5515 205
-6487 8563 7678 572
-7515 -5919 7703 571
-9886 6036 -9217 644
1370 -9313 9334 279
-5318 -8638 5028 741
-8385 9032 5497 755
7643 7582 4353 175
7309 3015 -9444 887
6640 -6356 -2087 365
-5736 -6810 9634 183
-7693 -6872 8985 704
4261 -952 2770 651
-8232 -8246 6120 652
7024 4083 -8143 781
-8755 -2890 2837 614
5821 2813 3125 481
-8167 -9250 5252 258
4380 -1323 -5854 71
2649 6484 9737 467
8448 -1576 -6676 167
6593 -8722 8344 201
-9249 5290 -4866 88
7934 5252 6772 350
-4649 6014 7 302
-6949 -4305 2376 331
4488 4986 -4527 297
-8515 3775 -1240 130
-4250 -8277 5868 192
7362 1207 -5796 151
-7796 -6694 -7921 136
5778 9308 6540 936
-3670 6512 -4491 190
9702 -384 152 58
4753 4281 -4657 197
-4368 -723 -991 204
-3326 -1124 420 851
37 -5161 2175 140
9662 9065 -4397 204
5985 5125 -9957 408
9598 4218 -7242 446
6240 5937 -6278 671
1256 4208 -5522 78
7234 2920 -2479 196
4957 -9754 1323 681
-8389 6565 -39 493
4456 -5370 -1857 336
859 4862 -2454 230
-4952 2201 4769 737
8169 -3189 932 123
1050 7102 5416 932
4010 -9811 -3543 103
-3653 -1595 772 298
9545 7686 -6574 513
-4276 -9338 1717 931
-7440 4012 -1680 367
8159 -4069 7403 897
6444 -6669 -7723 196
1551 9533 -1609 444
7474 7679 5367 63
9541 3510 3560 231
-1851 -3265 2651 292
8390 -2613 1367 151
8785 -5325 9129 194
-6303 -36 8280 336
4892 -9278 -8660 449
8057 -3966 -8959 845
-6831 6608 -8344 207
6611 5763 4072 822
9714 -6616 -9423 670
5602 -4625 9443 932
-6659 3389 -8595 908
-6622 -4256 9847 642
-6794 -9953 -7471 543
-7438 1707 -5470 386
-1143 7903 4289 730
4323 8274 1604 214
7984 1442 8442 15
-6034 3466 -5264 505
8386 9949 3134 134
-2788 6624 7221 649
-5416 6587 4813 185
8379 -4247 5859 437
7847 3599 -8162 348
-6831 5320 -9855 836
-7409 -9936 -2858 98
6838 4892 -8527 747
-9696 8642 -8014 346
-5515 -5355 -3257 554
-3620 -7354 6320 181
-2555 6010 -9604 646
-2819 -4509 -7387 575
3966 -5870 7384 684
-6872 -195 -966 213
-1015 3161 -5822 321
-2713 -5915 -6695 965
1588 8396 8495 773
-1699 -3297 7436 235
-9989 -8232 -2137 585
-9118 -5174 6374 679
-3240 5541 9146 312
1728 -4655 4306 500
7530 3845 4263 441
3214 6196 5970 983
4496 -1304 9051 23
-9371 -4380 9291 917
-4844 5657 -3597 966
9135 353 -7297 185
3028 -9205 -7857 290
3259 -4246 -3745 635
8174 6751 6506 416
1728 8428 5889 407
-3899 3782 1371 532
-9644 -141 1218 104
8743 796 -4080 558
1809 -2026 -1895 653
4223 9522 7024 120
-9989 1911 1473 774
363 -4919 4793 546
-5174 3893 -2712 798
-2909 -401 2123 573
8200 -9537 -8749 165
1176 -3867 -3739 720
8604 5958 -1942 481
7035 -2799 4737 715
1193 -2443 8315 475
-8243 -8718 -7143 848
8858 -6666 3165 161
-1775 -5425 -656 371
-1190 4941 -7804 96
-8760 3979 -5783 475
-2566 -8656 8628 208
8497 -6279 2389 426
3458 -4399 -7727 611
-2393 9181 -9641 816
-2594 -2375 3509 687
2753 51 -356 202
-1210 -2549 -7801 224
-2958 -98 -1055 808
5819 3585 808 298
-2757 -8910 -710 420
-8178 -5138 2180 272
-2644 4168 5346 482
8141 1627 -448 475
5172 8974 2823 69
3175 6067 -9759 960
8268 -8083 843 328
5013 5412 4722 445
-5969 3789 -6611 628
-110 -4144 7379 205
3341 -8643 -2303 349
8271 -4607 -3084 163
-5337 4103 3339 265
-4355 7915 -1428 805
-7137 -5891 -3330 965
5390 -6518 7720 325
2582 8142 -6901 381
4174 -5655 -5510 308
-1375 -9556 3116 300
5734 436 -529 172
2376 7287 -7440 165
2400 5126 6060 65
-2606 -5699 -2441 941
-4098 8430 -543 91
3287 -9448 -5359 91
-3903 -1031 -4641 533
-490 5626 -4247 323
6379 3640 -743 9
-7245 4624 -4460 5
-6606 4569 -2902 23
-466 2332 -4938 628
-9820 5 1164 218
1683 -2157 -7712 267
3479 3531 8305 66
8753 -2870 -2009 824
-3027 -3033 265 343
2931 -3343 7423 762
-937 3814 6855 137
-7252 9160 -6027 834
-1056 -8102 8665 434
-9393 -3784 -4540 219
959 -4151 3057 530
-6936 8019 -9579 996
-9948 3758 3589 243
6887 3687 3144 919
-852 2247 -3569 757
1972 8094 -5278 684
8627 -3790 -6731 295
-6 3092 -427 406
-2346 3313 9197 221
2979 -8408 6289 647
2301 8410 851 785
9712 7369 -9218 925
-717 -8361 218 902
1987 -63 7518 163
828 -7989 340 9
2933 330 6685 553
689 -6289 -1944 571
4331 -920 -2290 489
2534 -9377 -5218 392
-7255 -1522 597 822
8354 -110 7651 72
-5211 -8115 -3823 790
-778 -8341 -3383 812
6829 8272 2363 165
-6370 1215 1844 294
921 -3887 2485 910
7819 -4170 2993 725
9913 2402 2254 593
5017 778 9026 875
-5027 -2396 -6923 721
6969 -9236 -7052 660
-4633 7706 495 904
-1525 9670 -4051 396
80 -8301 978 210
-6726 -2075 -3182 295
-3995 8688 4467 242
-4396 1011 -5390 84
-9045 7574 -7029 914
-2583 -4543 -3601 286
-8103 -7582 8003 269
2911 8415 -7982 132
-2063 2475 6152 88
-5354 -6048 -1357 612
-9963 -9273 -5342 554
-2155 -7765 -6657 80
4557 -5514 1199 272
8861 7701 -6246 911
-5824 -6600 -4624 187
-6447 2184 -3959 943
-8739 8498 1589 494
4 -4435 1272 795
4283 -1159 4464 460
-8160 -908 -1050 405
-3319 8940 -4150 198
8328 -4373 -122 134
-286 1146 -6904 558
-7827 -5583 -3292 359
-1606 7076 -7688 446
-2816 -8622 931 1
1245 1785 6097 706
-3686 6310 -69 956
9088 -5136 -3331 51
7633 -7778 -8010 850
1376 -9692 -1983 302
1851 -8011 7851 333
5609 9796 4235 900
4475 2178 -1773 205
4635 -1706 5549 427
481 -8649 384 566
7377 220 -4136 614
4871 -2945 9350 409
7911 188 -2009 141
-146 -3582 4847 257
-8220 -4236 -4217 538
-8126 -255 5023 467
5762 -3622 7187 840
-5473 1201 -2342 730
-7977 -9477 -6123 157
6145 -9247 5568 512
6312 -1368 -5628 796
-2013 7945 1069 564
-9173 9269 4427 731
5184 -281 -8510 571
3945 9876 8022 917
-1642 8507 7832 634
