100
49 -56 -1 10
-37 56 -79 2
90 83 12 8
-87 70 14 3
91 21 44 1
-86 -58 98 9
-67 -39 -16 2
61 -43 39 6
-1 81 -28 6
-48 -53 -9 6
-100 73 -99 2
46 -35 43 3
-32 87 -29 4
99 -88 -33 2
81 85 80 6
26 48 78 5
40 65 -70 7
-47 69 -21 2
-25 -35 24 6
14 -52 -28 7
-45 -11 9 1
82 -24 20 9
-67 -14 -13 9
97 -16 -49 5
-44 -28 -29 4
69 -49 -88 10
-49 -46 -38 5
-30 -12 15 6
16 -55 87 10
-98 63 20 3
-13 -21 -21 1
-4 100 -24 2
-59 52 -44 2
-16 -93 39 1
-40 -71 11 6
-54 24 10 4
82 63 -20 7
48 24 28 1
-33 51 -65 2
-67 -53 59 8
-7 9 -50 5
47 90 -15 4
-50 -90 -52 4
-41 33 84 8
20 -32 33 3
-98 -91 -24 2
-77 -50 1 3
-12 -79 -68 5
-87 -79 34 9
28 -65 55 3
90 -2 -98 6
41 97 47 6
47 39 98 2
-18 -15 -92 6
-27 47 -2 7
77 36 -7 7
-7 -20 52 5
2 17 -94 4
-86 -24 -56 1
-15 89 97 3
-38 -37 18 2
68 21 -55 6
87 2 34 5
-17 50 42 2
-12 25 66 5
63 -100 73 8
69 24 37 3
10 50 -66 8
-42 1 46 5
-91 -12 48 2
-88 -81 -99 8
-3 -78 11 4
-11 -6 13 5
-100 -79 73 8
7 83 41 8
65 93 93 4
67 -94 -69 7
-40 77 61 3
52 74 -98 4
-55 -96 -89 5
65 82 22 6
-100 4 85 8
67 88 -93 3
-73 66 9 4
94 -85 -10 3
-66 -80 92 2
-89 -63 -42 7
13 -23 -88 2
87 -69 63 10
86 -7 56 6
-18 -16 97 5
-29 2 -12 1
80 -78 -58 2
-13 41 -2 1
-10 31 28 5
-31 -50 -70 9
-100 31 91 1
-78 96 -98 10
-7 25 -30 1
-59 61 -95 6
1000
-57 -20 -6 4
-18 60 -33 5
14 -79 -42 6
-66 59 -90 4
31 32 25 6
-80 -96 -97 2
-56 -91 47 8
-70 -58 94 5
61 85 94 9
-52 -36 -68 3
15 -32 -39 7
-67 49 60 8
-73 31 28 1
-3 -62 -2 1
66 86 -29 5
-65 57 -94 8
52 -60 23 4
46 36 -13 5
16 32 -73 8
-89 23 75 1
-30 -7 73 10
-38 -2 17 4
88 -73 21 6
93 72 81 9
-8 23 -89 1
-58 92 -92 9
-22 -1 -17 3
51 36 33 5
-19 -5 90 8
-16 56 -68 6
-88 -50 -45 5
35 -86 29 3
48 -93 50 6
-16 -8 52 10
-7 -70 -95 2
-21 -93 -18 9
97 99 -29 2
92 -69 57 1
58 33 -7 10
-55 59 -76 8
79 -40 -35 3
25 -90 53 6
-90 -29 -19 6
74 5 -43 9
-76 -91 -99 6
91 -53 -34 7
-30 -64 -40 5
7 12 -80 7
9 27 50 1
-53 -77 8 4
90 23 -97 10
-65 44 -68 5
-95 -36 28 5
24 -49 -61 1
-53 -91 97 2
86 -25 48 8
-37 98 3 2
4 -42 34 8
-92 99 63 5
88 -67 -59 9
-16 -39 88 2
64 74 68 10
88 59 -45 10
94 76 71 8
78 -12 -18 9
-46 94 -79 3
99 -14 -95 1
85 -54 26 1
35 -52 -51 4
-17 61 62 6
66 9 -44 2
-39 1 16 8
46 56 -74 4
-53 -36 79 10
-87 84 26 1
-99 72 -31 7
22 8 32 5
34 -9 80 2
-74 -96 13 7
-16 48 59 4
-40 -9 11 8
26 -32 21 4
-17 60 -13 1
-98 -11 66 9
-3 60 20 4
-77 -62 -83 4
-78 64 -9 7
99 31 -75 10
-26 -43 -80 1
-42 -47 82 9
-76 25 80 9
-67 29 14 10
93 -55 8 2
20 80 42 3
96 -85 -51 4
31 -11 85 4
91 17 51 7
59 -80 55 3
-12 -68 15 9
-99 -95 76 5
69 -15 -20 1
11 -50 -22 2
-24 89 66 1
33 57 -81 9
-5 -74 2 10
-78 54 74 6
-25 -49 -16 6
63 -44 39 1
-2 95 -43 4
-35 56 37 1
-19 -6 -92 4
42 -64 -51 9
96 -57 72 1
93 47 -91 3
54 87 84 4
-46 73 -71 3
-80 -42 78 9
50 -64 -89 7
27 93 57 4
-15 86 -97 7
-3 56 14 9
12 -58 12 2
43 23 -8 2
96 -74 -43 4
4 21 -53 4
74 -75 -66 10
-67 11 -98 7
-34 -20 70 10
-6 -34 -55 10
-91 -100 -80 2
46 23 -82 2
-20 33 -56 10
48 48 20 1
-87 82 -9 10
27 -88 68 5
-16 -96 43 2
-67 -38 -42 2
80 -80 -30 9
53 -24 -58 6
-40 -63 73 8
-39 52 -34 6
-36 -28 -86 8
-1 -83 29 3
-49 82 -64 8
5 86 70 4
98 -75 13 2
42 -33 56 5
94 70 0 4
20 54 37 2
-34 -17 -74 8
6 -50 53 9
10 -97 57 1
-13 23 17 1
-80 51 61 2
-23 -85 0 8
-11 -17 -51 5
6 88 -40 7
94 -17 -36 5
-40 73 -91 2
-15 -78 83 8
48 -20 47 5
1 13 -22 9
78 -99 -100 8
34 -75 47 9
-58 -29 67 5
-98 -4 76 9
-90 28 -31 10
32 37 -17 1
67 20 -50 4
71 -14 -60 1
83 -90 13 9
25 76 -84 4
-3 37 -11 1
15 72 -72 9
0 48 61 1
-29 45 -71 2
47 62 23 4
-56 -76 -30 4
-13 -24 58 10
21 95 -11 7
92 100 -49 4
0 -49 30 7
-43 79 -81 3
47 76 -86 4
97 40 -3 4
27 92 86 9
2 -56 -82 7
39 -43 4 6
89 -34 90 10
-35 75 -82 4
71 -19 -91 8
-93 -3 -61 2
-13 -83 -75 1
-51 21 -93 9
1 44 -12 7
-22 22 2 8
-95 47 5 8
-26 -12 -99 1
70 -96 -78 2
-73 -73 70 6
-57 -95 -100 5
-63 -72 -25 4
88 -49 -59 2
95 -84 100 5
-83 20 47 9
-32 -70 96 7
-35 -47 31 2
68 73 -45 3
30 37 99 2
-31 -46 -78 9
27 30 -58 6
43 86 -23 9
-98 12 -89 5
34 37 -37 10
-11 100 -54 9
-59 37 -93 4
76 67 71 1
77 76 -50 3
-47 -70 -83 4
75 -90 -56 5
47 -45 3 5
35 31 -78 3
2 -10 -82 3
-90 69 39 1
-21 63 -8 6
-50 52 35 8
-90 -43 61 6
51 -3 -53 7
-37 31 -49 5
1 -28 -98 1
-83 -14 35 5
42 -45 -76 8
90 -96 -82 6
-49 57 -83 2
91 12 -85 4
78 -92 40 6
-45 46 -49 5
-95 -95 -23 4
38 -82 51 3
-4 100 -2 3
-66 100 -79 9
-23 -72 4 5
93 -81 33 10
-5 84 -54 5
-28 56 -85 5
48 11 18 9
-58 -86 -69 9
-29 -60 -80 1
-85 -5 23 3
-38 92 13 7
83 28 -39 1
-9 -44 -17 9
39 -40 67 1
28 64 -56 4
30 -76 91 3
-45 -50 -10 5
44 -76 -36 3
32 76 -80 4
38 49 50 9
-84 -22 -76 7
60 32 -49 4
-11 35 -34 4
44 34 60 3
-93 19 28 5
-58 -40 -3 10
-78 -12 -87 2
94 -71 78 7
43 -4 60 8
-51 82 -78 5
18 -100 68 10
92 75 -12 9
71 51 4 1
75 26 59 8
28 3 -48 7
87 -68 95 7
64 -49 93 10
41 -6 76 4
-27 71 -10 9
4 92 67 4
20 -31 -69 7
-26 -8 -94 10
-53 -53 -33 6
-68 60 36 4
-41 -6 -87 8
-74 38 -13 7
78 41 43 10
-16 99 44 10
17 80 -94 3
33 -69 93 5
97 -18 -72 3
79 -39 -17 1
76 36 -43 2
93 60 9 9
76 8 52 6
33 16 -73 5
-24 -38 -24 6
-92 -71 61 10
92 -14 -52 10
10 43 -56 5
-8 8 -23 6
7 59 32 8
-16 0 -4 3
35 34 -5 9
99 -100 98 4
2 -12 -85 6
90 -42 66 4
6 86 44 5
-45 72 49 5
13 -100 -59 10
-39 -30 -30 5
1 41 -72 7
-85 86 -37 8
0 96 -41 1
99 -2 -99 6
-78 -2 17 8
-49 -54 -15 10
39 48 90 10
79 -99 27 6
-87 4 60 3
33 44 86 6
26 4 -74 3
61 52 -51 5
5 16 -10 5
10 35 -89 9
93 0 -83 2
-6 -78 26 3
17 11 -41 9
52 -48 94 3
53 20 -99 3
75 -48 -44 6
-54 53 39 9
46 -89 1 8
62 -59 -69 6
-31 76 -71 9
67 28 97 9
-45 61 77 4
-42 -2 95 4
40 57 85 3
79 10 62 5
23 -18 28 8
75 -45 69 10
95 93 -87 3
55 -26 -17 4
82 -97 -90 5
75 -19 -78 3
56 30 -59 6
37 100 72 1
-89 -92 -19 3
-70 14 18 1
6 -82 -19 9
-42 100 11 8
-54 31 14 9
-17 77 41 1
48 2 37 10
-94 17 87 9
54 18 -87 6
-1 -41 3 9
57 15 -2 4
-61 56 16 1
-13 57 98 2
45 12 -90 5
-64 76 -38 9
-10 -89 -17 1
-22 77 36 9
-11 -67 80 7
-43 -86 -10 10
-23 -47 -93 6
20 14 19 1
-90 54 -54 2
99 -68 82 1
52 84 73 1
99 12 -90 10
-71 -40 -99 8
6 63 23 3
49 -24 82 2
16 -13 77 6
16 18 98 8
22 4 79 7
-57 -76 61 3
100 -82 -30 4
92 -55 -38 5
-82 -57 75 7
-5 10 32 5
57 42 79 2
87 -58 69 8
-88 -44 49 1
-78 21 15 1
-70 -68 -39 8
-6 94 -68 10
-94 -33 -51 8
56 59 44 8
-48 89 -14 6
65 -11 -99 1
53 83 -99 4
-76 95 80 6
63 62 -39 10
-78 47 -28 6
100 43 -58 2
-17 35 1 10
-28 -40 54 1
-34 -8 95 8
9 72 94 6
-37 99 84 9
94 -39 3 8
27 -15 -65 6
90 58 18 9
40 12 -53 6
8 12 -100 6
-16 -58 -63 2
-94 14 -30 2
-72 15 -4 2
91 52 -57 3
-10 78 72 4
100 93 21 8
-6 1 -39 6
46 33 27 8
72 71 -87 1
-72 -70 -61 3
36 97 92 1
-67 -81 67 4
35 37 -26 4
83 89 4 5
56 79 -31 1
-10 -74 10 7
-31 1 68 5
-10 5 -98 3
54 -1 -84 7
-22 25 -34 10
-55 -13 99 3
69 1 93 1
74 91 22 5
-80 -59 59 6
4 61 -31 5
60 -4 -14 4
16 -9 8 4
-92 -99 40 1
-53 14 13 5
36 -42 -95 5
-38 -52 81 5
10 -80 6 8
26 8 76 5
68 -90 96 7
24 57 -5 9
-96 -1 -31 2
15 2 -71 2
10 15 83 9
78 24 14 3
44 -61 94 2
3 2 57 10
43 -69 -82 2
96 88 -78 3
87 -50 -39 1
46 44 -55 1
14 -44 -70 2
-15 -71 -26 4
18 47 -38 8
-30 25 73 3
-2 57 -36 3
51 80 33 5
30 -93 -3 2
-100 76 89 5
-19 85 18 5
48 30 59 9
-65 71 25 7
93 70 -51 10
-98 -48 -33 2
-12 32 56 10
12 98 -7 9
25 -41 -55 2
-85 -42 -14 8
-92 22 -93 9
-24 13 -95 1
-15 12 56 7
92 -28 9 9
-98 -7 35 10
94 97 -64 5
-95 -25 8 9
-92 67 -41 4
39 -99 -22 8
42 60 -19 9
66 37 65 1
-4 -91 7 9
-31 0 98 7
50 8 -22 8
-13 75 44 4
-33 -32 53 3
79 11 18 4
65 40 87 5
62 88 34 7
86 -14 -14 9
-89 -89 39 8
-76 -71 44 5
-30 41 -49 6
5 -78 -77 10
-23 -14 -99 5
73 63 12 6
-78 -53 -61 7
-31 -85 -32 8
46 -23 -25 10
34 -32 43 6
-48 -43 1 7
17 -92 62 7
-46 57 67 4
-13 -35 -4 4
35 13 -10 5
12 58 -11 6
-27 -52 -74 2
-64 -46 -58 4
89 31 75 10
-2 -82 70 9
55 75 -31 8
90 -50 -80 7
-60 66 -60 1
10 -75 89 9
42 91 18 6
45 -74 97 7
9 -4 16 9
53 46 -88 7
-47 62 33 10
69 43 82 5
79 -99 -1 8
-56 68 64 7
-99 7 -13 3
85 -47 12 6
8 -32 -83 4
43 86 -94 1
65 22 34 8
0 8 37 9
32 -38 -22 1
58 -75 -57 5
79 -84 11 3
-16 -10 16 3
99 30 84 2
29 -40 -75 10
47 -61 42 5
97 -87 -12 9
74 -60 -83 6
34 54 -68 7
-94 -13 5 6
56 -81 -7 8
64 67 75 5
8 -49 -92 8
50 51 76 2
42 -64 -24 5
-100 39 96 9
0 12 43 9
51 95 -80 4
-67 36 -13 1
-18 -34 -17 8
49 -56 98 5
-16 -76 14 9
-71 65 58 1
2 34 2 10
-66 76 -92 8
-24 32 91 2
-39 52 66 2
-15 -39 -22 2
8 -55 -30 4
47 37 1 5
99 56 96 7
73 46 -94 6
62 21 -73 7
89 16 16 7
-85 -96 77 5
62 -4 50 7
-20 81 -58 1
-64 -50 -39 7
-16 -32 94 9
25 30 -21 9
87 -47 84 8
-47 -26 -21 2
-62 -93 -15 3
95 -7 89 3
21 57 -28 8
99 -61 54 2
71 23 70 3
77 60 16 2
3 -15 -67 3
6 -46 -60 8
64 -35 72 5
-1 -34 83 8
89 -49 -53 2
62 92 34 3
80 -66 -44 4
53 -45 99 3
93 64 19 10
74 41 21 7
-76 -3 59 5
10 -16 -90 8
-69 17 -65 10
9 -68 0 7
-76 -85 -30 2
9 2 -54 2
4 38 52 1
-64 0 56 8
-96 -40 -21 7
45 -12 10 7
-2 33 69 10
2 -63 68 3
-9 -47 -59 10
-84 -19 40 8
-12 -70 -2 6
63 84 -33 3
27 -45 -96 6
-6 -19 -25 6
79 -10 -92 6
85 100 -30 2
-1 -51 10 8
36 99 -55 3
78 -71 1 8
33 6 -59 7
25 -75 74 9
-69 -90 -59 3
13 31 -16 9
-10 85 52 5
-56 -97 49 6
46 -26 -32 6
5 -16 27 6
88 2 69 5
-74 -7 34 9
-56 27 -56 2
81 -39 -87 6
-35 -48 72 4
-45 -40 93 2
47 -97 -52 5
66 -9 62 5
-34 -62 -88 3
65 7 19 4
-74 -91 -21 5
-92 25 -47 4
74 85 44 5
90 34 -46 1
-90 -34 -95 2
-43 -64 84 1
4 -100 14 5
-63 -28 93 1
-97 -58 -92 9
60 67 22 4
18 -7 90 7
17 15 -45 2
-80 -26 -91 5
-60 -56 74 1
83 2 -4 7
-18 20 -68 1
-40 -23 21 6
60 -56 -88 2
-1 69 -74 3
78 49 69 4
-67 82 -77 4
89 -5 46 10
79 93 -34 7
-74 67 92 2
-6 -90 99 7
21 -97 -78 8
-96 -65 85 2
96 -65 -9 8
-13 -42 45 4
-40 -4 -55 1
-71 47 -24 5
3 55 -52 4
-93 63 -58 4
-54 -32 -29 10
-54 -79 -27 5
3 60 -31 5
-20 77 -47 9
-9 -40 13 6
-46 -84 46 8
-26 -60 -64 2
52 -94 30 10
-19 -64 72 8
13 -30 62 1
-4 21 -44 9
-95 64 76 5
-55 69 -64 2
-87 -44 -28 7
59 -70 -99 3
36 -62 -24 9
44 -61 -32 8
74 -10 62 1
-5 28 67 3
-75 -96 7 1
-99 16 -33 10
43 -24 -32 6
-8 -49 0 4
-44 3 1 1
75 -88 5 3
-70 47 28 5
-18 73 -22 7
0 16 85 6
27 20 -49 10
62 50 47 9
-68 61 17 7
-20 -26 -63 4
-90 -89 70 7
32 -97 50 7
94 -71 44 5
100 75 80 1
-52 67 71 7
-5 58 4 8
-25 -56 55 2
-66 -97 -83 8
-80 -20 88 8
-39 69 59 6
38 45 57 7
-8 97 92 5
99 -91 -68 9
39 -71 -37 7
94 63 -54 3
28 22 2 9
72 -68 94 3
-24 6 96 4
60 -5 89 4
76 -59 -39 5
91 19 -18 8
-83 -33 15 8
-2 7 -72 2
79 -73 -60 7
-49 73 84 4
-79 37 -43 2
72 -77 -98 7
-22 -20 73 9
-23 64 -10 7
100 -97 -50 7
26 -38 -60 6
49 66 -51 4
-52 36 32 5
-99 73 26 8
93 -100 -91 4
-22 -35 24 4
47 -74 20 6
-53 10 62 4
7 -31 -66 4
73 -48 71 8
79 73 65 3
-51 32 -63 10
3 71 70 2
53 -40 -68 5
-60 4 -40 6
64 68 71 7
-74 -17 -81 2
-14 -65 77 8
-49 94 -30 10
39 60 8 8
-83 14 -89 5
64 68 -15 3
-22 -67 -73 10
30 -98 -36 9
-94 89 42 10
-28 -43 -36 10
85 78 14 10
93 24 -51 2
-83 27 53 1
19 94 91 5
-1 -89 34 10
29 -39 51 7
-20 2 42 10
50 78 -77 10
48 76 77 10
16 -9 10 10
-12 -42 -17 9
-62 -22 -6 2
-57 -96 -100 9
19 -79 -20 2
-24 82 37 9
80 89 -1 1
44 -80 50 4
35 94 22 4
-88 70 -89 10
45 97 -4 1
-51 -51 82 9
21 2 51 5
-50 70 23 6
-84 -85 -75 1
-83 -85 85 9
16 59 90 10
-64 -89 -88 4
61 -46 4 1
25 -45 33 1
43 73 -2 9
36 66 -67 10
-10 -49 86 1
0 73 86 7
67 90 -90 10
-100 -59 -51 8
23 -100 -53 2
21 -96 -94 2
-67 -54 -35 5
22 79 -21 3
73 100 -49 3
41 25 78 9
58 -28 72 9
-46 5 42 5
28 -32 -22 3
4 -74 -39 4
95 -33 4 5
49 29 -50 7
-21 -45 65 8
60 38 -13 1
-97 22 42 8
-37 87 -25 6
-62 21 -26 6
-24 -100 13 10
-25 -91 -8 4
61 16 22 4
-52 76 62 10
22 -43 -39 5
16 44 -100 9
-32 93 -43 7
-74 -73 -19 8
91 -68 58 7
82 -37 41 9
-6 -96 -57 5
-75 60 -42 6
-72 -97 30 2
-59 -77 -11 3
2 -14 -45 4
-32 38 -46 1
-17 97 57 4
75 38 -55 7
36 -23 41 9
-84 86 -37 6
-33 18 49 10
-93 -97 82 4
-56 -35 42 1
-100 69 -73 3
-78 -64 3 5
38 38 -76 9
96 58 -36 5
-67 78 -44 7
-74 15 0 3
84 63 -61 7
24 -32 64 7
-97 48 7 9
-72 -98 -91 3
21 -14 -99 9
73 -91 -5 8
58 -36 -17 5
26 29 42 10
-98 26 -99 2
-39 23 41 5
100 -95 93 9
58 37 18 4
71 -30 -51 6
35 -25 36 5
4 -32 -82 9
18 -20 -6 2
0 26 28 5
82 8 87 3
9 23 22 1
-75 -92 69 2
-32 -65 33 8
-32 -40 3 5
0 71 -19 5
-82 57 -32 3
-68 40 69 7
-98 91 50 8
80 70 -58 9
8 16 51 4
62 96 1 4
67 11 -77 2
82 -71 -77 9
17 78 84 5
-18 1 2 1
31 13 91 3
79 6 -12 9
-21 -46 33 1
-74 83 -77 7
56 -27 -100 7
89 -19 -12 1
-20 -29 92 3
-44 -22 -59 6
-92 -84 -65 6
82 -84 -20 8
-5 -65 -48 3
-73 -9 58 1
84 31 45 7
-13 72 -90 1
-79 -95 69 4
93 59 -97 1
-12 47 -32 2
2 27 30 5
-57 41 -82 9
44 56 -12 5
-16 80 47 3
99 72 -47 8
-70 -91 -46 4
70 -25 -30 7
82 14 -24 2
44 -27 53 8
-97 -57 82 6
54 -17 37 4
60 -4 8 2
2 16 80 9
44 -9 36 9
-12 67 -30 1
-88 42 16 3
65 -32 33 10
-48 -9 -80 8
71 76 2 3
-80 -46 -1 8
57 -75 -92 4
40 69 59 7
61 18 -93 2
2 22 99 7
33 -11 -23 5
-20 -57 -43 2
-9 57 -31 1
42 -5 -26 5
15 43 96 8
-54 -57 -37 10
-74 -70 -97 9
-75 79 -48 7
48 0 -42 9
-24 -21 70 5
-58 -55 -67 9
-78 71 -70 2
-15 100 39 7
27 -59 59 1
-31 82 -83 7
81 12 43 3
12 73 35 9
-50 -15 33 6
-87 -95 87 5
-14 87 -26 3
-94 -22 72 4
26 10 96 2
27 -33 87 7
35 58 -68 6
-4 -79 -71 5
-23 -71 -10 10
-44 70 90 2
-50 -52 88 5
-9 28 81 4
-69 -25 21 4
-79 -87 44 10
-39 27 24 10
-53 -38 85 1
87 90 52 7
20 -41 -78 2
-11 81 -86 5
28 -52 72 7
85 -93 31 1
-90 14 51 9
-32 -42 98 1
87 69 -24 4
-33 -39 95 8
46 4 -89 10
-6 -98 -88 6
41 -47 -10 9
-84 -91 60 7
-54 27 8 7
-8 -19 -57 7
37 -36 52 4
-30 -16 78 9
-77 44 -19 2
86 96 -16 1
-94 44 -77 5
-81 75 82 8
-86 53 -48 1
96 30 -39 10
-80 31 -84 3
-64 95 -87 8
-82 46 -13 9
-94 -52 39 5
9 43 -2 1
93 -67 2 3
-5 -92 63 1
-12 46 -66 1
76 -38 -68 8
-93 43 -10 4
28 -90 -13 1
2 -67 8 10
-78 -2 66 7
-91 52 60 8
59 -51 -75 10
48 -80 92 1
-54 50 -30 2
77 92 -99 4
-95 -94 98 4
-36 3 -3 2
4 26 71 7
-60 -18 10 9
82 25 26 10
18 38 45 2
-6 41 -87 2
89 -12 -72 7
-37 56 -82 8
-70 -48 -31 5
67 -11 -84 9
-54 -53 -74 2
-65 -46 -69 8
-34 14 -3 7
-62 15 86 3
98 40 -28 3
-88 -38 8 7
-48 1 5 4
-6 -26 36 6
-7 71 -17 8
54 86 57 9
94 59 38 10
