1000
-18 26 29 9
-24 -53 41 9
-88 -17 -86 10
-60 11 4 8
-71 74 -22 2
-43 -19 79 10
-14 -67 1 5
66 51 -1 9
-67 -57 -78 8
-21 -10 40 9
86 -77 -5 5
48 0 81 7
99 54 62 8
-73 54 34 3
93 -3 -89 6
47 4 6 2
-66 30 -97 9
44 23 -83 3
-53 69 -32 1
-56 90 80 6
-84 -27 48 1
33 -84 10 4
57 -70 31 10
-6 30 81 7
-89 48 -100 10
-67 30 -71 4
60 -87 -73 4
71 -34 83 8
-20 -98 -8 9
68 57 62 10
59 83 91 3
85 -45 -63 3
35 -20 58 2
-62 -77 62 10
27 36 66 4
63 17 60 3
79 87 66 1
40 -16 -18 10
48 60 98 4
-29 -36 -6 3
-45 76 54 10
55 -47 67 6
-58 74 15 2
-69 83 -53 7
-10 -53 -57 6
-29 -79 -54 10
42 64 -21 5
-94 90 87 2
36 90 -97 9
-41 -49 12 1
-20 -14 -15 4
-40 7 61 3
-17 64 5 4
57 -43 -78 3
40 87 -10 9
42 -41 -29 1
-85 34 87 9
78 -72 67 3
63 -41 -21 9
1 -76 34 5
-35 88 -31 6
-35 -85 27 2
96 -93 100 6
90 -16 -4 7
34 -98 89 3
-26 -65 -86 5
-10 66 -25 3
-29 34 -88 3
-10 0 -97 7
86 -59 17 3
57 5 50 3
32 29 84 6
-42 60 -42 7
-31 15 49 4
-91 -61 72 3
-3 2 -20 8
41 -19 -99 5
59 -93 76 1
-32 -100 90 4
51 -55 -52 5
-28 0 -49 1
-51 65 93 1
51 -31 48 1
19 -7 -32 6
58 -74 -18 10
93 25 30 10
8 99 -54 9
-44 -63 6 5
70 -27 16 5
27 -15 -96 2
-39 -55 -66 5
54 57 -74 5
41 -9 -53 1
-29 92 -5 7
19 -24 -26 2
93 -75 26 3
73 -29 52 2
-8 -75 -34 9
-92 -47 75 1
-94 -56 -42 1
-44 86 22 2
-56 25 100 2
-18 -35 64 3
-6 89 17 6
-60 48 75 2
-97 -71 -57 1
-31 52 -18 9
-42 20 -60 9
17 2 7 9
76 -94 -35 7
39 -56 -70 2
-48 -100 6 5
44 -7 50 4
85 -28 97 1
32 -94 61 9
91 -100 35 6
23 -62 -1 1
35 16 -83 3
-76 -20 -15 6
-56 -39 -13 4
-29 49 -96 1
61 90 42 4
-100 33 2 3
13 -41 85 2
27 9 48 3
-75 -75 35 2
-2 -65 92 1
31 52 53 7
-78 -33 -13 1
79 -81 -95 9
-88 46 18 3
-49 65 -99 8
98 -59 -84 5
93 -89 74 7
44 70 61 6
26 15 87 3
-14 -24 93 7
36 94 -70 8
85 -69 24 2
23 24 -43 4
-27 -6 11 1
29 -55 84 5
-85 -71 -23 2
47 33 -81 3
20 55 -97 8
29 -17 43 5
-26 -95 18 2
69 -14 -56 4
93 -15 -47 7
-89 92 -3 5
7 -99 -99 1
-67 -52 11 4
95 18 -10 5
36 -32 -57 3
26 74 -37 7
57 77 38 1
-92 26 -72 6
3 7 94 6
-49 -28 -47 8
-2 -32 14 4
-67 -25 -38 2
-84 11 0 2
10 28 10 2
91 87 14 7
-35 50 87 3
-100 -95 -5 2
87 41 -29 1
1 -52 34 7
4 84 -97 9
82 -4 37 2
89 28 -98 8
21 -86 -26 3
0 -50 -88 5
-62 -8 -48 4
-17 43 -62 4
79 28 58 8
44 -75 92 6
78 96 38 7
6 -67 -73 4
-11 83 -1 1
-87 29 -29 4
-98 -95 -92 7
-86 14 -53 8
-70 -52 38 8
-75 -8 48 4
18 40 10 5
-28 -83 52 6
-69 92 16 7
-68 20 93 3
-62 80 -79 3
12 -43 -36 1
55 25 -42 7
-87 -3 15 1
87 -82 -73 1
43 63 27 3
33 -43 11 4
-71 -72 -11 1
53 34 5 2
-7 26 -68 5
-48 -23 -14 1
59 48 -57 7
87 -100 -79 1
-50 -59 -87 3
90 82 -68 10
-56 -90 21 3
-88 -95 14 5
92 83 -7 6
89 -59 94 2
13 -24 -51 3
-87 -27 27 5
40 -8 -80 6
-95 19 33 9
46 -93 -68 2
24 26 -13 5
32 -25 -61 2
-84 14 61 6
18 58 -12 8
93 -7 38 3
18 -4 54 1
-94 -12 86 4
-34 18 -82 3
43 23 16 3
22 -39 50 8
100 -37 -69 5
44 29 -62 2
26 -25 -68 1
-26 -52 89 6
94 52 -13 9
-37 6 3 1
1 -38 79 4
3 -80 -97 7
46 85 40 2
-73 6 -7 1
91 97 -89 4
32 9 -20 1
-88 -34 80 6
0 -96 21 3
52 80 22 1
-9 83 84 10
-15 -47 76 4
-59 58 -14 4
28 -21 -66 1
89 -37 96 1
89 13 -29 4
-16 1 -64 1
60 54 34 7
-99 -65 -96 5
-51 46 89 5
87 -15 91 2
-80 31 62 4
-32 27 90 8
-80 -16 75 1
9 -66 -17 4
-71 48 71 3
-42 -3 -25 8
98 23 89 9
69 77 -5 2
-54 5 27 1
9 -11 43 1
-94 -9 18 2
100 -80 -17 1
-94 59 -68 5
38 -2 4 1
-9 -31 68 2
-95 -80 -12 1
32 99 60 2
8 68 80 1
53 -19 42 5
-93 -4 31 5
-54 -62 -38 3
-15 85 -26 2
-12 -37 -3 7
43 -31 84 2
-27 -13 -43 6
99 3 51 7
7 71 45 8
-96 -67 -24 1
-65 52 -93 3
77 66 -42 6
-18 73 12 1
-85 -50 -53 4
-35 20 -35 3
-9 76 -77 3
23 -54 -51 2
10 55 27 1
-43 -23 36 5
94 -31 100 1
-88 -55 -19 5
-7 -44 17 2
65 5 -25 4
85 81 30 4
-10 -44 -26 8
-95 -15 -8 6
57 80 -47 2
30 -3 -49 5
16 -76 21 2
-55 -13 -77 6
99 22 -53 1
5 -39 -79 2
85 -59 -32 3
83 7 78 2
28 -47 -84 5
-90 91 71 5
84 -2 -32 4
-85 -26 -47 3
-52 -77 0 3
-46 73 -63 8
24 82 57 1
14 96 -5 6
99 -39 70 9
-26 52 -82 5
56 -3 17 1
64 0 65 6
16 6 34 6
-40 -75 93 4
39 -42 48 1
-31 42 50 3
56 -52 86 1
-94 -94 -66 8
46 27 -2 2
60 79 -25 5
60 -36 51 2
-73 72 -68 5
22 48 98 2
93 34 -58 6
21 -77 -4 3
-85 -97 67 5
83 -45 -94 3
8 57 -60 10
-53 34 43 5
74 -21 -66 3
10 19 29 1
73 10 85 3
99 0 83 5
76 -61 95 3
34 -70 -84 8
-32 98 65 4
-24 0 97 4
-72 9 94 2
-75 -64 -9 3
-65 -29 62 6
-76 -95 -31 1
42 100 70 6
68 1 -87 4
98 98 -51 3
23 -16 97 7
64 -12 -37 4
-20 91 -84 3
90 -4 18 2
61 92 3 6
74 68 -85 7
18 26 -99 9
-50 -45 -72 5
-57 42 -50 7
100 -38 -92 5
-29 -46 -13 1
-31 97 -74 2
-90 100 -51 8
62 -62 -46 4
23 20 49 4
-25 -94 38 3
-23 53 82 4
55 36 97 9
-37 -45 -27 2
37 -97 -85 3
6 -77 -55 4
-62 54 96 4
97 86 86 9
31 -76 -18 2
-15 26 52 4
32 -59 -22 7
-49 52 27 8
23 64 14 8
-25 -23 -74 3
31 70 43 4
-85 78 -95 3
83 -48 -17 1
31 41 -70 6
-52 -52 83 9
40 0 -35 1
-70 14 -45 1
30 22 17 2
-42 77 7 7
49 78 -62 5
-100 40 -39 3
71 88 -8 2
-7 -23 54 4
67 -72 58 1
1 -17 -77 8
34 38 -1 6
-30 -40 12 2
3 93 65 2
93 -58 23 1
95 -51 53 2
78 98 60 4
38 8 37 2
-15 67 29 6
76 51 -100 3
-67 -91 -81 10
-5 52 64 6
96 63 18 6
-12 -26 -42 3
-99 -38 -17 6
-43 -6 26 6
-91 -24 -54 3
32 8 -4 1
-1 -67 11 2
-91 68 -21 5
-22 5 -75 1
-7 -63 55 1
14 46 71 4
-65 -11 -64 4
-7 15 -81 4
-48 97 -78 1
13 -93 31 5
60 -55 2 3
88 -46 93 3
-3 47 -27 4
23 98 96 6
-98 -51 -60 4
-65 -41 13 3
-71 14 74 5
-52 -67 -18 8
35 -86 -41 7
94 61 -36 5
33 -23 -76 1
54 81 -82 4
-17 42 -51 1
-47 26 80 1
20 -70 38 7
-86 -86 47 7
82 83 -100 6
50 -44 -91 3
34 -54 20 3
52 7 -7 3
29 42 -17 1
-87 -90 91 2
7 5 -89 1
-70 47 -23 2
2 33 20 3
47 31 79 1
0 -84 -54 1
-62 4 -69 6
43 59 82 1
-63 42 -22 2
-5 -83 45 2
59 -18 -85 5
-18 19 -46 6
84 -59 54 5
-86 -65 20 9
-76 -79 84 2
-87 42 39 2
14 -84 99 5
-26 32 -5 6
-39 75 -18 1
76 54 21 5
66 96 -36 2
30 96 -31 5
1 -80 77 4
-70 -91 22 5
-90 48 -14 7
-89 -40 -33 1
65 -1 98 6
33 -48 -66 2
36 49 -24 4
100 -76 56 5
11 29 -5 3
-59 22 -9 1
67 97 24 3
69 77 -61 1
-48 -31 -73 1
-62 -89 -47 8
5 -76 -4 3
21 98 26 7
81 48 86 2
52 28 -18 3
15 -99 -7 9
49 35 35 6
-60 72 84 3
40 18 63 6
-65 92 -16 6
-84 74 36 3
7 -51 93 6
-27 3 72 1
23 -35 -95 2
63 24 15 1
41 -31 59 4
73 -91 76 3
24 -36 -81 2
-49 -96 59 3
-95 -86 84 2
-79 -21 100 5
53 -45 -59 2
-86 56 29 5
-75 -32 10 2
85 -11 -74 5
-8 -86 8 1
88 -37 40 6
9 14 69 7
-64 -13 -35 1
97 -66 87 2
58 -100 23 3
39 20 95 1
-70 70 33 1
80 1 34 2
-48 96 11 3
24 -5 76 4
-69 -71 -58 4
-15 43 47 6
-48 89 -49 5
-69 -12 21 2
51 -100 85 5
66 99 -95 8
39 60 -4 3
-56 -31 44 6
-38 -90 -81 6
8 -16 82 7
83 23 -59 2
74 -90 -65 1
-46 45 -100 1
-76 63 -54 2
-63 48 -13 1
-46 74 -11 2
-69 84 39 2
99 35 63 2
-28 47 30 5
-75 96 -38 4
-96 64 10 5
4 43 -82 6
26 78 100 3
89 -30 -12 2
70 -44 -67 5
-46 -92 83 2
-18 45 -35 1
-64 93 -89 6
75 -80 93 3
-87 39 -62 2
71 37 -75 7
96 -26 -32 3
100 -75 -77 1
-17 -36 -93 2
45 9 -98 2
77 67 28 3
51 4 -83 1
-25 91 35 2
-29 8 -76 3
17 -63 -40 4
73 17 -13 4
-65 17 -15 3
34 69 95 2
-93 -74 -50 3
42 49 -47 1
15 13 -61 1
-46 88 -97 6
-64 -100 65 1
-13 -69 92 3
97 -56 -37 3
53 -43 -100 1
63 97 69 1
59 -13 8 6
-88 71 97 4
48 60 -33 3
47 -45 -78 1
19 71 99 2
54 -51 99 4
35 -13 -64 1
-9 -88 76 4
-62 31 33 2
54 -72 -46 3
-19 88 52 2
-95 3 -2 4
20 23 -23 1
-39 -41 -52 1
89 -6 97 2
-28 25 -95 3
-64 6 25 4
9 -91 87 3
-86 70 69 2
-72 -2 98 3
-20 -16 -59 5
23 -96 -26 2
64 -13 -12 4
72 -51 45 4
-64 57 61 4
-55 7 -80 1
89 46 87 2
-37 -24 -15 4
-73 75 -92 3
-51 25 -31 2
75 1 -37 1
-50 -49 -95 3
-26 -9 -95 4
26 72 82 3
96 77 27 1
78 33 -42 4
-80 -31 62 1
44 -11 60 1
-97 18 -37 3
-13 76 43 1
-93 36 65 4
15 97 -80 1
-60 9 -34 2
-91 72 -41 1
44 -92 3 2
56 63 -16 1
-10 15 88 2
-24 -22 -86 3
21 -15 -84 2
-50 38 1 9
-58 -79 96 5
-14 86 44 3
22 -97 -63 10
-49 -70 -73 5
56 45 -90 7
-39 -29 14 3
-85 -19 -33 6
-16 72 63 3
-12 -81 4 1
-23 -83 92 3
14 -42 18 4
-100 93 -90 4
3 -18 -99 5
4 -68 63 4
-31 0 17 1
-91 -21 55 3
-20 96 -45 8
50 -30 45 1
69 -91 85 3
-86 76 -48 2
98 -2 5 1
-59 2 68 2
-25 82 -68 3
-46 -75 -100 7
-99 7 50 1
51 70 -91 4
-18 -18 20 1
-9 -9 1 7
-92 73 -3 4
-48 3 44 7
4 31 41 6
47 41 -20 1
-15 -60 86 1
51 -32 -2 4
-37 -59 60 4
-98 -40 -32 2
56 -67 -86 2
-42 -38 25 1
-16 6 13 5
-27 36 -34 4
5 -48 -10 4
12 -53 2 1
-81 -23 66 1
-45 52 -72 1
88 -11 -33 1
75 28 -9 3
80 -31 26 4
-88 68 -85 4
-96 -98 22 1
8 -9 -12 1
95 -21 50 6
-79 -94 80 4
-73 45 -65 6
95 -37 -50 2
-8 98 -19 1
16 74 -73 2
81 -58 -85 6
4 65 -27 5
-10 -91 -94 1
99 -73 10 1
46 -51 19 2
12 -54 -76 1
40 74 93 3
-68 -24 25 1
98 62 37 2
-72 -17 5 3
25 -52 -98 5
-96 -57 47 2
28 45 28 4
-42 -52 -13 2
69 -55 -38 2
71 16 -86 3
29 -70 -50 1
41 -75 65 2
42 11 -15 5
-41 19 -92 1
40 62 -57 4
33 31 48 2
39 -68 12 3
52 -76 -90 1
18 81 1 1
97 -66 -58 6
4 81 -11 5
-18 16 59 4
-13 29 -79 2
-83 1 -40 2
-23 68 -95 5
-82 -76 -38 6
-45 59 3 2
9 64 90 2
1 31 -1 3
54 78 -99 3
81 -8 67 6
58 -24 -57 2
-79 -58 -62 4
-47 -60 30 7
-66 30 -24 5
-81 -56 62 4
59 76 -72 2
-5 -90 -87 1
53 -1 -75 3
65 -86 91 2
22 80 -20 3
-2 -96 -29 2
88 -89 -53 4
69 -47 15 5
92 10 12 3
-28 -67 -31 2
-52 63 -25 2
46 -62 -40 3
-45 4 100 5
-14 10 82 3
-93 56 -47 7
-74 20 43 5
-61 -63 -96 1
-49 77 93 2
-86 -100 98 5
39 -54 6 3
23 89 7 2
66 -17 -72 2
50 96 26 3
79 -72 85 3
37 -6 25 8
-65 55 -33 2
65 18 18 1
16 16 86 1
-18 -97 -30 3
-45 -81 41 1
-13 -1 100 1
17 63 71 3
75 20 -48 2
-5 96 0 3
34 10 -27 2
97 8 -66 1
63 22 -61 4
47 -82 -54 4
-90 1 48 4
63 84 -65 2
-48 45 65 4
90 -13 -64 1
-63 95 -72 1
-32 87 21 4
24 20 -31 4
100 -91 -82 3
1 -17 96 1
-52 58 95 2
-20 -31 -51 1
71 -76 59 2
-42 -61 -81 1
91 100 -17 4
6 98 -29 2
17 -80 78 5
50 -46 47 4
-94 -14 -51 3
35 -41 -14 1
66 18 50 2
33 -29 6 4
45 -83 -71 2
-62 -19 95 4
27 -9 -76 1
85 -30 -85 5
27 -77 17 3
-87 87 25 5
47 -58 71 2
-40 8 -90 5
-75 -9 -41 3
47 21 4 3
11 89 61 1
-76 -7 -66 3
52 96 79 1
25 1 -79 1
11 92 51 1
83 -100 0 1
-37 -5 53 1
-63 -46 -42 2
69 84 -50 2
40 36 -43 1
94 -72 -21 3
90 -40 14 6
-48 -85 88 2
-49 -12 60 1
31 -50 72 3
84 91 -25 2
-62 63 -75 1
9 98 -78 2
87 82 44 2
-69 -49 -48 2
96 -88 -30 1
70 67 99 4
-81 79 42 2
66 -69 -63 6
-22 94 23 1
42 -59 47 1
-29 -69 -16 3
-84 81 48 1
-78 56 54 4
-64 48 -20 2
-17 30 10 1
-47 -98 -95 4
4 59 12 2
-75 -92 -12 7
87 -84 29 4
-14 -87 98 1
4 -78 -14 2
-15 77 -84 3
-15 100 59 5
-36 -6 -86 2
-90 -98 0 1
29 58 100 2
6 -94 -41 6
72 41 30 1
2 99 5 1
26 -19 78 2
-88 25 10 3
74 82 88 3
66 -8 -98 1
13 22 -54 5
1 -19 -40 2
-29 62 26 3
31 79 68 5
76 -42 -48 4
31 88 81 3
6 15 -69 1
-15 -60 -74 2
-48 15 61 4
-48 34 -25 3
-28 -79 -85 2
65 -36 2 1
45 -67 48 1
65 -62 80 4
8 -15 60 7
-41 -16 -13 1
-76 6 -88 6
55 17 -22 4
53 18 37 3
-31 -30 -42 1
-98 35 48 4
65 -73 87 2
-18 -77 99 2
26 -60 -62 3
-21 13 -21 1
68 -86 16 3
78 -15 -99 6
10 50 18 1
-35 69 99 5
-35 28 53 3
29 -37 -68 4
-93 -76 -61 2
100 47 -78 5
90 32 -78 4
-2 -95 5 1
-42 0 4 1
-72 -100 86 2
-31 -8 -85 1
52 75 100 3
-75 -12 65 5
69 56 -39 1
-12 38 -78 3
57 -100 40 4
53 70 -79 1
33 -59 0 2
-10 26 -13 5
-68 92 70 2
11 -62 -31 1
91 91 52 1
52 -3 -59 6
50 -44 94 1
46 -22 -65 5
74 7 46 3
-14 61 -39 1
-47 -80 14 5
-31 73 -77 1
0 -2 75 2
4 -23 -22 3
-42 5 -44 2
-50 97 66 3
31 52 73 3
-60 -39 -89 5
-50 -12 -6 3
99 4 -46 4
86 -78 -33 2
-62 6 95 4
89 -82 53 2
-19 16 9 1
-97 77 75 4
-76 81 77 4
-36 -76 72 7
-52 -12 -58 1
74 45 -47 3
-96 73 -100 1
82 -78 90 1
-11 -90 -46 1
-64 25 -52 2
-83 -50 -4 3
-60 -18 -97 1
73 54 99 2
-11 -46 62 4
93 -57 -4 1
-95 -9 9 2
-20 76 1 4
-56 94 100 4
-32 -54 -91 3
26 63 -74 1
82 24 100 1
-36 -40 64 3
-31 6 86 5
51 -53 7 3
-96 13 -74 1
93 -46 -47 3
73 -99 -17 2
-17 -75 57 2
-99 59 33 3
-59 -82 36 5
35 34 -49 3
-90 42 -31 2
-4 -23 -30 4
-5 -97 67 1
70 -62 -78 1
25 -45 -45 2
6 43 -14 1
48 -61 81 1
-31 -37 82 1
-99 -60 92 6
54 65 -60 3
39 83 -48 4
87 59 -59 1
-51 -29 -9 1
-30 -48 -40 4
-44 -46 4 2
45 -78 8 2
-52 14 22 3
-62 -65 -46 4
78 -47 65 4
86 -100 -20 1
66 -58 59 3
33 -39 -90 1
-78 -31 -32 1
78 -85 -57 1
3 -36 -56 1
25 100 78 2
-96 -76 74 4
-85 59 80 4
16 27 100 4
6 47 -22 1
99 -99 -20 6
-37 -51 -2 3
-31 -35 -70 3
66 -33 33 1
91 72 51 3
17 79 91 1
39 62 -87 1
89 78 -33 4
-37 -40 9 2
32 14 -4 1
-47 -83 0 1
45 -37 -84 3
-73 -36 -80 4
57 -95 -66 1
-83 -92 -49 2
-33 12 20 2
25 -13 58 1
68 93 53 2
-47 -88 -24 4
24 89 57 2
-84 72 -58 1
-91 20 -15 6
18 -52 -47 2
-19 -80 5 2
89 1 -67 1
-90 -68 48 4
71 73 -59 1
77 28 97 1
-11 -92 52 4
44 98 38 3
93 62 87 1
-14 33 99 3
-73 78 44 2
26 20 31 4
-96 47 59 2
-25 -51 -76 2
-20 -69 29 1
77 90 -41 2
-100 -70 -85 2
-71 64 93 1
-19 82 27 1
56 -18 76 1
-21 13 -4 6
-1 46 -10 1
99 -67 33 4
-52 -50 -58 1
27 -31 -77 1
1000
-75 59 87 5
21 48 16 5
-60 -38 37 4
75 -26 37 6
15 -14 -35 4
78 -22 40 3
63 -7 79 5
23 -75 81 10
6 -55 88 5
-32 -68 -45 8
-59 6 68 4
-100 11 17 9
90 -21 85 4
0 -97 90 1
17 15 -17 2
7 35 8 8
68 45 -26 10
78 -20 53 3
-66 -47 -44 3
-66 -62 77 4
52 21 -44 1
10 51 -26 5
-5 -13 -22 10
-46 -38 33 9
41 13 41 10
-58 72 47 9
-87 75 -61 2
66 -39 -16 4
-86 30 57 6
-26 -30 27 7
-44 -4 75 3
-98 31 35 4
-94 -17 97 9
55 -5 69 7
5 -68 -34 3
23 -47 -36 6
68 75 -1 10
-13 -6 62 9
-98 3 28 4
19 32 81 10
78 95 21 4
71 -73 -69 2
-28 97 -21 10
-34 -41 -84 4
-90 -31 25 2
57 30 -78 5
39 -82 -33 6
-64 -31 -51 2
-97 -19 20 10
-4 23 58 6
-30 -87 68 5
-54 -49 33 1
68 -81 -61 1
16 94 -24 7
27 -81 -12 1
-48 28 -73 10
75 23 16 7
-61 -66 -28 9
-28 -21 -50 9
-30 31 50 4
-66 -41 -26 8
-79 49 -84 8
-20 65 20 1
-23 -33 55 2
-97 58 68 4
-96 -65 43 9
6 -68 -24 6
18 2 41 7
-79 66 -63 9
39 50 -55 5
-30 -60 100 3
77 -59 -7 1
7 -97 56 2
37 -46 63 4
14 15 68 2
-6 -60 -86 6
19 40 92 9
5 23 23 4
-28 -76 -2 8
79 0 -76 5
3 19 30 7
26 0 -24 9
56 96 -15 1
99 13 -95 9
-11 -78 -34 3
-15 95 51 2
-57 -42 79 9
59 57 -99 4
31 83 64 2
-2 -28 -26 7
-98 29 0 5
32 -40 60 9
94 14 7 3
50 -4 45 4
91 97 -6 5
81 8 32 8
-96 -15 -95 1
92 -2 22 6
67 -62 52 1
62 74 -50 7
39 -71 80 1
48 -76 46 3
7 -97 12 4
46 7 32 4
-83 -97 -79 4
53 16 16 4
55 -10 62 3
-75 33 -84 5
-100 59 -93 2
29 -96 -46 7
-2 -28 93 1
-29 -85 -25 10
-36 51 -91 5
-45 83 61 3
43 -46 23 9
45 86 -42 3
17 -79 -32 1
-47 -19 -96 10
-73 70 80 10
-28 -17 -67 4
49 -76 -17 6
-91 71 57 9
33 -32 -2 8
60 0 5 10
-10 92 -18 4
-60 -86 -14 8
-49 -34 -86 2
-69 66 35 3
-96 -61 -52 6
-55 -23 75 6
-23 59 -4 10
1 -90 -31 2
60 -38 -32 7
66 20 -30 5
19 -96 39 8
-58 -99 52 7
67 29 9 10
18 -100 62 10
28 61 -96 6
40 -11 48 10
-75 72 90 2
-44 96 82 8
-43 -16 20 7
-42 0 -22 1
-37 -95 -85 4
-59 38 -73 4
59 80 -15 1
-31 -71 -90 3
-55 82 -53 2
-60 -72 -82 3
37 52 35 7
95 3 19 8
-94 -78 -1 1
92 -18 32 1
-85 56 77 3
44 91 -90 10
-38 65 3 7
-6 53 -98 8
24 75 -59 1
12 -35 97 7
81 12 43 4
10 27 -55 1
7 60 -40 5
-99 -3 46 8
72 -98 -89 1
-81 -69 6 8
38 85 -78 9
18 -72 -29 2
-33 6 40 9
40 -47 78 6
34 85 -58 1
4 76 94 8
9 86 26 9
34 26 14 5
-76 -8 85 5
-54 18 85 9
70 94 -38 3
-4 1 38 6
-49 40 29 1
-34 -95 -56 4
-30 -43 46 3
93 67 15 9
96 -2 -15 4
69 -47 -6 7
50 -92 50 9
71 -31 85 9
-43 54 52 1
40 -62 65 2
-23 -63 -79 1
21 26 59 3
34 -84 -66 8
12 47 31 7
99 4 -46 9
-12 -61 -9 1
78 -21 -43 9
-23 88 -68 8
87 9 -60 8
39 29 6 6
54 -50 -15 4
-55 85 -23 4
-47 14 24 1
28 -41 21 3
13 -83 97 3
4 54 -31 2
-21 -72 -27 10
82 36 6 4
-90 3 -53 5
57 68 78 7
2 30 -72 9
39 -29 60 4
-34 18 57 6
57 -94 89 1
41 4 -14 8
-31 86 -97 10
53 70 -78 5
32 24 -59 9
92 -47 -2 4
15 -16 -5 2
66 79 -94 2
77 -11 74 1
65 100 4 8
-83 66 -17 1
-75 -15 -27 6
-13 -48 -79 3
27 13 26 1
90 6 -9 5
81 53 -23 1
47 17 73 5
53 71 59 2
-31 81 -60 6
81 17 61 8
30 -79 66 6
-63 -56 45 9
-64 -10 -38 2
54 -59 84 10
97 -89 -11 2
-4 50 -94 4
-38 -30 -21 9
19 65 91 3
67 2 -45 6
-28 61 66 6
75 58 87 10
-34 46 -45 8
-33 -92 55 10
-63 -59 -14 6
96 -57 15 1
23 -99 -66 9
-35 -63 -36 9
-85 52 -53 5
-97 -64 14 7
-14 54 -60 9
-31 65 32 6
-42 43 -81 7
68 -96 -28 3
82 8 44 6
92 55 40 7
-48 -4 18 8
42 23 -65 5
-7 -45 62 4
2 44 -90 10
-37 -10 -51 4
73 -97 91 8
-69 73 -17 6
-46 55 -69 6
29 55 -44 7
-57 -17 -30 10
50 -25 -41 9
86 -90 5 8
-35 73 27 9
36 -67 10 3
48 -75 29 5
-42 -75 61 6
-64 54 58 10
-58 67 -25 8
-82 -31 -98 7
11 -7 66 3
57 75 40 6
-72 -31 89 5
-100 80 -40 3
-71 94 -30 3
17 -83 -42 6
5 82 47 1
-30 24 66 3
-53 -22 37 9
-66 -16 15 2
-2 -26 -73 5
18 36 49 10
7 95 63 10
-61 45 27 3
-38 -98 80 7
-2 -93 -23 2
-20 -48 95 3
-57 -90 -93 9
19 70 70 1
37 54 33 7
-97 24 87 4
-23 71 76 4
23 -7 -31 8
-58 -67 -13 8
79 83 42 7
-71 -6 -2 6
80 100 91 7
48 88 -83 7
-67 -36 -92 6
85 57 -6 7
95 -19 57 7
68 -62 41 10
-42 64 -85 7
98 70 40 4
-32 -99 7 10
65 54 -18 6
82 -3 -97 6
-54 16 -6 3
-78 -64 86 5
79 68 76 2
17 92 9 6
74 61 -48 5
78 38 18 9
14 57 33 4
-74 -48 48 6
-70 -78 60 5
7 21 -100 7
-45 -22 82 6
0 -36 -34 3
29 73 -71 10
-77 -59 1 2
20 76 23 4
22 -89 26 1
-55 -79 -35 9
-68 93 92 8
4 -47 -75 5
-80 18 72 6
44 84 -8 1
-20 37 2 8
66 37 22 6
49 -13 79 8
57 79 -82 4
9 64 -74 3
7 -32 28 2
-72 -20 -100 10
-95 -63 -29 2
99 81 45 5
-90 84 -81 7
-65 99 -18 7
-7 -96 9 5
-30 -11 68 7
-78 75 -5 8
22 -83 -35 6
24 -18 32 8
34 3 -13 4
-20 10 -39 7
36 -28 25 6
-95 -75 -97 2
63 -37 -31 9
81 26 -92 4
-58 -87 72 7
35 -51 69 1
46 -36 -1 6
-70 -48 -92 10
27 93 63 8
97 -93 -31 7
72 -28 -50 7
86 -79 5 10
36 15 -56 7
-78 -73 -11 5
-55 64 83 4
96 -53 -22 10
94 25 21 10
-4 45 25 9
50 63 -92 9
24 -54 3 7
81 -22 69 5
-14 -58 82 5
18 -85 82 6
100 -47 -44 3
3 84 15 9
22 52 24 9
-7 47 87 10
-89 84 17 8
-96 90 41 8
57 70 11 7
-96 69 -100 6
64 25 -19 7
19 70 98 6
-70 -71 53 8
29 71 90 9
-55 97 -21 8
25 -61 4 7
-86 -38 51 2
-10 75 26 1
-87 -44 -3 1
15 -77 80 5
76 -52 -94 5
11 -60 -50 4
-95 73 38 10
-73 -35 -9 1
78 50 89 10
22 66 50 3
-14 -53 -100 4
-22 -87 -38 4
73 49 -68 3
18 14 56 2
89 -53 -93 4
1 11 99 7
-16 64 -18 10
-18 77 -22 4
-10 -68 -8 5
-89 -64 53 9
16 -100 -97 4
-95 -84 -47 3
28 68 -8 5
31 -89 -97 10
-36 -13 -45 5
42 -52 -40 4
43 47 -10 6
-92 6 28 8
-88 48 -23 8
-77 -13 -76 1
-56 70 -31 3
5 -82 44 2
14 -34 79 4
-82 -48 -35 9
-20 31 32 9
-1 -49 94 10
-80 48 28 6
38 66 -50 6
6 61 -45 3
21 -62 40 10
55 22 -70 4
-53 29 -8 8
48 28 62 5
24 -90 -24 1
-27 -26 17 10
-46 -40 -44 1
98 5 82 2
-80 62 -35 5
-50 19 -85 1
-26 -36 21 1
-38 -86 -53 6
89 9 47 2
-71 92 13 5
-3 66 -87 4
100 84 90 10
33 14 95 4
-41 -55 -22 8
19 70 -27 7
-61 -51 -63 9
99 -92 -51 9
-83 27 97 6
-91 -93 100 6
-85 -32 -24 9
65 -76 -88 4
39 61 -30 2
49 61 12 10
-17 94 -64 8
17 -65 -62 8
-23 77 6 7
-99 67 40 6
10 55 9 3
13 78 5 10
39 -96 4 10
82 41 -31 1
87 1 75 6
-44 34 -62 10
22 53 -74 5
-65 17 -56 9
-57 -65 -64 1
7 -9 65 6
-97 4 69 9
53 5 57 1
-6 29 100 7
-39 67 -51 6
78 -75 14 9
-35 85 5 6
-55 85 58 9
42 -95 -81 9
30 49 -35 9
-79 6 -100 6
-63 -65 7 4
8 -44 -4 9
-64 -62 1 7
19 82 72 1
-22 75 -1 3
3 68 94 9
48 -41 63 5
28 -16 52 7
-14 46 -78 9
-31 83 51 9
-27 46 -22 1
66 -73 -75 1
87 -12 -91 6
79 -47 -96 4
-58 -1 -58 2
42 -79 98 8
47 96 58 6
-6 70 -39 10
47 -17 -94 2
-95 -92 52 10
-23 38 45 3
-44 93 -21 4
-87 -90 -98 9
81 -5 -56 10
-25 -93 77 6
47 43 90 3
-75 72 -87 4
-92 39 -6 8
-10 -42 43 3
57 -66 11 8
14 -93 -2 10
-79 -69 35 2
73 39 -26 10
-7 63 9 10
2 31 92 10
-76 -47 -6 5
-28 91 33 5
10 -48 -12 2
76 -22 -25 1
-13 -49 44 2
65 33 -66 9
78 -54 -76 7
15 -76 54 2
100 -49 77 8
-26 54 -63 1
-29 76 49 5
-53 30 49 4
-62 -77 26 3
42 -94 -72 1
31 43 3 9
60 80 54 8
40 91 61 5
74 30 -85 9
59 -80 65 6
0 -14 66 5
-82 -75 -93 8
-15 39 -79 3
-73 66 40 3
92 77 65 6
-55 -7 -82 7
75 -86 82 4
-50 21 34 9
-50 -44 81 10
83 25 -28 2
3 -35 99 9
-42 63 -69 5
91 1 81 5
92 -43 74 8
19 -59 74 8
73 -34 -10 2
-22 35 78 9
-46 15 0 4
-44 66 -61 6
67 -62 -21 1
-54 -62 53 2
40 75 75 5
-93 -57 97 1
-21 -93 -10 7
100 -15 70 1
61 85 -1 6
-1 86 74 2
-97 -98 -30 9
-27 93 -36 3
23 87 -53 10
-98 -93 44 6
9 57 -45 9
-76 -75 70 8
68 46 43 7
88 -4 15 1
0 -57 49 4
-9 -71 58 6
-34 -90 -80 1
-70 -83 -8 9
84 47 -44 10
-11 26 59 7
-66 94 48 9
-7 -18 -55 1
-17 43 -48 10
96 55 -24 4
-50 72 95 4
-76 35 -91 2
-33 27 -2 4
54 -34 -16 4
10 -19 -80 7
-24 -34 30 10
-36 -88 -91 5
-87 31 -9 8
13 -1 -16 1
38 -100 15 6
8 -30 17 10
44 19 7 10
-16 -6 -95 9
-45 23 -4 4
75 -77 -49 8
11 -49 32 2
-6 20 -81 6
35 46 47 10
-19 -35 76 9
63 9 -47 4
69 15 97 1
71 77 -64 3
-54 -68 -78 8
24 45 62 8
-79 68 -51 4
-12 42 36 9
32 1 13 6
-67 -55 -75 3
57 -36 34 9
20 -76 69 6
11 36 -5 2
64 -23 52 2
83 -99 -26 2
-78 58 -71 9
83 -42 -56 4
-30 -7 76 7
-68 80 -30 1
-96 -85 37 5
-85 -92 24 4
-35 -85 -44 7
97 7 -39 1
-68 -84 -63 4
12 52 25 10
-75 -1 28 5
-19 -62 33 5
-68 73 30 2
-64 65 -35 10
-33 -68 39 7
-47 71 23 4
-84 10 40 5
64 18 -1 2
2 64 -74 3
-84 -91 -60 6
-95 -60 82 10
-63 -45 59 10
-99 96 39 10
-19 90 30 3
-29 97 85 7
-92 -42 18 2
56 -96 -40 6
-23 91 3 6
-60 -84 -98 3
52 -92 80 2
-68 -75 -68 5
-80 -8 52 7
-7 -9 -81 9
48 7 -45 7
-75 51 -38 9
-43 98 85 1
-70 41 -2 9
10 -57 27 1
12 -4 28 2
-67 -31 -23 9
44 -19 -73 5
50 -90 44 7
-89 73 63 5
-48 15 -35 9
-46 -40 -29 2
62 13 -94 9
-91 -91 28 4
12 9 -58 2
87 98 22 8
-51 95 73 10
-79 -18 3 4
85 -37 76 6
73 17 62 9
55 33 53 5
-33 -88 32 3
-31 22 -32 3
-66 2 23 7
-49 57 20 1
-16 42 -42 10
-48 -61 -41 1
-35 -18 -47 5
-29 -10 50 2
-77 47 44 6
-25 -11 -54 4
69 -75 -18 7
-70 88 24 6
-50 -22 46 10
5 63 92 8
-75 3 -49 9
70 13 -28 6
-28 76 96 4
-26 20 99 5
-69 -66 -59 1
-6 83 12 2
-61 -5 63 5
-72 80 22 9
8 -89 -73 5
40 34 -61 7
5 43 99 6
38 81 -39 10
-41 64 -92 3
60 93 -70 4
-26 65 -99 2
42 20 59 9
-44 16 48 8
-64 31 -81 8
-76 -62 52 4
3 -47 67 3
-57 96 80 9
-49 -76 -87 7
-69 -50 5 1
-44 17 90 6
94 -93 -63 8
-96 -1 -15 1
-59 46 -76 5
37 57 -61 10
-94 70 28 5
-44 48 -13 4
48 46 61 3
-58 18 -48 4
-93 60 -33 2
29 65 -55 1
-40 61 -17 8
-83 -65 14 4
0 -67 60 4
-90 -94 -58 10
-87 21 -84 8
-96 -73 -96 2
-8 -41 83 3
-58 -1 -8 1
32 -22 -97 7
100 23 -18 6
-75 -26 70 8
14 -28 18 3
41 15 -39 7
-70 38 31 4
65 96 1 4
-92 78 67 6
-20 -13 92 8
-86 -66 -58 6
-55 13 1 9
-13 42 -63 3
-80 27 -67 8
-45 66 31 8
-59 -42 -63 1
27 9 -13 5
-8 7 -39 3
71 -9 -3 7
78 -17 34 4
65 -19 78 7
-38 24 26 3
-49 75 -89 7
64 39 -86 5
-97 -61 86 4
5 -24 80 8
3 71 -52 9
-23 35 -36 2
-70 -95 26 8
87 46 -18 9
94 39 -1 8
-19 -4 -6 7
-14 40 -42 7
84 46 91 5
-73 -50 -58 1
94 -1 -42 3
74 -66 -30 5
-68 57 -72 8
71 -64 -21 6
-25 -54 -35 6
-16 27 -53 9
24 47 -74 3
-51 -20 -23 8
-96 99 78 5
-96 -91 -33 5
73 -4 -45 6
-67 -7 100 1
17 36 -59 4
28 30 6 10
-79 24 -57 1
-40 -28 -25 10
-13 -30 40 8
18 -22 -28 9
-6 42 96 4
-83 -95 33 5
66 34 -68 9
-96 -49 -86 3
-92 -59 88 9
-27 -30 -57 2
-29 -60 -94 9
-17 51 -57 5
-15 13 -53 4
32 -96 -18 2
-16 83 -87 1
69 -22 -64 6
71 55 60 7
-6 53 -25 8
-53 -88 14 8
41 -49 98 2
100 -51 -30 4
-3 16 -11 1
-10 100 76 9
98 29 -3 5
-65 59 3 8
-92 -41 16 10
-16 7 7 10
23 -5 -36 2
-1 62 -17 7
58 -66 -56 6
91 -68 73 2
-48 1 -24 5
-62 -39 -51 10
-83 -82 -37 9
-40 -82 -42 3
59 -84 -56 5
-45 -20 35 7
74 -90 -99 2
-73 18 -44 1
60 20 31 2
47 20 22 3
-8 -100 -47 8
64 -87 7 9
-57 -94 83 10
48 57 20 6
-27 -84 17 5
23 60 44 9
21 99 26 5
-55 27 4 3
-13 37 -66 1
100 -90 -30 2
-4 45 54 3
36 -43 93 5
73 -41 30 9
-62 -92 90 5
-71 -37 60 8
14 -93 24 4
-7 -100 -91 10
63 -40 28 2
-21 94 -44 1
77 -85 -64 8
-17 47 53 6
-6 -94 36 5
68 -84 -71 8
-91 -34 -48 10
34 13 51 2
-67 50 92 1
-18 62 64 9
59 80 -34 1
-67 -93 -12 5
-10 -89 -11 7
77 -36 58 8
-27 77 -9 4
86 -70 49 2
14 -95 21 5
47 -63 72 2
45 84 -85 10
46 -54 61 5
-47 -33 60 10
36 51 75 1
43 47 -40 9
45 -90 -45 1
-64 39 -53 5
-61 35 -67 6
-84 -7 -76 9
36 13 -28 5
43 -3 -67 9
-26 80 87 5
-87 -10 83 5
10 27 -16 10
79 -17 -91 4
22 -33 26 3
87 38 -35 5
-54 -59 -49 6
60 95 35 3
-65 33 -64 2
23 -30 -31 7
41 -82 81 5
40 30 67 1
10 -29 93 8
-97 -42 62 9
40 -39 46 6
-66 21 -8 5
23 77 -41 6
-31 -60 84 9
-28 -36 -78 9
-81 92 6 6
39 -99 -16 6
-34 64 -9 3
23 91 -7 5
20 39 3 1
21 -76 -37 4
-29 98 -47 5
26 -93 -69 5
-85 -60 17 2
72 33 90 6
-66 -58 42 5
49 70 3 10
60 26 22 9
-17 -62 26 3
44 -17 -16 9
49 16 40 8
26 -34 -56 1
34 49 55 6
66 -20 -5 5
-44 -51 40 8
47 7 3 9
-88 -25 83 2
81 -84 57 9
69 13 71 5
41 76 -32 5
-93 61 93 3
26 46 40 8
-43 99 -81 5
38 -45 -64 8
19 -78 71 5
41 100 28 10
41 -62 60 10
-75 -9 8 1
-29 9 -71 7
-32 -45 -50 1
-83 -34 7 8
-46 -37 -54 8
-96 88 -20 2
57 -48 -16 10
16 -64 -17 2
53 -74 72 7
26 26 -81 8
76 -91 -45 1
78 -56 22 5
19 38 23 9
-8 -74 25 9
58 50 94 1
93 53 6 1
82 -3 0 5
35 67 36 3
-93 -59 84 9
31 -17 -58 9
18 23 -62 3
1 14 -23 10
-33 4 40 8
24 96 -46 2
64 -70 69 3
-44 82 -60 1
1 -68 -63 1
-92 -47 -61 8
-73 56 -89 10
-61 2 20 2
-23 -94 63 4
-13 28 -56 2
80 -10 82 5
1 -72 -29 7
-58 -33 80 4
97 -70 66 1
33 70 85 9
60 69 -42 3
-97 22 80 5
-57 14 63 7
-53 96 54 9
56 20 -39 10
-84 -30 79 1
-79 65 -69 9
87 -44 0 8
-77 -22 -88 10
-65 -12 69 6
-65 -47 20 10
-49 49 -55 9
-59 87 -11 7
-57 -80 78 2
-14 -8 94 10
4 -40 -79 5
-36 13 -40 8
-79 23 -9 5
74 65 2 9
26 -57 -17 5
8 -91 -51 5
-3 -21 -62 10
-38 -39 -38 1
-84 17 -1 10
90 14 -11 7
2 -55 51 4
0 82 -85 10
-20 -11 -84 6
-12 26 -12 10
-72 -38 19 1
41 74 61 8
66 -26 -72 8
55 -49 52 7
-48 86 22 10
82 -6 33 2
-54 -22 9 8
43 -95 59 2
55 84 -46 7
-11 -68 -92 10
24 85 10 6
-94 92 -48 9
65 -98 -66 2
13 54 5 4
-91 -63 32 4
-6 87 -52 5
20 72 -92 9
39 -3 -54 4
97 -81 95 5
83 59 -82 2
47 -42 7 7
2 83 -93 9
88 73 60 8
62 -89 -56 2
96 64 -78 8
49 -87 54 4
37 -14 -66 6
-75 -95 -35 3
