1
-37 -42 37 5
100
-2 -51 12 2
1 -6 -11 2
34 -22 32 1
2 16 25 4
4 39 16 4
-7 -22 9 10
15 -33 -4 9
-49 -32 -40 7
-6 -18 -34 2
-24 -12 -41 10
-13 -8 -8 5
-33 29 -28 9
-21 -35 -19 1
44 -8 -33 7
43 -25 -9 9
-26 12 -43 9
-37 -48 26 6
34 -6 13 3
-42 0 -45 6
-50 20 4 7
23 16 -29 2
-34 26 -13 4
48 -46 9 7
-33 -7 -50 5
50 -49 28 7
22 -12 22 2
32 8 -36 3
7 -16 47 2
1 37 -16 2
-22 -22 7 4
11 -30 -26 3
36 24 -2 4
17 15 -24 8
28 -11 -23 1
-51 47 49 5
-47 -25 -21 10
11 12 -14 3
13 -44 20 8
-3 -11 4 8
10 -17 21 8
-27 15 20 1
-45 26 10 9
-3 42 4 5
-25 20 -2 10
-36 17 -31 8
-50 -38 -44 1
-1 -51 -47 7
-42 32 -1 1
-46 11 43 10
38 32 30 9
23 22 -32 6
-38 -36 19 5
-4 -30 37 5
35 10 -18 7
42 44 48 10
49 -24 -42 10
21 41 44 7
27 24 -13 7
-8 -43 -29 8
1 28 -38 5
9 -27 -42 2
6 -42 -21 2
44 13 -23 3
-4 44 -2 6
18 14 -24 6
28 -49 -29 4
27 -40 28 5
5 2 -24 2
-36 14 -3 1
45 -22 19 5
-7 -34 -44 2
8 -4 26 7
28 12 21 6
-20 19 -27 3
-11 8 -36 5
-37 -18 0 3
22 16 21 5
-10 20 -33 9
-11 9 -20 2
-14 -18 21 3
44 -26 -19 5
-8 -1 -12 6
-3 -51 50 1
1 2 14 5
-13 -42 43 8
33 -26 -32 6
38 18 -30 9
6 24 0 5
-41 -34 -36 7
-29 -40 3 7
-22 -26 49 10
-46 -19 -43 7
-50 -7 -26 8
-33 -40 -15 8
-34 31 -2 2
-48 -10 13 10
-7 35 5 1
-7 -27 44 3
-34 42 19 10
-42 26 -40 10
