1999 1979 1000
1831 1967 612 1138
1779 1823 1427 1641
842 1304 264 326
1304 1386 219 1585
77 84 1153 1162
352 357 1048 1079
1700 1701 59 1451
71 1975 623 822
228 271 1399 1666
1727 1733 1887 1964
628 1757 1211 1673
334 1448 1498 1554
1455 1753 1977 1978
200 685 1230 1245
1280 1510 1915 1943
111 126 1544 1701
257 261 1320 1358
829 1165 1764 1788
725 1096 399 542
1582 1631 1967 1968
776 1229 1191 1703
366 611 653 1083
1190 1623 1864 1896
998 1216 960 1610
1776 1798 420 1887
423 735 1474 1625
1540 1593 652 1863
902 1279 83 85
552 576 1281 1298
581 617 951 1027
1070 1304 476 479
972 1330 1767 1955
161 336 1265 1744
77 145 155 326
227 808 8 10
833 835 1189 1309
1903 1945 182 1906
1132 1138 448 449
1224 1315 1595 1606
1257 1625 1927 1931
1681 1810 1761 1809
1721 1724 1885 1962
1209 1365 989 1633
123 1807 1277 1487
1749 1875 1099 1188
1279 1289 228 1427
1910 1937 448 1956
845 858 1835 1928
669 1462 418 986
1050 1898 24 1430
1135 1136 751 1632
1430 1963 987 1252
1433 1720 1931 1932
1766 1896 1963 1964
655 761 1138 1606
1651 1958 1786 1815
1767 1771 746 1129
1717 1740 1924 1926
1871 1876 1164 1275
1199 1533 762 857
1261 1317 399 403
1586 1879 1248 1310
847 1264 1846 1856
1155 1241 879 1123
973 978 1421 1627
1654 1938 413 1661
929 1001 904 1090
938 1269 710 1458
784 1065 896 1368
707 771 1158 1659
772 1720 96 240
1834 1882 878 1007
437 1626 1558 1560
1102 1197 11 993
78 362 621 1423
1525 1557 883 1927
933 937 445 942
594 916 811 1682
1862 1985 1191 1323
999 1383 85 1657
543 1280 267 1585
750 1801 788 792
1152 1446 1659 1915
751 1126 290 1009
595 1297 561 918
189 329 1612 1748
1039 1046 275 1752
1265 1566 845 1903
887 892 602 964
1971 1986 1252 1364
871 1844 214 1889
1942 1960 1128 1314
534 1126 860 1759
576 829 1141 1730
1226 1309 305 471
1459 1561 1510 1516
1864 1869 551 1900
1283 1320 1155 1164
514 1062 1287 1655
322 333 564 1623
433 565 1267 1560
1729 1742 257 308
255 330 750 1022
531 644 16 43
904 1971 758 875
961 1018 1002 1534
1439 1985 567 597
406 1798 492 1183
172 1165 503 1393
481 1075 171 1530
743 1674 108 383
1332 1592 1335 1387
1536 1716 1697 1900
1955 1956 37 1907
1235 1291 1806 1938
978 990 1795 1919
1617 1977 279 920
528 1949 1923 1939
1316 1917 1582 1642
1429 1762 1335 1426
1480 1496 1713 1716
1184 1331 12 1814
1991 1994 1592 1905
1353 1511 543 626
1942 1948 1333 1344
549 1804 173 1499
996 1670 567 1780
1018 1326 1007 1311
402 768 1714 1819
1134 1255 1715 1716
1933 1947 1386 1899
1968 1993 97 539
593 820 503 695
722 1223 1888 1939
1247 1269 1008 1510
467 1187 766 1701
1366 1863 655 1087
1897 1918 1044 1757
136 555 311 1016
1476 1874 980 1566
355 534 249 471
731 741 558 668
1052 1165 1387 1389
228 1511 764 1709
707 1214 878 971
1577 1882 1180 1277
1651 1652 335 840
476 1703 1764 1858
878 949 610 644
1512 1780 577 847
969 1284 1455 1726
207 867 419 483
1269 1452 104 559
1191 1399 411 461
1988 1989 892 1005
1429 1524 487 1925
1713 1744 644 1007
362 733 378 1720
1889 1890 1779 1780
1391 1694 1474 1736
1449 1964 3 698
551 775 971 1425
1504 1759 415 1268
1735 1907 1503 1701
743 1556 696 1382
23 90 723 901
1994 1996 34 994
27 520 1526 1563
272 1449 789 896
503 1948 1292 1294
611 767 1727 1872
89 477 80 532
413 492 1706 1776
1935 1954 1198 1201
1776 1925 1930 1942
317 328 306 1014
792 1484 1235 1778
1949 1957 316 1745
51 1342 1702 1839
1788 1855 1389 1925
706 923 699 1192
85 303 1436 1598
45 516 1703 1748
1622 1833 1896 1959
62 1171 1701 1924
131 1881 788 1099
1880 1881 1638 1837
791 922 598 612
1254 1264 1433 1561
297 473 655 666
522 589 1698 1764
1015 1055 1587 1889
1062 1111 1060 1185
1140 1710 1501 1515
1385 1390 1791 1874
1372 1451 1134 1462
1563 1592 1954 1956
20 1462 1394 1409
495 804 1902 1924
343 437 104 1658
760 800 257 1694
764 1827 1706 1969
1515 1523 102 1118
1080 1186 1536 1645
1104 1392 359 1744
1239 1467 1649 1713
958 1342 892 1086
462 1296 1186 1623
1480 1714 720 1448
118 131 1702 1727
1863 1942 1425 1950
111 241 731 1374
1801 1872 655 1597
673 1190 678 991
231 1582 1560 1747
1345 1425 1923 1964
288 359 956 1446
971 1887 595 1431
1158 1499 1015 1628
452 1891 240 1915
965 1161 1919 1922
760 761 79 99
1070 1772 1497 1498
1875 1895 1584 1628
1509 1798 222 325
934 1064 1317 1557
887 1202 1440 1522
837 1011 296 523
1363 1648 995 1058
665 1520 1192 1336
8 48 1178 1195
593 1490 695 1141
1130 1627 1890 1908
1524 1671 57 963
242 464 696 767
1893 1965 503 695
849 983 1524 1693
891 1731 699 1365
1888 1918 218 412
1924 1985 1115 1156
1267 1279 1782 1892
1426 1842 517 1494
336 553 873 912
369 638 32 1478
412 551 1939 1940
67 83 1637 1897
442 494 981 1120
1134 1148 1608 1626
449 535 693 1390
574 575 169 760
132 841 1850 1963
1064 1621 1743 1881
1227 1268 1773 1927
1199 1221 1659 1974
1313 1491 880 916
991 1123 441 837
1561 1705 1844 1976
1594 1727 942 1055
1840 1847 626 627
69 1637 1596 1655
465 474 1553 1747
469 1359 752 983
198 260 409 1660
1844 1862 1804 1925
57 409 668 961
995 1696 1912 1913
1148 1770 49 1330
426 1596 1059 1300
665 1535 1899 1906
1621 1683 151 1697
1076 1112 777 798
547 772 389 1054
1973 1982 603 692
264 299 493 841
305 1231 718 723
720 723 1115 1212
1701 1797 1387 1534
385 466 775 1019
562 1308 1902 1950
1405 1517 218 229
1400 1432 1756 1757
1186 1759 852 1548
1783 1943 543 556
920 1041 779 883
983 1949 1241 1757
604 976 1005 1397
331 691 1321 1687
438 502 1687 1912
1153 1590 975 1025
490 644 279 1024
1886 1919 1714 1747
746 1271 1460 1472
916 939 1458 1847
625 651 351 391
400 1911 1475 1476
1275 1286 1422 1602
555 1545 18 392
1067 1409 877 1028
797 806 1876 1893
1119 1280 1835 1839
722 983 605 606
1179 1180 1012 1478
506 1897 1206 1208
772 1090 375 1560
1606 1618 426 1301
1969 1994 139 1232
1697 1808 765 776
1000 1276 806 924
1271 1448 401 1283
1379 1530 376 603
463 860 1416 1792
966 1128 1691 1798
120 145 1761 1871
1918 1919 729 1056
1542 1620 1296 1303
1313 1319 762 1814
977 1138 1199 1811
1687 1759 1127 1128
386 1304 830 1078
1682 1843 734 1487
187 1835 514 1517
1324 1456 552 791
1925 1942 419 1554
283 340 1397 1454
1628 1818 1808 1884
75 817 525 529
1280 1834 290 565
832 1213 858 1348
613 779 1035 1235
69 107 1798 1813
1487 1488 1162 1486
1758 1854 657 1578
122 1166 860 1030
160 794 782 926
1146 1164 508 1230
29 94 602 1305
681 1362 951 959
1136 1826 1905 1961
594 1460 1634 1804
1677 1864 700 808
1059 1972 858 1230
1138 1174 1487 1977
1314 1422 1093 1097
1013 1577 1828 1840
384 705 521 1154
1319 1477 410 1591
838 922 1226 1412
1892 1915 1787 1788
578 1276 1103 1841
1782 1949 902 1733
764 1902 1606 1607
1637 1638 1843 1939
1626 1633 782 1744
322 334 1157 1597
1889 1955 56 906
1854 1966 1301 1459
174 242 657 669
1390 1643 1743 1948
321 591 941 1123
1051 1473 76 499
1275 1444 320 411
355 1655 1410 1723
874 990 571 804
691 995 895 1178
1275 1303 97 98
987 1001 504 1010
1602 1731 1411 1441
503 550 1755 1793
107 523 762 1871
1203 1932 1027 1065
1833 1860 1834 1914
860 889 721 1692
1085 1438 49 743
98 812 688 895
293 646 1847 1948
1465 1689 1103 1491
1922 1969 26 1298
959 1352 1834 1860
266 448 897 898
1540 1669 1247 1248
843 1346 1447 1448
1300 1747 391 552
674 1861 1308 1930
1046 1581 107 393
1632 1639 1103 1121
493 522 21 60
1701 1766 187 357
529 774 1948 1961
1828 1979 1431 1605
119 121 429 449
1839 1879 1593 1938
1189 1343 578 1425
870 1323 1434 1687
907 1222 1512 1760
634 853 735 909
148 1184 872 1256
1902 1908 1382 1685
1227 1259 1552 1662
252 257 637 647
328 458 246 675
1257 1666 1198 1246
1409 1753 225 655
1709 1744 230 430
1223 1292 1295 1527
1151 1490 143 849
459 611 967 1228
1061 1203 1753 1763
1436 1502 550 1267
1655 1663 314 911
1034 1930 1212 1901
1072 1352 111 158
502 1012 1821 1833
1894 1958 526 803
795 1190 1623 1851
403 703 470 1570
1185 1385 1878 1918
781 1357 1682 1683
723 968 578 687
83 910 1629 1975
1167 1244 513 646
49 231 1549 1577
715 888 503 585
565 1196 1551 1919
1976 1981 254 424
873 911 1307 1317
666 933 1672 1692
99 1510 638 1871
1713 1808 1421 1422
1681 1923 724 742
458 1216 30 244
1588 1840 1043 1570
316 1481 1699 1884
1729 1733 1715 1933
1928 1971 957 1101
1700 1962 695 724
159 655 1939 1962
1014 1150 1772 1781
1766 1880 1558 1694
1994 1996 985 1775
1635 1728 1218 1738
377 563 1964 1976
1394 1681 1454 1556
685 876 1486 1498
1601 1732 1291 1351
229 1889 1781 1903
1368 1644 1769 1781
696 1519 1008 1086
1110 1829 615 778
491 654 969 1746
182 236 1573 1840
983 1013 853 1880
461 704 802 1206
1006 1290 771 820
391 1632 1208 1245
439 476 197 817
872 1518 1935 1953
1014 1697 1128 1757
1541 1633 234 677
819 1214 659 861
198 240 184 295
271 1524 507 898
328 638 1068 1510
1168 1824 319 400
1446 1466 325 329
332 693 1465 1480
1907 1989 382 746
1552 1613 79 195
1663 1850 684 1464
1247 1248 410 1746
1995 1997 1597 1914
809 890 1357 1368
1335 1339 668 677
1081 1593 1032 1164
1630 1835 1192 1228
1781 1996 617 1701
828 834 1338 1339
1984 1991 959 1001
1365 1482 109 226
361 700 1812 1951
34 45 1375 1384
1078 1763 810 1347
1668 1837 231 270
1719 1906 1832 1935
1377 1931 1650 1807
651 691 653 1492
784 1755 147 1678
113 131 317 1448
198 750 1789 1854
166 328 106 399
273 433 71 885
1228 1565 466 585
860 861 1876 1901
1532 1652 1667 1799
1613 1945 314 495
314 808 1563 1564
940 962 451 684
168 170 1364 1502
1086 1098 1204 1307
1449 1715 799 836
1125 1964 320 743
686 1875 1202 1583
73 1680 374 736
744 745 1613 1705
1546 1677 625 631
1151 1284 56 169
216 450 635 751
939 1576 945 950
690 737 1124 1544
1646 1918 1511 1778
761 849 74 1192
1037 1885 755 806
1968 1989 1044 1157
1265 1271 1506 1801
561 694 1735 1832
799 1558 1372 1374
703 990 1787 1810
1577 1873 1248 1296
284 407 1590 1618
426 1363 1795 1892
137 746 829 1026
1659 1726 233 1371
182 679 96 187
627 1047 1927 1929
1749 1922 1861 1957
1168 1178 564 1371
1289 1290 1857 1974
265 508 83 1028
1503 1775 1873 1874
1274 1810 1489 1739
118 973 654 1576
23 1585 1788 1906
1978 1979 1345 1429
1219 1306 55 99
1769 1778 617 1677
192 663 1399 1400
816 1086 703 1116
443 1260 1846 1891
1495 1598 1071 1343
1406 1549 1511 1538
723 925 1675 1718
1538 1665 360 1756
1482 1610 844 987
606 1169 544 546
1859 1890 1385 1951
719 1401 724 853
1759 1920 964 1005
523 560 1211 1308
1930 1970 670 1089
926 992 1093 1196
1278 1283 163 248
1672 1677 1339 1844
590 611 523 682
5 1859 993 1363
180 1490 213 1005
1771 1782 714 1930
209 1206 559 1240
99 110 1341 1405
1146 1406 645 1957
586 1380 1598 1614
1983 1990 360 396
1099 1391 1074 1437
1577 1663 1905 1950
592 964 1237 1645
1530 1532 968 1066
1733 1994 1967 1977
708 1956 728 1319
34 1895 509 1507
435 775 1567 1649
1035 1173 39 40
1013 1152 1058 1312
1697 1720 314 784
1243 1244 1203 1205
722 1783 1391 1402
306 423 1788 1837
1844 1882 1229 1470
1285 1936 1255 1261
291 1990 1184 1674
1846 1862 1638 1792
1600 1849 351 417
933 1064 398 872
105 1011 756 760
726 1197 1368 1947
1221 1335 934 935
924 1112 1401 1938
333 598 69 495
438 474 413 544
1892 1913 624 635
1978 1985 483 879
1988 1995 1851 1852
26 788 378 411
65 360 1261 1837
1583 1607 141 842
1883 1902 154 1090
133 1586 1942 1975
1577 1617 1708 1722
865 1917 1523 1530
64 404 1007 1189
576 1255 1974 1975
1612 1741 1615 1723
1554 1695 1695 1806
1878 1915 401 537
1231 1269 470 1499
598 1626 384 718
1608 1617 1083 1093
1043 1044 279 317
1300 1457 705 811
930 1809 61 708
11 27 411 1675
58 359 434 853
866 1061 1323 1419
140 142 540 1009
1655 1790 1470 1514
975 1034 883 1590
1530 1787 721 740
1958 1983 1966 1976
912 1130 1704 1705
1468 1821 477 1001
1574 1596 1703 1712
1827 1971 464 1560
297 1176 800 1209
1044 1763 622 1967
1689 1691 1342 1877
766 1084 1344 1636
1925 1941 693 1399
750 1631 1730 1746
1256 1626 995 1646
521 522 343 1618
782 783 1261 1432
1343 1671 1716 1732
259 959 1559 1581
677 958 362 1660
350 682 392 731
686 699 786 805
749 1171 135 1113
446 1856 682 967
91 1752 1521 1898
1612 1870 1102 1180
1891 1900 452 1771
1617 1627 1401 1597
335 494 1482 1496
1623 1625 1558 1559
1490 1641 1747 1864
706 1469 855 1902
258 853 1091 1668
1421 1744 968 1166
686 1780 1287 1839
1014 1062 1774 1775
411 855 1165 1210
1689 1772 965 1868
777 1694 1051 1970
1778 1927 321 1723
885 1020 261 592
1230 1231 1098 1414
613 978 1821 1823
472 1011 523 1476
284 1352 665 1314
1157 1173 115 917
670 1290 759 791
778 839 413 880
833 1422 474 477
1864 1922 332 1899
844 963 748 901
465 1272 802 822
611 977 1266 1878
1468 1791 188 1022
1370 1598 1583 1647
432 1499 598 1948
1284 1394 377 565
1692 1905 1360 1544
758 1764 1264 1706
1541 1648 1136 1376
447 513 1368 1623
525 957 1946 1953
726 1848 192 1842
353 511 1509 1616
697 841 1889 1918
841 1248 1823 1975
1273 1757 526 589
1555 1813 1968 1973
1130 1636 1596 1928
766 1153 153 162
119 390 269 1199
913 934 547 1634
344 1293 66 322
107 113 780 1197
1255 1290 829 1606
1190 1847 884 1977
1242 1874 51 543
1069 1338 1643 1644
886 920 640 1862
1451 1553 1088 1555
1097 1288 141 212
503 1495 1430 1594
1064 1386 64 398
1154 1885 1338 1653
1461 1475 380 689
1031 1150 877 1471
33 59 1411 1467
368 1436 1753 1778
486 1480 1576 1593
123 294 1718 1878
807 1435 1644 1645
1730 1908 592 1314
787 788 234 332
379 559 303 1135
421 1183 1017 1151
995 1888 23 69
665 948 1188 1189
794 1893 945 1661
1785 1787 1615 1882
554 1359 1891 1903
1986 1990 914 929
793 1569 916 918
1912 1945 92 179
556 573 1166 1369
1062 1079 1917 1929
728 1680 1797 1863
572 1186 1080 1208
11 1489 260 755
1789 1897 1329 1936
608 1960 1408 1433
1225 1622 277 1858
1471 1908 1862 1952
1290 1673 536 1536
745 1485 1638 1642
597 1710 777 859
1301 1408 1127 1621
1556 1928 522 1491
1323 1546 1625 1680
1178 1232 1180 1341
1519 1582 321 386
842 866 1111 1119
896 1386 132 228
100 148 282 732
1780 1844 106 1297
1710 1819 56 138
560 1855 1697 1698
1857 1905 958 1819
1186 1537 163 1273
449 459 229 389
1814 1821 1151 1901
1929 1942 1937 1941
1589 1599 1531 1771
791 1034 211 1484
1577 1989 110 300
1389 1512 1888 1890
598 1251 1559 1795
711 806 1401 1779
1317 1804 1560 1564
531 617 1016 1341
1749 1751 958 1399
652 1822 469 1270
770 951 1216 1231
1338 1358 844 1492
366 443 1100 1375
1041 1954 1083 1779
1567 1630 1707 1940
150 169 1692 1798
1069 1583 1024 1720
1174 1331 565 631
714 722 1434 1478
398 401 814 1054
699 1818 69 1463
1441 1495 1868 1871
805 1677 1041 1754
1791 1827 223 525
506 1759 260 263
287 1217 1177 1198
241 242 793 986
1600 1759 1664 1735
1957 1959 798 1316
220 435 244 762
295 326 231 693
1170 1282 253 1893
1894 1968 467 1371
1659 1660 109 1084
1836 1837 1119 1375
658 1192 1767 1970
775 854 836 1855
1684 1686 1794 1876
792 805 911 1301
942 949 771 793
1832 1833 1788 1791
382 1835 638 1407
629 774 1661 1724
1385 1549 1637 1642
1904 1905 1287 1349
1325 1326 1779 1786
614 631 131 134
836 1882 1259 1522
1249 1978 339 1796
303 480 1779 1780
113 868 962 1124
1646 1649 382 448
1411 1698 1507 1729
1234 1960 817 1033
1153 1669 885 931
520 1055 1078 1540
845 847 1049 1416
1128 1213 1661 1905
1506 1636 1102 1677
1520 1618 1828 1858
1814 1816 1589 1598
1085 1353 1236 1274
1686 1697 1492 1518
1858 1950 109 1200
810 1403 72 1029
1417 1507 1095 1834
420 510 1669 1687
1905 1906 732 1155
635 692 1030 1074
642 1680 1070 1077
1158 1249 1958 1972
580 1502 1749 1936
60 1699 1552 1559
110 494 1649 1679
443 581 1932 1943
551 852 1468 1476
1633 1638 633 637
924 1802 1017 1032
1072 1885 743 1191
1717 1894 1788 1792
1380 1391 88 1148
1247 1381 1049 1129
242 1523 378 877
638 645 121 1073
299 708 1048 1113
991 1007 997 1286
979 1088 1626 1854
741 1931 1289 1571
1458 1589 25 1031
249 809 269 1421
1444 1501 1603 1674
26 377 1098 1102
571 586 400 1203
61 942 1782 1936
639 1356 319 1585
560 1065 1580 1598
779 1187 1116 1239
1418 1555 484 807
1701 1988 884 1883
1882 1888 87 253
1205 1387 968 1322
1963 1988 223 1956
1419 1536 219 766
1173 1675 1515 1889
761 812 1171 1897
1465 1965 467 489
516 722 1397 1401
1632 1830 424 1155
733 1020 1278 1283
1070 1588 32 1117
65 1632 99 1628
908 1107 163 1900
1477 1523 1687 1785
1981 1990 836 1003
482 493 508 1026
518 522 1348 1558
861 1445 56 248
1228 1364 888 1751
492 1993 1853 1954
1672 1741 1577 1777
1471 1476 1092 1280
316 1424 1125 1149
1239 1300 922 1000
544 1994 101 226
1533 1769 1432 1834
919 1892 715 727
1205 1234 229 557
177 904 93 291
1253 1445 1719 1836
31 1556 443 788
1403 1553 330 333
1409 1742 1534 1593
1933 1954 1671 1685
1627 1708 1199 1548
409 940 1654 1723
1950 1983 1638 1915
531 586 473 484
1588 1745 501 740
468 516 1528 1753
1363 1941 1119 1609
1890 1894 1925 1927
1928 1954 1573 1906
651 1916 221 258
919 1072 871 976
1481 1482 448 518
1028 1656 1221 1261
891 1259 1269 1440
1449 1586 972 1118
754 1000 853 1804
526 1077 567 569
90 391 1578 1652
893 1179 25 64
558 846 1510 1776
1599 1637 947 1645
265 1206 1757 1774
105 1043 28 1650
1645 1695 834 1943
265 417 1416 1417
974 975 963 1040
1250 1743 645 1254
169 1325 1122 1206
1844 1964 65 110
329 360 367 417
1672 1677 702 1620
295 1303 399 1556
1040 1085 934 973
289 1681 1016 1020
304 376 1097 1771
989 1132 643 651
144 302 948 1066
152 330 1500 1910
247 846 941 1629
1477 1478 705 771
391 592 1308 1950
196 545 538 1781
1230 1250 473 484
583 669 1082 1421
792 970 1332 1810
669 680 1959 1960
1996 1998 88 439
1629 1653 1179 1570
1984 1987 1806 1808
536 1095 112 213
421 493 1621 1855
1730 1731 1190 1230
273 1112 204 479
616 1114 6 15
632 635 1814 1840
1486 1589 1115 1123
1402 1667 536 1190
1124 1144 1142 1152
1229 1232 1553 1569
1082 1422 1918 1919
472 473 1537 1538
58 297 650 1223
393 1055 1480 1503
60 1373 495 496
505 1108 972 1010
1953 1964 242 1305
378 987 1043 1455
1543 1945 1092 1701
51 257 1795 1805
903 1082 362 1734
1643 1836 1152 1156
1803 1836 191 1720
1807 1905 1 185
79 1580 1245 1253
1362 1594 672 1164
1540 1547 1492 1770
780 960 1659 1704
76 340 1698 1815
1483 1716 1862 1914
1937 1938 756 1621
1596 1690 1315 1437
1680 1992 1214 1651
983 1927 649 719
1093 1204 1105 1112
1489 1754 377 498
1424 1787 1737 1768
1589 1977 287 1663
1514 1919 899 906
940 1262 1940 1941
501 778 1241 1314
1079 1949 778 876
1762 1768 1256 1657
1240 1269 1511 1512
1695 1816 710 744
206 963 1850 1886
544 1615 1246 1476
1067 1068 1882 1889
653 1070 893 937
450 833 555 744
980 1392 1884 1891
1818 1852 314 890
1028 1210 355 1616
1199 1247 858 1773
884 1880 116 324
1694 1899 1363 1797
391 708 1053 1060
785 1283 1914 1929
1257 1262 1859 1860
538 730 1404 1412
353 763 700 1453
1799 1822 1215 1231
1651 1950 603 1192
23 771 1483 1487
248 500 588 1607
1442 1444 1735 1948
763 1858 1485 1598
174 1715 22 369
1849 1929 250 358
786 1707 1670 1883
636 1870 917 941
829 1000 578 1404
1621 1748 1575 1971
228 668 1341 1350
86 168 1706 1743
217 370 415 435
