1956 1990 1000
444 1565 411 456
420 1506 263 1286
1403 1408 473 1949
1235 1237 1027 1333
1589 1858 1658 1802
1166 1310 967 1575
538 783 456 1680
695 805 1983 1984
137 414 1973 1974
150 1481 209 1278
559 864 861 1761
148 195 201 386
341 357 1148 1673
24 394 198 294
1144 1157 1383 1638
766 1529 285 374
1267 1393 1476 1506
1450 1495 568 572
772 950 43 1781
24 25 745 1587
1155 1181 1487 1840
1004 1370 1246 1884
1253 1839 234 1822
1319 1494 1892 1985
1535 1724 1838 1913
238 1402 817 867
1019 1406 1553 1725
314 654 1534 1608
44 75 247 1113
1945 1954 633 793
890 1118 331 336
1220 1669 1928 1932
588 613 615 1759
1424 1771 447 521
877 968 90 1615
587 689 1334 1735
1768 1800 268 686
1252 1635 713 1715
1210 1936 1399 1643
1754 1870 751 911
748 847 1189 1204
1816 1831 166 215
1003 1105 913 1668
1428 1438 60 130
595 1671 1674 1789
1034 1133 1849 1913
1843 1907 919 1125
1650 1668 796 921
783 1131 874 1238
156 1033 530 1251
672 746 103 756
136 991 1892 1893
1574 1581 980 1125
1815 1839 1507 1514
1352 1676 1802 1856
943 1557 826 1557
493 531 1981 1983
992 1019 1587 1876
864 870 1826 1830
1491 1931 1968 1973
205 516 1093 1770
850 1593 1204 1769
600 664 1120 1641
22 1848 1855 1857
1354 1452 877 918
1050 1146 379 392
511 729 695 873
1560 1762 892 995
120 329 1146 1147
1383 1484 1644 1898
436 499 1823 1840
1073 1139 1056 1390
1753 1754 1580 1903
28 1629 960 961
994 1031 1935 1953
1917 1920 1907 1965
466 1194 359 364
1091 1556 1562 1688
1900 1901 1905 1920
1084 1413 1730 1977
1939 1945 57 58
1700 1712 418 526
1883 1926 820 1358
348 522 345 761
779 1021 1036 1360
755 1269 1191 1204
1017 1350 1024 1330
1120 1169 1485 1516
1633 1730 1234 1294
438 478 1057 1181
154 172 521 946
1020 1692 1484 1629
1920 1952 1139 1849
1354 1812 1717 1878
403 928 1728 1795
1392 1911 1896 1914
1551 1596 813 931
923 1818 146 1542
1725 1859 1339 1376
1380 1479 667 1500
252 343 1380 1546
1768 1806 203 234
361 1383 493 851
565 913 1885 1958
147 338 952 1415
78 1571 912 1727
1400 1401 402 1637
1018 1021 1231 1298
1849 1851 1629 1701
1585 1686 673 681
812 1187 695 1635
1477 1782 408 1061
1735 1736 769 778
1882 1896 1759 1760
816 1929 1254 1300
562 629 1155 1157
1778 1861 142 192
1538 1606 1787 1804
1582 1809 1494 1561
1278 1389 1700 1746
1376 1640 1222 1288
497 604 223 393
979 1226 175 372
1899 1927 621 996
907 1186 311 315
323 1110 1192 1205
36 1731 766 1421
1409 1688 716 1011
302 675 189 299
1538 1546 147 1912
176 177 829 1198
851 1713 735 1653
908 1833 521 1787
1913 1915 310 403
2 1694 1559 1717
532 817 1649 1935
1229 1487 807 1317
1097 1258 1705 1722
1731 1789 731 733
1834 1836 172 509
218 239 1610 1611
1876 1886 589 632
1625 1745 155 353
983 1262 980 1700
1312 1613 399 645
1695 1732 696 698
483 1351 1879 1948
1721 1789 1659 1950
290 623 1300 1308
352 1582 1768 1948
1700 1794 994 1197
424 1348 330 1680
414 708 1738 1923
613 1819 34 847
907 1596 803 814
1595 1679 958 1455
797 873 1907 1910
664 868 1333 1392
212 861 1862 1930
540 1223 445 1023
994 1003 173 1444
1109 1225 235 559
1746 1950 1109 1349
46 558 1857 1887
1164 1456 570 571
452 915 239 276
1742 1807 1969 1972
1697 1704 1739 1745
846 1261 159 340
568 1205 1181 1731
63 182 987 1054
1151 1827 1693 1705
989 1428 1669 1703
125 1607 978 1722
1410 1923 1444 1608
1082 1649 131 141
1205 1284 847 1241
424 1450 780 791
1031 1365 493 622
1802 1815 82 398
1099 1368 689 1152
1582 1591 156 603
1321 1754 525 1902
1248 1315 1323 1416
1020 1669 1349 1441
160 184 1500 1615
811 1536 140 179
1895 1931 1253 1702
743 1687 123 174
1935 1940 1517 1534
927 1162 959 1475
724 1904 1021 1432
268 1414 1861 1931
867 893 390 417
1921 1926 617 1480
1628 1661 230 395
543 1254 1874 1875
1539 1587 769 1005
1255 1357 1561 1933
1950 1953 1644 1663
356 1905 541 1250
1889 1949 1202 1420
1777 1885 1189 1217
1311 1568 1151 1449
909 1605 1066 1149
1814 1830 1378 1446
1425 1430 179 582
1531 1742 151 740
1662 1665 1952 1955
795 1142 1378 1402
1754 1822 680 1145
1953 1955 167 336
1851 1870 262 1247
499 856 1817 1818
769 1449 412 864
184 1657 473 1654
576 1150 362 1776
62 438 1279 1292
344 436 1459 1460
1115 1141 551 1212
1272 1685 912 1106
1278 1450 635 661
802 1325 644 1329
709 741 573 1264
729 1177 538 1101
1924 1948 1957 1958
249 463 928 1900
1622 1797 1160 1738
1298 1484 1358 1561
1405 1798 1351 1677
1213 1419 453 709
646 1729 103 602
1515 1892 102 1677
117 136 950 1113
461 1083 1397 1680
156 742 938 947
1645 1753 959 1973
402 635 935 1019
588 636 1624 1919
1725 1778 278 1649
1268 1371 260 747
1297 1299 859 1312
499 521 875 1809
1437 1631 1642 1695
1220 1323 1232 1241
1224 1709 1840 1948
669 969 94 565
155 156 1553 1560
401 413 1216 1877
1012 1047 1033 1731
966 1290 776 947
1226 1260 1974 1979
1816 1818 1708 1913
912 1402 676 689
1020 1083 1565 1708
1716 1721 1555 1823
650 1334 1909 1917
1769 1790 1543 1648
1600 1618 556 1681
88 1172 796 1933
1367 1370 1661 1834
1603 1751 884 1196
1258 1266 1494 1502
185 546 212 279
994 1259 1401 1402
1946 1955 971 1370
695 1728 1793 1923
997 1287 840 841
4 749 1938 1939
420 681 1090 1192
669 826 1312 1477
278 282 1173 1583
1090 1551 1070 1516
1695 1913 1038 1203
202 221 1204 1623
1771 1856 1103 1639
1571 1573 1711 1744
1077 1142 1004 1062
268 705 905 1976
907 1232 374 1200
785 904 1632 1633
1038 1349 995 1419
1633 1634 1164 1233
1802 1877 1102 1605
1531 1601 936 1118
1019 1128 771 1804
295 744 76 106
621 656 1893 1961
1772 1779 205 619
1404 1576 1820 1824
1634 1818 574 796
254 738 1662 1708
736 1244 663 1036
570 1044 959 1660
1357 1417 365 389
645 754 1900 1949
198 388 71 1161
1696 1698 1242 1890
1939 1941 974 1341
1786 1788 978 1014
63 1209 400 1135
321 1387 1449 1857
1814 1865 574 726
1731 1738 152 183
416 453 649 851
424 736 1086 1103
64 74 226 349
433 1063 194 1323
1076 1309 989 1176
1121 1492 255 1177
70 942 378 617
357 447 584 863
1153 1280 72 519
939 1355 1644 1682
798 1232 1790 1898
883 1948 861 1744
162 270 1216 1307
808 1286 1850 1898
219 418 477 1117
1476 1868 334 479
1334 1391 1697 1880
599 1616 1747 1817
322 1169 853 1750
199 840 1062 1081
626 649 46 430
630 866 1371 1624
416 980 181 188
1536 1674 1697 1720
339 352 1888 1893
1735 1762 557 1092
1707 1905 436 918
1155 1841 1989 1990
166 172 1729 1949
1708 1808 1044 1102
1306 1307 1727 1770
1496 1502 1616 1654
1772 1792 1871 1892
1311 1388 1567 1956
89 476 643 1758
1459 1721 1672 1739
548 738 1783 1952
1087 1423 1316 1318
1580 1608 1956 1961
1449 1644 1944 1965
1383 1833 1633 1651
291 1318 1513 1545
201 464 1276 1311
779 1890 272 720
1503 1656 1036 1054
712 742 490 1568
1148 1153 1069 1091
1251 1256 1820 1879
388 642 607 623
403 563 878 1351
1393 1775 658 1278
1561 1624 462 1640
324 818 336 775
707 1158 924 1085
1057 1348 1926 1928
260 450 1563 1564
5 43 214 1096
1059 1076 1062 1892
1473 1495 376 589
1169 1183 1018 1563
186 273 1552 1554
574 1730 1217 1565
968 1430 1211 1501
378 985 787 1401
1774 1939 268 795
1512 1558 71 73
1471 1795 551 1459
1191 1661 431 1813
190 925 288 1297
478 1207 1438 1446
1189 1520 1692 1744
723 725 347 1415
1130 1140 88 792
395 1200 700 1476
1648 1796 500 1157
410 936 262 872
1185 1540 20 738
704 720 1531 1954
156 158 1620 1822
708 1072 495 505
682 1722 1957 1962
1300 1637 9 1127
20 23 1333 1431
69 1694 1621 1729
1067 1329 686 772
1913 1916 1528 1798
675 677 1606 1659
753 1844 451 950
189 192 1707 1753
1055 1331 818 823
1255 1414 1761 1812
1094 1868 469 1839
517 899 928 1190
1288 1394 213 891
725 727 197 540
1529 1540 1964 1981
1028 1029 147 296
52 53 1131 1134
1184 1572 1707 1791
1310 1750 762 804
238 353 559 1376
1444 1481 654 1215
1065 1839 35 1024
761 806 1478 1942
662 727 1564 1706
607 1625 529 1374
1602 1693 1037 1306
575 576 969 1086
642 643 931 1300
1810 1897 1910 1913
899 955 41 395
79 628 1390 1410
354 878 1219 1388
982 1660 991 992
1547 1922 657 780
175 446 1988 1989
1952 1953 1234 1423
1544 1668 308 1927
1408 1412 1947 1968
1526 1550 1186 1191
182 489 809 1060
296 896 1302 1307
1562 1581 414 942
201 202 172 822
575 576 1795 1859
402 459 1925 1954
1597 1598 1782 1867
1220 1292 695 714
1649 1724 1227 1245
1735 1772 441 470
1008 1507 1210 1388
1143 1172 475 1838
618 896 1740 1952
58 73 1020 1131
1350 1451 240 466
672 975 1629 1674
1862 1888 928 1405
837 838 1776 1890
1566 1648 1432 1519
1670 1701 154 909
1138 1746 957 1474
1713 1833 213 910
1618 1682 1253 1256
1127 1642 628 687
348 474 1556 1681
332 1791 1008 1128
399 417 366 576
1628 1762 15 1896
962 1759 395 584
1306 1557 602 789
737 759 1898 1988
1734 1751 222 267
612 1313 1473 1481
1686 1899 873 878
1197 1292 1330 1343
694 897 1262 1265
852 1391 1855 1862
1164 1180 1630 1863
1627 1681 358 857
1284 1467 74 75
975 1612 891 1685
1891 1919 1510 1672
1212 1260 982 1787
695 1399 1531 1537
369 1791 1776 1847
1536 1630 1522 1805
663 1597 632 1583
781 1279 1308 1548
1925 1933 20 1237
308 487 727 1333
1943 1953 1838 1844
577 1889 532 1028
398 1467 566 1423
463 1286 1390 1556
1895 1900 1592 1834
1156 1435 1207 1211
1653 1808 77 623
1338 1544 457 482
1239 1588 1367 1705
1482 1524 1719 1756
1339 1359 1888 1892
1467 1867 979 1083
821 1718 126 187
802 804 790 1265
1743 1904 954 1429
1653 1817 29 330
672 986 1540 1584
182 228 636 981
10 945 1247 1982
589 1460 80 191
541 630 1060 1280
1507 1676 1007 1344
1494 1643 285 1152
1942 1943 112 1451
1367 1779 563 1613
1906 1907 1499 1504
407 1006 1290 1697
1503 1699 4 707
1326 1404 1896 1972
1606 1608 1509 1772
243 476 877 1469
264 1837 1468 1514
509 1467 1823 1881
230 939 767 837
669 678 1947 1948
1604 1613 1780 1891
131 1262 412 1025
790 1954 1243 1318
530 684 1613 1691
187 406 1367 1422
896 1000 1847 1939
178 1077 352 520
1762 1829 694 738
467 885 1227 1237
594 1303 1771 1773
482 1259 592 1011
270 368 1281 1949
460 650 335 336
1567 1629 1945 1948
1577 1781 1654 1743
311 327 1955 1978
328 422 1041 1710
627 1753 1857 1867
375 496 1717 1723
1735 1948 1981 1983
237 285 88 171
1115 1171 120 428
638 1452 1988 1989
1478 1541 901 1153
379 718 1944 1950
1632 1947 661 679
868 1829 577 609
1546 1636 592 796
1083 1104 10 43
1735 1736 393 1959
733 881 377 753
811 962 1697 1857
1802 1816 1831 1837
177 1191 807 1849
331 600 1415 1493
1521 1903 1650 1665
124 360 1920 1982
214 957 778 844
1844 1899 1798 1852
61 143 1139 1523
23 975 1809 1926
1009 1075 833 879
1035 1292 1369 1480
610 707 1156 1797
1789 1879 1229 1888
786 833 495 1628
1887 1931 1762 1940
762 1419 47 705
307 1070 425 1484
1289 1700 715 1527
446 1074 198 454
1096 1270 1558 1737
1790 1942 264 366
736 860 842 1219
1046 1060 1989 1990
172 900 406 1493
1296 1318 1604 1965
360 1584 1955 1956
232 1758 1022 1037
712 733 1322 1884
37 222 164 623
1382 1405 461 664
587 681 1767 1821
895 921 1459 1721
41 1742 970 1038
606 1381 730 1619
1874 1876 1506 1887
1867 1941 452 812
954 1215 1054 1114
810 1004 805 1316
1115 1117 224 1186
69 355 1751 1796
737 791 935 1916
901 903 1039 1042
442 738 1147 1856
1597 1610 9 613
663 1577 518 1583
1518 1835 742 1896
1916 1922 68 94
995 1430 1137 1453
904 1282 1584 1603
7 939 1252 1897
1094 1219 1579 1842
1507 1530 914 1470
1901 1926 1331 1465
1246 1949 1533 1635
894 930 372 604
401 857 1859 1896
1353 1354 1089 1679
1509 1618 399 906
1052 1222 1779 1987
1069 1467 1323 1324
1265 1418 1943 1945
1403 1417 112 1373
30 677 1842 1897
987 992 1162 1233
87 1490 881 1006
998 1009 1775 1776
399 400 517 958
1303 1308 1782 1784
393 706 1124 1327
548 1871 1009 1942
1230 1614 112 742
633 744 1498 1507
103 300 988 989
707 1713 661 849
1660 1764 599 636
1588 1727 1678 1942
1063 1925 1380 1466
923 1367 1607 1697
1527 1529 583 1644
1651 1747 1198 1401
1480 1498 300 708
160 797 1602 1603
132 222 927 1022
626 1575 553 1823
152 213 1052 1273
158 1927 1578 1579
1511 1572 1237 1951
305 373 1970 1988
512 515 459 460
20 190 1647 1851
1728 1769 1456 1523
631 844 441 442
1797 1800 1907 1919
119 770 1664 1879
45 62 1857 1866
1735 1740 1211 1454
1670 1742 1622 1730
1947 1953 1540 1541
1780 1870 1359 1408
1937 1948 1754 1859
600 1816 1459 1463
1044 1552 1228 1525
789 1407 73 74
454 1726 163 696
1566 1766 1906 1932
1383 1389 635 1888
372 373 665 827
191 1180 1637 1639
575 1053 1131 1227
79 567 787 804
771 1559 295 1770
841 964 1123 1772
178 187 1666 1812
1132 1346 1906 1961
1392 1587 1894 1903
1281 1291 319 875
1819 1824 67 1189
365 637 1412 1493
1330 1483 1249 1286
1630 1772 114 175
1292 1347 1150 1795
706 1813 1477 1497
1200 1231 1635 1676
1954 1955 656 1864
1468 1493 771 1344
1591 1607 934 1952
1141 1531 1070 1167
1862 1952 1184 1448
766 961 1140 1174
1864 1871 646 1374
679 1322 868 871
1187 1191 304 1125
34 934 595 1392
1384 1678 882 1708
1348 1580 614 1117
1602 1626 787 1032
1552 1611 622 1146
273 1748 583 597
1180 1200 1361 1954
1166 1224 1242 1424
535 629 1907 1970
369 635 998 1137
418 1953 110 122
1190 1211 1924 1936
945 954 511 550
1426 1461 472 1489
1439 1840 1375 1857
959 1137 1628 1790
1128 1130 1207 1539
1774 1938 437 1297
1890 1936 732 1833
1792 1827 356 1267
215 226 976 1414
502 941 1954 1955
900 948 1722 1735
1378 1384 1454 1463
893 912 1111 1675
621 1339 1346 1348
1551 1944 1250 1652
237 570 391 747
1500 1602 748 1233
1089 1119 87 1444
1217 1918 1677 1935
56 1774 796 926
1164 1458 439 612
1041 1226 529 806
1751 1804 664 677
1530 1683 244 246
12 32 1317 1563
771 1605 910 935
1797 1869 1158 1191
1227 1695 1609 1752
209 258 288 1774
632 953 1524 1543
1154 1886 679 969
728 1236 1516 1611
410 1183 481 1165
1148 1861 1118 1321
878 1114 1910 1922
1239 1940 1506 1814
1281 1326 1039 1623
1618 1622 1886 1888
771 1929 752 1206
1606 1635 550 1256
271 1302 909 1033
1936 1939 1486 1556
68 1904 679 853
792 878 1550 1600
1168 1243 722 842
1362 1373 821 929
964 1128 622 1929
241 1453 53 277
634 1299 361 476
1034 1678 1326 1384
1786 1795 1124 1166
1398 1419 1027 1208
817 1740 953 990
1136 1209 1750 1880
1606 1611 378 864
243 325 1734 1795
1862 1876 811 812
1522 1672 1088 1284
911 1035 1720 1778
120 974 482 484
1721 1722 892 1106
1001 1532 891 974
154 371 1689 1720
546 1313 1687 1701
449 556 1373 1790
1526 1540 1316 1980
852 954 631 1269
1665 1716 1599 1620
1402 1508 963 1167
1050 1407 1373 1394
383 525 1369 1370
741 1170 58 115
156 1411 866 899
164 168 1976 1987
1640 1674 184 215
1334 1873 606 971
959 991 1697 1700
1050 1290 440 1559
1402 1743 325 703
1194 1897 1481 1623
1938 1939 864 871
1219 1397 1377 1621
979 1096 1383 1662
1209 1390 1959 1971
1651 1701 835 1444
1692 1695 978 1502
1341 1464 1404 1427
1063 1069 1340 1343
1327 1341 1417 1498
362 888 1161 1984
1268 1836 650 959
438 781 1025 1424
1849 1954 343 1389
1200 1214 143 1886
340 344 314 347
366 1651 1387 1441
934 1023 567 1742
610 980 1720 1972
373 517 307 1891
13 471 1663 1727
122 1496 169 1228
1794 1835 739 1772
1714 1774 1126 1135
1065 1839 1352 1376
710 832 980 1202
429 436 949 1517
1883 1884 1161 1232
491 1940 1843 1892
976 977 1901 1977
892 924 92 117
633 687 545 585
258 1041 319 361
564 566 458 678
953 1834 456 1909
1001 1208 501 1563
61 347 260 1661
124 499 1225 1691
215 472 872 923
290 1911 1440 1696
886 1949 1032 1042
1256 1466 155 1110
1551 1596 632 1499
388 399 1402 1425
713 1647 1596 1963
1655 1874 1852 1981
1426 1495 1013 1356
189 1104 490 1531
1380 1560 189 561
519 569 805 811
870 1064 1584 1901
1389 1549 1473 1557
314 1008 500 944
280 299 684 818
302 1556 1472 1558
1815 1878 284 286
1560 1888 1404 1409
1385 1904 1577 1579
762 1198 1346 1650
1427 1920 985 1626
590 1269 874 901
466 1022 5 1176
612 1351 119 1830
941 1127 838 907
950 1554 1793 1824
611 1280 1202 1213
1175 1241 1546 1655
70 1440 1447 1509
1026 1027 1628 1745
648 653 790 811
1165 1617 1885 1887
1285 1441 1250 1648
483 1057 1377 1849
1700 1904 820 1864
1312 1499 355 534
441 444 577 718
1157 1214 1400 1510
1914 1923 937 1332
1630 1725 841 1040
850 1040 1040 1820
1399 1486 560 1893
875 1332 166 780
1115 1353 106 589
1525 1650 1720 1739
120 1226 1202 1678
762 769 1080 1904
483 754 428 467
192 895 567 792
1561 1600 663 815
1880 1885 1848 1909
888 1547 164 194
23 24 1928 1949
1731 1838 1004 1176
781 1153 584 663
887 1779 670 1694
1415 1609 1444 1635
1260 1393 26 1045
1233 1313 671 1093
404 473 855 1526
877 919 1368 1552
1560 1919 46 88
1635 1668 838 840
1258 1268 182 299
43 439 820 1029
1820 1892 70 740
676 979 655 848
1169 1260 1698 1952
318 438 1330 1926
1708 1734 391 478
875 1069 272 278
530 531 1964 1985
921 1122 1119 1803
357 616 1327 1906
1535 1646 1180 1502
923 1445 586 1587
1751 1753 225 240
1131 1232 931 935
863 1527 1987 1988
1868 1869 430 1142
531 834 982 1162
289 829 1046 1047
147 1058 209 1425
671 737 1694 1968
1786 1802 1523 1659
184 790 1628 1799
820 853 638 1818
286 1232 484 559
747 1701 272 1860
13 113 1968 1977
56 62 494 1034
1848 1877 531 606
906 1328 874 1038
487 565 1000 1826
192 876 1740 1830
347 1282 1519 1590
127 154 4 665
1018 1067 1153 1787
354 1117 3 1443
1840 1920 143 1675
1129 1178 1898 1904
107 699 1636 1665
400 946 1321 1357
288 1931 1916 1953
1209 1383 602 920
636 637 1347 1516
871 1088 1019 1195
605 716 810 1287
1453 1521 752 1028
917 935 496 1019
101 357 1336 1556
1419 1794 423 987
1125 1403 1595 1679
930 1162 184 351
132 242 596 1932
898 1080 85 155
482 1892 1660 1682
1490 1580 1400 1533
1724 1802 723 1372
1790 1794 1666 1985
978 1012 890 1390
1338 1894 1388 1491
578 879 1459 1478
1025 1886 1284 1507
671 1107 692 1961
1815 1828 139 1274
1413 1424 1261 1942
925 1432 49 441
1431 1543 1516 1674
1840 1841 1980 1988
1886 1950 1979 1985
1949 1952 816 1179
257 1522 171 254
181 806 827 1739
1604 1605 825 1820
1505 1899 1750 1839
403 1448 1215 1218
1242 1454 1309 1544
1208 1212 1377 1446
357 360 200 1909
153 159 887 991
910 1407 1053 1502
167 1178 1873 1881
101 385 844 1083
97 98 1384 1462
632 1533 509 1788
1603 1786 883 1478
983 1089 997 1348
939 1097 61 1953
1955 1956 161 213
1638 1682 783 1583
885 896 350 486
941 1912 537 995
1055 1060 1096 1455
531 532 843 850
945 962 189 1133
745 784 497 1360
1439 1736 1697 1813
3 593 1945 1948
1381 1513 1597 1964
1855 1901 342 357
1259 1276 1792 1804
621 672 1650 1668
551 680 173 245
366 789 1502 1922
234 1613 650 1912
489 565 95 218
1665 1686 427 1486
1605 1712 1010 1018
1007 1084 1883 1889
1792 1822 1171 1791
980 1186 148 1481
1191 1242 1810 1827
236 1876 459 1533
1615 1954 894 1451
30 1615 169 811
936 1001 1225 1923
1682 1692 134 330
366 1243 55 525
786 1913 367 1515
142 153 878 1400
565 1033 1866 1890
516 1297 877 882
1749 1827 242 285
1125 1128 327 411
1491 1504 763 768
39 1445 497 1668
606 1050 1916 1973
1748 1749 565 599
457 925 1623 1624
1537 1591 283 608
405 434 985 991
1001 1039 698 939
104 1400 514 616
215 585 1077 1238
286 495 673 1135
319 493 182 315
