1259 917 851
106 140 59 336
374 850 476 609
623 671 228 286
112 508 574 647
954 955 364 890
660 661 198 209
295 386 815 829
821 902 211 339
57 444 280 672
66 212 656 705
934 1041 422 808
198 316 54 193
309 330 551 594
427 530 329 832
722 734 278 327
1201 1205 621 642
663 1250 571 726
619 636 314 831
36 122 270 274
755 826 315 731
272 477 796 829
506 536 565 737
248 445 385 386
584 745 131 452
258 294 556 659
147 806 303 455
817 936 888 915
189 440 360 826
3 107 63 64
602 1021 273 781
582 765 808 903
1023 1024 71 145
784 987 636 647
781 804 174 506
768 990 119 294
699 1162 814 824
1251 1252 60 568
1242 1246 805 810
974 1177 676 691
855 898 782 784
319 811 909 910
621 642 355 394
259 339 820 878
1216 1219 155 455
1076 1123 603 729
532 533 275 278
917 1148 383 503
1105 1155 319 439
768 1089 602 625
453 472 528 634
974 1045 104 114
362 430 628 747
827 1217 800 811
740 759 466 629
352 1004 830 863
587 827 679 681
234 625 263 267
686 1147 803 806
749 785 305 324
433 1016 394 715
300 484 796 816
753 1140 166 251
946 1255 582 604
1114 1236 119 271
803 819 625 783
1131 1169 489 530
847 1205 31 141
223 1026 16 870
311 1150 490 542
606 880 820 889
473 554 607 895
550 1191 530 795
639 961 638 639
117 252 765 907
954 1074 301 562
290 336 165 326
681 1218 609 610
881 1238 893 913
940 1037 801 870
943 982 375 526
45 169 896 900
28 52 8 829
761 1208 551 608
56 808 183 355
619 621 25 325
1096 1194 334 625
939 1212 245 246
980 1157 575 775
1175 1192 420 540
50 296 9 80
1051 1095 740 781
1226 1245 462 463
1068 1105 43 64
251 1024 735 858
808 1059 152 593
539 989 526 625
291 643 298 430
218 398 776 788
1211 1232 9 166
367 608 503 703
766 790 652 682
956 1095 236 718
658 743 728 785
84 482 146 344
533 534 287 324
973 986 545 743
641 832 468 539
758 1226 687 728
897 1197 454 890
369 696 210 423
1139 1141 449 601
1005 1254 776 795
202 223 211 245
1142 1187 3 171
128 538 568 587
243 1172 98 170
1186 1187 28 293
47 1252 466 490
1187 1208 244 740
629 688 53 570
455 728 188 418
1068 1082 348 356
834 838 711 789
362 590 129 140
27 31 576 579
382 383 97 256
641 655 67 618
333 539 642 670
156 589 787 881
71 471 914 916
642 702 304 305
629 868 144 497
936 1008 293 316
1240 1242 447 518
246 937 554 846
850 1146 120 152
1122 1139 145 562
239 726 567 571
997 1016 391 737
485 1188 400 410
252 363 170 327
960 1017 275 460
441 518 662 683
228 1057 176 181
827 865 619 654
535 541 683 756
439 607 362 648
923 1067 267 480
27 57 97 160
1026 1068 825 851
637 917 710 790
208 510 786 788
585 593 643 734
593 766 713 740
539 1241 19 601
36 206 479 736
1130 1228 823 835
784 1085 849 852
382 494 215 216
208 277 251 256
1000 1226 427 793
9 711 154 832
202 309 905 906
575 715 389 641
633 851 203 477
1076 1081 318 407
594 1068 26 115
1248 1253 660 677
1224 1251 751 798
134 1044 556 644
791 929 191 721
75 298 169 288
1018 1032 706 894
755 764 498 888
299 1149 464 705
948 1087 360 819
804 1094 433 595
981 1166 61 142
537 839 26 108
655 1086 208 680
1191 1210 502 558
247 1250 655 883
266 501 66 154
1199 1243 857 883
1151 1218 826 884
908 1050 671 717
292 388 149 191
564 793 605 686
216 1167 405 566
901 1182 334 596
428 959 626 700
967 1048 791 804
1255 1258 860 873
310 578 54 91
991 1001 15 108
964 965 717 813
137 382 702 767
971 1112 766 778
982 1220 817 850
1104 1253 434 483
2 61 386 465
632 634 691 695
502 688 207 619
521 1185 114 226
691 707 566 580
1001 1005 37 491
1108 1149 81 267
339 934 431 699
59 373 613 672
970 971 233 266
1167 1198 22 792
138 1154 806 827
613 617 418 537
792 1218 48 132
1064 1085 81 464
495 667 609 805
1094 1111 588 589
1190 1202 60 62
1144 1155 559 810
707 949 299 343
44 269 103 656
963 1077 315 391
1156 1232 302 403
772 888 112 870
340 1078 916 917
998 1005 192 582
174 278 334 449
341 804 754 769
746 870 128 716
1100 1190 520 562
70 83 281 323
432 577 261 280
1151 1243 783 852
932 946 103 793
1023 1037 267 697
56 1194 788 886
1196 1198 821 904
285 293 655 680
731 1119 532 610
422 558 245 314
1242 1252 47 318
1041 1202 838 843
754 875 550 607
711 1040 331 802
479 482 21 495
516 1172 724 791
153 343 875 878
479 626 770 795
962 1134 829 830
277 1158 915 916
1063 1120 249 272
848 986 880 899
1119 1175 304 475
1130 1182 370 744
1014 1016 906 907
215 608 288 552
672 962 235 354
185 1171 866 883
645 914 38 195
127 597 841 911
1063 1076 824 838
1120 1153 179 638
339 672 207 371
1120 1195 357 457
1150 1178 874 895
978 1204 763 766
219 1067 177 446
608 868 626 666
620 709 893 894
248 1242 697 738
905 907 457 462
983 1009 577 682
18 580 850 861
7 1056 744 791
1005 1006 554 888
996 1047 647 651
44 303 633 754
943 956 505 670
722 723 465 802
429 537 648 720
631 891 167 605
1254 1255 314 394
1135 1202 59 399
1223 1237 181 222
1024 1074 633 767
806 1017 281 373
1071 1119 812 865
40 45 13 780
1011 1029 190 870
1191 1254 542 553
479 735 623 739
1153 1240 525 530
859 878 657 732
458 459 598 603
1036 1063 53 202
678 745 404 648
1221 1234 4 599
855 1025 444 495
688 1004 791 862
206 423 767 865
436 1235 870 902
883 921 63 73
687 690 623 886
1047 1060 557 827
348 387 652 657
189 253 161 205
979 1140 384 626
420 1017 73 239
407 1230 16 42
250 305 766 792
256 509 275 520
1053 1059 492 517
932 938 914 916
648 901 5 244
1030 1201 912 915
90 111 188 245
358 950 57 89
706 855 681 684
28 225 518 904
74 157 903 911
546 1076 458 534
436 442 400 620
948 966 276 286
346 356 457 466
934 1148 202 343
241 285 677 879
1015 1106 887 891
43 73 266 366
842 1020 34 359
35 1030 666 880
83 86 744 745
548 554 519 723
570 755 758 847
954 974 461 481
880 1079 376 486
1054 1093 711 753
621 966 517 741
1042 1043 631 737
714 818 621 866
639 662 740 751
150 937 374 410
872 1021 792 886
1227 1228 620 816
158 563 893 896
1074 1094 769 794
1234 1235 565 867
1215 1216 360 854
539 560 707 712
1113 1257 687 694
697 956 570 617
1255 1257 361 883
886 1049 634 635
501 555 396 398
1074 1076 360 797
448 462 840 874
285 447 297 298
1060 1072 229 576
1214 1233 262 314
1223 1233 903 904
467 659 148 152
984 989 634 724
739 741 737 851
792 865 320 395
222 226 618 909
310 593 746 772
264 1248 716 740
219 320 688 791
435 459 557 789
1155 1221 774 803
335 411 510 786
559 683 59 82
185 195 462 654
10 571 744 807
539 569 751 752
1058 1059 377 537
549 1060 624 730
461 509 171 301
240 842 681 702
799 829 903 916
1068 1233 731 732
838 937 774 898
680 882 133 736
865 920 393 892
341 1096 668 669
659 678 584 731
753 908 206 436
1084 1194 649 811
257 285 775 788
217 316 676 698
51 1158 835 836
587 601 265 646
1146 1152 356 357
0 12 551 552
358 818 66 94
770 775 787 805
1251 1252 227 701
707 728 233 316
639 753 822 823
741 884 215 591
279 436 309 310
1141 1231 484 565
86 1018 760 866
230 443 114 434
325 1231 542 664
1164 1165 718 863
1030 1040 618 747
663 702 398 798
955 1161 544 630
538 739 853 863
971 1017 573 683
1226 1227 588 786
1239 1245 45 498
425 471 524 790
677 1015 609 723
709 719 654 829
1112 1242 257 273
534 554 778 826
879 1098 126 127
1123 1131 670 768
969 986 455 820
888 986 293 296
1106 1114 599 646
1168 1194 120 286
923 924 372 466
1149 1150 642 643
263 334 632 662
334 603 354 590
59 280 705 750
155 229 320 349
742 744 572 630
865 888 613 698
597 705 407 410
364 882 489 861
1165 1224 569 637
12 393 98 132
778 912 210 216
909 927 722 740
608 662 614 690
871 927 768 773
594 596 721 735
1078 1174 897 906
1166 1228 198 693
945 955 599 822
106 704 847 856
450 854 730 761
484 1143 505 563
610 611 505 677
1233 1256 897 904
975 1070 280 292
946 1134 439 508
67 629 357 383
1139 1204 293 308
281 708 777 909
1181 1193 344 348
1005 1149 642 803
266 405 607 660
1237 1238 829 860
179 658 728 795
935 1098 504 566
115 893 6 8
87 171 674 676
1070 1200 84 897
735 1162 534 662
944 988 498 733
204 1074 539 582
1159 1169 539 587
1005 1144 902 903
621 953 606 753
606 651 676 737
937 1053 597 598
658 757 638 677
1027 1194 116 121
889 1080 176 573
804 858 143 150
666 1189 278 656
1190 1199 879 880
24 205 5 52
237 1241 566 759
1239 1250 530 887
22 120 20 141
193 195 232 238
1224 1232 224 490
1128 1203 19 514
267 692 703 831
1098 1142 83 208
662 794 94 389
1127 1168 93 459
254 291 299 320
1164 1193 901 905
931 955 344 359
669 853 712 854
178 423 115 116
545 774 398 567
330 401 107 667
50 861 241 425
934 1087 643 752
83 857 466 554
13 649 775 776
333 402 319 329
773 1049 324 551
741 895 243 272
469 512 913 914
1107 1115 86 105
181 868 861 898
454 870 578 579
215 227 464 863
176 497 238 710
492 538 374 416
622 766 570 693
7 602 458 580
920 966 682 823
311 312 320 566
77 641 775 808
498 521 528 687
975 1142 590 674
1254 1255 585 699
595 667 83 770
872 999 2 548
248 704 136 344
506 576 677 678
1001 1131 232 380
57 803 869 892
673 824 260 368
551 671 631 689
116 742 484 779
1210 1224 489 492
818 846 697 698
1145 1166 873 879
257 669 778 788
131 565 23 676
639 1122 864 886
523 535 79 474
176 293 627 683
174 217 318 549
610 980 531 853
312 1050 608 723
1113 1128 901 907
858 942 442 651
691 1105 226 232
1090 1137 663 756
1089 1099 613 662
1062 1219 662 758
651 1248 368 587
814 844 448 691
837 901 231 471
306 863 576 580
955 968 55 124
345 377 894 904
965 1175 225 275
121 378 642 731
743 744 227 720
765 1246 215 766
1242 1256 156 159
966 1095 609 611
129 154 689 776
529 724 764 776
249 655 66 118
442 672 416 710
731 751 756 884
626 1054 291 296
22 260 206 629
1048 1131 884 910
62 101 447 472
121 710 399 431
607 634 569 628
319 362 552 635
1024 1048 469 875
89 243 380 611
385 736 157 764
595 1029 410 587
735 1094 815 826
714 846 264 551
878 923 591 787
305 453 26 32
888 977 639 692
151 982 725 811
1121 1142 639 773
975 1001 832 838
141 780 616 655
1164 1183 807 832
362 630 150 151
394 464 751 752
324 398 756 819
659 711 793 804
696 976 885 904
259 474 719 785
406 746 890 891
68 772 10 11
1052 1114 180 543
1082 1100 202 214
465 535 640 646
882 1166 797 806
47 528 216 533
358 404 313 338
7 8 650 836
53 591 691 818
974 1029 192 353
864 891 815 816
1172 1187 86 388
572 578 262 810
588 663 229 448
640 685 380 476
898 906 211 562
1223 1240 804 884
1131 1142 863 866
956 1233 885 899
310 1195 281 768
744 844 571 888
625 1115 908 909
273 517 697 775
485 589 226 744
976 1212 886 887
429 433 741 779
727 785 300 656
819 1026 841 854
399 916 483 489
606 609 466 657
444 637 815 840
924 1001 342 414
708 825 401 405
457 459 591 711
15 165 528 606
231 237 352 360
99 468 770 771
1188 1189 171 421
797 1094 491 569
339 670 330 769
1219 1251 752 767
1076 1191 11 643
32 1085 572 593
285 295 174 785
906 1042 497 828
971 1054 328 657
396 415 455 725
915 978 870 874
383 1155 581 757
891 1008 167 433
1015 1208 689 789
354 1084 131 355
1224 1230 871 874
992 993 243 837
105 172 460 735
1217 1235 188 246
347 716 515 871
228 866 332 712
430 595 337 362
118 122 222 465
593 874 678 806
195 413 406 874
1 62 783 813
1147 1206 675 689
682 1120 507 543
863 1177 187 797
473 592 51 467
682 1063 292 467
1120 1135 816 830
832 848 500 767
36 575 72 746
165 882 8 420
341 854 130 160
927 1214 190 354
86 1142 674 698
1227 1228 829 857
291 938 18 516
752 1031 694 765
1082 1185 328 527
165 970 904 906
843 1234 122 131
978 1004 40 523
457 972 263 631
3 49 144 842
865 875 692 693
109 582 290 335
1234 1236 66 248
680 717 914 915
553 707 98 143
489 1054 716 817
918 919 681 701
333 534 170 255
204 573 592 818
366 803 780 891
89 281 391 396
740 793 318 322
1019 1082 112 345
205 252 254 317
821 1074 300 804
294 441 630 637
958 993 792 850
833 853 599 731
50 1081 526 570
1152 1208 242 248
984 1027 306 337
704 762 506 512
1106 1216 264 769
762 808 658 659
413 630 860 861
1006 1030 618 663
647 785 655 780
210 286 183 237
1156 1245 181 217
286 644 539 734
616 664 381 459
990 992 451 554
447 649 313 863
611 785 82 503
249 255 659 754
471 489 85 135
797 949 428 481
1171 1202 600 719
507 508 313 686
975 1146 799 802
515 1240 897 904
1027 1194 45 309
104 386 278 625
409 893 147 429
508 963 372 633
978 1156 151 315
1212 1227 668 693
124 774 575 794
295 299 592 595
663 1212 78 774
1105 1110 651 820
1054 1085 314 696
988 1093 665 748
330 1150 788 790
158 292 439 634
442 788 860 870
1188 1203 357 644
922 924 633 819
997 1060 342 357
228 764 73 104
749 858 913 914
757 916 624 752
555 967 314 389
675 688 355 518
147 797 493 494
936 980 650 654
1238 1240 875 877
410 491 93 145
763 818 457 718
663 845 199 538
540 900 530 554
104 275 769 776
194 518 129 399
1250 1257 274 283
850 1229 27 453
292 573 115 718
584 1015 37 496
1080 1082 602 838
1024 1111 439 702
610 623 198 316
534 802 521 561
792 806 542 543
750 764 431 811
878 1163 818 834
241 1131 826 881
751 910 444 626
129 630 445 900
283 996 540 592
1224 1238 912 913
113 508 155 219
749 1057 483 650
1242 1243 741 742
1176 1246 330 537
895 919 631 647
624 674 186 249
522 896 748 757
763 789 767 769
287 759 81 152
58 140 353 763
240 257 531 532
871 902 432 536
888 889 212 393
179 489 278 471
247 863 527 595
1144 1172 443 634
1218 1231 142 182
406 1139 164 467
111 208 466 473
293 1073 142 475
605 1002 534 537
257 270 586 652
1137 1206 865 880
1126 1130 666 843
782 1144 114 635
42 582 244 401
136 289 498 643
480 1198 826 896
1215 1216 222 251
96 97 833 856
60 63 738 739
407 937 296 387
164 517 179 332
546 556 256 263
1174 1222 507 776
1204 1238 28 82
397 1172 133 441
1096 1107 90 150
1128 1140 341 627
524 637 617 659
648 745 54 288
832 858 378 805
1207 1245 553 641
704 967 331 655
204 305 444 452
242 413 719 795
478 587 456 582
140 141 822 870
1217 1238 907 908
1214 1251 637 687
656 804 136 420
138 432 438 793
293 794 398 522
930 1162 4 119
771 783 199 242
1213 1218 858 904
456 790 744 808
202 314 275 326
740 794 20 613
1229 1230 648 851
1002 1090 222 236
296 713 644 914
685 770 339 843
841 1029 32 801
173 1164 520 523
935 1002 695 813
126 1104 160 669
734 800 336 459
918 1212 282 290
1094 1205 885 908
1167 1186 457 761
568 571 826 911
377 1254 591 632
67 134 574 780
802 940 86 256
456 595 700 731
104 730 60 206
1187 1229 835 880
142 881 281 464
648 668 316 855
495 825 314 413
1186 1187 461 602
968 1096 744 745
881 962 753 820
973 974 135 429
669 685 752 754
361 571 570 858
568 768 317 672
1088 1129 881 910
1067 1083 378 913
196 1003 771 794
