1528 1158 223
1378 1444 239 574
448 827 1121 1155
21 22 33 121
1263 1384 528 979
508 554 1085 1086
876 904 910 912
666 930 4 44
824 951 1003 1126
313 743 987 1005
747 847 466 484
292 689 846 874
329 1481 358 781
438 814 10 500
1059 1385 185 643
677 744 867 874
611 619 853 1107
238 958 1065 1066
1465 1508 1056 1096
268 839 471 672
333 493 1156 1157
878 1115 332 357
690 1014 1043 1104
550 1265 200 1124
224 228 1108 1142
398 1250 101 323
418 508 378 401
538 545 987 1023
1429 1512 320 1121
493 1280 339 868
981 1003 1066 1109
426 734 540 610
1499 1507 2 445
1243 1308 1075 1085
432 950 1023 1049
299 992 450 1043
91 609 1051 1146
706 938 951 1015
266 746 578 632
908 1097 54 436
741 819 400 514
757 1076 903 970
392 1459 177 642
893 905 794 896
1202 1203 499 514
1029 1081 400 855
839 1309 235 691
1194 1234 49 372
1526 1527 1098 1102
8 766 258 960
132 365 1051 1085
1266 1267 465 803
807 836 94 394
1329 1422 447 456
980 1275 849 1018
218 1411 1121 1122
396 423 215 222
721 785 905 911
929 1340 801 886
1347 1421 882 1150
1409 1418 865 879
578 584 756 1063
1310 1313 591 832
513 690 150 572
123 780 288 481
996 1400 141 161
828 1411 991 996
1294 1336 144 1004
641 1131 303 921
1331 1334 1141 1154
1402 1468 668 673
1328 1373 285 376
468 1117 277 798
1041 1099 33 63
1303 1354 737 1014
1058 1172 282 1037
277 331 228 419
1422 1447 161 736
516 929 417 454
1296 1366 432 601
904 1041 778 821
842 959 1003 1086
276 1510 669 770
1178 1180 1111 1150
745 757 511 971
1326 1389 752 768
188 1108 27 153
1155 1166 687 760
1314 1347 162 644
101 118 140 160
926 1458 321 523
1169 1284 707 712
1082 1354 252 1136
707 720 910 1092
240 408 1054 1055
476 496 823 979
471 720 142 1048
973 1101 1115 1121
633 1069 116 934
286 431 411 705
954 1253 11 38
91 218 843 897
1260 1314 709 826
511 848 454 455
1410 1424 288 876
526 1382 959 1029
836 1067 84 123
521 1155 952 976
865 1329 961 982
1174 1196 1144 1147
686 704 280 282
1456 1495 45 578
1211 1298 790 1146
1141 1459 1028 1030
1382 1425 778 943
1436 1521 488 626
1029 1039 642 644
426 1345 538 1001
1349 1434 158 848
694 937 1073 1129
13 929 751 984
490 980 1029 1030
959 1047 803 808
687 1344 387 939
1221 1344 550 995
1329 1403 112 1068
726 897 801 802
1199 1309 92 491
14 16 350 460
12 37 373 846
1432 1448 232 474
528 697 580 625
842 896 973 977
176 1344 1019 1020
229 1499 960 1023
498 500 236 246
1167 1177 1030 1136
1449 1506 468 669
1399 1525 925 934
469 609 923 982
1243 1291 680 682
505 1128 406 1022
1326 1420 780 792
834 835 251 435
1038 1139 866 867
42 1330 488 1106
1302 1355 994 1099
82 91 1034 1049
695 819 528 547
1084 1122 551 740
795 823 38 54
127 261 474 1109
1497 1498 253 639
1487 1491 32 752
912 1009 43 65
1367 1380 311 344
1364 1373 715 1033
1341 1379 1023 1034
1005 1006 197 937
894 1223 781 790
1038 1178 265 1017
1451 1454 526 619
310 665 357 379
588 1342 535 919
499 587 88 1000
1480 1504 101 112
1508 1527 530 544
1481 1486 114 338
810 1182 1101 1105
991 1374 466 469
48 1451 847 866
788 1384 364 383
206 228 991 995
1319 1394 962 1119
449 1403 337 412
166 907 766 957
215 320 28 931
677 887 827 1024
1342 1479 418 597
985 1309 538 1029
1256 1278 557 613
88 1138 1000 1049
74 94 1103 1138
1026 1036 736 907
587 828 533 716
965 1269 1148 1149
297 335 202 672
298 1134 962 973
244 449 658 843
1098 1099 490 817
1524 1525 1137 1138
578 1125 59 399
70 282 890 1058
466 1034 138 997
42 522 500 513
990 1231 1140 1157
1139 1142 517 535
274 710 1048 1125
881 1473 108 720
796 896 509 722
1175 1454 937 939
1127 1462 4 168
413 554 513 595
1329 1440 231 753
116 1247 645 731
572 1448 87 232
1357 1422 352 1126
824 988 177 475
787 795 825 856
380 1411 1055 1066
1429 1435 1134 1157
1482 1505 934 1045
760 762 1048 1049
1368 1373 821 1034
1359 1363 295 465
1151 1244 1151 1152
122 454 589 756
906 1378 400 628
919 1416 125 340
442 1214 1064 1120
242 1481 650 660
656 819 52 750
1045 1063 403 610
538 542 1086 1144
