1065 657 21
1721 644 677
3977 547 322
4533 853 753
6873 772 4
7516 158 647
10042 547 315
10795 220 930
13363 445 451
14076 858 297
17050 72 909
17908 930 810
19361 901 335
20236 378 859
23040 932 273
23454 841 572
25758 337 869
26109 688 988
28251 981 654
29742 139 137
31771 528 837
32291 689 317
34291 233 542
35075 755 259
36829 690 535
37602 191 869
40082 428 678
40752 812 8
42039 618 11
42878 736 206
45803 982 269
46985 755 965
49386 354 239
49851 819 618
51190 905 462
52038 443 21
55039 890 890
55468 461 970
57312 195 352
57712 595 612
59254 635 142
59311 578 161
61379 458 202
62605 562 918
65372 40 259
65769 437 94
67577 947 958
68088 808 447
69940 315 843
70287 283 496
72080 794 8
73062 855 990
75494 210 645
75995 711 441
78028 80 676
78425 477 866
80885 843 228
81458 270 157
83594 440 394
84432 94 98
87555 840 901
88410 864 46
90725 282 842
91548 770 19
93083 183 332
93761 317 636
96169 937 38
96897 346 722
99521 882 145
100710 53 270
103213 356 758
103561 8 696
106021 715 7
106561 993 345
109720 394 690
110387 861 577
111986 844 546
112483 469 573
114504 257 969
115561 81 9
117848 520 848
118515 574 181
119993 753 498
120700 674 174
123490 415 160
124317 379 470
127129 355 904
127653 765 380
129863 83 528
130058 244 333
131800 601 655
132484 825 183
134715 186 797
135060 49 651
138566 838 390
138846 801 670
140761 411 826
141996 444 187
143816 903 380
144511 208 287
146480 485 276
147177 382 973
149311 966 132
149976 301 740
151962 904 14
152618 248 258
154675 418 808
155156 461 327
157024 57 433
157527 560 559
159835 145 743
160917 796 235
163763 195 478
163975 406 266
166128 796 204
166709 215 608
169007 819 576
169692 134 224
171136 551 268
171576 344 708
173687 319 222
174133 187 668
175844 118 847
176402 124 937
178469 163 780
179117 583 132
181867 753 963
182413 207 891
183749 381 289
184020 541 18
186656 269 696
187349 889 3
189160 242 908
189752 533 316
191627 214 598
192332 841 774
194620 598 665
195471 861 985
197867 744 451
198528 698 997
201840 205 35
202467 832 130
204557 208 657
204799 411 528
206988 19 808
208051 342 19
209781 14 395
210783 434 642
213441 529 348
213886 623 95
215669 598 131
217133 937 819
218768 831 525
219197 402 288
220842 524 236
221691 658 352
224369 340 440
225191 112 777
227983 669 242
228931 967 885
231600 3 722
232150 553 608
233972 756 217
234584 871 829
236691 127 655
237569 810 530
239997 49 27
240673 725 635
242610 856 400
243491 757 714
246161 927 578
247271 502 657
249136 792 804
250487 102 436
252626 746 340
253367 885 873
255505 585 209
256132 601 836
258557 316 511
259156 66 960
261122 353 545
261769 428 825
264189 845 225
264721 313 198
267019 355 821
267600 177 240
269636 111 826
270086 24 674
272980 250 126
273583 38 729
275074 17 760
276501 653 320
278443 380 669
278744 463 368
281734 487 971
282296 432 450
284911 12 271
285634 735 20
288336 589 888
288459 712 925
290978 783 180
291389 372 582
293303 946 795
293454 967 644
295122 887 814
296307 372 807
298600 868 173
299257 945 830
301745 575 133
301933 387 282
303637 185 330
304515 461 292
306600 355 653
307131 178 122
309915 677 544
310325 656 954
312788 416 685
313184 812 315
314882 703 309
315293 461 600
318275 797 349
318512 963 586
320964 292 738
321470 738 232
323401 196 593
323692 344 382
325595 230 310
326852 574 968
328602 982 898
329889 84 554
331576 126 361
332652 222 971
334845 375 290
335312 842 450
337799 158 467
338089 448 645
340585 864 944
341698 149 74
343587 908 109
344041 825 544
346249 773 150
347507 530 885
349103 318 896
350171 450 595
352748 645 140
353564 615 956
356125 176 148
356545 596 363
358764 944 559
359333 918 25
362328 111 6
362461 31 139
365036 501 767
365219 318 762
367528 433 83
368008 913 345
369605 306 118
370446 820 254
373587 451 983
373777 641 991
376635 167 150
377194 726 572
379449 106 224
380314 971 259
381999 477 685
383137 651 19
385773 106 304
385928 261 158
387862 412 127
388877 107 516
391629 694 954
392293 542 522
394575 919 997
394917 653 980
397561 563 455
398329 347 752
400643 251 294
401748 951 339
404632 214 282
405128 531 778
407539 118 917
408647 696 268
411353 673 877
411590 792 640
414085 949 239
415387 132 399
417665 319 984
417766 289 883
420140 651 263
420947 835 820
423315 514 926
424024 957 217
426279 483 542
426586 283 235
429501 853 543
430440 189 143
433378 74 831
434098 427 111
435337 537 200
436592 785 635
438592 902 582
439157 464 17
441864 607 925
441923 548 884
444796 485 389
445155 126 156
447629 913 228
448218 324 409
450118 977 817
450698 397 538
452882 612 811
453452 699 745
455864 543 617
456986 845 244
459946 99 517
460042 195 457
462315 710 993
462477 872 926
464813 400 134
465272 859 166
466778 188 269
467410 795 503
469788 538 397
469952 549 561
473045 31 564
473806 36 178
476883 933 469
477159 657 521
478974 447 898
479489 962 712
482005 664 483
482262 715 740
484802 678 760
485806 120 318
488992 892 535
489439 445 287
492219 356 788
493267 117 83
495629 930 396
496488 71 8
498560 748 993
498889 800 664
500902 360 712
501184 479 430
503793 116 225
504920 820 155
507180 678 174
507355 853 79
510229 144 929
510906 821 943
513162 420 100
513198 384 66
516021 888 919
516477 432 656
517628 435 366
518752 963 921
521514 295 117
522110 788 229
524678 783 493
525188 557 125
527243 980 455
528069 427 52
530335 654 747
530923 66 265
533259 421 284
533823 985 27
535868 944 394
536955 70 652
538989 239 851
539435 438 777
542045 896 426
542751 566 57
544690 810 197
545395 105 479
546984 643 614
547286 945 369
548755 785 678
549838 171 716
552374 617 108
552683 926 139
555238 268 720
555414 105 544
558114 606 979
558966 111 734
561260 198 422
561463 268 406
564411 291 902
564982 257 331
567464 469 932
568236 628 418
569936 757 204
570842 15 941
572604 350 911
572944 492 994
575777 601 863
577232 184 34
579055 672 536
579739 110 319
581707 619 199
582643 160 216
585659 675 115
586309 506 765
588625 262 131
589222 540 378
591552 207 189
592817 961 326
595462 844 858
595957 349 862
597751 811 639
598507 192 964
601414 194 195
601905 619 686
603761 417 203
604401 655 843
606152 781 123
606453 480 166
609268 901 531
609999 268 769
611955 623 781
612466 274 270
614105 263 27
614716 367 507
616949 950 444
617884 15 358
619643 413 58
621010 663 927
623341 620 662
623985 823 727
627080 579 354
627310 800 519
630112 399 75
630612 245 166
634163 960 948
634440 898 671
637013 145 897
637354 171 756
639790 380 728
640443 836 75
642878 92 30
643526 4 678
645471 343 948
646424 688 16
648063 709 411
648777 515 812
651206 147 167
651880 821 388
653801 797 116
655102 837 887
657096 731 842
657795 32 951
660842 885 980
661461 266 541
663732 622 861
664556 718 37
666213 228 226
666766 296 779
669100 678 163
669892 981 759
672535 189 497
673198 852 770
674702 796 99
675450 271 555
677603 933 652
678400 136 867
680130 50 39
680718 322 627
682625 835 517
683375 659 903
685837 745 595
686667 493 239
689427 567 391
689949 484 98
692394 627 386
692490 723 332
695618 909 806
695909 695 515
698219 234 60
698919 810 760
701132 482 117
703037 123 71
705306 59 699
707705 630 500
709891 477 954
712487 438 589
715536 22 294
718263 448 985
720776 312 701
722845 299 788
726185 598 149
728833 607 563
731518 411 373
733859 358 643
736050 691 248
738434 998 208
741147 710 200
743464 787 805
746172 430 48
749063 201 991
750893 974 397
753145 698 313
756105 395 260
759176 964 227
761857 282 991
764638 455 67
766052 372 405
768459 72 761
770483 125 473
773308 821 539
774833 728 625
777505 879 296
779991 800 931
782257 574 694
785591 172 17
787525 273 137
789933 459 269
792822 828 849
794291 838 883
796557 830 733
799271 179 994
801915 510 427
803668 568 747
806343 313 126
808968 451 702
810949 60 287
814217 815 29
816049 593 340
819242 309 955
822043 619 131
823834 989 732
826207 130 643
828219 888 847
831038 635 227
832632 690 260
834914 877 125
837647 584 258
839765 754 213
843026 444 707
844684 596 568
847235 325 347
850193 872 379
852383 666 716
855517 726 5
857776 642 369
860585 722 97
863165 857 704
865315 819 420
868447 215 760
870756 193 163
872779 429 65
875419 531 717
877311 978 173
879712 647 568
881618 813 761
884100 252 546
886507 822 456
888857 121 136
890825 790 337
893503 374 875
895845 661 514
898442 194 918
900533 378 487
902536 564 381
905374 887 908
907821 122 235
910700 92 883
912654 613 746
915666 620 132
917718 171 355
919941 314 586
922439 731 309
925165 388 311
927814 517 380
931051 210 847
933731 607 74
936428 446 970
938069 468 497
939841 223 740
942538 536 58
945035 708 555
947305 108 162
950251 945 517
952164 923 102
954263 452 339
956923 928 30
959563 59 40
962022 847 525
963518 615 241
966449 829 483
969481 461 424
972388 778 234
974395 964 133
977558 871 999
980423 498 53
982125 593 500
984659 311 849
987395 678 183
989727 612 921
991914 273 799
994925 943 228
997549 581 845
999646 275 758
1002602 847 927
1005233 590 526
1007217 901 141
1009925 568 2
1012495 161 326
1015383 588 465
1017144 597 455
1019922 697 144
1022633 184 752
1024828 490 402
1027794 481 994
1029383 300 907
1031536 56 848
1034245 602 198
1037164 42 942
1039946 946 829
1041924 587 462
1043838 306 529
1046864 798 955
1048546 836 781
1051583 432 236
1053945 916 22
1056090 936 551
1058153 344 751
1061047 630 50
1063585 433 872
1065953 381 46
1067791 346 710
1069709 875 794
1071560 548 968
1074518 865 177
1076292 746 140
1079587 420 576
1081946 974 118
1084447 304 650
1086787 670 959
1089581 440 573
1092345 811 675
1095080 836 910
1097739 583 246
1099869 615 198
1103217 542 808
1106235 943 102
1108740 703 718
1110360 906 482
1112727 592 774
1115320 467 277
1117196 434 650
1119101 319 871
1121397 138 507
1124107 989 225
1126080 544 927
1127844 671 896
1130964 18 14
1133037 632 969
1135319 847 356
1137677 14 271
1139453 438 547
1141487 774 455
1144172 680 554
1146616 702 198
1149104 338 957
1151889 75 36
1154058 113 429
1156783 789 846
1159630 243 457
1161446 328 819
1163512 756 635
1165754 389 614
1167984 320 99
1170361 750 991
1172169 589 704
1174406 671 389
1177393 886 861
1180113 440 614
1182561 540 369
1185183 226 177
1187972 82 261
1190624 495 296
1193354 31 663
1195503 381 50
1197453 419 60
1200359 906 507
1202655 334 646
1204852 449 922
1207276 85 779
1210048 487 808
1211929 687 546
1214090 277 969
1216308 442 555
1218976 871 615
1221038 654 588
1224127 797 990
1226990 777 668
1229533 259 734
1232225 976 547
1234045 876 108
1236409 396 888
1238476 594 41
1240007 301 419
1242354 323 673
1244685 863 319
1247628 547 964
1250500 7 127
1252610 223 548
1255501 804 650
1258417 394 128
1261048 201 858
1263478 123 136
1266317 320 995
1268368 817 612
1270844 658 929
1273582 371 295
1275506 922 798
1277505 848 248
1280126 136 934
1283031 197 50
1285467 210 493
1288435 772 713
1290485 252 101
1292860 962 283
1295321 148 497
1297441 449 359
1300303 101 524
1302630 549 364
1305737 365 967
1307647 688 705
1309680 622 986
1311993 627 783
1314548 540 428
1317039 974 519
1320284 94 195
1322238 268 460
1324741 10 953
1327892 771 974
1329821 907 429
1332738 892 903
1334677 717 608
1336928 554 257
1339548 56 227
1341416 88 278
1344183 295 282
1347150 818 426
1349344 661 698
1351759 526 766
1354192 737 542
1356692 672 709
1359368 185 851
1361635 598 296
1364211 886 0
1366523 411 23
1368972 189 296
1371386 403 649
1373795 108 776
1376233 642 793
1378287 643 980
1381216 205 818
1384004 369 138
1386164 532 381
1389021 601 53
1391143 416 503
1393908 824 439
1396734 158 500
1399159 872 94
1401595 398 156
1403835 581 695
1405667 294 324
1407399 377 427
1409691 482 385
1412489 643 949
1414397 473 624
1416296 586 400
1418493 803 410
1421481 156 122
1423221 15 7
1425293 227 179
1428143 643 39
1431288 289 949
1433614 403 623
1435633 748 596
1438282 84 915
1440120 122 413
1442316 98 53
1445581 169 890
1447729 929 571
1450690 136 917
1453023 560 683
1454833 492 449
1457139 174 206
1460022 253 443
1462684 537 574
1465191 971 572
1467605 135 806
1469192 184 854
1472528 991 195
1475165 230 145
1477060 635 186
1479413 831 912
1481783 577 875
1483983 801 810
1486625 131 8
1488148 430 152
1490649 315 684
1492967 60 687
1495795 414 528
1498137 821 111
1500886 858 287
1503834 280 971
1506742 896 6
1509387 841 976
1511144 114 731
1513563 714 143
1515523 566 646
1518170 99 498
1520742 884 909
1522983 711 620
1525551 525 530
1528313 62 504
1530416 468 119
1533118 634 532
1536152 167 446
1538164 442 196
1540734 735 903
1542888 118 231
1544423 278 209
1546382 272 228
1549732 847 760
1551510 614 716
1554168 868 39
1556157 202 314
1558178 889 377
1560380 573 685
1563387 187 338
1565417 423 11
1567953 644 525
1570106 491 257
1573054 58 862
1575192 291 202
1576945 23 358
1579337 668 968
1582024 307 985
1584716 673 632
1586565 702 500
1589251 211 411
1591945 191 35
1594685 539 783
1596902 786 723
1599617 502 597
1602216 24 399
1605199 627 776
1607368 355 128
1609540 632 760
1612266 6 515
1614880 71 63
1617614 578 928
1619984 819 572
1622475 877 457
1625016 291 831
1627832 3 350
1630195 533 797
1632755 772 381
1635067 955 346
1638322 12 800
1640723 576 643
1642724 863 376
1645240 690 813
1647445 48 292
1649838 632 695
1652108 59 378
1654564 506 857
1656954 750 472
1659689 438 137
1662135 535 823
1664251 655 46
1666270 385 224
1668671 968 665
1670785 979 995
1673400 34 159
1675562 456 774
1677813 856 229
1680584 324 201
1682797 697 946
1685366 635 618
1688189 283 464
1690658 789 465
1692636 534 57
1695962 113 948
1697868 688 478
1700531 914 827
1703166 663 793
1706481 43 884
1708611 230 696
1710742 224 403
1713075 15 346
1715382 432 163
1718319 806 634
1721455 120 577
1723271 589 982
1725251 408 696
1728075 969 392
1730161 841 702
1733036 817 915
1735767 103 342
1738176 671 210
1740501 453 245
1743177 552 679
1745281 14 431
1747805 147 812
1750344 736 244
1753219 151 184
1755800 502 161
1757660 291 257
1760260 686 897
1762081 225 534
1763707 194 447
1766002 306 630
1768424 559 56
1770813 671 469
1772863 492 898
1775772 426 421
1778604 547 892
1781401 345 410
1784324 719 963
1786958 51 840
1789061 53 762
1791729 584 16
1793669 931 553
1796515 484 997
1798756 967 309
1801492 925 907
1804189 520 663
1806834 996 387
1809248 151 208
1811356 150 472
1814391 926 300
1816545 921 675
1819398 332 718
1820937 460 721
1823721 579 887
1826374 150 124
1828276 296 160
1831436 89 723
1833748 830 852
1835920 48 143
1837838 449 612
1839786 543 401
1842132 894 829
1844289 732 857
1847561 7 750
1850094 183 452
1852209 596 124
1854733 431 728
1856688 491 414
1858638 364 353
1860742 316 122
1863484 745 336
1865649 887 930
1868182 96 293
1870017 185 435
1872736 791 476
1874390 933 259
1877298 419 363
1879631 971 632
1881667 457 162
1883653 494 174
1886758 115 256
1889076 479 395
1891133 474 770
1893286 748 291
1895880 818 176
1898754 136 73
1901197 233 347
1904017 884 469
1906865 257 634
1908709 728 370
1910568 398 479
1913211 67 219
1915571 16 485
1918156 867 224
1920725 338 367
1923047 776 844
1925117 665 773
1928344 204 900
1930172 407 611
1933104 705 861
1935654 671 34
1938255 701 668
1940277 835 468
1942509 429 900
1944402 218 769
1946734 349 876
1949291 692 510
1951250 367 377
1953918 904 287
1956553 135 678
1958500 593 963
1960851 337 390
1962949 549 190
1965852 345 730
