1000 1000
1000
0 663 493
218 466 743
2996 547 135
3713 352 532
6206 285 488
6402 365 956
9288 826 926
9927 855 707
12724 56 629
12823 852 449
15091 121 55
15641 883 205
18394 448 372
18717 569 50
20976 913 949
21520 374 726
24376 356 611
24663 300 906
27107 626 283
28083 49 652
31015 258 793
31440 964 445
33813 642 122
34267 486 137
36508 729 898
37002 601 394
39809 736 912
40535 883 642
43314 530 702
43440 31 581
46227 162 665
46395 875 872
48897 585 726
49714 626 241
52260 19 550
52868 996 452
55401 38 167
55497 976 247
57990 379 647
58414 902 995
60637 331 982
61440 419 100
64301 62 497
64743 362 277
67533 905 469
68397 158 359
71262 98 697
71981 24 199
74300 814 270
74867 4 819
77198 926 173
77504 419 124
80393 445 591
81089 230 416
83341 724 748
83529 872 397
86110 279 14
86110 107 924
88479 472 6
89342 89 200
92162 968 393
93070 620 547
95259 636 621
95595 579 710
97753 479 91
98541 207 594
100541 239 844
101320 635 371
103563 988 529
103898 419 661
106779 473 996
106920 124 794
109132 527 648
110090 387 696
112206 510 427
112478 924 918
114478 533 366
114622 195 244
116874 691 629
117762 367 23
119762 980 428
119858 717 635
122000 100 254
122729 654 483
125693 809 333
125784 705 245
127784 819 546
127931 441 816
130620 715 973
130937 668 295
133437 971 660
134342 468 448
136792 720 844
137412 167 892
139727 622 416
140184 761 592
142804 114 855
143363 703 431
145444 629 770
145732 375 132
147883 84 520
148622 975 400
151096 349 63
151563 847 946
153916 318 449
154088 136 501
156885 247 495
157769 811 907
159964 198 779
160851 587 383
163133 425 580
163633 287 173
166233 794 240
166321 858 959
168321 674 977
168321 591 292
170504 183 652
170883 182 94
173481 147 710
174265 253 345
176682 519 108
176682 89 757
178682 989 108
178686 621 49
181065 983 651
181661 579 366
183973 108 223
183997 163 634
186809 72 958
186809 831 993
189787 807 32
189787 347 94
191857 106 899
194286 21 69
197233 933 780
199329 65 399
201489 884 55
204330 113 870
207227 813 803
209371 980 470
211883 873 38
213946 724 889
216454 440 205
218555 741 305
220987 937 792
223908 14 802
226444 590 798
228765 37 53
231079 671 725
233981 160 322
236208 146 212
238832 970 571
241256 830 567
243481 637 689
245628 549 900
247659 118 316
249659 841 700
252211 356 57
254637 113 81
256661 249 977
259368 472 452
261646 290 343
264492 900 867
267118 436 769
269518 698 979
272477 775 104
275233 464 567
277681 192 216
279681 847 174
282246 490 227
284649 287 157
287188 890 2
289391 848 156
291999 672 711
294728 520 112
296852 275 2
299295 158 220
301297 737 276
303555 844 814
306162 772 829
308205 677 694
310932 171 328
312932 698 668
315621 67 709
318012 449 283
320932 416 594
323514 244 582
325584 598 749
327584 322 259
330214 33 198
332956 515 971
335298 775 987
337345 159 979
339531 736 183
342091 255 271
344476 317 931
346898 972 932
349681 537 275
351880 359 870
354673 511 471
357125 221 971
359837 290 100
362096 322 979
364721 712 103
367109 500 212
370031 885 410
372635 876 136
375335 804 217
378019 938 22
380963 108 37
383764 772 82
386047 940 289
388682 248 883
390855 114 924
393629 20 243
395629 627 118
398477 913 743
400477 597 691
402892 439 71
404931 221 415
406931 347 774
408988 16 573
411353 432 407
414172 713 201
416631 693 149
419518 765 112
421518 113 69
423527 310 561
425545 192 997
428302 488 702
430394 973 880
433165 330 770
436165 37 803
438891 980 334
441537 261 549
444427 497 76
447291 27 529
449838 995 610
452571 560 705
455232 53 463
457232 356 497
460138 223 299
462980 35 134
465782 529 546
467782 457 33
470710 676 48
472886 975 619
474886 464 69
477298 93 498
480147 573 743
482804 656 283
485393 207 555
487909 974 57
490353 559 38
492553 745 580
495365 544 790
498151 326 135
501085 720 584
503085 799 220
505950 545 711
508080 648 234
510646 752 134
512654 436 448
515089 500 74
517661 765 801
520420 887 506
522420 902 362
524638 191 123
526754 93 285
529657 745 994
531779 920 497
534325 539 945
537322 262 860
540073 401 273
542073 986 132
545068 218 181
547135 439 464
549277 927 158
552002 101 837
554937 406 820
557162 707 866
559688 97 454
562071 292 363
564723 589 245
567039 939 505
569931 62 474
572901 279 22
575704 708 515
577704 569 772
579704 52 981
581932 240 13
584129 903 387
586582 135 9
589511 504 155
591631 548 724
594531 595 465
597227 408 455
599836 726 603
602040 574 44
604803 723 228
607457 324 212
609878 167 851
612737 140 142
615148 419 663
617583 485 46
620327 83 361
622462 146 626
624662 816 974
626970 575 546
629532 479 974
631793 849 751
634406 947 613
636884 910 485
639160 97 211
641329 205 802
643582 369 583
646255 195 103
648345 352 463
651237 837 561
653421 803 436
656142 663 67
658744 681 410
661736 718 607
664694 859 87
666694 48 33
669520 292 128
672203 190 95
674352 131 196
676691 667 533
679125 864 177
681974 328 507
684172 442 776
686330 53 464
689118 160 868
691770 813 812
694209 751 199
696319 684 476
699211 428 815
701711 26 178
703729 645 452
706688 608 165
708688 590 913
710688 84 906
713343 773 313
716215 279 590
718261 593 670
720654 84 116
722989 871 543
725703 867 737
728280 134 907
730407 553 631
733334 347 454
735692 319 36
737692 855 389
740397 749 35
743092 30 120
745514 517 534
747731 459 925
750325 276 52
752751 755 620
754861 419 470
757408 299 445
759532 903 251
761791 551 336
764656 15 218
767195 830 316
769989 183 245
771989 234 375
774431 361 751
776679 304 976
779671 488 947
782005 387 509
784186 724 991
786607 263 326
789248 478 960
791629 999 986
794530 634 826
796633 521 855
799046 787 534
801072 196 793
804002 85 700
806075 383 755
808738 534 963
810757 471 140
813635 874 389
815635 436 103
818235 685 382
820837 995 206
823473 408 262
826011 252 435
828199 163 724
831033 958 180
833363 19 986
835639 92 209
837639 79 21
840129 653 222
842482 767 148
845036 197 592
847778 4 729
850674 494 747
853295 310 981
856277 806 985
859277 593 825
861277 181 148
863765 872 362
865886 989 375
868845 879 623
871748 497 318
874564 913 102
877260 638 53
879260 936 722
881281 400 932
883295 443 813
885978 176 864
888553 142 834
891433 368 907
893448 905 339
896152 268 191
898566 891 819
900683 432 347
902760 599 523
905164 452 61
908087 783 119
910100 702 541
912472 200 592
914478 601 771
916653 409 757
919021 827 605
921021 81 681
923021 849 301
925221 404 95
927341 271 645
930246 848 442
932852 86 165
935210 564 935
938075 223 646
940083 619 226
942284 214 448
944538 958 389
946538 133 551
948665 925 70
951629 652 81
954316 184 435
956927 745 955
959767 902 461
962696 939 247
964696 151 537
966868 977 947
969018 851 450
971018 611 401
974005 843 434
976005 977 567
978321 661 244
980321 423 906
982321 737 662
985075 558 587
987761 182 558
989903 6 863
992372 877 484
994973 834 1
997337 718 81
999479 249 262
1001708 710 233
1004614 168 926
1006711 292 660
1009639 184 159
1012216 526 894
1014496 292 167
1017307 497 630
1019425 722 553
1021521 694 324
1024450 147 968
1027141 176 9
1029276 487 622
1031799 201 69
1034210 729 624
1036948 747 596
1038948 896 688
1041111 51 401
1043536 913 115
1046070 705 998
1048808 163 428
1050842 822 860
1052974 518 442
1055510 272 212
1057728 369 307
1060419 3 735
1062913 393 626
1065679 106 623
1067919 231 944
1070356 367 814
1072781 551 432
1075709 486 641
1077844 771 35
1080369 817 515
1082369 340 873
1084661 331 638
1087210 558 735
1090134 354 312
1092238 585 647
1094910 147 382
1097824 313 377
1100650 121 942
1102888 222 415
1105548 836 4
1107815 127 274
1110064 2 481
1112619 128 879
1115481 453 305
1118377 907 8
1121321 486 430
1124015 755 237
1126015 449 933
1128975 905 824
1131109 170 777
1133915 828 266
1136435 35 267
1138480 742 225
1140540 886 358
1143098 558 597
1145997 386 744
1148797 70 487
1150814 742 587
1153668 834 239
1156147 37 659
1158449 235 759
1160479 725 341
1162994 388 891
1165218 788 681
1167344 858 982
1169561 195 391
1171582 227 383
1174093 543 552
1176725 856 352
1178758 773 750
1181530 875 756
1183656 271 663
1185888 723 743
1187973 550 827
1190025 401 343
1192666 579 989
1195138 491 614
1197942 104 837
1200942 65 382
1203068 648 890
1205416 289 489
1207516 661 42
1210410 72 491
1212958 289 72
1215190 494 934
1217957 416 945
1220789 139 208
1223766 327 493
1226121 948 160
1229003 580 220
1231886 151 821
1234273 561 245
1236845 745 142
1239425 395 442
1242216 99 207
1244216 469 901
1246729 276 728
1249457 465 909
1252456 467 686
1254575 55 702
1256654 199 163
1258769 15 724
1260769 441 630
1262769 264 0
1264987 236 190
1267842 398 842
1270506 722 596
1273456 406 966
1276077 230 567
1278274 624 28
1281068 506 468
1283648 391 913
1286435 695 882
1289336 346 112
1291578 979 508
1294201 785 98
1296995 226 86
1298995 265 788
1301220 346 128
1303227 618 684
1305856 578 647
1308327 113 773
1310575 669 618
1312596 479 620
1314733 128 993
1317316 547 101
1319654 907 796
1321654 639 345
1323724 785 761
1326477 182 479
1329157 212 220
1331157 1 271
1333452 821 135
1335452 361 181
1338214 280 166
1340596 146 66
1343137 622 484
1345455 65 851
1348263 870 885
1350263 452 948
1353128 769 716
1356082 745 171
1358664 484 907
1361186 208 170
1363439 965 580
1366142 245 532
1368823 622 709
1370999 610 61
1373057 63 39
1375431 836 443
1377549 370 297
1379549 475 258
1381764 138 361
1383858 488 882
1386260 489 443
1388771 14 625
1391716 95 612
1394228 13 348
1396228 479 700
1398335 553 338
1401186 297 986
1404012 11 997
1406036 399 502
1408244 860 583
1410282 507 626
1412594 360 302
1415311 925 715
1418269 966 9
1421149 59 705
1423900 476 103
1426796 301 997
1428853 436 295
1431095 890 18
1433095 909 488
1435521 630 670
1437521 757 403
1440331 626 473
1443309 316 105
1445389 195 305
1447828 430 371
1449828 730 871
1452530 45 652
1455452 225 448
1457993 740 600
1460714 46 951
1463365 307 864
1466085 884 321
1468286 859 147
1471279 189 867
1473279 305 888
1475859 80 925
1477979 566 876
1480465 485 666
1482490 88 93
1484490 648 339
1486969 442 875
1489005 678 965
1491215 739 655
1494172 235 217
1496484 921 684
1498916 55 749
1501423 731 701
1504261 428 629
1506315 316 45
1508923 387 253
1511670 189 205
1513999 130 181
1516854 559 380
1518854 16 547
1521561 16 440
1523929 289 522
1526456 748 142
1528751 448 661
1531460 544 161
1534198 536 315
1536462 296 597
1538516 644 594
1540847 692 367
1543818 827 655
1546684 58 483
1549460 800 354
1551460 955 266
1553934 345 698
1556259 11 23
1558419 918 120
1560419 61 196
1563096 178 85
1565368 621 102
1568016 973 906
1570191 888 925
1572228 737 117
1575186 807 953
1577903 120 136
1580300 970 883
1582878 508 336
1585814 159 619
1587832 204 574
1590115 882 998
1592306 809 221
1594306 993 47
1596874 441 241
1599362 150 56
1602182 382 244
1604182 186 906
1606283 924 834
1608877 189 686
1611837 288 41
1613935 405 991
1616901 455 621
1619268 152 814
1621623 256 818
1624148 446 496
1626148 269 742
1628997 654 124
1631495 402 725
1634289 583 551
1636446 724 278
1638446 862 782
1640536 339 973
1643526 710 171
1645765 157 695
1648562 508 111
1651281 425 823
1654171 921 526
1656575 307 794
1659335 414 790
1661706 307 175
1663706 279 614
1665706 637 622
1668643 595 309
1671159 491 923
1673677 268 490
1675864 703 168
1678054 684 439
1680885 4 15
1683621 787 459
1685621 332 2
1687706 853 729
1690670 404 402
1692853 579 727
1695284 532 361
1697677 752 726
1700464 702 383
1702464 47 684
1704861 703 359
1707337 804 731
1709614 530 228
1711614 515 485
1713759 970 968
1716241 897 701
1718941 960 693
1721092 580 132
1723592 370 571
1725759 557 18
1727759 575 144
1730291 949 5
1732788 426 130
1734789 888 910
1737768 907 267
1740340 414 242
1742684 131 28
1745569 910 484
1747569 548 220
1749569 847 210
1751905 563 269
1753905 129 414
1755905 628 626
1758459 727 770
1761060 444 948
1763839 537 706
1766183 139 464
1768386 479 658
1770386 35 904
1773000 958 62
1775296 622 286
1777915 653 766
1780342 33 21
1782597 414 646
1784722 41 629
1786980 926 786
1789870 259 846
1792476 343 261
1795341 873 933
1797341 525 635
1799388 206 642
1801715 896 776
1803920 667 676
1806266 775 482
1809137 882 381
1811935 987 853
1814041 498 464
1816199 547 412
1818610 252 69
1821124 412 804
1823796 49 583
1826199 283 67
1828789 46 397
1831519 933 755
1833519 754 76
1836486 899 283
1839401 202 841
1841747 394 994
1844523 461 358
1846699 978 21
1849277 463 987
1851833 818 607
1854465 303 832
1856484 311 60
1858521 806 385
1861154 512 894
1864057 315 476
1866707 564 253
1869224 349 22
1871249 973 670
1873454 493 100
1875555 276 194
1877928 358 948
1880925 464 844
1883902 218 680
1886277 663 723
1888765 618 305
1891702 820 303
1893928 381 830
1896371 959 458
1898988 947 717
1901067 685 245
1903586 924 159
1906216 503 932
1908353 394 295
1911222 382 424
1913901 371 889
1916327 260 648
1919187 202 851
1922047 379 318
1924503 54 752
1926546 910 235
1929425 590 16
1931651 172 109
1934340 967 269
1936637 269 410
1938774 622 899
1941388 951 574
1943973 317 119
1946298 805 579
1948915 363 117
1951669 191 267
1954466 628 23
1957020 915 205
1959227 174 775
1961779 42 433
1963779 512 996
1966202 522 96
1969140 440 499
1971392 517 710
1973985 222 994
1976892 29 609
1979523 726 17
1982344 717 758
1984576 822 815
1986576 142 932
1989056 641 127
1991140 432 732
1993695 740 264
1996109 214 284
1998749 518 636
2001528 254 884
2004094 226 740
2006828 585 903
2009312 224 952
2011383 598 900
2013456 239 833
2015989 456 937
2018499 1 115
2020574 237 371
2023369 467 496
2025369 698 369
2027752 104 140
2029869 781 79
2032328 933 428
2035326 441 417
2037699 553 898
2040655 696 994
2043042 965 402
2045986 333 524
2048274 16 490
2050649 300 52
2053384 302 187
2055775 58 908
2057775 68 679
2059924 505 710
2062813 985 529
2065621 991 8
2067984 871 625
2070555 473 585
2073484 697 272
2076402 241 70
2078402 298 209
2080417 542 29
2082593 994 185
2084593 701 102
2087550 836 806
2089550 977 452
2092219 684 440
2095084 84 568
2097697 160 57
2100458 107 695
2102458 216 808
2104975 121 829
2107385 609 891
2109833 210 177
2112332 224 851
2114332 979 569
2116544 887 274
2119335 484 479
2122203 363 223
2124203 432 634
2126728 236 847
2129496 671 21
2132353 909 785
2134449 4 71
2136507 235 438
2139480 788 661
2141538 72 305
2143746 866 873
2146112 116 786
2148401 181 201
2150637 602 659
2152823 633 856
2154918 406 775
2156949 112 571
2159079 207 956
2161586 851 305
2164226 765 106
2166226 168 339
2168681 899 439
2170681 801 153
2173323 85 978
2176060 418 567
2178403 629 288
2181059 425 779
2183356 410 418
2185773 841 149
2188002 565 78
2190792 150 154
2193517 3 937
2196094 155 735
2198600 676 99
2200643 803 234
2203509 697 611
2206110 975 146
2208601 474 787
2210601 90 642
2213222 264 924
2215352 95 728
2217891 339 691
2220859 326 491
2222859 646 240
2225569 382 877
2228227 802 758
2230471 971 611
2232856 207 328
2235848 915 419
2238180 790 686
2240639 373 351
2242855 724 411
2245039 414 589
2247358 425 944
2249358 225 364
2252205 612 385
2254844 310 339
2257370 261 637
2259370 191 261
2261875 714 666
2264663 747 11
2267177 667 570
2270027 995 681
2272773 442 855
2274773 145 819
2277072 982 425
2279317 843 805
2281317 433 190
2284184 328 736
2286391 608 500
2288567 160 602
2291229 582 271
2293583 336 762
2295912 306 35
2298462 146 799
2300675 178 760
2303537 607 510
2306522 122 454
2308522 127 859
2310893 651 793
2313147 509 211
2315261 18 299
