690 147 690
762 92 618
852 2 639
1165 67 490
1536 101 119
1999 188 582
2662 111 5
3180 164 523
3271 191 614
3414 48 565
3614 15 365
3683 84 352
4646 181 135
4751 165 30
4838 135 117
5738 111 475
5873 76 340
6054 133 159
6718 130 353
6874 124 197
6924 103 147
7942 2 380
8058 74 496
8132 148 562
8939 162 310
9023 148 226
9210 12 39
9985 19 94
10183 24 292
10426 152 49
11783 115 638
12189 30 232
12323 164 135
12813 170 604
13245 73 172
13299 127 162
13771 124 444
14048 9 167
14162 123 122
14923 171 303
14981 150 361
15069 147 273
15932 167 293
16156 28 278
16323 162 111
17626 175 675
18243 15 58
18780 0 595
18921 141 491
18982 115 430
19163 92 611
19368 106 436
19632 161 172
19910 179 450
20429 124 658
20912 172 175
21087 181 0
22127 188 620
22548 144 199
22731 85 382
22873 82 339
23001 37 261
23129 66 133
24048 195 139
24209 116 300
24335 31 174
25367 4 16
25681 96 330
26040 199 689
26717 43 240
26835 99 122
27248 138 535
27539 118 611
27939 23 315
28168 137 86
29016 149 364
29098 84 282
29153 29 277
30133 7 226
30582 83 580
30680 109 678
31484 31 378
31747 143 641
31766 131 660
32789 5 184
33167 34 562
33337 125 392
33561 159 616
33939 100 238
34206 58 505
34665 132 209
35063 98 607
35146 38 690
35865 164 377
36179 137 691
36683 5 187
36797 119 232
36927 15 362
37701 127 499
37873 12 591
39293 46 115
39526 183 348
40341 36 28
40650 24 337
41262 59 580
41476 165 366
42214 9 87
42287 82 86
43099 125 165
43280 115 86
44388 59 191
44932 4 644
45574 128 695
46167 184 102
46483 51 186
46647 191 350
47548 173 119
48104 8 675
48794 103 308
49003 35 517
49946 13 116
50334 140 504
51164 141 68
51304 1 7
51820 153 125
52056 107 358
52862 137 497
52928 106 561
54027 81 695
54137 191 589
55120 148 272
55343 47 495
55869 49 518
56090 173 408
57410 50 36
57685 128 311
58211 128 379
58417 135 538
59281 12 645
59866 157 60
60579 24 522
60636 21 579
61629 34 58
61946 128 375
62496 194 693
62936 12 253
63472 136 311
63781 18 40
64905 42 400
65143 133 162
65939 24 405
66118 133 226
66822 150 417
66908 136 339
68040 182 597
68597 43 40
69518 69 634
69576 36 576
70148 166 536
70516 100 222
71257 102 102
71404 17 0
72427 185 145
72590 22 177
73539 113 14
73882 57 357
74518 85 566
75056 157 28
75393 110 105
75885 138 519
76545 110 509
76710 166 354
77702 70 163
77968 194 429
78715 53 426
78825 97 536
80025 182 15
80374 145 364
80712 126 78
80783 162 149
81915 143 475
81948 176 464
83067 176 80
83679 10 692
83854 123 538
84160 18 255
85063 151 81
85071 159 75
85999 36 178
86326 53 505
86918 66 589
87054 153 453
88029 121 303
88249 25 83
88955 82 137
89087 146 223
90433 119 600
90531 56 698
91652 187 90
91788 51 122
92689 138 656
92961 17 384
93489 1 156
93789 121 456
94635 9 70
94811 185 246
95439 87 327
95681 33 124
96775 10 482
97087 115 170
97617 52 329
97652 77 294
98750 48 576
98788 10 583
100107 138 222
100421 118 536
101502 98 24
101756 103 278
102335 94 583
102689 116 229
103195 44 197
103730 199 633
104421 64 671
104887 139 205
105542 121 277
105620 162 199
106479 89 146
106542 111 209
107616 2 214
107908 43 506
108814 142 683
108842 164 655
109847 131 465
110250 11 62
110793 15 150
111189 113 476
111923 51 568
112306 1 185
113237 140 666
113353 187 550
113901 107 527
114099 147 347
115005 135 260
115159 25 106
116065 188 349
116351 17 635
117146 79 271
117298 129 119
118096 159 364
118389 57 71
119213 154 269
119547 24 603
120291 171 291
120402 137 402
121169 61 504
121372 11 301
122202 48 168
122336 182 68
123343 182 304
123673 138 634
124320 51 612
124662 113 270
125208 106 262
125302 52 356
126389 66 448
126705 99 172
127460 47 66
127565 59 171
128375 49 53
128806 80 484
129605 75 285
129846 149 44
131085 129 655
131132 82 608
131991 148 289
132056 173 224
133019 30 227
133160 12 86
134095 178 111
134673 102 673
135830 59 8
136041 0 219
136293 143 271
136319 117 272
137446 117 519
137866 170 99
138493 98 312
138711 170 94
139432 190 255
139853 157 676
140534 4 565
141048 97 51
141716 5 375
142039 99 52
142694 12 421
142779 5 336
143665 169 361
143816 44 210
144677 77 344
144877 31 544
146159 167 4
146168 176 11
146768 18 186
146958 187 68
147971 11 209
148129 169 159
149073 101 291
149436 45 654
149947 27 612
150504 82 55
151087 191 269
151157 121 306
152190 19 318
152347 176 419
153284 4 670
153538 116 416
154372 182 293
154734 185 632
155793 126 246
155884 35 272
156957 166 675
157159 60 473
157715 52 559
157738 75 551
158931 116 246
159087 81 402
159813 7 375
160021 171 583
161362 103 71
161811 49 520
161970 131 411
162050 65 491
163058 166 424
163276 169 642
164097 172 551
164198 171 450
165351 185 24
165766 169 439
166064 46 418
166185 109 539
167322 176 202
167646 38 526
168320 3 469
168652 143 162
169895 1 670
170471 185 94
170900 144 523
171029 15 409
171818 115 42
172324 42 548
172687 55 426
173145 111 2
174211 195 471
174356 50 555
174923 93 403
175081 178 561
176129 55 308
176296 187 141
177440 32 585
177906 71 119
178618 189 581
178684 123 563
179507 111 313
179702 125 508
180368 197 528
180457 189 527
181600 92 612
182086 155 126
182819 141 318
182910 64 227
184056 90 624
184449 55 231
184691 110 159
184936 84 17
186439 116 605
186639 94 405
186941 148 309
187116 59 484
188086 173 226
188141 118 188
189473 190 612
189773 157 312
190304 4 60
190497 42 253
191149 139 102
191562 147 515
192232 62 377
192649 116 12
193615 31 315
193646 10 284
194508 81 423
194748 51 183
195487 184 224
195698 197 13
196714 6 316
196946 147 84
197911 121 591
198097 173 405
198606 63 434
198620 49 448
199731 136 306
199847 71 227
200957 83 31
201031 38 105
202050 73 400
202229 197 221
203291 86 604
203307 76 588
204240 149 285
204434 72 479
205129 132 383
205307 16 561
206214 161 652
206378 6 693
207508 143 352
207688 90 172
208647 116 479
208840 115 286
209504 109 333
209927 34 9
210977 78 412
211095 196 458
212095 185 43
212365 129 313
212956 172 294
213234 36 16
214311 101 381
214612 150 682
215454 13 74
215766 12 386
216122 153 234
216150 161 212
217463 24 589
217840 7 212
218538 26 531
218669 157 521
219243 177 566
219488 98 321
220363 97 91
220719 70 447
221178 74 312
221432 187 73
222524 87 324
222602 9 283
223402 132 225
223858 3 681
224689 168 439
224855 2 342
225944 183 38
226299 90 393
226814 68 237
227216 50 639
228136 18 143
228221 103 189
228913 166 362
228918 162 357
230033 23 485
230095 85 463
231116 18 268
231253 155 294
232102 7 545
232261 166 612
233269 2 284
233667 91 682
234118 45 595
234644 18 122
235388 58 331
235598 142 121
236728 93 461
237045 18 144
237551 172 303
237759 145 95
238757 125 373
238896 162 234
239593 31 136
239896 182 439
240452 132 474
240959 191 93
241740 199 20
242227 152 398
242817 93 334
243147 120 41
243991 193 262
244243 25 514
245061 180 269
245201 40 277
246121 30 121
246222 33 61
247228 199 95
247742 40 609
248223 9 500
248413 127 310
249419 129 667
249959 43 127
250503 62 278
250549 16 251
251564 176 178
251807 147 421
252616 134 448
252721 124 553
253967 168 193
254002 133 200
254938 195 495
255021 112 437
255902 48 164
256039 97 301
257029 153 130
257082 100 178
257955 69 151
258533 41 608
259437 171 224
259794 191 581
260551 71 182
260810 194 441
261381 104 420
261598 115 637
262514 54 499
262638 154 584
264092 178 72
264219 51 115
265160 46 595
265527 123 228
266184 155 560
266207 161 537
266855 87 631
267341 166 231
268195 15 471
268448 179 218
269088 123 330
269354 46 64
270409 159 363
270671 5 101
271374 115 221
271571 104 24
272402 6 32
272509 87 139
273715 131 514
274068 123 161
274630 194 8
274676 148 48
275808 173 406
276003 44 601
276934 134 111
277199 51 376
277683 164 202
277885 94 0
278728 24 309
278983 72 564
279939 39 184
279955 25 168
280740 59 184
280871 89 73
282035 139 416
282272 45 179
282882 176 116
283043 38 231
283994 43 103
284104 20 32
285513 112 534
285610 58 437
286091 51 488
286295 143 582
287750 176 55
287865 61 80
288618 51 250
288724 75 356
289812 193 211
289967 79 68
291184 120 435
291292 58 327
291888 147 474
292064 135 650
293350 81 50
293650 58 350
293938 92 248
294119 14 67
295456 8 558
295815 139 199
296242 111 394
296286 106 355
297552 128 614
297825 175 341
298632 104 43
298861 56 272
299670 159 23
300035 54 388
300807 197 175
300972 173 340
301776 82 521
301856 102 597
303241 31 48
303783 198 590
303951 45 642
304386 33 207
304753 45 186
305216 92 514
306314 195 138
306624 76 448
307202 195 444
307390 7 320
308375 148 550
308855 187 70
309903 59 598
310403 71 98
310638 186 82
311145 109 586
311944 72 183
312119 50 8
312913 88 135
313381 199 603
313853 132 584
314101 11 502
315017 86 403
315098 109 383
316295 91 678
316776 135 197
317269 34 1
317543 4 275
318370 179 254
318451 120 240
319668 7 476
319817 38 327
320806 2 502
320963 159 438
321727 115 315
321775 150 358
323063 90 615
323481 38 197
324312 177 629
324765 77 176
324886 45 120
325331 54 461
326101 72 649
326492 130 258
327185 29 357
327405 100 137
328387 37 354
328553 49 188
329568 89 438
329989 57 17
330684 162 180
330718 170 153
331779 17 106
332090 106 417
332685 140 476
332803 144 594
334239 103 110
334325 189 126
335051 90 352
335109 51 294
335881 109 282
336068 76 211
337114 153 8
337285 14 179
337972 131 73
338206 133 307
339245 179 31
339508 100 294
340156 75 444
340487 122 113
341117 143 56
341391 162 249
342411 173 39
342536 82 164
343335 157 140
343469 63 12
344830 192 510
345173 68 167
345931 187 673
346206 73 398
346952 80 4
347155 194 207
347870 22 240
348196 139 546
349208 159 312
349455 158 559
350496 103 233
350938 134 675
351432 184 507
351845 193 94
352766 89 449
353215 66 0
353674 182 151
353775 81 161
354696 71 133
355204 112 641
355845 101 532
356067 147 673
357655 152 19
358244 96 608
358499 53 353
358603 40 457
359326 95 365
359639 2 118
360673 51 448
360807 141 582
361444 72 409
361844 2 27
363065 44 530
363358 100 237
363755 182 470
363834 110 391
364826 68 113
365163 84 450
365690 126 526
366179 89 42
366769 19 117
366992 152 340
367960 81 123
368354 75 517
369172 60 138
369202 31 108
370158 131 410
370350 162 218
371193 175 444
371385 158 636
372583 163 8
372625 131 50
373234 17 374
373508 120 648
374340 129 148
374618 101 426
375095 33 513
375170 107 588
376465 42 31
376794 18 360
377188 79 690
377296 50 582
378262 106 371
378338 182 446
379224 28 614
379540 179 298
380280 52 285
380416 188 363
381337 38 493
381694 88 136
382172 49 103
382378 75 157
383719 104 609
384306 128 22
384750 38 329
384941 140 138
385608 7 51
386106 85 485
386831 80 593
387416 117 8
388420 58 635
389020 192 35
389137 153 152
389197 176 92
390560 107 641
390875 11 326
391261 197 145
391390 100 16
392411 169 416
392646 82 181
393110 52 74
393447 34 411
394383 65 42
394478 39 137
395332 150 20
395768 105 456
396356 32 682
396678 51 360
397631 155 29
397748 38 41
399069 140 571
399174 35 617
399931 99 376
400153 170 598
401302 33 110
401781 119 589
402413 175 35
402564 170 186
403114 56 13
403212 154 48
404278 7 337
404386 68 229
405330 53 503
405458 181 526
406328 1 382
406541 197 169
407138 147 164
407455 76 411
408397 160 122
408433 196 138
409210 111 86
409926 80 699
410413 104 663
410467 158 628
411545 145 480
411660 30 498
412642 87 548
412907 81 389
413985 51 211
414282 184 508
415312 71 60
415430 59 178
415870 9 231
416169 44 76
417389 6 432
417708 173 113
418808 162 653
419178 60 283
419532 94 109
420036 9 613
420529 191 519
420609 142 599
421795 39 51
422354 158 610
422526 78 438
422616 168 515
423573 136 172
424010 194 609
424278 131 561
424472 117 370
425514 113 537
425563 162 571
426569 11 657
426798 47 477
427797 181 471
427898 80 552
428795 59 460
428913 140 371
429874 38 264
430010 155 400
430913 13 353
431211 28 55
431985 95 182
432174 128 298
433271 66 500
433731 53 40
434500 143 360
434538 181 342
435262 133 506
435381 105 387
436184 131 271
436439 168 16
437679 91 556
438174 98 61
438413 89 115
438918 186 513
439999 108 100
440209 111 310
440837 169 75
441272 41 510
442098 194 147
442466 63 515
443006 77 636
443266 154 376
443983 174 459
444378 172 164
445423 116 534
445930 166 27
446577 9 520
447030 11 67
447573 142 607
447881 187 299
448330 165 644
448407 166 567
449177 60 688
449517 167 382
450413 72 653
451028 129 38
451560 47 171
451623 59 187
452858 43 538
453240 150 156
453932 67 299
454147 146 84
455017 146 184
455105 61 157
456157 94 330
456429 12 602
457171 45 468
457382 92 679
458029 61 681
458430 180 366
459268 8 307
459435 175 186
460380 104 461
460716 199 125
461125 184 9
461583 197 440
462200 108 395
462285 61 355
463334 5 541
463549 178 326
464603 94 653
464832 191 424
465635 1 146
465901 139 412
466505 102 561
467040 119 26
467756 37 369
468081 60 44
468715 111 370
469026 156 681
469638 51 618
470192 131 64
471305 69 675
471721 155 259
471974 9 180
472117 152 323
473102 51 48
473636 184 582
474117 38 456
474268 47 607
475094 158 632
475478 44 256
476233 198 352
476429 2 381
477288 108 235
477514 80 412
478467 4 184
478588 125 266
479433 44 239
479496 104 176
480686 135 505
480817 4 582
481739 90 297
481955 82 513
482908 35 32
483318 37 442
483907 19 79
484482 173 654
485116 112 193
485234 120 75
485939 19 178
486249 64 488
487024 7 209
487401 162 586
488444 56 14
488925 154 495
489315 117 286
489358 130 243
490307 64 52
490860 36 605
491286 31 481
491437 91 345
492302 8 415
492400 106 413
493395 39 207
493711 122 523
494528 12 255
494787 140 514
495528 36 333
495737 120 542
496403 94 574
496494 3 483
497432 139 620
497485 192 673
498630 75 424
498765 62 289
499742 174 418
499800 130 476
500757 188 649
501114 169 292
501756 147 106
501816 166 166
502693 68 171
502822 37 222
503942 20 317
504299 135 35
505312 100 430
505393 19 441
506355 83 131
506686 62 462
507281 48 315
507421 188 232
508337 43 361
508474 156 253
509500 174 172
509641 180 206
510622 176 321
510841 137 102
511974 87 475
512138 96 639
512859 162 607
512979 75 553
514125 120 325
514370 151 80
515125 153 249
515374 179 498
516060 42 317
516283 82 540
517216 158 226
517324 80 118
518145 63 14
518700 65 569
519217 22 512
519619 111 147
520390 9 143
520448 67 102
521578 196 159
521763 11 244
522700 115 449
522849 134 598
523700 185 509
523801 84 555
