700 200
1000
144 19 64
159 606 191
1170 20 90
1280 505 139
2280 463 81
2411 155 143
3367 690 107
3510 536 194
4581 217 31
4676 239 164
5695 197 115
5839 577 17
6781 596 131
6788 290 161
7796 356 141
7942 277 89
8868 229 191
9045 460 41
9945 607 77
9945 178 11
10953 581 141
11028 660 99
12045 630 8
12222 373 178
13249 460 35
13447 432 185
14466 526 26
14620 268 2
15579 359 137
15773 419 60
16706 376 164
16730 545 158
17830 347 91
18010 6 115
18938 160 41
18985 548 153
19920 485 112
20039 80 181
20972 305 31
20998 513 3
21898 163 65
21987 431 175
23059 258 135
23059 193 103
24110 372 49
24240 566 11
25242 624 12
25420 52 26
26327 146 144
26511 74 148
27505 570 23
27593 230 74
28692 165 156
28728 557 60
29813 666 8
29950 544 142
30967 124 143
30996 653 128
31954 216 177
31954 254 110
33054 239 172
33184 47 19
34243 541 60
34259 77 43
35207 10 185
35338 331 3
36252 476 176
36354 640 103
37349 532 171
37528 339 161
38560 661 56
38684 508 170
39584 319 84
39610 103 140
40584 399 49
40700 12 166
41681 13 45
41794 160 8
42812 272 184
42859 393 94
43768 479 90
43939 698 89
45013 259 89
45013 670 12
46071 692 49
46071 19 159
47075 150 176
47156 178 103
48118 246 181
48306 70 154
49242 56 180
49338 293 85
50399 153 155
50507 384 71
51407 484 41
51501 377 13
52563 382 152
52563 34 20
53575 242 166
53636 376 118
54627 465 49
54760 0 35
55713 200 101
55792 232 197
56751 192 184
56763 592 65
57761 204 151
57938 371 89
58936 400 152
58963 435 116
60048 328 112
60118 271 182
61131 44 5
61150 565 192
62191 57 73
62353 318 135
63339 180 119
63418 110 88
64466 587 156
64466 629 0
65462 483 195
65616 499 64
66708 124 14
66892 214 45
67934 464 33
67934 624 194
68868 451 25
68876 177 31
69776 223 103
69870 248 151
70778 524 28
70935 431 36
72027 468 150
72225 293 75
73185 512 90
73223 40 95
74157 39 83
74210 47 84
75238 622 67
75436 220 133
76462 354 149
76582 132 73
77677 322 60
77810 46 126
78819 553 151
78916 328 140
79816 106 40
79919 121 123
80819 267 51
80992 526 105
81928 92 49
82127 650 168
83130 307 102
83276 664 190
84197 606 157
84255 233 171
85294 332 27
85457 658 48
86376 414 186
86446 691 71
87511 584 158
87511 193 57
88590 246 194
88638 13 178
89616 138 18
89633 19 131
90553 530 47
90688 610 7
91767 105 20
91812 542 95
92734 512 30
92734 25 2
93742 245 166
93798 538 171
94771 261 30
94962 345 94
95862 274 33
95862 192 22
96762 627 151
96857 511 116
97823 252 32
97962 420 95
98966 282 89
99052 567 46
99952 568 142
100058 330 158
101142 532 173
101316 517 66
102404 699 196
102478 147 149
103459 470 161
103582 258 83
104580 480 157
104688 537 65
105624 577 116
105809 385 5
106765 192 30
106913 541 127
107914 305 185
107914 398 45
108899 183 59
109015 609 91
110070 322 100
110118 262 189
111174 157 179
111373 599 44
112343 627 156
112343 432 167
113392 625 89
113520 581 38
114482 142 156
114646 481 88
115710 356 187
115723 265 60
116630 541 85
116642 144 12
117566 370 30
117696 355 174
118717 235 168
118739 224 56
119825 311 183
120022 396 14
121045 666 113
121164 510 39
122204 303 186
122210 433 31
123257 28 25
123415 501 167
124341 261 58
124385 665 69
125285 654 108
125453 123 30
126496 403 152
126634 638 187
127670 152 59
127797 32 49
128854 272 189
128856 624 159
129810 663 98
129981 341 19
131002 212 103
131069 140 95
131995 323 43
132077 255 33
133117 420 142
133117 131 126
134165 402 100
134346 340 73
135324 632 150
135336 679 16
136289 171 82
136471 501 177
137502 508 110
137646 536 164
138730 136 166
138831 83 151
139878 653 163
139964 81 124
141008 178 104
141185 512 93
142246 672 26
142305 555 38
143337 506 187
143337 652 152
144279 140 141
144333 297 10
145399 607 158
145408 582 78
146491 660 67
146491 578 135
147511 272 153
147641 651 1
148567 209 33
148676 671 195
149620 358 29
149704 381 68
150677 478 155
150727 185 179
151695 652 166
151712 644 185
152745 551 153
152896 630 43
153806 58 11
153991 324 13
154891 100 154
154891 617 42
155812 463 124
155858 96 188
156763 272 55
156781 344 137
157806 25 16
157806 199 119
158751 690 150
158830 68 18
159790 228 115
159981 606 66
160881 198 116
160883 657 154
161955 371 169
162072 324 170
162973 474 85
163165 469 15
164176 560 5
164256 300 154
165261 253 135
165425 420 156
166471 596 42
166661 539 38
167751 28 10
167758 683 23
168818 390 57
168962 308 45
169883 107 138
169924 34 56
170859 265 123
171041 561 16
172034 278 96
172105 211 106
173183 125 128
173272 181 31
174172 22 10
174349 367 38
175340 271 100
175509 149 149
176450 424 43
176450 557 197
177496 131 103
177652 346 173
178716 472 17
178746 110 135
179745 231 38
179756 692 196
180706 480 172
180895 31 122
181871 273 174
182034 652 44
183094 285 131
183099 438 142
184076 163 193
184181 132 173
185121 514 184
185308 236 36
186318 582 4
186480 96 26
187421 570 101
187584 473 41
188628 64 5
188826 147 37
189905 533 70
189995 85 101
191075 575 76
191243 385 62
192310 359 87
192376 237 8
193455 366 146
193585 548 7
194586 584 85
194675 606 149
195727 521 38
195920 173 66
196960 283 127
197117 643 187
198200 363 19
198313 647 151
199213 18 37
199214 295 109
200303 307 199
200380 540 75
201304 107 97
201371 649 107
202415 568 180
202590 519 29
203498 389 120
203642 630 38
204574 562 48
204729 98 94
205775 369 15
205843 228 151
206828 504 74
206898 583 142
207986 262 162
208160 439 185
209191 198 19
209244 473 182
210323 497 152
210428 647 33
211344 11 166
211423 505 154
212380 673 88
212452 610 91
213389 431 90
213426 23 12
214413 72 103
214479 167 164
215386 613 191
215522 518 108
216515 246 73
216631 629 16
217611 172 107
217674 678 28
218574 368 194
218638 8 169
219615 470 40
219722 589 18
220622 353 155
220676 470 42
221606 565 37
221606 58 139
222588 464 65
222648 574 166
223564 480 100
223754 457 168
224729 522 51
224773 117 80
225791 635 69
225835 347 4
226735 642 185
226856 233 88
227756 139 20
227784 321 79
228839 287 164
228863 38 76
229906 308 180
229940 170 162
230850 496 22
230946 514 187
231900 416 138
231907 345 20
232928 95 77
232928 189 175
233828 547 193
233828 639 61
234851 458 72
235026 370 8
235926 361 134
235987 313 56
236992 67 80
237130 78 77
238030 67 159
238080 50 72
238980 249 17
239096 11 182
240130 105 118
240320 576 79
241220 238 135
241334 543 171
242357 624 40
242518 279 11
243605 297 149
243630 391 198
244714 669 140
244881 467 158
245818 674 173
245843 378 145
246807 613 148
246950 411 150
247929 108 51
247937 533 81
248841 235 86
248924 211 56
249875 8 107
249970 316 56
250977 186 1
251097 188 17
252124 79 55
252187 53 45
253087 619 120
253104 491 1
254168 487 191
254297 81 66
255320 83 148
255374 656 20
256274 506 61
256329 277 134
257268 497 87
257400 506 166
258436 487 49
258520 362 0
259519 551 123
259519 95 75
260568 278 84
260654 214 65
261650 29 52
261724 286 72
262824 177 125
263014 696 133
263914 188 183
264071 146 106
265105 420 182
265260 274 3
266300 151 27
266300 556 78
267327 544 32
267327 386 37
268412 651 168
268512 35 92
269592 264 137
269701 305 145
270601 277 73
270717 425 144
271806 123 81
271859 198 33
272779 527 9
272914 188 173
273905 157 105
273966 574 97
274958 391 64
275108 234 22
276143 363 73
276165 5 76
277250 517 79
277401 415 92
278483 579 23
278656 485 141
279645 569 1
279653 157 126
280655 170 89
280738 485 84
281814 272 152
281868 461 30
282886 201 192
283015 552 145
284001 463 91
284024 488 145
285009 615 164
285128 435 70
286203 633 76
286320 109 82
287394 405 88
287491 560 124
288585 574 186
288692 297 198
289747 147 1
289792 548 93
290697 644 43
290703 291 169
291637 493 176
291748 153 79
292748 41 108
292902 688 75
293878 542 42
294059 237 179
295128 524 191
295305 173 115
296266 617 151
296292 97 147
297384 642 119
297532 464 188
298560 70 182
298726 249 186
299725 143 97
299813 167 197
300785 5 33
300919 648 118
301861 69 18
301977 57 103
303000 584 136
303082 635 184
304131 657 71
304147 208 18
305099 352 122
305296 9 20
306200 405 87
306248 409 57
307279 153 102
307328 187 148
308354 272 167
308381 40 104
309305 62 82
309446 425 101
310432 304 111
310508 240 120
311576 371 61
311633 130 172
312586 652 79
312765 547 126
313744 247 85
313943 512 158
314991 315 84
314991 164 192
315907 95 60
315972 168 29
316883 561 110
316979 277 169
317902 266 26
317978 691 53
318916 495 14
318916 317 22
319991 329 54
320113 448 196
321120 179 52
321319 305 58
322341 378 31
322348 66 62
323362 166 59
323362 229 3
324423 174 46
324428 540 177
325369 654 68
325470 336 181
326459 425 92
326535 279 120
327596 343 93
327722 606 131
328668 489 111
328714 102 20
329614 49 133
329760 119 97
330814 307 149
330998 118 43
331969 311 25
332080 345 95
333087 602 117
333087 105 16
334121 384 164
334170 578 123
335225 509 61
335259 232 108
336332 263 23
336433 627 177
337508 164 118
337665 562 44
338662 625 41
338772 674 72
339843 213 76
340029 187 113
341128 538 161
341243 200 134
342277 579 114
342353 303 127
343356 378 24
343424 414 21
344353 228 33
344468 214 99
345452 103 24
345635 159 49
346682 299 73
346728 436 177
347709 543 178
347837 319 81
348808 430 47
349003 157 145
349911 41 102
349911 286 141
350854 496 48
350973 138 142
352064 284 9
352068 161 146
353147 295 167
353248 371 10
354148 267 16
354148 578 171
355162 349 178
355162 543 2
356062 8 145
356236 606 142
357325 609 70
357395 227 25
358402 566 98
358521 64 116
359534 46 46
359534 331 178
360485 466 166
360605 220 85
361581 652 17
361763 625 96
362813 640 136
362813 250 93
363812 364 148
363976 147 193
364876 263 69
365007 339 63
366063 630 55
366080 635 47
367124 682 20
367217 325 176
368199 79 21
368287 75 131
369260 635 17
369280 276 143
370208 328 139
370349 43 197
371255 549 82
371391 531 126
372361 23 19
372504 664 186
373437 574 197
373487 472 99
374541 92 121
374632 526 179
375605 24 144
375798 669 176
376822 415 168
377008 159 111
377958 1 126
378146 665 9
379123 413 192
379226 676 14
380177 433 49
380214 93 62
381245 66 131
381436 480 115
382363 252 39
382387 590 170
383368 347 67
383386 50 128
384311 230 99
384328 627 48
385353 212 67
385493 366 11
386393 201 52
386478 503 27
387516 378 12
387608 155 1
388566 10 51
388566 225 23
389642 584 62
389738 282 148
390763 588 158
390763 111 182
391667 625 16
391867 466 63
392915 528 66
393056 123 169
394083 352 132
394083 192 139
394983 270 170
395136 371 34
396208 308 85
396208 432 199
397259 84 106
397425 78 19
398325 661 107
398410 311 83
399361 395 69
399461 694 79
400550 539 82
400678 574 54
401623 324 158
401623 619 176
402642 221 67
402749 495 107
403706 321 60
403713 405 184
404757 491 94
404845 329 187
405869 484 109
405941 173 173
406841 211 33
406842 454 41
407923 319 195
407929 196 134
408987 218 21
409031 536 188
410115 591 119
410115 356 143
411082 298 54
411131 287 93
412138 359 15
412263 28 58
413163 256 186
413221 238 90
414298 197 27
414365 655 92
415392 166 172
415444 270 20
416344 385 12
416494 602 134
417425 277 151
417521 11 191
418557 144 118
418619 297 171
419583 624 21
419776 371 5
420843 320 90
420865 194 10
421860 400 179
421984 13 109
422884 432 172
423082 240 107
424072 122 106
424082 82 50
425180 607 168
425315 196 126
426369 316 187
426557 545 86
427488 382 54
427631 80 190
428587 601 193
428742 30 9
429752 691 112
429775 549 15
430835 614 48
430842 498 157
431903 392 195
431903 347 172
432931 163 2
433010 218 123
434058 184 180
434097 172 179
435003 266 27
435124 589 173
436037 472 105
436087 183 123
437089 97 78
437156 400 92
438068 465 190
438259 636 140
439255 182 122
439427 199 54
440360 285 109
440360 36 85
441441 395 197
441594 45 92
442629 494 24
442773 307 81
443673 534 55
443815 416 51
444782 400 162
444969 496 134
446030 316 134
446107 509 58
447016 695 111
447016 338 45
448095 76 26
448142 108 147
449210 625 42
449301 330 153
450240 429 39
450357 114 156
451441 183 125
451489 506 21
452427 688 130
452489 62 65
453507 428 146
453507 434 129
454407 165 8
454407 256 50
455396 292 78
455437 303 142
456337 528 177
456497 698 22
457435 521 190
457527 422 116
458463 447 150
458538 431 168
459478 231 1
459662 428 129
460759 250 28
460955 613 110
461855 465 175
461981 216 62
463045 79 93
463212 89 194
464154 348 127
464264 27 23
465277 664 56
465334 240 175
466385 398 144
466389 9 122
467473 642 95
467569 198 183
468526 641 117
468549 445 196
469478 80 45
469582 334 168
470654 313 166
470654 75 44
471748 693 198
471810 374 25
472725 559 175
472782 2 142
473777 550 187
473938 630 191
474853 435 73
474917 238 32
476001 491 17
476037 518 23
477114 94 115
478133 11 68
479151 670 30
480157 636 34
481198 281 185
482098 635 124
483072 657 165
484133 371 186
485149 131 178
486078 153 63
487073 184 29
487973 547 13
488920 87 65
489969 144 157
491059 413 147
491978 38 186
493010 522 111
494075 527 17
495131 336 30
496192 545 104
497286 583 55
498232 587 57
499277 539 167
500273 410 45
501306 87 190
502211 661 138
503299 397 19
504313 269 86
505251 192 24
506228 267 33
507128 181 30
508177 351 161
509113 233 142
510015 44 157
510932 590 12
511928 171 31
512943 691 54
514031 671 196
514996 95 95
515975 613 184
517005 623 187
518098 45 57
518998 694 49
520040 490 86
521074 90 95
522125 390 13
523193 80 0
524178 256 103
525278 103 151
526204 500 160
527191 21 63
528095 100 199
529131 674 65
530070 156 20
531128 334 111
532088 646 176
533066 394 122
534053 679 183
535012 400 135
535950 661 59
536970 667 196
537870 319 147
538788 549 162
539807 439 124
540862 326 122
541821 496 184
542896 592 125
543831 166 103
544824 494 152
545857 627 108
546818 653 93
547905 131 61
548805 33 155
549718 353 7
550657 159 197
551750 499 154
552668 344 123
553687 89 19
554625 0 179
555540 341 130
556603 342 6
557597 582 193
558615 287 188
559700 692 166
560600 681 147
561511 111 133
562587 190 109
563504 527 39
564576 185 125
565552 448 71
566538 290 163
567583 541 32
568545 154 91
569476 90 67
570471 283 88
571414 646 148
572314 427 118
573404 29 110
574392 269 58
575292 676 145
576361 556 72
577265 501 168
578335 513 176
579429 455 153
580329 540 55
581314 341 48
582384 407 124
583369 80 193
584269 57 165
585169 279 147
586185 159 82
587220 275 179
588175 400 167
589263 515 110
590177 18 116
591146 449 25
592162 555 5
593062 289 64
594118 642 120
595018 409 176
596067 605 37
597005 345 176
