188
165 186
90 136
8 161
156 137
114 117
159 102
33 49
89 151
164 170
24 38
22 69
10 95
81 13
100 28
15 50
158 63
5 98
123 173
86 166
11 17
183 67
77 184
106 143
72 103
118 73
140 109
101 157
31 141
146 85
7 116
58 169
177 132
119 79
145 88
126 104
120 105
125 42
149 16
130 20
46 122
32 30
115 174
52 139
175 71
171 19
12 83
129 3
61 82
93 97
153 92
54 76
78 4
187 21
40 131
23 99
113 128
185 27
6 25
163 155
56 181
112 37
57 167
84 35
59 65
152 68
179 44
51 74
96 135
133 75
147 121
55 36
142 14
34 180
66 39
136 84
43 41
134 53
2 64
111 18
172 182
1 178
176 144
110 160
107 70
94 47
150 29
148 154
60 45
91 87
108 80
138 168
26 9
162 124
48 127
62 188
