200
162 78
49 94
11 3
157 186
17 119
108 70
199 192
92 147
58 42
18 188
14 146
91 187
32 21
2 5
74 191
12 130
171 95
66 154
54 41
85 174
62 137
126 196
142 129
35 51
141 4
194 117
16 109
144 172
27 61
86 121
151 200
169 106
161 28
34 9
140 90
110 45
185 104
29 40
193 167
98 158
163 77
97 38
23 100
1 164
139 179
183 82
138 195
102 75
76 160
128 8
180 101
118 88
155 197
149 7
173 176
25 50
134 178
68 99
72 184
33 105
48 57
53 190
73 67
6 71
170 55
69 107
44 96
116 39
52 125
80 10
113 64
59 148
181 168
15 47
20 150
43 127
112 79
182 30
175 159
166 65
156 189
93 19
31 143
26 83
84 46
22 165
89 37
123 120
131 87
115 124
198 111
177 145
36 81
135 56
122 136
153 13
152 24
179 189
114 133
103 132
63 60
