1 394
1 91
1 213
1 476
1 104
1 397
1 355
1 418
1 192
1 225
1 458
1 380
1 280
1 290
1 171
1 455
1 347
1 13
1 347
1 412
1 450
1 16
1 199
1 237
1 197
1 280
1 100
1 348
1 334
1 131
1 354
1 212
1 262
1 2
1 171
1 280
1 272
1 423
1 199
1 16
1 415
1 360
1 290
1 492
1 156
1 294
1 216
1 186
1 111
1 243
1 492
1 186
1 12
1 355
1 50
1 273
1 286
1 312
1 370
1 477
1 380
1 95
1 230
1 224
1 415
1 396
1 60
1 436
1 380
1 378
1 70
1 150
1 327
1 35
1 377
1 20
1 116
1 166
1 151
1 251
1 200
1 414
1 131
1 457
1 437
1 280
1 36
1 240
1 144
1 143
1 462
1 225
1 390
1 70
1 359
1 144
1 327
1 418
1 161
1 45
