1 248
1 355
1 49
1 372
1 414
1 179
1 313
1 274
1 449
1 350
1 403
1 472
1 25
1 414
1 11
1 295
1 313
1 300
1 327
1 457
1 157
1 261
1 256
1 461
1 213
1 247
1 260
1 8
1 389
1 25
1 277
1 72
1 184
1 436
1 156
1 264
1 472
1 71
1 407
1 21
1 165
1 473
1 165
1 135
1 328
1 79
1 89
1 263
1 1
1 55
1 414
1 29
1 341
1 485
1 191
1 248
1 294
1 42
1 54
1 95
1 303
1 314
1 396
1 79
1 495
1 431
1 33
1 299
1 269
1 183
1 210
1 50
1 493
1 164
1 441
1 66
1 460
1 464
1 50
1 221
1 237
1 406
1 486
1 141
1 316
1 221
1 12
1 42
1 376
1 325
1 313
1 314
1 495
1 184
1 460
1 217
1 95
1 165
1 238
1 435
