7027 6 1
5 2
6
12
18
24
30
36
42
48
54
60
66
72
78
84
90
96
102
108
114
120
126
132
138
144
150
156
162
168
174
180
186
192
198
204
210
216
222
228
234
240
246
252
258
264
270
276
282
288
294
300
306
312
318
324
330
336
342
348
354
360
366
372
378
384
390
396
402
408
414
420
426
432
438
444
450
456
462
468
474
480
486
492
498
504
510
516
522
528
534
540
546
552
558
564
570
576
582
588
594
600
606
612
618
624
630
636
642
648
654
660
666
672
678
684
690
696
702
708
714
720
726
732
738
744
750
756
762
768
774
780
786
792
798
804
810
816
822
828
834
840
846
852
858
864
870
876
882
888
894
900
906
912
918
924
930
936
942
948
954
960
966
972
978
984
990
996
1002
1008
1014
1020
1026
1032
1038
1044
1050
1056
1062
1068
1074
1080
1086
1092
1098
1104
1110
1116
1122
1128
1134
1140
1146
1152
1158
1164
1170
1176
1182
1188
1194
1200
1206
1212
1218
1224
1230
1236
1242
1248
1254
1260
1266
1272
1278
1284
1290
1296
1302
1308
1314
1320
1326
1332
1338
1344
1350
1356
1362
1368
1374
1380
1386
1392
1398
1404
1410
1416
1422
1428
1434
1440
1446
1452
1458
1464
1470
1476
1482
1488
1494
1500
1506
1512
1518
1524
1530
1536
1542
1548
1554
1560
1566
1572
1578
1584
1590
1596
1602
1608
1614
1620
1626
1632
1638
1644
1650
1656
1662
1668
1674
1680
1686
1692
1698
1704
1710
1716
1722
1728
1734
1740
1746
1752
1758
1764
1770
1776
1782
1788
1794
1800
1806
1812
1818
1824
1830
1836
1842
1848
1854
1860
1866
1872
1878
1884
1890
1896
1902
1908
1914
1920
1926
1932
1938
1944
1950
1956
1962
1968
1974
1980
1986
1992
1998
2004
2010
2016
2022
2028
2034
2040
2046
2052
2058
2064
2070
2076
2082
2088
2094
2100
2106
2112
2118
2124
2130
2136
2142
2148
2154
2160
2166
2172
2178
2184
2190
2196
2202
2208
2214
2220
2226
2232
2238
2244
2250
2256
2262
2268
2274
2280
2286
2292
2298
2304
2310
2316
2322
2328
2334
2340
2346
2352
2358
2364
2370
2376
2382
2388
2394
2400
2406
2412
2418
2424
2430
2436
2442
2448
2454
2460
2466
2472
2478
2484
2490
2496
2502
2508
2514
2520
2526
2532
2538
2544
2550
2556
2562
2568
2574
2580
2586
2592
2598
2604
2610
2616
2622
2628
2634
2640
2646
2652
2658
2664
2670
2676
2682
2688
2694
2700
2706
2712
2718
2724
2730
2736
2742
2748
2754
2760
2766
2772
2778
2784
2790
2796
2802
2808
2814
2820
2826
2832
2838
2844
2850
2856
2862
2868
2874
2880
2886
2892
2898
2904
2910
2916
2922
2928
2934
2940
2946
2952
2958
2964
2970
2976
2982
2988
2994
3000
3006
3012
3018
3024
3030
3036
3042
3048
3054
3060
3066
3072
3078
3084
3090
3096
3102
3108
3114
3120
3126
3132
3138
3144
3150
3156
3162
3168
3174
3180
3186
3192
3198
3204
3210
3216
3222
3228
3234
3240
3246
3252
3258
3264
3270
3276
3282
3288
3294
3300
3306
3312
3318
3324
3330
3336
3342
3348
3354
3360
3366
3372
3378
3384
3390
3396
3402
3408
3414
3420
3426
3432
3438
3444
3450
3456
3462
3468
3474
3480
3486
3492
3498
3504
3510
3516
3522
3528
3534
3540
3546
3552
3558
3564
3570
3576
3582
3588
3594
3600
3606
3612
3618
3624
3630
3636
3642
3648
3654
3660
3666
3672
3678
3684
3690
3696
3702
3708
3714
3720
3726
3732
3738
3744
3750
3756
3762
3768
3774
3780
3786
3792
3798
3804
3810
3816
3822
3828
3834
3840
3846
3852
3858
3864
3870
3876
3882
3888
3894
3900
3906
3912
3918
3924
3930
3936
3942
3948
3954
3960
3966
3972
3978
3984
3990
3996
4002
4008
4014
4020
4026
4032
4038
4044
4050
4056
4062
4068
4074
4080
4086
4092
4098
4104
4110
4116
4122
4128
4134
4140
4146
4152
4158
4164
4170
4176
4182
4188
4194
4200
4206
4212
4218
4224
4230
4236
4242
4248
4254
4260
4266
4272
4278
4284
4290
4296
4302
4308
4314
4320
4326
4332
4338
4344
4350
4356
4362
4368
4374
4380
4386
4392
4398
4404
4410
4416
4422
4428
4434
4440
4446
4452
4458
4464
4470
4476
4482
4488
4494
4500
4506
4512
4518
4524
4530
4536
4542
4548
4554
4560
4566
4572
4578
4584
4590
4596
4602
4608
4614
4620
4626
4632
4638
4644
4650
4656
4662
4668
4674
4680
4686
4692
4698
4704
4710
4716
4722
4728
4734
4740
4746
4752
4758
4764
4770
4776
4782
4788
4794
4800
4806
4812
4818
4824
4830
4836
4842
4848
4854
4860
4866
4872
4878
4884
4890
4896
4902
4908
4914
4920
4926
4932
4938
4944
4950
4956
4962
4968
4974
4980
4986
4992
4998
5004
5010
5016
5022
5028
5034
5040
5046
5052
5058
5064
5070
5076
5082
5088
5094
5100
5106
5112
5118
5124
5130
5136
5142
5148
5154
5160
5166
5172
5178
5184
5190
5196
5202
5208
5214
5220
5226
5232
5238
5244
5250
5256
5262
5268
5274
5280
5286
5292
5298
5304
5310
5316
5322
5328
5334
5340
5346
5352
5358
5364
5370
5376
5382
5388
5394
5400
5406
5412
5418
5424
5430
5436
5442
5448
5454
5460
5466
5472
5478
5484
5490
5496
5502
5508
5514
5520
5526
5532
5538
5544
5550
5556
5562
5568
5574
5580
5586
5592
5598
5604
5610
5616
5622
5628
5634
5640
5646
5652
5658
5664
5670
5676
5682
5688
5694
5700
5706
5712
5718
5724
5730
5736
5742
5748
5754
5760
5766
5772
5778
5784
5790
5796
5802
5808
5814
5820
5826
5832
5838
5844
5850
5856
5862
5868
5874
5880
5886
5892
5898
5904
5910
5916
5922
5928
5934
5940
5946
5952
5958
5964
5970
5976
5982
5988
5994
6000
6006
6012
6018
6024
6030
6036
6042
6048
6054
6060
6066
6072
6078
6084
6090
6096
6102
6108
6114
6120
6126
6132
6138
6144
6150
6156
6162
6168
6174
6180
6186
6192
6198
6204
6210
6216
6222
6228
6234
6240
6246
6252
6258
6264
6270
6276
6282
6288
6294
6300
6306
6312
6318
6324
6330
6336
6342
6348
6354
6360
6366
6372
6378
6384
6390
6396
6402
6408
6414
6420
6426
6432
6438
6444
6450
6456
6462
6468
6474
6480
6486
6492
6498
6504
6510
6516
6522
6528
6534
6540
6546
6552
6558
6564
6570
6576
6582
6588
6594
6600
6606
6612
6618
6624
6630
6636
6642
6648
6654
6660
6666
6672
6678
6684
6690
6696
6702
6708
6714
6720
6726
6732
6738
6744
6750
6756
6762
6768
6774
6780
6786
6792
6798
6804
6810
6816
6822
6828
6834
6840
6846
6852
6858
6864
6870
6876
6882
6888
6894
6900
6906
6912
6918
6924
6930
6936
6942
6948
6954
6960
6966
6972
6978
6984
6990
6996
7002
7008
7014
7020
7026
7032
7038
7044
7050
7056
7062
7068
7074
7080
7086
7092
7098
7104
7110
7116
7122
7128
7134
7140
7146
7152
7158
7164
7170
7176
7182
7188
7194
7200
7206
7212
7218
7224
7230
7236
7242
7248
7254
7260
7266
7272
7278
7284
7290
7296
7302
7308
7314
7320
7326
7332
7338
7344
7350
7356
7362
7368
7374
7380
7386
7392
7398
7404
7410
7416
7422
7428
7434
7440
7446
7452
7458
7464
7470
7476
7482
7488
7494
7500
7506
7512
7518
7524
7530
7536
7542
7548
7554
7560
7566
7572
7578
7584
7590
7596
7602
7608
7614
7620
7626
7632
7638
7644
7650
7656
7662
7668
7674
7680
7686
7692
7698
7704
7710
7716
7722
7728
7734
7740
7746
7752
7758
7764
7770
7776
7782
7788
7794
7800
7806
7812
7818
7824
7830
7836
7842
7848
7854
7860
7866
7872
7878
7884
7890
7896
7902
7908
7914
7920
7926
7932
7938
7944
7950
7956
7962
7968
7974
7980
7986
7992
7998
8004
8010
8016
8022
8028
8034
8040
8046
8052
8058
8064
8070
8076
8082
8088
8094
8100
8106
8112
8118
8124
8130
8136
8142
8148
8154
8160
8166
8172
8178
8184
8190
8196
8202
8208
8214
8220
8226
8232
8238
8244
8250
8256
8262
8268
8274
8280
8286
8292
8298
8304
8310
8316
8322
8328
8334
8340
8346
8352
8358
8364
8370
8376
8382
8388
8394
8400
8406
8412
8418
8424
8430
8436
8442
8448
8454
8460
8466
8472
8478
8484
8490
8496
8502
8508
8514
8520
8526
8532
8538
8544
8550
8556
8562
8568
8574
8580
8586
8592
8598
8604
8610
8616
8622
8628
8634
8640
8646
8652
8658
8664
8670
8676
8682
8688
8694
8700
8706
8712
8718
8724
8730
8736
8742
8748
8754
8760
8766
8772
8778
8784
8790
8796
8802
8808
8814
8820
8826
8832
8838
8844
8850
8856
8862
8868
8874
8880
8886
8892
8898
8904
8910
8916
8922
8928
8934
8940
8946
8952
8958
8964
8970
8976
8982
8988
8994
9000
9006
9012
9018
9024
9030
9036
9042
9048
9054
9060
9066
9072
9078
9084
9090
9096
9102
9108
9114
9120
9126
9132
9138
9144
9150
9156
9162
9168
9174
9180
9186
9192
9198
9204
9210
9216
9222
9228
9234
9240
9246
9252
9258
9264
9270
9276
9282
9288
9294
9300
9306
9312
9318
9324
9330
9336
9342
9348
9354
9360
9366
9372
9378
9384
9390
9396
9402
9408
9414
9420
9426
9432
9438
9444
9450
9456
9462
9468
9474
9480
9486
9492
9498
9504
9510
9516
9522
9528
9534
9540
9546
9552
9558
9564
9570
9576
9582
9588
9594
9600
9606
9612
9618
9624
9630
9636
9642
9648
9654
9660
9666
9672
9678
9684
9690
9696
9702
9708
9714
9720
9726
9732
9738
9744
9750
9756
9762
9768
9774
9780
9786
9792
9798
9804
9810
9816
9822
9828
9834
9840
9846
9852
9858
9864
9870
9876
9882
9888
9894
9900
9906
9912
9918
9924
9930
9936
9942
9948
9954
9960
9966
9972
9978
9984
9990
9996
10002
10008
10014
10020
10026
10032
10038
10044
10050
10056
10062
10068
10074
10080
10086
10092
10098
10104
10110
10116
10122
10128
10134
10140
10146
10152
10158
10164
10170
10176
10182
10188
10194
10200
10206
10212
10218
10224
10230
10236
10242
10248
10254
10260
10266
10272
10278
10284
10290
10296
10302
10308
10314
10320
10326
10332
10338
10344
10350
10356
10362
10368
10374
10380
10386
10392
10398
10404
10410
10416
10422
10428
10434
10440
10446
10452
10458
10464
10470
10476
10482
10488
10494
10500
10506
10512
10518
10524
10530
10536
10542
10548
10554
10560
10566
10572
10578
10584
10590
10596
10602
10608
10614
10620
10626
10632
10638
10644
10650
10656
10662
10668
10674
10680
10686
10692
10698
10704
10710
10716
10722
10728
10734
10740
10746
10752
10758
10764
10770
10776
10782
10788
10794
10800
10806
10812
10818
10824
10830
10836
10842
10848
10854
10860
10866
10872
10878
10884
10890
10896
10902
10908
10914
10920
10926
10932
10938
10944
10950
10956
10962
10968
10974
10980
10986
10992
10998
11004
11010
11016
11022
11028
11034
11040
11046
11052
11058
11064
11070
11076
11082
11088
11094
11100
11106
11112
11118
11124
11130
11136
11142
11148
11154
11160
11166
11172
11178
11184
11190
11196
11202
11208
11214
11220
11226
11232
11238
11244
11250
11256
11262
11268
11274
11280
11286
11292
11298
11304
11310
11316
11322
11328
11334
11340
11346
11352
11358
11364
11370
11376
11382
11388
11394
11400
11406
11412
11418
11424
11430
11436
11442
11448
11454
11460
11466
11472
11478
11484
11490
11496
11502
11508
11514
11520
11526
11532
11538
11544
11550
11556
11562
11568
11574
11580
11586
11592
11598
11604
11610
11616
11622
11628
11634
11640
11646
11652
11658
11664
11670
11676
11682
11688
11694
11700
11706
11712
11718
11724
11730
11736
11742
11748
11754
11760
11766
11772
11778
11784
11790
11796
11802
11808
11814
11820
11826
11832
11838
11844
11850
11856
11862
11868
11874
11880
11886
11892
11898
11904
11910
11916
11922
11928
11934
11940
11946
11952
11958
11964
11970
11976
11982
11988
11994
12000
12006
12012
12018
12024
12030
12036
12042
12048
12054
12060
12066
12072
12078
12084
12090
12096
12102
12108
12114
12120
12126
12132
12138
12144
12150
12156
12162
12168
12174
12180
12186
12192
12198
12204
12210
12216
12222
12228
12234
12240
12246
12252
12258
12264
12270
12276
12282
12288
12294
12300
12306
12312
12318
12324
12330
12336
12342
12348
12354
12360
12366
12372
12378
12384
12390
12396
12402
12408
12414
12420
12426
12432
12438
12444
12450
12456
12462
12468
12474
12480
12486
12492
12498
12504
12510
12516
12522
12528
12534
12540
12546
12552
12558
12564
12570
12576
12582
12588
12594
12600
12606
12612
12618
12624
12630
12636
12642
12648
12654
12660
12666
12672
12678
12684
12690
12696
12702
12708
12714
12720
12726
12732
12738
12744
12750
12756
12762
12768
12774
12780
12786
12792
12798
12804
12810
12816
12822
12828
12834
12840
12846
12852
12858
12864
12870
12876
12882
12888
12894
12900
12906
12912
12918
12924
12930
12936
12942
12948
12954
12960
12966
12972
12978
12984
12990
12996
13002
13008
13014
13020
13026
13032
13038
13044
13050
13056
13062
13068
13074
13080
13086
13092
13098
13104
13110
13116
13122
13128
13134
13140
13146
13152
13158
13164
13170
13176
13182
13188
13194
13200
13206
13212
13218
13224
13230
13236
13242
13248
13254
13260
13266
13272
13278
13284
13290
13296
13302
13308
13314
13320
13326
13332
13338
13344
13350
13356
13362
13368
13374
13380
13386
13392
13398
13404
13410
13416
13422
13428
13434
13440
13446
13452
13458
13464
13470
13476
13482
13488
13494
13500
13506
13512
13518
13524
13530
13536
13542
13548
13554
13560
13566
13572
13578
13584
13590
13596
13602
13608
13614
13620
13626
13632
13638
13644
13650
13656
13662
13668
13674
13680
13686
13692
13698
13704
13710
13716
13722
13728
13734
13740
13746
13752
13758
13764
13770
13776
13782
13788
13794
13800
13806
13812
13818
13824
13830
13836
13842
13848
13854
13860
13866
13872
13878
13884
13890
13896
13902
13908
13914
13920
13926
13932
13938
13944
13950
13956
13962
13968
13974
13980
13986
13992
13998
14004
14010
14016
14022
14028
14034
14040
14046
14052
14058
14064
14070
14076
14082
14088
14094
14100
14106
14112
14118
14124
14130
14136
14142
14148
14154
14160
14166
14172
14178
14184
14190
14196
14202
14208
14214
14220
14226
14232
14238
14244
14250
14256
14262
14268
14274
14280
14286
14292
14298
14304
14310
14316
14322
14328
14334
14340
14346
14352
14358
14364
14370
14376
14382
14388
14394
14400
14406
14412
14418
14424
14430
14436
14442
14448
14454
14460
14466
14472
14478
14484
14490
14496
14502
14508
14514
14520
14526
14532
14538
14544
14550
14556
14562
14568
14574
14580
14586
14592
14598
14604
14610
14616
14622
14628
14634
14640
14646
14652
14658
14664
14670
14676
14682
14688
14694
14700
14706
14712
14718
14724
14730
14736
14742
14748
14754
14760
14766
14772
14778
14784
14790
14796
14802
14808
14814
14820
14826
14832
14838
14844
14850
14856
14862
14868
14874
14880
14886
14892
14898
14904
14910
14916
14922
14928
14934
14940
14946
14952
14958
14964
14970
14976
14982
14988
14994
15000
15006
15012
15018
15024
15030
15036
15042
15048
15054
15060
15066
15072
15078
15084
15090
15096
15102
15108
15114
15120
15126
15132
15138
15144
15150
15156
15162
15168
15174
15180
15186
15192
15198
15204
15210
15216
15222
15228
15234
15240
15246
15252
15258
15264
15270
15276
15282
15288
15294
15300
15306
15312
15318
15324
15330
15336
15342
15348
15354
15360
15366
15372
15378
15384
15390
15396
15402
15408
15414
15420
15426
15432
15438
15444
15450
15456
15462
15468
15474
15480
15486
15492
15498
15504
15510
15516
15522
15528
15534
15540
15546
15552
15558
15564
15570
15576
15582
15588
15594
15600
15606
15612
15618
15624
15630
15636
15642
15648
15654
15660
15666
15672
15678
15684
15690
15696
15702
15708
15714
15720
15726
15732
15738
15744
15750
15756
15762
15768
15774
15780
15786
15792
15798
15804
15810
15816
15822
15828
15834
15840
15846
15852
15858
15864
15870
15876
15882
15888
15894
15900
15906
15912
15918
15924
15930
15936
15942
15948
15954
15960
15966
15972
15978
15984
15990
15996
16002
16008
16014
16020
16026
16032
16038
16044
16050
16056
16062
16068
16074
16080
16086
16092
16098
16104
16110
16116
16122
16128
16134
16140
16146
16152
16158
16164
16170
16176
16182
16188
16194
16200
16206
16212
16218
16224
16230
16236
16242
16248
16254
16260
16266
16272
16278
16284
16290
16296
16302
16308
16314
16320
16326
16332
16338
16344
16350
16356
16362
16368
16374
16380
16386
16392
16398
16404
16410
16416
16422
16428
16434
16440
16446
16452
16458
16464
16470
16476
16482
16488
16494
16500
16506
16512
16518
16524
16530
16536
16542
16548
16554
16560
16566
16572
16578
16584
16590
16596
16602
16608
16614
16620
16626
16632
16638
16644
16650
16656
16662
16668
16674
16680
16686
16692
16698
16704
16710
16716
16722
16728
16734
16740
16746
16752
16758
16764
16770
16776
16782
16788
16794
16800
16806
16812
16818
16824
16830
16836
16842
16848
16854
16860
16866
16872
16878
16884
16890
16896
16902
16908
16914
16920
16926
16932
16938
16944
16950
16956
16962
16968
16974
16980
16986
16992
16998
17004
17010
17016
17022
17028
17034
17040
17046
17052
17058
17064
17070
17076
17082
17088
17094
17100
17106
17112
17118
17124
17130
17136
17142
17148
17154
17160
17166
17172
17178
17184
17190
17196
17202
17208
17214
17220
17226
17232
17238
17244
17250
17256
17262
17268
17274
17280
17286
17292
17298
17304
17310
17316
17322
17328
17334
17340
17346
17352
17358
17364
17370
17376
17382
17388
17394
17400
17406
17412
17418
17424
17430
17436
17442
17448
17454
17460
17466
17472
17478
17484
17490
17496
17502
17508
17514
17520
17526
17532
17538
17544
17550
17556
17562
17568
17574
17580
17586
17592
17598
17604
17610
17616
17622
17628
17634
17640
17646
17652
17658
17664
17670
17676
17682
17688
17694
17700
17706
17712
17718
17724
17730
17736
17742
17748
17754
17760
17766
17772
17778
17784
17790
17796
17802
17808
17814
17820
17826
17832
17838
17844
17850
17856
17862
17868
17874
17880
17886
17892
17898
17904
17910
17916
17922
17928
17934
17940
17946
17952
17958
17964
17970
17976
17982
17988
17994
18000
18006
18012
18018
18024
18030
18036
18042
18048
18054
18060
18066
18072
18078
18084
18090
18096
18102
18108
18114
18120
18126
18132
18138
18144
18150
18156
18162
18168
18174
18180
18186
18192
18198
18204
18210
18216
18222
18228
18234
18240
18246
18252
18258
18264
18270
18276
18282
18288
18294
18300
18306
18312
18318
18324
18330
18336
18342
18348
18354
18360
18366
18372
18378
18384
18390
18396
18402
18408
18414
18420
18426
18432
18438
18444
18450
18456
18462
18468
18474
18480
18486
18492
18498
18504
18510
18516
18522
18528
18534
18540
18546
18552
18558
18564
18570
18576
18582
18588
18594
18600
18606
18612
18618
18624
18630
18636
18642
18648
18654
18660
18666
18672
18678
18684
18690
18696
18702
18708
18714
18720
18726
18732
18738
18744
18750
18756
18762
18768
18774
18780
18786
18792
18798
18804
18810
18816
18822
18828
18834
18840
18846
18852
18858
18864
18870
18876
18882
18888
18894
18900
18906
18912
18918
18924
18930
18936
18942
18948
18954
18960
18966
18972
18978
18984
18990
18996
19002
19008
19014
19020
19026
19032
19038
19044
19050
19056
19062
19068
19074
19080
19086
19092
19098
19104
19110
19116
19122
19128
19134
19140
19146
19152
19158
19164
19170
19176
19182
19188
19194
19200
19206
19212
19218
19224
19230
19236
19242
19248
19254
19260
19266
19272
19278
19284
19290
19296
19302
19308
19314
19320
19326
19332
19338
19344
19350
19356
19362
19368
19374
19380
19386
19392
19398
19404
19410
19416
19422
19428
19434
19440
19446
19452
19458
19464
19470
19476
19482
19488
19494
19500
19506
19512
19518
19524
19530
19536
19542
19548
19554
19560
19566
19572
19578
19584
19590
19596
19602
19608
19614
19620
19626
19632
19638
19644
19650
19656
19662
19668
19674
19680
19686
19692
19698
19704
19710
19716
19722
19728
19734
19740
19746
19752
19758
19764
19770
19776
19782
19788
19794
19800
19806
19812
19818
19824
19830
19836
19842
19848
19854
19860
19866
19872
19878
19884
19890
19896
19902
19908
19914
19920
19926
19932
19938
19944
19950
19956
19962
19968
19974
19980
19986
19992
19998
20004
20010
20016
20022
20028
20034
20040
20046
20052
20058
20064
20070
20076
20082
20088
20094
20100
20106
20112
20118
20124
20130
20136
20142
20148
20154
20160
20166
20172
20178
20184
20190
20196
20202
20208
20214
20220
20226
20232
20238
20244
20250
20256
20262
20268
20274
20280
20286
20292
20298
20304
20310
20316
20322
20328
20334
20340
20346
20352
20358
20364
20370
20376
20382
20388
20394
20400
20406
20412
20418
20424
20430
20436
20442
20448
20454
20460
20466
20472
20478
20484
20490
20496
20502
20508
20514
20520
20526
20532
20538
20544
20550
20556
20562
20568
20574
20580
20586
20592
20598
20604
20610
20616
20622
20628
20634
20640
20646
20652
20658
20664
20670
20676
20682
20688
20694
20700
20706
20712
20718
20724
20730
20736
20742
20748
20754
20760
20766
20772
20778
20784
20790
20796
20802
20808
20814
20820
20826
20832
20838
20844
20850
20856
20862
20868
20874
20880
20886
20892
20898
20904
20910
20916
20922
20928
20934
20940
20946
20952
20958
20964
20970
20976
20982
20988
20994
21000
21006
21012
21018
21024
21030
21036
21042
21048
21054
21060
21066
21072
21078
21084
21090
21096
21102
21108
21114
21120
21126
21132
21138
21144
21150
21156
21162
21168
21174
21180
21186
21192
21198
21204
21210
21216
21222
21228
21234
21240
21246
21252
21258
21264
21270
21276
21282
21288
21294
21300
21306
21312
21318
21324
21330
21336
21342
21348
21354
21360
21366
21372
21378
21384
21390
21396
21402
21408
21414
21420
21426
21432
21438
21444
21450
21456
21462
21468
21474
21480
21486
21492
21498
21504
21510
21516
21522
21528
21534
21540
21546
21552
21558
21564
21570
21576
21582
21588
21594
21600
21606
21612
21618
21624
21630
21636
21642
21648
21654
21660
21666
21672
21678
21684
21690
21696
21702
21708
21714
21720
21726
21732
21738
21744
21750
21756
21762
21768
21774
21780
21786
21792
21798
21804
21810
21816
21822
21828
21834
21840
21846
21852
21858
21864
21870
21876
21882
21888
21894
21900
21906
21912
21918
21924
21930
21936
21942
21948
21954
21960
21966
21972
21978
21984
21990
21996
22002
22008
22014
22020
22026
22032
22038
22044
22050
22056
22062
22068
22074
22080
22086
22092
22098
22104
22110
22116
22122
22128
22134
22140
22146
22152
22158
22164
22170
22176
22182
22188
22194
22200
22206
22212
22218
22224
22230
22236
22242
22248
22254
22260
22266
22272
22278
22284
22290
22296
22302
22308
22314
22320
22326
22332
22338
22344
22350
22356
22362
22368
22374
22380
22386
22392
22398
22404
22410
22416
22422
22428
22434
22440
22446
22452
22458
22464
22470
22476
22482
22488
22494
22500
22506
22512
22518
22524
22530
22536
22542
22548
22554
22560
22566
22572
22578
22584
22590
22596
22602
22608
22614
22620
22626
22632
22638
22644
22650
22656
22662
22668
22674
22680
22686
22692
22698
22704
22710
22716
22722
22728
22734
22740
22746
22752
22758
22764
22770
22776
22782
22788
22794
22800
22806
22812
22818
22824
22830
22836
22842
22848
22854
22860
22866
22872
22878
22884
22890
22896
22902
22908
22914
22920
22926
22932
22938
22944
22950
22956
22962
22968
22974
22980
22986
22992
22998
23004
23010
23016
23022
23028
23034
23040
23046
23052
23058
23064
23070
23076
23082
23088
23094
23100
23106
23112
23118
23124
23130
23136
23142
23148
23154
23160
23166
23172
23178
23184
23190
23196
23202
23208
23214
23220
23226
23232
23238
23244
23250
23256
23262
23268
23274
23280
23286
23292
23298
23304
23310
23316
23322
23328
23334
23340
23346
23352
23358
23364
23370
23376
23382
23388
23394
23400
23406
23412
23418
23424
23430
23436
23442
23448
23454
23460
23466
23472
23478
23484
23490
23496
23502
23508
23514
23520
23526
23532
23538
23544
23550
23556
23562
23568
23574
23580
23586
23592
23598
23604
23610
23616
23622
23628
23634
23640
23646
23652
23658
23664
23670
23676
23682
23688
23694
23700
23706
23712
23718
23724
23730
23736
23742
23748
23754
23760
23766
23772
23778
23784
23790
23796
23802
23808
23814
23820
23826
23832
23838
23844
23850
23856
23862
23868
23874
23880
23886
23892
23898
23904
23910
23916
23922
23928
23934
23940
23946
23952
23958
23964
23970
23976
23982
23988
23994
24000
24006
24012
24018
24024
24030
24036
24042
24048
24054
24060
24066
24072
24078
24084
24090
24096
24102
24108
24114
24120
24126
24132
24138
24144
24150
24156
24162
24168
24174
24180
24186
24192
24198
24204
24210
24216
24222
24228
24234
24240
24246
24252
24258
24264
24270
24276
24282
24288
24294
24300
24306
24312
24318
24324
24330
24336
24342
24348
24354
24360
24366
24372
24378
24384
24390
24396
24402
24408
24414
24420
24426
24432
24438
24444
24450
24456
24462
24468
24474
24480
24486
24492
24498
24504
24510
24516
24522
24528
24534
24540
24546
24552
24558
24564
24570
24576
24582
24588
24594
24600
24606
24612
24618
24624
24630
24636
24642
24648
24654
24660
24666
24672
24678
24684
24690
24696
24702
24708
24714
24720
24726
24732
24738
24744
24750
24756
24762
24768
24774
24780
24786
24792
24798
24804
24810
24816
24822
24828
24834
24840
24846
24852
24858
24864
24870
24876
24882
24888
24894
24900
24906
24912
24918
24924
24930
24936
24942
24948
24954
24960
24966
24972
24978
24984
24990
24996
25002
25008
25014
25020
25026
25032
25038
25044
25050
25056
25062
25068
25074
25080
25086
25092
25098
25104
25110
25116
25122
25128
25134
25140
25146
25152
25158
25164
25170
25176
25182
25188
25194
25200
25206
25212
25218
25224
25230
25236
25242
25248
25254
25260
25266
25272
25278
25284
25290
25296
25302
25308
25314
25320
25326
25332
25338
25344
25350
25356
25362
25368
25374
25380
25386
25392
25398
25404
25410
25416
25422
25428
25434
25440
25446
25452
25458
25464
25470
25476
25482
25488
25494
25500
25506
25512
25518
25524
25530
25536
25542
25548
25554
25560
25566
25572
25578
25584
25590
25596
25602
25608
25614
25620
25626
25632
25638
25644
25650
25656
25662
25668
25674
25680
25686
25692
25698
25704
25710
25716
25722
25728
25734
25740
25746
25752
25758
25764
25770
25776
25782
25788
25794
25800
25806
25812
25818
25824
25830
25836
25842
25848
25854
25860
25866
25872
25878
25884
25890
25896
25902
25908
25914
25920
25926
25932
25938
25944
25950
25956
25962
25968
25974
25980
25986
25992
25998
26004
26010
26016
26022
26028
26034
26040
26046
26052
26058
26064
26070
26076
26082
26088
26094
26100
26106
26112
26118
26124
26130
26136
26142
26148
26154
26160
26166
26172
26178
26184
26190
26196
26202
26208
26214
26220
26226
26232
26238
26244
26250
26256
26262
26268
26274
26280
26286
26292
26298
26304
26310
26316
26322
26328
26334
26340
26346
26352
26358
26364
26370
26376
26382
26388
26394
26400
26406
26412
26418
26424
26430
26436
26442
26448
26454
26460
26466
26472
26478
26484
26490
26496
26502
26508
26514
26520
26526
26532
26538
26544
26550
26556
26562
26568
26574
26580
26586
26592
26598
26604
26610
26616
26622
26628
26634
26640
26646
26652
26658
26664
26670
26676
26682
26688
26694
26700
26706
26712
26718
26724
26730
26736
26742
26748
26754
26760
26766
26772
26778
26784
26790
26796
26802
26808
26814
26820
26826
26832
26838
26844
26850
26856
26862
26868
26874
26880
26886
26892
26898
26904
26910
26916
26922
26928
26934
26940
26946
26952
26958
26964
26970
26976
26982
26988
26994
27000
27006
27012
27018
27024
27030
27036
27042
27048
27054
27060
27066
27072
27078
27084
27090
27096
27102
27108
27114
27120
27126
27132
27138
27144
27150
27156
27162
27168
27174
27180
27186
27192
27198
27204
27210
27216
27222
27228
27234
27240
27246
27252
27258
27264
27270
27276
27282
27288
27294
27300
27306
27312
27318
27324
27330
27336
27342
27348
27354
27360
27366
27372
27378
27384
27390
27396
27402
27408
27414
27420
27426
27432
27438
27444
27450
27456
27462
27468
27474
27480
27486
27492
27498
27504
27510
27516
27522
27528
27534
27540
27546
27552
27558
27564
27570
27576
27582
27588
27594
27600
27606
27612
27618
27624
27630
27636
27642
27648
27654
27660
27666
27672
27678
27684
27690
27696
27702
27708
27714
27720
27726
27732
27738
27744
27750
27756
27762
27768
27774
27780
27786
27792
27798
27804
27810
27816
27822
27828
27834
27840
27846
27852
27858
27864
27870
27876
27882
27888
27894
27900
27906
27912
27918
27924
27930
27936
27942
27948
27954
27960
27966
27972
27978
27984
27990
27996
28002
28008
28014
28020
28026
28032
28038
28044
28050
28056
28062
28068
28074
28080
28086
28092
28098
28104
28110
28116
28122
28128
28134
28140
28146
28152
28158
28164
28170
28176
28182
28188
28194
28200
28206
28212
28218
28224
28230
28236
28242
28248
28254
28260
28266
28272
28278
28284
28290
28296
28302
28308
28314
28320
28326
28332
28338
28344
28350
28356
28362
28368
28374
28380
28386
28392
28398
28404
28410
28416
28422
28428
28434
28440
28446
28452
28458
28464
28470
28476
28482
28488
28494
28500
28506
28512
28518
28524
28530
28536
28542
28548
28554
28560
28566
28572
28578
28584
28590
28596
28602
28608
28614
28620
28626
28632
28638
28644
28650
28656
28662
28668
28674
28680
28686
28692
28698
28704
28710
28716
28722
28728
28734
28740
28746
28752
28758
28764
28770
28776
28782
28788
28794
28800
28806
28812
28818
28824
28830
28836
28842
28848
28854
28860
28866
28872
28878
28884
28890
28896
28902
28908
28914
28920
28926
28932
28938
28944
28950
28956
28962
28968
28974
28980
28986
28992
28998
29004
29010
29016
29022
29028
29034
29040
29046
29052
29058
29064
29070
29076
29082
29088
29094
29100
29106
29112
29118
29124
29130
29136
29142
29148
29154
29160
29166
29172
29178
29184
29190
29196
29202
29208
29214
29220
29226
29232
29238
29244
29250
29256
29262
29268
29274
29280
29286
29292
29298
29304
29310
29316
29322
29328
29334
29340
29346
29352
29358
29364
29370
29376
29382
29388
29394
29400
29406
29412
29418
29424
29430
29436
29442
29448
29454
29460
29466
29472
29478
29484
29490
29496
29502
29508
29514
29520
29526
29532
29538
29544
29550
29556
29562
29568
29574
29580
29586
29592
29598
29604
29610
29616
29622
29628
29634
29640
29646
29652
29658
29664
29670
29676
29682
29688
29694
29700
29706
29712
29718
29724
29730
29736
29742
29748
29754
29760
29766
29772
29778
29784
29790
29796
29802
29808
29814
29820
29826
29832
29838
29844
29850
29856
29862
29868
29874
29880
29886
29892
29898
29904
29910
29916
29922
29928
29934
29940
29946
29952
29958
29964
29970
29976
29982
29988
29994
30000
30006
30012
30018
30024
30030
30036
30042
30048
30054
30060
30066
30072
30078
30084
30090
30096
30102
30108
30114
30120
30126
30132
30138
30144
30150
30156
30162
30168
30174
30180
30186
30192
30198
30204
30210
30216
30222
30228
30234
30240
30246
30252
30258
30264
30270
30276
30282
30288
30294
30300
30306
30312
30318
30324
30330
30336
30342
30348
30354
30360
30366
30372
30378
30384
30390
30396
30402
30408
30414
30420
30426
30432
30438
30444
30450
30456
30462
30468
30474
30480
30486
30492
30498
30504
30510
30516
30522
30528
30534
30540
30546
30552
30558
30564
30570
30576
30582
30588
30594
30600
30606
30612
30618
30624
30630
30636
30642
30648
30654
30660
30666
30672
30678
30684
30690
30696
30702
30708
30714
30720
30726
30732
30738
30744
30750
30756
30762
30768
30774
30780
30786
30792
30798
30804
30810
30816
30822
30828
30834
30840
30846
30852
30858
30864
30870
30876
30882
30888
30894
30900
30906
30912
30918
30924
30930
30936
30942
30948
30954
30960
30966
30972
30978
30984
30990
30996
31002
31008
31014
31020
31026
31032
31038
31044
31050
31056
31062
31068
31074
31080
31086
31092
31098
31104
31110
31116
31122
31128
31134
31140
31146
31152
31158
31164
31170
31176
31182
31188
31194
31200
31206
31212
31218
31224
31230
31236
31242
31248
31254
31260
31266
31272
31278
31284
31290
31296
31302
31308
31314
31320
31326
31332
31338
31344
31350
31356
31362
31368
31374
31380
31386
31392
31398
31404
31410
31416
31422
31428
31434
31440
31446
31452
31458
31464
31470
31476
31482
31488
31494
31500
31506
31512
31518
31524
31530
31536
31542
31548
31554
31560
31566
31572
31578
31584
31590
31596
31602
31608
31614
31620
31626
31632
31638
31644
31650
31656
31662
31668
31674
31680
31686
31692
31698
31704
31710
31716
31722
31728
31734
31740
31746
31752
31758
31764
31770
31776
31782
31788
31794
31800
31806
31812
31818
31824
31830
31836
31842
31848
31854
31860
31866
31872
31878
31884
31890
31896
31902
31908
31914
31920
31926
31932
31938
31944
31950
31956
31962
31968
31974
31980
31986
31992
31998
32004
32010
32016
32022
32028
32034
32040
32046
32052
32058
32064
32070
32076
32082
32088
32094
32100
32106
32112
32118
32124
32130
32136
32142
32148
32154
32160
32166
32172
32178
32184
32190
32196
32202
32208
32214
32220
32226
32232
32238
32244
32250
32256
32262
32268
32274
32280
32286
32292
32298
32304
32310
32316
32322
32328
32334
32340
32346
32352
32358
32364
32370
32376
32382
32388
32394
32400
32406
32412
32418
32424
32430
32436
32442
32448
32454
32460
32466
32472
32478
32484
32490
32496
32502
32508
32514
32520
32526
32532
32538
32544
32550
32556
32562
32568
32574
32580
32586
32592
32598
32604
32610
32616
32622
32628
32634
32640
32646
32652
32658
32664
32670
32676
32682
32688
32694
32700
32706
32712
32718
32724
32730
32736
32742
32748
32754
32760
32766
32772
32778
32784
32790
32796
32802
32808
32814
32820
32826
32832
32838
32844
32850
32856
32862
32868
32874
32880
32886
32892
32898
32904
32910
32916
32922
32928
32934
32940
32946
32952
32958
32964
32970
32976
32982
32988
32994
33000
33006
33012
33018
33024
33030
33036
33042
33048
33054
33060
33066
33072
33078
33084
33090
33096
33102
33108
33114
33120
33126
33132
33138
33144
33150
33156
33162
33168
33174
33180
33186
33192
33198
33204
33210
33216
33222
33228
33234
33240
33246
33252
33258
33264
33270
33276
33282
33288
33294
33300
33306
33312
33318
33324
33330
33336
33342
33348
33354
33360
33366
33372
33378
33384
33390
33396
33402
33408
33414
33420
33426
33432
33438
33444
33450
33456
33462
33468
33474
33480
33486
33492
33498
33504
33510
33516
33522
33528
33534
33540
33546
33552
33558
33564
33570
33576
33582
33588
33594
33600
33606
33612
33618
33624
33630
33636
33642
33648
33654
33660
33666
33672
33678
33684
33690
33696
33702
33708
33714
33720
33726
33732
33738
33744
33750
33756
33762
33768
33774
33780
33786
33792
33798
33804
33810
33816
33822
33828
33834
33840
33846
33852
33858
33864
33870
33876
33882
33888
33894
33900
33906
33912
33918
33924
33930
33936
33942
33948
33954
33960
33966
33972
33978
33984
33990
33996
34002
34008
34014
34020
34026
34032
34038
34044
34050
34056
34062
34068
34074
34080
34086
34092
34098
34104
34110
34116
34122
34128
34134
34140
34146
34152
34158
34164
34170
34176
34182
34188
34194
34200
34206
34212
34218
34224
34230
34236
34242
34248
34254
34260
34266
34272
34278
34284
34290
34296
34302
34308
34314
34320
34326
34332
34338
34344
34350
34356
34362
34368
34374
34380
34386
34392
34398
34404
34410
34416
34422
34428
34434
34440
34446
34452
34458
34464
34470
34476
34482
34488
34494
34500
34506
34512
34518
34524
34530
34536
34542
34548
34554
34560
34566
34572
34578
34584
34590
34596
34602
34608
34614
34620
34626
34632
34638
34644
34650
34656
34662
34668
34674
34680
34686
34692
34698
34704
34710
34716
34722
34728
34734
34740
34746
34752
34758
34764
34770
34776
34782
34788
34794
34800
34806
34812
34818
34824
34830
34836
34842
34848
34854
34860
34866
34872
34878
34884
34890
34896
34902
34908
34914
34920
34926
34932
34938
34944
34950
34956
34962
34968
34974
34980
34986
34992
34998
35004
35010
35016
35022
35028
35034
35040
35046
35052
35058
35064
35070
35076
35082
35088
35094
35100
35106
35112
35118
35124
35130
35136
35142
35148
35154
35160
35166
35172
35178
35184
35190
35196
35202
35208
35214
35220
35226
35232
35238
35244
35250
35256
35262
35268
35274
35280
35286
35292
35298
35304
35310
35316
35322
35328
35334
35340
35346
35352
35358
35364
35370
35376
35382
35388
35394
35400
35406
35412
35418
35424
35430
35436
35442
35448
35454
35460
35466
35472
35478
35484
35490
35496
35502
35508
35514
35520
35526
35532
35538
35544
35550
35556
35562
35568
35574
35580
35586
35592
35598
35604
35610
35616
35622
35628
35634
35640
35646
35652
35658
35664
35670
35676
35682
35688
35694
35700
35706
35712
35718
35724
35730
35736
35742
35748
35754
35760
35766
35772
35778
35784
35790
35796
35802
35808
35814
35820
35826
35832
35838
35844
35850
35856
35862
35868
35874
35880
35886
35892
35898
35904
35910
35916
35922
35928
35934
35940
35946
35952
35958
35964
35970
35976
35982
35988
35994
36000
36006
36012
36018
36024
36030
36036
36042
36048
36054
36060
36066
36072
36078
36084
36090
36096
36102
36108
36114
36120
36126
36132
36138
36144
36150
36156
36162
36168
36174
36180
36186
36192
36198
36204
36210
36216
36222
36228
36234
36240
36246
36252
36258
36264
36270
36276
36282
36288
36294
36300
36306
36312
36318
36324
36330
36336
36342
36348
36354
36360
36366
36372
36378
36384
36390
36396
36402
36408
36414
36420
36426
36432
36438
36444
36450
36456
36462
36468
36474
36480
36486
36492
36498
36504
36510
36516
36522
36528
36534
36540
36546
36552
36558
36564
36570
36576
36582
36588
36594
36600
36606
36612
36618
36624
36630
36636
36642
36648
36654
36660
36666
36672
36678
36684
36690
36696
36702
36708
36714
36720
36726
36732
36738
36744
36750
36756
36762
36768
36774
36780
36786
36792
36798
36804
36810
36816
36822
36828
36834
36840
36846
36852
36858
36864
36870
36876
36882
36888
36894
36900
36906
36912
36918
36924
36930
36936
36942
36948
36954
36960
36966
36972
36978
36984
36990
36996
37002
37008
37014
37020
37026
37032
37038
37044
37050
37056
37062
37068
37074
37080
37086
37092
37098
37104
37110
37116
37122
37128
37134
37140
37146
37152
37158
37164
37170
37176
37182
37188
37194
37200
37206
37212
37218
37224
37230
37236
37242
37248
37254
37260
37266
37272
37278
37284
37290
37296
37302
37308
37314
37320
37326
37332
37338
37344
37350
37356
37362
37368
37374
37380
37386
37392
37398
37404
37410
37416
37422
37428
37434
37440
37446
37452
37458
37464
37470
37476
37482
37488
37494
37500
37506
37512
37518
37524
37530
37536
37542
37548
37554
37560
37566
37572
37578
37584
37590
37596
37602
37608
37614
37620
37626
37632
37638
37644
37650
37656
37662
37668
37674
37680
37686
37692
37698
37704
37710
37716
37722
37728
37734
37740
37746
37752
37758
37764
37770
37776
37782
37788
37794
37800
37806
37812
37818
37824
37830
37836
37842
37848
37854
37860
37866
37872
37878
37884
37890
37896
37902
37908
37914
37920
37926
37932
37938
37944
37950
37956
37962
37968
37974
37980
37986
37992
37998
38004
38010
38016
38022
38028
38034
38040
38046
38052
38058
38064
38070
38076
38082
38088
38094
38100
38106
38112
38118
38124
38130
38136
38142
38148
38154
38160
38166
38172
38178
38184
38190
38196
38202
38208
38214
38220
38226
38232
38238
38244
38250
38256
38262
38268
38274
38280
38286
38292
38298
38304
38310
38316
38322
38328
38334
38340
38346
38352
38358
38364
38370
38376
38382
38388
38394
38400
38406
38412
38418
38424
38430
38436
38442
38448
38454
38460
38466
38472
38478
38484
38490
38496
38502
38508
38514
38520
38526
38532
38538
38544
38550
38556
38562
38568
38574
38580
38586
38592
38598
38604
38610
38616
38622
38628
38634
38640
38646
38652
38658
38664
38670
38676
38682
38688
38694
38700
38706
38712
38718
38724
38730
38736
38742
38748
38754
38760
38766
38772
38778
38784
38790
38796
38802
38808
38814
38820
38826
38832
38838
38844
38850
38856
38862
38868
38874
38880
38886
38892
38898
38904
38910
38916
38922
38928
38934
38940
38946
38952
38958
38964
38970
38976
38982
38988
38994
39000
39006
39012
39018
39024
39030
39036
39042
39048
39054
39060
39066
39072
39078
39084
39090
39096
39102
39108
39114
39120
39126
39132
39138
39144
39150
39156
39162
39168
39174
39180
39186
39192
39198
39204
39210
39216
39222
39228
39234
39240
39246
39252
39258
39264
39270
39276
39282
39288
39294
39300
39306
39312
39318
39324
39330
39336
39342
39348
39354
39360
39366
39372
39378
39384
39390
39396
39402
39408
39414
39420
39426
39432
39438
39444
39450
39456
39462
39468
39474
39480
39486
39492
39498
39504
39510
39516
39522
39528
39534
39540
39546
39552
39558
39564
39570
39576
39582
39588
39594
39600
39606
39612
39618
39624
39630
39636
39642
39648
39654
39660
39666
39672
39678
39684
39690
39696
39702
39708
39714
39720
39726
39732
39738
39744
39750
39756
39762
39768
39774
39780
39786
39792
39798
39804
39810
39816
39822
39828
39834
39840
39846
39852
39858
39864
39870
39876
39882
39888
39894
39900
39906
39912
39918
39924
39930
39936
39942
39948
39954
39960
39966
39972
39978
39984
39990
39996
40002
40008
40014
40020
40026
40032
40038
40044
40050
40056
40062
40068
40074
40080
40086
40092
40098
40104
40110
40116
40122
40128
40134
40140
40146
40152
40158
40164
40170
40176
40182
40188
40194
40200
40206
40212
40218
40224
40230
40236
40242
40248
40254
40260
40266
40272
40278
40284
40290
40296
40302
40308
40314
40320
40326
40332
40338
40344
40350
40356
40362
40368
40374
40380
40386
40392
40398
40404
40410
40416
40422
40428
40434
40440
40446
40452
40458
40464
40470
40476
40482
40488
40494
40500
40506
40512
40518
40524
40530
40536
40542
40548
40554
40560
40566
40572
40578
40584
40590
40596
40602
40608
40614
40620
40626
40632
40638
40644
40650
40656
40662
40668
40674
40680
40686
40692
40698
40704
40710
40716
40722
40728
40734
40740
40746
40752
40758
40764
40770
40776
40782
40788
40794
40800
40806
40812
40818
40824
40830
40836
40842
40848
40854
40860
40866
40872
40878
40884
40890
40896
40902
40908
40914
40920
40926
40932
40938
40944
40950
40956
40962
40968
40974
40980
40986
40992
40998
41004
41010
41016
41022
41028
41034
41040
41046
41052
41058
41064
41070
41076
41082
41088
41094
41100
41106
41112
41118
41124
41130
41136
41142
41148
41154
41160
41166
41172
41178
41184
41190
41196
41202
41208
41214
41220
41226
41232
41238
41244
41250
41256
41262
41268
41274
41280
41286
41292
41298
41304
41310
41316
41322
41328
41334
41340
41346
41352
41358
41364
41370
41376
41382
41388
41394
41400
41406
41412
41418
41424
41430
41436
41442
41448
41454
41460
41466
41472
41478
41484
41490
41496
41502
41508
41514
41520
41526
41532
41538
41544
41550
41556
41562
41568
41574
41580
41586
41592
41598
41604
41610
41616
41622
41628
41634
41640
41646
41652
41658
41664
41670
41676
41682
41688
41694
41700
41706
41712
41718
41724
41730
41736
41742
41748
41754
41760
41766
41772
41778
41784
41790
41796
41802
41808
41814
41820
41826
41832
41838
41844
41850
41856
41862
41868
41874
41880
41886
41892
41898
41904
41910
41916
41922
41928
41934
41940
41946
41952
41958
41964
41970
41976
41982
41988
41994
42000
42006
42012
42018
42024
42030
42036
42042
42048
42054
42060
42066
42072
42078
42084
42090
42096
42102
42108
42114
42120
42126
42132
42138
42144
42150
42156
42162
