2.0 348 8.7 85
1.8 360 11.0 87
1.1 11 11.6 94
1.0 21 12.2 95
1.4 18 12.4 92
0.8 5 15.3 90
0.3 2 16.4 90
0.0 359 14.8 96
0.4 359 15.0 96
1.6 27 12.1 98
1.7 51 9.2 90
1.6 45 8.7 89
1.8 35 10.1 87
1.8 36 10.3 82
2.3 43 12.9 85
2.3 15 15.0 88
2.4 8 11.9 87
2.3 26 12.4 91
2.2 6 13.1 92
2.1 11 9.9 91
2.4 11 12.2 92
2.4 6 13.9 91
2.3 12 14.5 91
2.2 8 12.2 89
2.1 14 11.5 88
2.0 7 12.7 88
1.6 5 12.0 87
1.5 13 12.0 86
1.3 22 10.9 87
0.8 26 10.2 86
0.6 23 9.5 88
0.2 20 10.8 84
0.0 14 12.8 85
-0.3 11 12.2 87
0.1 24 12.3 87
0.5 31 12.0 86
0.2 44 7.5 80
0.4 37 9.1 78
0.4 54 10.2 81
0.3 57 9.8 77
0.3 52 9.7 77
0.1 50 9.9 78
-0.3 29 11.7 81
-0.3 41 10.4 79
-0.7 31 12.6 79
-1.1 42 13.0 78
-0.8 33 14.4 77
-0.8 23 13.0 79
-0.9 32 13.7 80
-1.2 28 13.2 80
-1.3 42 13.1 80
-1.4 33 12.5 80
-1.3 28 10.4 79
-2.2 27 11.3 80
-1.5 34 9.9 75
-1.9 30 9.1 76
-2.1 36 8.0 74
-2.3 23 7.6 76
-2.1 23 6.5 75
-2.3 44 6.2 73
-2.3 21 5.3 70
-2.1 15 3.8 69
-2.1 38 3.3 70
-1.9 68 3.2 65
-4.9 138 1.0 69
-3.1 127 1.6 73
-1.9 160 2.9 77
-1.2 151 3.5 77
-0.1 159 5.8 70
0.4 163 6.6 75
0.6 161 7.7 77
0.1 164 8.3 87
-0.1 164 7.5 94
-0.3 161 7.5 95
-0.1 167 7.4 96
0.2 172 7.1 97
0.5 163 7.2 99
1.4 167 7.3 100
3.3 192 9.7 100
4.1 199 9.7 100
4.4 188 10.2 100
4.5 193 12.7 100
4.9 194 12.7 100
5.3 196 13.8 100
5.4 198 13.4 100
5.3 210 15.3 100
5.3 209 14.8 100
5.3 210 14.6 100
5.3 206 13.1 100
5.8 200 11.7 100
5.9 220 11.7 100
6.0 222 11.4 100
5.8 222 9.6 100
5.6 226 9.2 100
5.8 199 5.7 100
5.4 186 4.9 100
5.2 188 4.2 100
4.7 184 2.5 100
3.8 204 1.6 100
4.0 276 0.4 100
4.0 1 1.3 100
4.0 316 7.9 100
4.2 306 8.6 89
3.8 302 11.2 89
3.7 293 8.7 92
3.5 303 10.5 86
3.4 288 8.8 88
3.4 296 9.5 85
3.1 291 12.9 85
2.4 282 12.4 93
2.8 279 12.9 94
2.9 275 14.7 79
2.7 270 14.7 81
2.0 282 13.0 90
3.1 274 15.7 78
2.8 276 16.6 76
3.0 276 14.8 78
2.7 285 15.8 82
2.2 292 13.4 87
1.6 299 11.7 92
1.9 303 10.6 86
1.3 311 9.5 88
0.9 314 9.1 87
1.0 318 7.9 81
0.7 318 6.7 80
0.3 318 7.4 78
0.4 308 8.1 72
0.6 307 5.8 68
0.6 305 5.6 71
-0.5 26 5.6 78
-0.9 53 4.1 81
-1.1 60 3.9 82
-1.3 60 4.5 81
-1.1 68 3.1 80
-1.4 110 2.5 81
-0.8 82 3.0 82
-0.5 78 3.9 80
-0.5 82 5.5 82
-0.2 89 5.9 81
0.2 90 5.2 77
0.4 82 5.4 75
0.0 76 5.9 76
0.5 88 4.9 76
0.8 86 3.8 75
0.6 86 2.8 73
0.6 77 3.1 72
0.5 44 3.7 67
0.6 30 4.1 68
0.4 42 6.2 68
-0.2 35 7.0 64
-0.2 37 5.8 67
-0.3 45 6.0 63
-0.1 48 3.9 58
-0.2 64 3.9 60
-0.5 51 4.5 63
-0.1 36 6.6 59
-0.5 45 5.8 59
-0.5 48 5.9 55
-0.8 49 6.9 57
-0.8 42 6.4 61
-0.5 43 5.4 54
-1.2 23 7.7 60
-1.1 36 7.2 62
-1.0 26 10.5 60
-1.1 19 11.9 62
-1.4 11 10.8 65
-1.5 5 10.1 68
-1.1 12 9.1 74
