0.8 333 4.0 78
0.5 346 4.3 80
-0.4 7 4.8 96
0.1 31 1.9 95
0.9 20 8.5 83
0.6 8 7.2 86
0.7 4 6.2 84
-0.9 337 6.2 96
-0.8 343 4.0 97
-1.3 118 2.4 98
-2.6 146 1.9 99
-2.1 89 1.0 99
-1.3 30 1.1 85
-0.2 22 1.6 77
-0.2 39 1.7 75
1.4 352 3.8 70
-1.1 201 2.0 75
1.7 12 7.7 78
1.9 229 2.2 71
3.1 9 2.9 72
2.7 8 8.2 77
3.6 360 3.3 73
3.2 16 5.0 74
2.6 4 5.5 75
2.1 7 6.5 77
1.7 7 5.6 78
0.9 359 2.9 81
1.0 11 6.2 80
-0.3 203 2.8 81
0.3 27 1.9 82
-1.3 225 3.2 86
-2.1 183 3.1 85
-2.0 138 1.2 81
-3.0 220 1.4 87
-3.1 167 1.5 84
-3.0 51 1.5 84
-2.9 137 2.8 84
-3.0 110 3.6 76
-3.5 156 1.6 78
-3.4 183 1.7 79
-2.8 156 1.8 75
-3.0 222 1.6 77
-1.7 181 2.1 76
-0.6 268 1.9 72
-0.1 41 3.0 65
-0.1 234 2.2 63
-0.3 36 1.7 62
-0.5 68 2.2 64
-1.0 21 3.8 68
-1.4 22 2.9 69
-2.8 215 3.9 74
-3.5 234 3.1 75
-4.4 165 1.9 73
-4.5 131 2.2 71
-4.6 124 1.5 68
-5.6 183 2.8 76
-5.4 139 1.9 70
-5.0 122 1.0 67
-5.9 168 1.3 72
-6.6 186 1.6 76
-6.1 173 1.4 81
-5.7 167 0.3 80
-6.3 181 1.5 79
-6.3 179 1.5 78
-6.1 173 1.0 80
-5.9 125 1.7 74
-3.7 134 1.6 64
-3.5 117 1.8 60
-2.2 105 2.2 59
-0.8 107 1.9 61
0.6 124 2.1 66
1.2 137 2.8 72
0.7 157 3.3 78
0.1 147 5.1 88
0.7 137 3.4 83
0.2 95 2.4 85
-0.7 82 2.7 86
1.8 146 3.6 88
2.1 161 5.2 88
2.9 179 6.1 94
3.6 191 6.4 95
4.0 193 8.1 95
4.2 192 8.6 96
4.6 195 9.3 95
5.4 203 12.3 91
5.3 207 11.5 93
5.2 208 11.6 92
5.1 205 10.2 94
4.9 205 8.4 96
5.1 199 8.5 97
5.9 205 8.1 97
6.1 215 6.6 95
6.3 214 6.4 93
6.2 205 5.9 90
5.8 207 5.4 94
5.5 187 3.2 96
5.3 161 2.4 97
4.8 201 1.9 98
4.2 127 1.6 98
3.9 92 2.0 99
3.1 45 1.5 98
2.5 334 1.6 98
2.7 304 5.3 99
2.7 313 5.9 98
2.2 293 7.4 95
2.9 301 6.2 93
2.3 290 5.4 90
2.1 290 7.0 91
2.2 284 8.2 89
1.7 304 5.6 92
1.3 274 6.4 97
0.9 278 4.7 99
1.3 263 6.5 90
1.8 256 6.6 87
0.4 264 7.5 97
1.9 259 8.8 85
2.3 267 9.1 81
1.5 265 8.1 93
1.4 278 9.2 92
1.3 286 8.7 93
1.4 314 6.6 83
0.5 318 6.4 83
0.2 328 5.2 80
-0.2 328 4.9 80
-0.4 334 5.0 80
-0.7 329 2.5 81
-0.5 290 5.2 79
-1.1 332 3.1 83
-1.6 337 2.3 81
-2.0 358 1.2 82
-2.1 162 0.3 81
-2.0 98 0.3 80
-2.9 82 1.3 89
-3.2 89 2.1 88
-3.1 89 2.0 87
-3.2 61 2.3 88
-3.2 89 1.7 87
-2.5 85 3.5 79
-1.6 77 3.7 74
-0.7 81 3.3 70
-0.7 68 3.2 73
-0.3 59 3.1 70
-0.3 46 2.4 66
-0.5 46 3.3 69
-0.6 51 2.1 66
-1.2 44 2.3 69
-2.1 47 1.3 72
-2.6 120 1.8 69
-2.9 83 1.4 70
-3.2 130 1.6 69
-3.7 224 1.4 70
-4.4 85 1.6 74
-4.5 140 1.2 72
-4.1 148 1.4 71
-5.2 129 1.1 75
-5.1 120 0.6 73
-5.0 115 1.5 69
-5.9 83 0.6 73
-4.7 159 1.1 75
-5.1 152 0.5 73
-4.9 131 0.9 72
-5.3 154 1.7 70
-2.6 166 1.1 63
-0.9 158 0.8 42
-0.1 199 1.8 48
0.8 180 1.5 44
0.1 14 4.2 39
-0.2 353 5.8 42
