-3.8 346 3.0 91
-4.1 359 5.5 98
-4.5 31 8.5 98
-3.6 29 11.4 99
-3.3 27 15.7 99
-3.5 14 15.2 99
-3.1 18 10.9 99
-2.6 11 4.5 100
-3.3 54 0.6 99
-4.8 94 3.7 98
-3.8 347 2.6 99
-5.4 349 4.0 97
-4.9 28 4.5 98
-4.4 47 8.3 97
-4.4 42 11.6 97
-4.3 49 9.1 94
-3.7 42 11.7 95
-2.8 18 7.0 99
-2.4 13 4.6 100
-2.2 19 9.3 99
-2.0 19 9.6 99
-2.2 20 7.6 99
-2.5 29 8.3 99
-2.6 27 8.0 99
-2.7 28 9.8 99
-2.9 29 11.6 99
-3.2 37 10.0 99
-3.8 41 10.3 99
-4.3 24 7.3 98
-5.2 31 11.6 98
-5.3 13 5.0 98
-5.3 23 4.6 98
-5.4 30 4.9 98
-5.4 33 4.2 98
-5.6 23 9.9 98
-5.8 25 9.0 98
-6.4 9 5.3 97
-6.2 37 6.1 97
-5.8 44 8.4 98
-5.6 34 7.7 98
-5.5 30 9.3 98
-5.8 35 8.4 97
-6.0 35 7.9 97
-6.5 32 10.0 96
-6.7 35 10.4 96
-6.5 21 10.2 96
-6.7 31 11.0 96
-6.8 28 10.3 96
-7.2 26 10.6 95
-7.5 30 11.1 96
-7.9 33 9.4 96
-8.2 20 11.3 96
-8.7 38 9.1 95
-8.8 326 3.4 95
-9.7 23 2.9 95
-10.0 27 6.3 94
-10.4 44 6.5 94
-10.4 25 5.5 95
-10.8 7 4.2 94
-10.9 18 4.6 94
-10.6 357 2.8 94
-10.5 51 1.4 94
-9.7 82 1.0 93
-9.1 173 0.9 88
-7.3 256 0.5 81
-10.2 190 2.0 75
-6.2 219 5.0 72
-7.4 231 4.8 74
-6.3 231 6.9 75
-3.5 229 8.3 88
-4.0 197 6.6 86
-3.6 187 8.0 86
-3.8 193 10.5 89
-3.7 194 8.6 93
-5.4 176 10.0 96
-5.7 182 11.2 95
-4.7 179 13.2 98
-3.9 172 10.8 98
-2.8 202 13.1 99
-1.7 204 16.7 100
-0.7 198 17.4 100
-0.3 197 18.3 100
-0.1 199 18.4 100
-0.3 197 16.6 100
0.7 200 21.0 100
0.9 205 20.7 100
0.8 204 18.1 100
0.5 205 16.6 100
0.4 207 13.7 100
0.5 196 13.1 100
1.0 198 13.1 100
1.4 211 12.1 100
1.3 221 17.1 98
1.6 220 15.6 100
1.2 211 12.2 96
0.9 206 9.2 100
0.8 190 7.4 100
0.5 179 6.4 100
-0.2 175 6.5 100
-0.4 186 2.5 100
-0.8 70 1.8 100
-1.0 0 0.0 100
-1.1 0 0.0 100
-1.1 0 0.0 100
-0.9 0 0.0 100
-1.0 0 0.0 100
-0.8 0 0.0 92
-1.7 0 0.0 97
-2.3 259 10.7 97
-2.3 256 13.9 100
-2.3 268 10.4 92
-2.7 249 10.4 100
-2.5 253 15.3 100
-3.0 242 13.1 99
-2.5 254 13.7 100
-2.6 260 16.8 99
-2.4 256 16.6 99
-2.3 258 14.5 99
-1.9 257 15.2 99
-2.3 252 14.1 99
-3.2 247 12.6 98
-3.5 276 6.2 90
-4.3 297 7.2 92
-4.5 300 5.5 87
-5.1 283 5.4 91
-5.6 299 4.3 92
-6.6 2 2.1 97
-6.8 28 1.5 98
-7.2 49 0.6 96
-7.6 49 0.0 96
-8.2 0 0.0 94
-8.8 49 0.0 95
-9.6 71 1.8 95
-8.6 111 2.6 96
-8.4 134 4.2 92
-7.9 147 2.4 91
-8.5 179 3.9 90
-7.1 168 3.3 88
-7.0 180 3.0 87
-6.1 163 3.1 82
-5.7 122 2.2 77
-5.7 98 2.2 74
-6.1 108 2.8 75
-5.9 125 2.9 73
-5.7 85 2.4 68
-5.9 76 2.4 62
-5.5 30 2.6 57
-5.5 31 2.9 54
-6.1 29 1.7 58
-7.0 2 2.4 60
-6.7 29 3.6 58
-7.4 2 3.8 58
-7.2 346 3.9 59
-7.9 341 4.3 61
-7.7 15 4.2 60
-7.6 357 2.1 56
-7.6 2 4.5 53
-8.4 347 3.9 56
-9.1 23 5.3 61
-8.6 17 5.9 61
-8.4 16 8.4 58
-8.5 12 7.6 59
-8.9 21 8.1 64
-8.1 20 7.6 65
-8.8 5 7.3 64
-8.5 352 5.4 65
-8.1 339 5.7 66
-8.1 329 8.1 71
