-1.0 69 1.3 79
-1.8 87 1.7 90
-0.5 79 3.5 88
0.7 55 3.3 82
0.6 22 4.2 81
0.3 22 5.0 82
0.5 21 4.8 83
0.5 84 2.4 86
0.5 74 3.9 86
-0.6 56 6.1 82
-1.3 60 4.2 78
-1.9 51 4.2 77
-0.7 108 4.6 79
-0.4 74 5.6 83
0.4 80 5.0 85
0.3 86 4.1 89
0.4 101 5.7 85
0.8 87 5.2 86
1.6 81 4.7 84
1.8 77 4.5 81
1.6 42 1.4 82
2.6 101 2.1 77
2.2 102 3.1 79
1.8 64 2.2 80
0.7 85 1.3 84
0.9 110 3.0 83
0.1 97 3.6 83
-0.4 84 3.8 82
-1.2 106 2.9 83
-1.7 103 3.6 84
-2.4 123 3.3 84
-3.0 100 3.0 86
-2.7 128 3.2 86
-2.2 111 5.1 88
-2.3 99 3.8 84
-2.4 100 4.1 84
-3.0 104 3.0 85
-1.6 109 3.4 79
-1.5 83 3.0 81
-1.6 90 4.0 84
-1.9 54 4.3 81
-3.0 88 2.8 81
-2.2 63 5.5 78
-2.2 49 7.1 76
-2.6 62 6.0 77
-2.6 71 3.5 78
-2.6 69 4.4 77
-2.8 74 4.9 75
-3.0 72 4.3 78
-3.9 102 3.9 77
-3.7 118 3.7 79
-4.0 86 4.1 77
-5.2 72 3.8 79
-5.5 98 3.4 78
-6.2 99 2.8 79
-6.0 99 4.0 77
-6.9 106 3.1 79
-7.1 87 2.1 78
-8.3 118 2.5 79
-8.6 109 2.3 81
-9.6 100 2.0 82
-10.0 82 1.6 81
-10.9 66 2.6 84
-11.8 66 1.8 85
-11.7 63 1.8 83
-11.0 57 2.6 80
-9.8 54 3.3 78
-8.6 53 2.9 76
-6.7 45 1.9 74
-4.7 67 3.3 74
-4.3 36 3.6 75
-3.3 40 3.4 72
-2.4 52 0.9 74
1.1 199 4.5 81
1.9 201 3.7 80
2.4 206 3.7 76
1.6 183 2.9 75
2.2 219 4.4 81
2.3 199 4.8 84
3.3 194 6.2 82
3.1 212 5.2 85
4.1 210 6.9 86
3.9 212 8.6 86
4.3 203 7.8 86
5.5 204 9.0 85
5.6 215 11.6 86
5.6 217 13.2 86
5.3 217 10.3 85
5.6 214 10.6 84
5.1 206 6.7 90
6.3 218 9.3 88
6.5 228 9.8 87
6.6 232 8.6 82
6.5 230 6.9 80
6.5 224 7.6 76
6.0 226 5.6 80
5.2 205 2.0 84
4.2 179 1.0 87
3.7 142 1.3 91
2.7 102 1.7 93
2.0 65 2.0 93
1.4 37 1.5 93
1.2 168 0.4 93
1.9 251 3.4 94
1.5 260 4.1 92
1.8 265 5.0 90
1.9 268 5.8 89
1.8 258 5.7 86
1.8 254 8.9 83
1.6 255 8.7 87
1.3 254 7.2 83
0.7 243 5.1 89
0.2 254 6.1 93
2.1 247 7.4 82
1.5 274 5.5 86
0.1 273 8.8 92
0.7 250 7.1 92
1.4 259 10.4 87
1.8 259 9.5 87
1.0 275 7.3 85
0.5 269 8.4 83
-0.2 274 5.8 84
-0.8 269 5.5 80
-1.4 292 3.4 80
-1.5 285 1.9 80
-2.4 67 3.1 85
-3.3 57 5.0 84
-3.5 63 4.9 81
-3.9 58 4.9 80
-4.2 48 3.9 79
-5.4 45 3.0 83
-6.5 66 1.8 84
-7.2 75 1.9 85
-7.5 52 2.1 87
-7.7 56 2.3 86
-7.7 52 2.2 86
-7.7 46 3.1 85
-6.9 61 3.3 82
-5.8 55 3.8 82
-4.7 57 3.6 79
-3.4 56 3.8 78
-2.1 72 3.2 74
-1.6 70 3.3 72
-1.7 65 3.7 71
-2.2 50 3.7 70
-3.7 54 3.5 74
-4.8 73 2.4 76
-5.5 34 2.2 75
-6.5 56 1.7 77
-7.5 71 1.4 78
-8.1 70 1.7 84
-8.9 55 2.0 85
-8.5 35 2.3 79
-9.6 104 2.1 80
-9.1 63 2.4 74
-9.5 62 2.1 76
-9.4 55 2.2 76
-9.5 80 2.1 76
-10.4 56 1.8 77
-9.2 98 2.8 75
-7.1 88 1.9 66
-6.2 85 2.5 66
-5.7 111 3.0 62
-4.3 101 3.4 54
-3.3 91 2.9 56
-3.1 76 3.2 53
-2.4 59 3.4 51
-2.2 54 2.6 53
