0.9 33 3.5 85
0.8 32 6.5 89
0.1 31 13.4 90
0.0 22 15.2 88
-0.5 16 12.4 89
-1.0 298 2.9 89
-0.6 352 9.0 89
0.6 6 12.1 93
0.7 25 10.8 90
0.7 28 10.8 86
0.9 41 10.5 76
0.7 13 9.8 83
0.9 18 9.5 86
1.1 10 14.6 88
1.0 10 13.3 88
1.1 32 14.2 88
1.0 18 16.0 90
0.9 11 15.1 89
1.1 14 15.9 89
1.2 10 10.9 87
1.7 16 13.2 83
1.4 9 13.4 85
1.3 15 9.8 84
1.0 8 12.1 84
0.8 10 11.9 83
0.5 27 8.6 85
-0.1 16 10.2 86
-0.7 17 10.6 84
-1.2 8 10.4 84
-1.8 22 8.9 84
-2.5 32 5.0 84
-2.2 33 7.6 88
-1.8 61 5.3 82
-2.0 39 5.2 84
-2.5 33 5.9 85
-3.1 29 2.9 82
-2.5 76 1.4 83
-2.3 54 1.0 76
-2.2 82 1.9 79
-2.2 20 1.5 80
-2.2 32 4.7 80
-2.2 33 4.0 75
-1.9 15 7.5 75
-1.4 344 1.9 70
-2.4 20 9.2 78
-2.3 23 6.3 77
-2.3 18 9.4 77
-2.9 15 7.7 77
-3.1 17 7.1 77
-3.8 26 10.5 80
-4.2 23 8.6 80
-4.5 28 6.1 78
-5.3 21 6.8 81
-6.2 70 2.6 81
-6.9 77 0.2 82
-7.3 108 3.1 82
-8.0 81 2.1 84
-6.9 72 2.1 80
-8.3 99 2.7 82
-9.1 79 2.6 86
-8.6 118 4.0 83
-8.4 99 4.6 84
-9.2 114 4.3 86
-9.8 109 5.0 86
-10.1 101 5.0 87
-9.0 92 4.6 84
-7.9 104 2.9 81
-6.8 115 4.0 80
-4.7 106 5.0 77
-3.2 102 5.6 69
-2.0 103 4.8 70
-1.4 116 5.3 73
-0.3 135 5.7 76
-0.3 134 5.0 80
0.5 162 8.5 87
0.6 165 7.8 85
0.7 174 8.6 87
0.3 165 9.0 93
0.9 168 9.2 93
1.2 173 10.9 93
2.1 174 11.1 95
2.6 169 11.9 96
2.5 174 12.1 96
2.7 177 12.6 96
3.1 184 11.5 96
3.2 182 10.6 96
3.0 184 10.3 97
3.0 185 10.1 97
3.0 180 10.4 97
2.9 178 9.4 98
3.4 177 10.2 98
3.8 183 7.9 98
3.9 183 7.1 98
3.8 174 6.7 96
3.6 189 7.6 95
3.6 172 6.2 94
3.4 167 5.9 96
2.9 166 3.4 96
2.4 145 1.6 97
2.4 94 4.0 97
2.0 76 4.0 96
2.0 48 2.0 96
1.5 273 1.8 97
1.4 300 2.8 97
0.9 261 5.1 96
1.3 278 6.0 93
1.8 275 6.8 91
0.9 266 4.7 93
0.7 258 6.4 92
0.7 265 9.2 92
0.6 274 5.3 88
0.5 238 5.5 93
0.1 248 7.4 96
0.2 262 5.8 97
0.4 259 7.7 96
1.0 254 8.6 92
1.4 259 8.8 85
1.3 264 9.0 91
2.1 272 9.0 88
0.9 297 9.4 88
-0.4 282 9.9 86
-1.4 298 10.5 86
-2.1 314 7.2 85
-2.1 319 4.7 84
-2.8 35 3.8 89
-3.3 35 4.4 88
-3.6 40 4.6 87
-3.6 70 4.9 87
-4.0 80 5.8 84
-4.0 66 5.2 81
-4.5 61 3.4 83
-5.6 48 2.2 87
-6.3 61 2.5 87
-6.7 71 3.2 87
-5.9 79 3.9 81
-7.0 99 2.5 86
-6.1 72 4.4 82
-4.7 72 4.2 77
-3.5 72 4.6 74
-2.2 82 5.0 69
-1.7 83 5.1 68
-1.2 81 4.7 64
-1.2 83 4.9 58
-1.6 81 5.5 61
-1.8 76 5.6 56
-3.0 66 1.6 61
-4.3 92 0.8 75
-3.5 0 0.6 72
-4.7 79 1.8 69
-5.8 114 2.0 73
-6.4 107 3.7 72
-6.1 97 2.2 71
-7.1 87 2.0 76
-6.8 69 1.2 74
-6.2 94 2.6 71
-7.9 105 3.5 75
-8.2 111 4.1 74
-8.1 108 5.0 72
-7.8 92 4.0 75
-7.9 111 3.7 74
-8.2 124 3.5 77
-7.3 109 3.4 77
-6.0 101 1.7 75
-4.8 121 1.6 73
-1.8 125 0.8 63
-1.3 25 4.9 62
-1.6 23 7.5 60
-1.8 19 7.3 62
