-2.3 157 2.7 97
-2.9 148 4.4 97
-2.6 152 4.1 97
-1.3 150 3.4 98
-1.3 216 1.5 98
-1.1 322 1.3 98
-1.0 270 2.2 98
-1.7 265 1.4 99
-1.3 270 2.0 99
-2.4 267 1.9 98
-0.7 315 0.9 98
-1.2 286 0.8 98
-0.8 296 1.5 98
1.3 319 2.3 98
1.4 347 3.4 99
1.6 9 3.0 99
1.7 344 5.6 94
0.4 3 7.3 96
0.4 308 2.4 97
1.7 337 6.3 90
1.4 344 7.3 94
1.5 348 6.7 91
1.0 350 8.3 93
0.6 343 8.4 94
0.1 343 9.2 94
0.1 343 8.6 91
-0.1 341 8.0 88
0.2 351 6.1 86
-0.4 337 6.7 90
-0.2 341 7.7 89
-0.2 339 7.3 87
-0.1 342 7.3 82
-0.3 342 6.7 84
-0.6 345 6.7 83
-0.7 340 7.0 86
-0.9 347 7.4 89
-1.2 338 7.1 91
-1.4 340 8.0 88
-1.7 339 7.1 89
-1.8 346 7.0 88
-1.7 345 7.6 90
-1.5 343 7.6 88
-1.6 340 6.6 88
-1.3 345 6.3 86
-1.7 345 6.8 87
-1.6 347 7.4 85
-1.6 350 7.3 80
-1.6 350 6.2 79
-2.2 344 5.5 83
-2.3 19 6.9 83
-2.6 350 5.9 80
-2.7 329 3.8 77
-3.6 312 3.6 68
-3.8 313 2.5 62
-3.9 306 3.8 64
-5.3 282 1.8 67
-4.8 277 3.4 60
-6.3 231 1.5 65
-6.6 204 1.5 72
-7.8 197 1.4 69
-8.1 201 1.8 69
-8.6 187 1.7 71
-8.8 212 2.9 70
-9.3 176 2.3 73
-9.5 177 2.6 72
-9.0 185 2.2 68
-8.0 187 1.8 64
-6.3 174 1.9 54
-8.4 145 3.2 61
-5.7 167 1.6 53
-7.0 163 1.5 62
-4.3 187 2.3 51
-3.0 146 4.5 55
-2.3 146 4.5 53
-1.9 164 3.4 53
-1.7 133 7.5 56
-0.8 142 5.6 56
-0.3 136 6.5 65
0.7 139 3.6 63
2.4 146 6.1 63
1.9 182 8.6 72
2.5 173 7.3 63
3.4 161 7.4 62
2.9 146 10.4 71
3.8 148 7.3 64
3.7 136 11.0 66
4.4 130 11.0 64
5.2 124 11.7 62
5.1 107 11.9 63
5.3 113 11.0 68
4.7 106 11.9 73
7.8 187 3.3 58
7.1 135 4.6 58
6.5 117 8.7 59
7.9 109 10.3 55
7.7 117 11.7 56
7.6 126 9.8 59
7.5 157 7.2 58
6.7 296 2.0 61
7.4 146 4.3 60
6.0 133 0.9 65
4.4 201 1.0 76
2.8 295 1.9 88
2.8 336 2.4 93
2.4 305 3.0 95
2.6 338 5.0 95
2.5 342 7.0 89
2.0 355 7.2 93
1.6 10 7.4 95
1.8 343 4.8 95
1.2 357 7.4 95
0.8 346 6.0 95
0.4 310 2.0 95
0.3 321 2.5 94
0.4 358 4.1 92
0.5 359 4.7 90
0.2 343 4.1 87
-0.1 358 6.6 86
-0.9 353 7.2 89
-1.6 355 9.5 89
-1.8 354 9.4 86
-2.8 347 9.3 87
-3.2 354 10.5 90
-3.5 1 12.3 89
-4.1 356 10.3 86
-4.2 359 9.5 83
-4.4 353 7.7 78
-4.7 348 6.6 82
-4.4 8 5.1 73
-4.8 42 0.9 72
-4.9 221 1.4 74
-5.0 192 1.2 76
-4.9 158 0.1 72
-5.0 203 1.0 71
-6.1 176 0.8 81
-7.4 209 1.1 73
-7.6 212 1.9 71
-6.9 203 2.6 74
-5.4 202 2.2 64
-4.6 169 2.7 58
-4.7 151 2.3 61
-4.6 181 2.5 59
-3.9 185 2.1 57
-4.2 151 1.8 62
-4.4 166 0.9 64
-4.9 191 0.5 69
-6.2 195 1.3 58
-7.0 181 1.8 69
-7.9 169 2.0 73
-8.2 166 2.0 71
-7.9 168 2.0 67
-8.3 176 1.6 66
-8.6 184 1.8 65
-8.9 176 2.3 68
-9.0 182 1.8 64
-9.2 180 2.2 64
-9.5 174 1.9 62
-10.3 187 1.2 65
-11.0 172 0.9 71
-10.9 165 0.9 68
-11.3 167 1.6 72
-8.7 167 2.4 59
-9.3 148 2.7 70
-7.5 148 3.0 61
-6.5 151 1.1 59
-5.1 143 2.6 44
-4.8 79 0.6 49
-5.1 294 1.0 67
