2.2 334 2.1 62
2.1 304 1.4 62
1.9 347 0.9 67
0.3 264 2.2 78
-0.2 262 2.7 90
0.2 264 1.3 93
0.3 277 1.8 94
1.6 331 1.7 96
1.4 17 1.0 96
1.0 314 1.0 95
1.4 296 1.1 96
1.0 279 2.2 96
0.8 279 1.3 96
1.4 271 1.1 97
1.4 302 0.2 97
3.8 42 2.6 90
2.6 158 1.1 91
3.2 269 0.7 90
3.2 277 1.1 88
4.6 116 1.8 72
4.5 93 1.1 72
4.6 145 2.0 64
4.0 93 3.0 66
3.4 114 2.6 69
3.4 180 1.1 71
2.6 267 3.2 79
3.2 156 1.8 67
2.8 35 1.6 67
2.5 212 2.7 65
1.8 209 3.0 65
1.2 256 3.0 69
1.3 243 3.1 70
0.7 224 5.7 75
1.2 226 5.5 71
1.1 241 4.3 72
1.2 218 4.8 69
1.4 91 0.8 68
0.8 109 2.0 71
0.8 229 3.6 70
0.9 247 3.7 66
0.8 226 4.3 66
0.7 255 4.4 67
0.8 225 4.9 67
0.7 242 4.3 67
0.6 243 4.4 67
0.9 232 2.4 64
0.6 233 4.4 64
0.6 202 3.8 65
0.4 221 3.2 65
0.0 26 5.6 65
-0.4 1 3.2 66
-0.7 260 2.6 66
-0.9 209 4.5 64
-1.5 282 3.8 64
-2.0 327 6.9 64
-2.8 339 8.5 67
-2.9 333 8.4 64
-3.0 251 6.6 63
-3.2 329 6.5 62
-4.1 319 4.6 64
-4.1 322 6.5 64
-4.1 323 6.5 63
-4.5 325 6.5 64
-4.5 330 7.4 64
-4.3 291 3.8 61
-2.8 303 3.5 52
-3.2 244 2.7 55
-3.5 220 4.0 60
-3.0 229 2.6 55
-3.1 236 3.3 54
-3.0 263 2.9 57
-2.7 252 1.8 54
-4.8 267 2.4 67
-6.2 271 2.0 62
-6.6 265 1.8 70
-7.1 284 2.7 68
-6.3 337 1.6 63
-6.3 265 2.8 64
-4.7 273 2.6 58
-3.3 272 3.2 61
-3.4 265 2.4 67
-0.3 291 2.3 53
-0.1 270 1.9 53
1.1 285 3.2 55
1.6 287 3.7 58
2.2 300 1.8 56
2.7 303 2.8 60
3.3 288 4.1 68
5.9 247 4.6 73
6.3 242 5.0 73
7.0 220 5.8 69
6.9 217 6.8 71
7.1 212 6.1 72
7.0 246 5.6 71
7.3 269 3.5 70
6.4 225 2.9 72
6.1 288 2.6 73
5.5 267 3.0 74
4.9 289 3.7 77
5.5 19 2.1 81
6.0 305 1.7 81
5.3 300 2.0 83
5.8 311 1.9 84
3.5 266 3.2 84
3.4 273 2.9 88
4.6 293 2.2 87
5.0 253 1.4 84
3.8 239 2.5 78
1.9 286 1.6 90
1.9 293 1.3 92
1.8 353 1.1 92
3.9 255 6.0 80
4.9 237 11.4 74
5.0 234 11.0 70
4.5 231 11.4 69
4.3 233 10.9 69
4.6 237 10.6 65
4.3 252 6.7 68
3.0 243 7.4 68
3.4 234 5.8 66
3.8 246 4.6 64
2.3 277 4.0 72
2.3 259 3.8 71
1.7 272 4.4 70
0.4 300 5.7 67
-0.8 242 7.1 62
-1.4 263 6.3 62
-2.7 242 11.0 62
-3.1 246 5.7 61
-3.7 322 7.4 64
-3.6 340 7.1 63
-4.4 332 8.9 66
-4.6 339 5.0 66
-4.4 330 3.7 61
-4.9 294 1.6 66
-5.4 280 1.4 69
-5.0 260 1.5 76
-4.5 275 1.6 71
-3.7 259 1.9 68
-4.0 273 3.0 70
-4.1 266 3.2 71
-3.6 276 2.8 74
-3.5 265 2.7 76
-3.2 275 2.9 78
-3.4 262 3.0 84
-3.7 274 3.0 89
-3.6 274 2.4 92
-3.3 270 2.9 93
-3.0 284 1.3 94
-1.0 60 4.0 94
-1.1 50 4.0 90
-1.2 45 4.6 87
-1.0 47 4.0 83
-1.1 44 4.7 82
-1.0 40 3.9 78
-0.9 58 5.9 78
-1.0 64 7.7 71
-0.8 76 6.0 67
-0.7 75 6.5 63
-0.6 77 5.5 60
-0.5 65 7.6 60
-0.4 72 6.7 58
-0.4 65 7.0 57
-0.3 78 5.5 55
-0.4 78 7.8 52
-0.5 80 5.6 60
-0.3 110 1.9 61
-0.4 130 2.0 63
