- 29 5.3 97
- 26 8.0 97
- 35 5.6 97
- 15 3.8 97
- 26 1.7 98
- 81 3.5 97
- 114 6.7 97
- 115 12.2 97
- 123 9.4 97
- 91 6.7 96
- 87 11.5 95
- 86 5.5 91
- 40 3.9 88
- 308 2.6 86
- 82 9.6 86
- 57 25.0 95
- 31 21.6 98
- 16 13.1 97
- 38 11.1 98
- 4 12.2 98
- 357 14.0 97
- 16 12.6 98
- 3 12.5 97
- 351 7.5 97
- 358 8.2 97
- 13 13.6 98
- 9 12.2 98
- 354 10.7 97
- 7 11.5 97
- 5 9.7 97
- 340 6.9 96
- 329 6.1 96
- 351 9.5 96
- 8 8.4 96
- 6 7.3 96
- 12 10.9 96
- 355 10.5 96
- 358 12.5 96
- 16 12.2 96
- 14 14.0 96
- 32 11.3 96
- 8 17.0 96
- 4 12.1 95
- 5 10.9 96
- 4 12.8 96
- 10 15.7 97
- 11 15.7 96
- 5 14.9 95
- 357 12.1 95
- 9 13.2 95
- 10 14.0 95
- 348 9.8 95
- 349 8.8 95
- 313 4.0 95
- 349 8.1 94
- 4 6.5 95
- 353 8.4 94
- 350 6.2 94
- 6 7.5 94
- 15 4.6 93
- 1 4.5 94
- 30 2.0 93
- 27 5.2 94
- 22 5.7 94
- 319 7.1 94
- 341 4.8 97
- 323 3.7 95
- 310 3.8 94
- 256 1.7 93
- 255 3.8 88
- 175 1.8 91
- 254 6.3 77
- 201 2.5 87
- 248 8.0 93
- 238 10.5 95
- 224 9.4 96
- 214 11.8 97
- 212 10.9 97
- 211 15.4 97
- 204 14.0 96
- 197 12.2 97
- 217 22.8 97
- 173 13.7 99
- 198 18.5 98
- 191 19.9 98
- 193 18.2 99
- 206 18.1 99
- 215 25.2 100
- 221 22.3 100
- 231 27.5 100
- 230 22.2 99
- 219 20.9 99
- 227 23.6 100
- 235 25.2 100
- 240 23.3 100
- 242 24.2 99
- 215 10.9 100
- 176 12.3 100
- 160 13.2 98
- 143 14.3 97
- 147 9.6 99
- 118 9.8 100
- 106 4.6 100
- 319 1.9 100
- 323 15.8 100
- 326 21.4 100
- 314 23.5 99
- 305 19.8 99
- 301 10.8 99
- 277 9.9 99
- 257 16.4 98
- 268 12.0 98
- 281 8.8 98
- 261 13.1 98
- 259 20.5 98
- 254 18.3 98
- 257 18.2 98
- 270 17.4 97
- 268 8.0 97
- 259 20.5 98
- 259 19.4 98
- 350 9.5 96
- 349 10.4 96
- 338 6.9 95
- 321 5.0 95
- 345 4.9 95
- 352 6.7 95
- 358 6.0 95
- 40 1.0 95
- 127 0.9 96
- 121 0.7 95
- 237 4.1 96
- 246 3.4 95
- 141 2.2 95
- 200 3.5 95
- 226 4.1 95
- 127 2.9 95
- 146 2.4 96
- 124 2.2 95
- 179 1.3 95
- 115 2.5 95
- 90 1.6 94
- 115 3.0 94
- 123 2.5 94
- 115 1.8 94
- 110 4.0 95
- 71 3.4 95
- 95 1.4 95
- 85 1.4 95
- 338 1.7 95
- 312 2.9 94
- 258 3.6 92
- 277 4.1 93
- 283 5.1 93
- 274 5.4 93
- 266 4.7 92
- 270 2.7 91
- 281 1.9 90
- 264 2.1 89
- 238 2.2 85
- 243 3.2 88
- 255 5.8 91
- 256 4.6 84
- 250 4.1 81
- 248 2.9 78
- 255 3.9 77
- 187 2.5 74
- 257 6.8 86
