0.000000000000000
38.926829268292671
39.069767441860478
42.233333333333299
98.944444444444514
99.059999999999931
101.694117647058860
122.129032258064441
511.400000000000148
522.599999999999795
525.764705882353041
526.923076923076565
527.012500000000045
556.541666666666742
803.000000000000000
808.432835820894752
830.783783783785225
831.799999999994498
832.074074074076066
1494.642857142857110
1497.233333333333121
1499.724137931034420
1501.810810810811063
1511.263157894736878
2351.207547169812642
2393.684210526313109
2394.461538461542204
2397.103448275859591
2398.702702702704755
2411.656249999997272
2412.137500000001182
2415.641791044774891
2418.333333333336668
2419.260869565216126
2422.035714285715130
4831.012499999996180
4918.905405405404963
5131.300000000000182
5132.792452830187358
5133.314285714287507
5141.189189189188255
5167.400000000000546
5212.646341463414501
5221.971428571428078
5229.199999999997999
5236.092105263157464
5291.818181818181984
5292.160919540229770
5296.983050847456980
5315.090909090907189
5470.040816326526510
5482.821917808221770
5535.874999999939973
5536.142857142925095
5539.275862068949209
5550.743589743594384
5551.338983050841307
5569.500000000016371
5570.764705882326780
5571.666666666742458
5592.086956521720822
5593.875000000016371
5608.516129032244862
5630.609375000005457
5646.562499999984539
5648.250000000002728
5652.884615384606150
5655.192771084340166
5667.514705882351336
5680.142857142864159
5681.299999999997453
5686.289473684211771
5721.799999999995634
5725.296296296301989
5728.365853658532615
5730.535714285725589
5731.590909090894456
5823.900000000004184
5824.272727272714292
5831.645161290325632
5832.265060240961247
5835.923076923078952
5839.199999999983447
5840.324324324331428
5842.203124999995453
5846.589743589752288
5847.551724137919336
5882.756410256414711
5884.909090909080987
5885.050000000005639
5890.892857142843241
5891.142857142875073
5904.170212765947326
5927.477272727282980
5928.560975609745583
5931.521739130439528
5956.833333333325754
5961.938775510216146
5962.047619047610169
5965.281250000018190
5967.146341463399949
5969.123456790131058
5978.857142857055806
5987.269230769250498
5988.474999999987631
5991.434782608716887
5992.342105263145640
6015.261904761916412
6171.785714285701943
6173.945945945955827
6174.095238095220338
6179.931034482765426
6224.874999999996362
6226.066666666672063
6227.699999999995271
6269.558139534886323
6270.745098039210461
6272.520833333339397
6273.821428571419347
6274.208333333343944
6347.090909090902642
6405.809523809540224
6407.423728813548223
6408.566666666677520
6409.399999999990541
6413.177419354849008
6436.827586206876731
8311.872727272742850
8317.409090909070073
8351.266666666688252
8361.442307692284885
8378.285714285753784
8379.799999999955617
8381.760869565241592
8382.392857142816865
8383.772727272777047
8403.655172413782566
8431.452830188694861
8449.679999999982101
8481.627906976771555
8484.137931034438225
8485.500000000025466
8495.466666666645324
31646.642857143055153
31647.249999999861757
31848.166666667020763
32505.818181817739969
32507.571428571569413
32572.291666666285892
32574.595238095458626
32575.607142856810242
32908.641975308797555
33159.637681159212661
33160.609756097917852
33161.172043010592461
33535.125000000647560
33537.076923075735976
33544.933333333545306
33553.857142855995335
33723.000000000000000
33724.802469136026048
33735.898876404295152
33738.403225806730916
33740.181818181416020
33749.520000000702566
33760.051724137621932
34518.730769231005979
35175.977272727039235
35179.727272728225216
35191.722222221826087
35192.454545455191692
35195.333333332331677
35196.560000000841683
35200.015151514831814
35202.418604651647911
35205.594936708599562
35208.083333334187046
35212.097826086734131
35258.442857143149013
35261.236842104728566
35262.743589744117344
35268.530612244467193
35269.821428572184232
35270.384615382987249
35272.431818182303687
35275.519999999574793
35388.000000000000000
35393.829268293178757
35394.093333333061310
35399.986111111400533
35400.037037036265247
35401.356164383847499
35404.128205127664842
35405.523076923404005
35410.000000000000000
35420.261904761406186
35422.400000002126035
35423.260869564292079
37501.114285714706057
37503.952380951697705
37563.695652174144925
37566.490196078120789
37588.423076923390909
37592.472222221760603
37593.633333333891642
37594.733333332231268
37899.055555556398758
37903.236111110905767
37906.829268293047789
37911.553571428310534
37912.641025641401939
37928.937499999541615
37934.181818182485586
37935.202247190849448
37937.402439024568594
38015.268292682623724
38022.384615384929930
38023.827586206476553
38025.272727273841156
38030.152777777606389
38106.285714286525035
38107.256410256115487
38108.617021276848391
38127.228070175238827
38162.047619047887565
38163.714285714086145
38164.695652174406860
38166.499999997133273
38168.333333333677729
38171.058823529070651
38173.915254237486806
38180.211538461313467
38182.483870967866096
38192.499999999774445
38206.831168831326067
38207.160493827017490
38215.529411764946417
38216.363636363450496
38225.085714286062284
38226.450704225178924
38250.230769231086015
38255.878378378212801
38256.600000000798900
38259.545454544371751
38260.555555556878971
38266.298245613819745
52737.672131147788605
52738.399999999695865
52740.833333333561313
52742.185714285493304
52757.688888889199006
52774.538461538184492
52775.800000000483124
52787.885714285308495
52789.402985074841126
52790.624999999774445
52792.000000000000000
52802.101265822610003
52808.942857143250876
52810.333333333001065
52811.437500000211003
52813.687499999723514
52814.333333333626797
52825.510204081336269
52846.329268292851339
52849.306666666481760
52889.000000000000000
52891.481481481248920
52892.373333333503979
52911.897435897109972
52914.207792207962484
83343.947368418928818
83344.062500002517481
83345.454545453321771
83371.893617022971739
83373.638888887770008
83375.098039217264159
83376.919999998397543
83381.111111112229992
83402.873015871722600
83403.307692310831044
83405.035714282814297
83412.705882355367066
83413.454545450804289
83416.400000002366141
83417.524999997927807
83418.311475411202991
83420.244444442607346
84041.775000001958688
84042.749999993466190
84043.125000003259629
84052.199999992255471
84094.794117648183601
84095.482758618047228
84096.576923079875996
84097.333333331000176
84098.594594596695970
84103.599999998710700
84112.550000003830064
84119.499999998704880
84122.348837211102364
84123.699999998076237
84124.244897960743401
84126.499999997598934
84127.941176475113025
84128.019999998461572
84132.000000000000000
84134.353846152662300
84138.000000000000000
84142.400000015390106
84147.297872339608148
84161.451612904464127
84183.506172838562634
84185.849056605205988
84187.959183671919163
84188.030769231932936
84193.333333331509493
84206.967213116004132
84213.910256409290014
84214.212121214412036
84215.812499997613486
84216.089552239936893
84218.892307691130554
84227.193548389579519
84452.226666665723315
84797.536585367692169
84803.000000000000000
84805.873239435561118
84806.900000007546623
84809.847457625844982
84810.750000006257324
84814.365591397043318
84863.967391305166529
84865.322580642721732
84867.080645162510336
84890.148936168610817
84898.666666667777463
84899.638888886780478
84900.684210530307610
84902.111111109014018
84919.444444446591660
84920.714285711525008
84926.892307693502516
84969.249999981315341
85145.538461543736048
85146.599999993151869
85148.181818183060386
85150.904109588096617
85154.290909092174843
85157.377777776229777
85163.511111112660728
85164.385964911052724
85165.593220340160769
85167.746835442158044
85181.220000001398148
85183.860465114659746
85186.700000006923801
85187.068181816604920
85190.544117648081738
85191.861111109188641
85195.125000001440640
85207.614035086488002
85209.769230770325521
85210.238095236971276
85213.342857144889422
85450.701754384761443
85457.666666667661048
85461.574999998309067
85469.159090910616214
85478.819672130048275
85480.000000000000000
85503.566265059431316
85553.459459461257211
85555.249999997235136
85557.147058825488784
85558.453124998952262
85562.589285715468577
85565.105263156132423
85622.618421053499333
85691.890410957959830
85694.055555559360073
85697.122807016348816
85699.823529415763915
85700.083333331451286
85716.973684211392538
85724.833333329777815
85725.061224491102621
85856.384615379705792
85858.473684213924571
85859.294117645156803
85884.333333334099734
85887.945454544271342
85889.055555556464242
85897.540983605489600
85916.411764706848771
85918.839999999123393
85919.292682928440627
85930.352941172648571
85931.177419355881284
85932.772727271731128
85933.267857144033769
85934.854166665289085
85963.177419355881284
86029.422535210309434
86030.640625001062290
86033.972602738780552
86034.071428573879530
86041.298245612822939
86121.444444445325644
86125.239999999044812
100172.500000002852175
