0.000000000000000
7.634146341463416
11.428571428571420
12.250000000000004
23.909090909090907
24.116666666666671
26.349999999999994
31.812500000000011
32.181818181818173
52.500000000000021
53.291666666666650
55.619047619047635
59.416666666666664
61.926829268292678
63.162500000000001
319.914634146341655
546.569620253164203
547.472222222222626
564.452380952380395
565.779661016949944
944.014492753623017
966.875000000000114
976.142857142856769
979.603448275862206
983.608695652173765
986.944444444444798
987.249999999998522
988.038961038961020
1971.823529411765321
1972.789473684207223
1973.070175438597516
1976.897435897434207
1977.160000000002583
1979.431818181817334
1980.735294117648209
1981.782608695649287
1983.285714285716040
1984.735294117645026
1996.644067796611807
1997.874999999995907
1998.071428571430943
2004.116666666665196
2008.986842105264259
2009.027777777775555
2054.460317460318493
2073.117647058822058
2074.967741935486174
2083.183673469387031
2102.885245901639792
2103.349999999998545
2348.818181818181529
2352.695652173914368
2358.884210526315201
2362.888888888890051
2410.882352941173849
2411.121212121214739
