0.000000000000000
1.920000000000000
3.043478260869565
14827.089743589795034
14843.828124999939973
14852.000000000000000
14874.162790697630044
14912.672413793176020
14916.476190475988915
14918.420000000085565
14919.966666666523452
14921.063829787326540
14927.873417721462829
14928.526315789704313
14930.181818181752533
14947.269230769394198
14948.474999999893043
14960.970588235355535
14962.941176470467326
14963.043478260959091
14973.142857142800494
14975.413043478347390
14977.454545454484105
14978.514285714343714
15064.297297297192927
15067.840000000152941
15068.057971014437499
15203.988636363679689
15212.288461538386400
15214.541666666827950
15215.199999999929787
15217.652777777830124
15219.589285714217112
15303.513513513607904
15307.616279069725351
15312.718750000110958
15314.488372092982900
15348.566666666793026
15361.347826086901478
15376.815384615445510
15377.521739130261267
15388.262500000049840
15445.985714285661743
15472.363636363796104
15474.199999999920692
15477.270270270366382
15478.402985074573735
15479.655737704977582
15488.326923076851017
15490.089743589791397
15502.659090909017323
16854.930232558188436
16855.077922077867697
16893.653061224562407
20269.196428571536671
20270.499999999934516
20273.142857143717265
20274.285714285426366
20276.838709677609586
20338.711111111053469
20342.559523809588427
20343.948717948580452
20344.057142857294821
20957.666666666573292
20974.127272727368108
20981.555555555409228
20983.684210526382230
20986.083333332910115
20999.853658536638250
21010.935483870900498
21011.266666666950186
21014.295454545408575
21015.837837837891129
21018.218181818112498
21020.941176470823848
21021.052631578739238
100364.317073171318043
