152450409
909316627
293137851
255234894
477768700
249524141
206375303
941916414
307183752
306156011
257015306
68039928
845580252
249675343
286546808
924446516
222865152
210747257
936624745
58458858
365166795
515717335
923735090
198453904
896737694
647741596
119072067
629014665
519879198
234414802
579820209
569070837
869816994
604072025
241108601
40516055
987395148
50263874
23731427
461506665
687196825
512512613
918840112
319163877
225853095
126101544
47530540
46544198
301509767
406329230
294702416
243696097
