0
0
341914915610
354786031776
1372068375950
464866198776
28678149063
309733544069
318097604373
271494318643
1458930245843
848230304842
1313343743526
1982212652935
1633919019438
1040304239174
1958210651831
27216943068
484301795321
203247710046
1314748481201
2289691490072
1785867574626
322375327785
2215418956905
877238277424
2179059760733
1531804373868
1738378559220
2515012425546
2547520984784
1982056015794
1497678428990
2996840012257
3870852008418
4678731548281
168518701755
2765482369090
4378911703870
4980237919775
2589611147756
3025760871791
1197419936251
2942173237456
1114285932323
2183770692659
5136236600033
4706030464357
4178178206195
4836218365834
3997255951886
4465919845382
2395169925602
345734455265
3855967344291
2629877971618
3054808759741
1794851413719
8002943570628
8393736675017
1308487980821
4196647555404
5952738192505
2756785722581
1615251389928
9501170445091
8049260452485
6010278296094
7787863043805
5517792297972
1891582753638
270925471620
8160938049862
11025302753373
1527893413567
9523837247221
7422637900617
8611235657195
2154702300943
296370124956
8741593570798
8855384571146
9240132895128
2720012858758
7601646619508
12861547074142
1651260285466
13124057586984
12283810022591
4122524258690
12636201122275
6151724283456
4086016559874
10548684059088
3520673960533
10516519934593
8665482961541
421276223770
11320102510498
6186970461458
14070446136673
7420202849004
682402949465
9431181709437
6624014843780
8964338307439
5997531657900
14830212993955
3737867472489
10881700216987
9031970705446
16865883673733
13350113075808
1499315855606
13854424899364
1810853200008
10646522468466
16505033683673
16256550767037
8779240732429
13098914609408
5274922525650
16466569542369
15840410929129
4526055521836
6985860607910
9346614316665
15385307767138
19122327975001
16385808520721
18516094341479
8155747308345
10135413967548
3003923917741
749005346598
3798277085379
16289838559019
15045006651312
2190870596729
2633676630227
5985418232251
17834220058387
414914705550
13330033238058
13676012467453
11464225127560
5476677121637
8468964834871
19208496093913
17762931391177
20170045911710
15029899836473
18814511174463
5667140652114
2758609351051
1015296615898
159802480868
24373441493263
11143819978539
6949427827340
15885739947564
17436074499799
22452568207176
18861378900095
12544671172019
23952569995130
22605134593254
17945942859903
19240789069727
21334787236611
21694294014078
542228655390
20671668375569
7068780287196
11146033320598
20136778729749
20940745288886
14659594908948
12321938544083
24643732249018
9325327696309
5721575839957
4730559691797
14311801814369
723010714674
6565856543360
9736810351731
13041699944413
1884315225309
28370921933089
30158913802578
32201290932453
17926280520189
18149947691061
26110654006094
10982838434778
15977539559571
16116961375118
26169172768019
22363818031818
3235010494211
10283525874504
25992319267864
1507630643743
10348232803775
17976177095432
24944533455013
34017565846449
26324540717390
31838853078554
23374718941456
5763867662677
2081021626139
28398175762694
31960045838793
20918434038160
15971688152270
26945719424980
1680851984981
26754327536952
28505996055265
19057875977619
8227202755868
14852932047691
28615995689319
27726056968180
28338844637739
25450232401864
24500933247063
23464471723775
19389508358111
26602077821817
8824323127567
22446674049541
33391437692444
7354478804247
32015465631282
11257281459747
35476306731249
24407106320650
7170883990856
33100730299834
1261409929599
30865462076832
5931460249341
41231672422172
19560680282711
12311930177245
33198897852516
30028973715657
43185711162524
33946316781879
36426621966973
29169173607664
6232109114704
41075089211724
27635436452722
41808744663604
33669826482425
830912021807
39915940356490
41964001659773
24179311865639
29355503434660
28088147063783
4221246696511
44442468202620
19935276137058
12908905602065
27688857107721
43115088989459
10781013916888
40942657265531
15736637259527
10802336460925
18632925403816
11408046786937
22180138825015
28218950225061
40235394808045
31767752414671
15105964093840
39945239857521
46520813032442
43238634745355
34780484040421
42425215530888
35992261838038
10246077914105
48531406708161
41822812819826
46034636594230
14763758859709
30917987833033
10199539412679
51227759789192
8615680264925
16930904305620
5889799354976
8034725579048
9852873688341
27545679826704
30765124853191
18390354949245
41510324090815
5157514517364
31720431910385
29996814624773
2058565749963
34005471365308
39400414286974
38585831663610
40000455918732
15748478475559
45518118930441
7852379654237
14659807124608
4086831087450
10887466544272
27313012689961
24347892629656
42431734919002
20411470488893
52738823234219
44444034156327
11160261929138
20076755819519
54734131282983
40309672869431
42282280281208
54525861437214
38748494903339
33363313085801
34436199447506
27152804090043
53463645238235
15065930118319
40884535646236
33386267781108
39608153208855
10086509190515
39125448786342
36836952380980
9074871899520
16747822585273
35278342279380
15240450836114
21830286682272
46010620293712
19526677139830
36454638085834
23340304167003
8304729046036
44098846754616
28810671193258
11718705682068
46810385764296
16770416967507
28916478799102
35481538454387
53961778058375
39771888317951
36682641827531
19498838238828
23292417395628
31599945627275
15935650860709
58303172066625
40501926904652
6712012868898
44720275860147
36864149517183
21738802651091
27672724214482
33777556153594
48170983323300
47325640458075
42897334261381
50420963527012
45903624334092
27589217048133
33174208656504
4421948457222
58257068479596
26169973792516
44053608591591
24397867808811
52703537924532
17489322710208
17606243106790
23079953324025
292851983761
13659891547481
11786950592305
35951631911523
4972930605713
18316779961646
16669036176767
8352643256376
55167473309287
13125569356856
29699946542068
57679227731931
56447271751363
61003672697558
55286525770434
49224906215861
34929467810783
18728719089334
55487856962813
57990006717065
21362846593477
66113727378181
44768418617250
35419901432891
9171135749340
2145260294567
23252592338751
51706973188582
53146834125614
41195022471428
12258074869064
8015201870278
36786849835290
43234583274333
57676087201395
26487183371994
61070211041538
21919249422530
45609149268043
37826406564877
23110354377185
35338219963469
58466638173978
46577700628884
38899991038815
34846377794246
35244182109953
5417744957345
62431142595276
55418638789260
37799005495627
73142077612935
29918684628573
19773143637758
7494987398282
41918564071779
40634317292858
33411771229170
39653938842435
9056269369228
25034798536157
23269140531508
6789653614915
35563488069255
18467633353484
8891392904018
51772850535357
49068641650375
45493174081810
73866699996780
69755100575374
77804331347708
73295458526630
41515265196730
74927152661253
3493235000696
25462849675138
28492300625510
66826218796508
37140671426861
4626122639055
29854256189194
49152891029945
21499605672042
69370215785012
59964586645449
78749730934539
79526801679147
75132493909052
81766784039414
61225057982772
19813194468814
84622170487629
38539351612363
75983699943574
74816648363312
43986830668573
32953130269230
47358055770915
84898926346511
13706345031244
37058422360145
24356008541310
73367339933853
21621335932347
53979348788213
58408190729133
31085462114735
53576330330861
75292913457993
73365786642320
46836612956117
86300289290294
44929226623715
55565793700951
76486077413382
56603262635622
35391796051834
32348683622079
12354258267438
2709610229418
26891641637556
1244284333587
75272252278675
64123796372567
82757774452115
45424613309632
27331526953509
44409707546674
69602211003598
21487893392710
57592457167977
76946570438241
17735877254733
88053029773173
59029571588440
32120754667228
79470144214945
26996450384487
23076786395745
32715041054203
20969420686884
91264566956811
88940164941973
75254491586890
27950506707073
21273190976555
62935639072491
57487399361139
46815637082110
7530887530064
74834246040019
12960579817851
15087327238151
88941199565592
44342599512135
73727468011005
78785900819315
68418575087000
35028962285979
80690348761430
18202502796965
74888989334964
10419638663144
45212047512407
96032767486724
2946154067354
27198210639531
56141021102446
85636029546537
52855303114552
72375627950170
61803207737857
62772193742447
32053405494820
22695296811836
50818544611636
59017763631417
65012290642523
34949916071512
42557870591301
66324927043176
41482373703097
97042143436577
41648039656644
15286402455415
32718897661677
6643197363455
14924648739075
18458403078451
54454454059928
59412207156229
42793412064871
65370856470934
41786664713730
72558763988367
98714447537048
99379925534986
39842526877430
58854980875187
89694196640955
11353205873041
43500335394163
16568788679302
8256746514058
102806024392187
26608972600392
17253686596351
50338715243502
65763697619041
71547275214489
22115754693512
59165290034319
16347248950115
67928229158478
48319150768031
46917262001132
102613073304924
54384604182182
34800380004081
28058068103471
54752179378831
102154791660765
14912117354965
51292106019325
24845453534296
13288561959229
65745293173775
13043494049786
32414220567731
13710569396908
20993321148884
69220661779959
66390998835388
97618085813803
21942410218275
66358684785218
77153106525449
52197520270687
2063953149341
73618984589345
38346981379179
100007984991282
59117982814690
29965168531532
8192689320708
108462485337983
58590774540001
92529680069490
28768185442957
91157427118782
45201995542483
32609733168616
44384329393069
58671149514827
44805051017747
57848987746781
97706341425835
75512978292980
56936374576043
68163019358083
69276422124999
6906643971897
73725570176655
60815370258227
35089085783628
52287039453724
17688788417943
84343717244116
88334987504172
53416305471327
84734770873069
462528386282
37823227959865
38973395278315
16354966751522
14547872082201
48796103846942
80171300184911
109518942694902
42596680724091
22317946258431
56633029865403
110337237964671
71459236594105
38220174020970
72168081984227
109248208624665
79286083165371
85390923661921
65906125738821
66652815421749
32105450819193
44713327361789
53368496173216
37426741170136
20836213756758
61612612340501
104922976075730
64634466563883
1640643837049
11566681317512
98695018462659
81937977869428
3630601253740
64496550946003
38483469214436
70683910280980
40299519148674
80384532160455
108479924156127
66231148596547
69307420567507
98643721617710
89992156268001
662250534818
18890428675228
83454169716053
2558914651459
40371183193714
78725086759957
109533538615551
11172781510735
91647447571951
106013402983987
52098916760543
97069828373270
33410249529225
51377069482958
14674463080212
18839123629549
54883606135458
9770696333535
57839421472003
82713983929223
66025678130759
3131217305895
68665634807138
118642868132587
31654981733565
35419156908496
33167585918349
46814126690717
45529722335337
1420534535454
50881043477497
51739611663567
32051215275415
88312277752329
78543420636587
30917671805590
10534138585107
11877277373348
27249078259401
67767299383350
110753559266840
58217432953273
11244031676555
32173842911361
20903177036369
54498133598851
30307940382303
13662574284975
119155909824428
82979243035503
111334420848808
67656608688129
58129093521952
73499491315081
126417295915544
121763261702462
120486772969479
121130383604454
5826761202802
39542775922520
74926614105311
23553633055048
116642514221995
64679077552343
78194759785257
43809873389437
79901139971199
63482262081701
101427325700499
31628322069271
118987552018057
110702729758579
8259339425483
13060490392701
27672582352039
69159447668377
3307707198562
29929879826987
18323042422387
20029821783600
46185896226237
100234726537245
4386887926212
45758827369546
65818425636633
27472562486445
103929221312071
80821740618876
19664482890535
15076801435189
7477169548253
104923439056342
79045270829993
5346738171685
65675888986572
9204379270487
33943406229609
100330877026169
29126840243837
19765858516022
33470233785248
109474371813174
59089217106801
93257603656722
94444929252254
42719726618678
85250900610482
96549983956965
35120998305242
51845480565392
49725300321659
63138496005133
110967391976416
27227940820969
11794387591496
12044270088878
97781717546269
26635307534138
6779355923452
121891022813842
99694858182632
3842545859873
110548105528470
79166440000007
26480624774279
107844284512672
124822926534086
79390197390338
124543860395654
49256623078398
119921972499104
74680120054358
139523999582034
113064635781497
41186392780198
39177369203161
8529255046341
114738132741511
95622837187718
42522248082261
131394632113044
100158935191867
10252387618287
6149645352779
67209745556424
125636599875208
68461258490840
48840952114789
13797190161317
13973902581095
36644250970349
136937040824183
125672359541055
135798220438243
44590939506203
89980395860382
22361571449506
109554994224658
48500604574425
38466077711417
133362222059191
95698781666173
109532388192956
65500533382280
58354460966574
109049714658841
117221207623507
41408938079525
117346515909195
69637125902277
7797565103468
33461171707264
73872142891004
123147098407682
427895300823
23012105907226
132281938398338
112856204741503
75240420628024
90027357869592
26297353092325
144314352450180
45227691689224
62597114962559
18064044830870
69506872772700
43006747687065
39972934915311
117245380549491
114896724131673
97241349708875
85576051794808
113390003770704
33190894743490
122960909179313
145509572293688
138111452185511
47354497289424
67087142938073
148073006490934
51301215550995
114928272559902
7696475622007
15129377401241
39578657526729
91262341779253
87938598087523
33171690733798
64526881277505
78077282473983
51562647438666
54642850094996
104171773524655
11393051132736
14639673891880
73174657039733
64879312827353
145320330902287
121527310721928
21117695359671
117456911203461
147350035302589
145970414531346
4631099267828
35859333394981
98468634269568
91932639448437
52332028980857
94505912632368
26651878526906
86847599663437
78560953351931
17292647722058
74410952842594
136332082328815
26987465447611
140283656728636
82746294905255
117660013971686
150569649288704
109215553362635
83986705393453
90009687319041
115647260029510
149528905833819
71351401203073
115528341244350
29431136936252
17186143967513
56792874577311
89647451001868
127507175219941
137599881193060
75185068381890
51176617468287
65631281245627
33237461586248
60807474927045
154663215952081
35567267543015
67780277537425
159562030013990
54585258991202
90393032200905
18085842366882
41104666655682
51801997762634
92004180864825
29780829240287
120150633473491
52602890629890
164079934014702
8793931745105
35346529714221
8396209112318
109007412085832
34142539412594
88782594058811
59496794207080
20498642878239
84546540433021
32694279641201
60147063802683
74572364786708
57879732171447
29589566632911
81036872533500
55816225231937
92680778045285
10089294356934
169891075814259
44149145427679
64009604911070
81462241877037
116591021537608
156981792620005
109661660432676
111183245895800
71519620825808
54118117952749
89909076405666
44806379908327
119822409088609
76573505193339
8561974664423
66884185932715
134968413129980
3203694574342
56154434788145
140067823579954
174285265006257
83147333242979
137514865794353
102889406433389
158021156195242
89273473900624
167508015910150
166532930241477
55064942713955
157554946285948
29849549632818
42892373256369
103620346232475
47928449793479
123245205982974
161680559528981
64042572754864
97768725425377
50627356228393
20379265478602
141408913620443
138094083144222
158494860548672
37190773021058
26463753455628
15703910434511
5560297244107
89825184339934
62770628191592
61782106625618
36294703060158
174897230489073
51394962369900
65164698612245
63078139788921
112123863991590
102763102555253
12951295452117
112707906368142
168990226210855
48083837594391
51756376973940
98410139678552
58994979386872
133351660215021
96688211746311
169492952772022
147088059123939
28621208746835
62097514795374
166890341064688
94495218932736
36125221200114
89851633454645
79774357135677
52999281223023
4103857710998
137414307540801
120860091600242
38946104661727
97146818899303
31959268455440
94236352001779
21617651860337
79945955035135
29548714784090
81238686708894
42130543778524
152689699800744
89432919795348
174279668609409
47628762400728
180579358554496
16745425067954
72514448022504
38456704909979
159217862276695
74256170908716
178822067821135
133397185062115
539063168345
169476226180663
130652321128919
112632895943273
135728832956343
174618677006913
96628349682743
148771671284779
100407371234267
26140947783564
26390606214257
104327312536480
52358918609945
95751390791284
135367306586946
93481947312378
190063139013403
74459204761252
85868379707534
8969886062601
127346590655938
133272346130561
73960138166428
182968941086461
32752701089696
124308375269952
174058883853939
93097347234341
2226609250529
63495525846886
45219996033204
96296032300657
68500148249648
97985645824093
6354009513581
99564580504696
111870634203291
181861116588778
174090424582671
127097774418966
186946837270260
144092990494550
186418142601064
143762449859016
102054462733578
29298454309040
115887888878041
181739505102915
165295595267566
117435757818285
110067660647429
89524575191420
121516357294317
3806368640751
61858905551219
58316863945218
117033745309334
63006515721583
192120914196466
151917010851254
183993765594176
121906498286007
151877884359515
182733751369908
3194171386383
11735110127862
68980466960784
33536330115108
70405396679313
74295634108842
131419559834785
37885190586270
25122946414023
110306973043843
11264656046043
200876874857352
83522448021818
127958229045226
111418496665056
90750775938435
155401586471415
69059948602939
119765102042222
129163263113439
51638681842969
26277384167482
73349120225587
178338551634130
30152242001762
116182028046991
164449823066904
73710247219745
180482327412393
107365833714447
85734646456889
142601463949282
129645444024964
196333925388420
5998054123308
45253633548243
201532129509626
134131244546268
191019861767830
176371405728457
4189938819789
96535404425179
90791929738241
117656319037201
147449624664263
82004506130458
82752064108263
153511933027756
61603620749977
122313701339193
65410293429772
160712589050263
63245807760013
60026369284858
18210277439312
89279216777990
192805122113432
165236458697944
160617296026273
107464069424953
140670998827912
157414445533491
86663169451200
195586636286775
53264369827676
207763456705093
61384190273262
121094921407224
117036141814854
150924376372736
170386459525078
205011421412854
86942122596915
130583401323537
114588186899883
184227110254467
184805438545774
112085212043526
210064806392449
175698178159652
210833585406200
69934885377879
23742141766920
155306237073922
201551401900268
156878100352369
40647858011309
154627869486944
168462407999682
141553119408369
192130055049972
181231890106167
198456696331843
45965034934743
190179526086359
174128057719391
103655971958858
150850814501646
174407047972128
154914074511065
66880474389236
14261899856162
60230884018652
115793555182650
220773197729602
140206888913357
110300054415079
61341462142515
112159025352783
180231902992837
185443767737813
105235839699651
66863192793574
71754907363010
196892537699278
41790354873063
1925971859564
155749197525167
33198749715686
333091593340
85385972928708
87561612334477
152652650453975
204825124110603
217421345138072
196389996711972
222419167575152
31091939780406
222593468854302
79400614968358
166573607212848
148817817494226
174689759497961
111687445934334
65011429536982
115950668634774
37822822862740
149344943152867
130214485590017
46103418631265
203692860289306
83847727083106
12889025547659
226622103979741
27371536306851
101774557709695
151439066143463
47696640477848
129560226498713
128401050292760
13458623027938
154455225112261
157573445871019
153470676113872
107017068920695
154265088097444
231829927050571
47961857733240
41987997012292
125456923336219
179959362863740
197795245149128
194769016560465
183305104862987
2692049954901
43969606563596
91031739468946
158461921271246
86056090799434
106676282515217
175388019295012
121544266574213
86771908743672
234818163326569
157465636120084
78481582045514
225733140143715
229473777472828
27794027331358
1026382500028
109455834194957
163669859299468
123796831564283
7843343024708
218829814697920
119818505690736
116589127592193
7332594811238
148597004396441
52462251672183
223727641148109
53922034765594
188456582162669
93112146394679
195841709836219
57228852652363
200613980811416
23482695102752
232882315110627
25661580128610
212286547614336
91701330194309
218948131286198
208613827261293
45952334296469
55129485888699
24934833108082
190260554889978
2143136461289
52961506206209
135050743635619
139920087866285
189945264012134
91490232110966
56241920857955
226780254863697
212343936164261
220602405696737
150094296911868
46873759604177
4038758027235
2187880740354
15553622312655
104911284190467
81629798331275
116393942883009
55889237328180
92398160186511
23514327273448
104672165262398
35375545181399
34772717531115
51298342775878
238746421723663
181564717582031
13235502178212
100871419225569
33128883849721
218073392774442
125821481658105
38396679565009
190212738458778
78526218794947
140262350128207
73872399841282
170389447774987
31369794878484
105799744586128
2919756832537
160685503847822
35339340090132
197555446845172
89427615360763
152457699430893
184343427357617
53433088962609
80525433092098
113603348943767
233021254264450
92037048393082
24252826836101
165604069272050
64208882781828
150967417616329
231047179265247
40539139948836
145116085905736
119060628998012
63610031268516
114018963655009
81471976483235
98971037050129
179471795683842
199649104553503
78545304978137
76828512489202
51396264752744
103671146044636
54497254491864
90479686941529
236492246951883
129454322619127
43720541950295
242979289517172
21611912640837
127947224892451
194625808571011
97106532965824
127495335133498
24008539463141
3450027246898
98340028774240
145282943026018
201272150264676
139067986658174
231256040450812
243208572149353
1143724974369
50682920396987
5779522822113
31673071592846
228598353664410
223218500664072
81237395553421
79959918886418
242295939552614
118614337817708
126459028837946
121554137627684
54068364483075
63003008608768
186416059251349
21657509134630
179610718416168
201695069808578
170943341758970
150786271045818
169078296733535
57082517062107
15732688392383
60584607155787
168903043699232
244995216963974
180376354376869
13412815013004
55321293794936
32882527040121
48124046870661
172479335413677
252829623210274
26606880962906
51221111139379
11044466957307
249681751902938
193719736213329
226948446819040
225386996287738
187601152722973
132946475474034
90581188940410
138851032966178
81463391148610
28091182416366
98108079848539
165447685723324
202743547394019
224888858036526
159349055570957
118729458246033
33460851852029
11850019597802
244650538353600
380664068065
34148677687909
226475540869776
264283761125003
79789678146262
3494126880946
159337898875804
213341797959101
236576866701799
200540554282252
23682416209061
142251170877689
82585465730244
87609333997261
106797187179560
190033691789211
192039397394779
181578665672069
132911272102179
98647517873729
15056794482233
89363746787597
39684100912297
247713237068290
205459185631993
152812655696459
261874046582898
152179464493239
230916810570654
258212175937690
184572032018311
224930495815452
140849209325120
27020853861964
31117921361587
249052107859617
35824566577485
113632045919306
99561922839949
200949332143579
88563439374951
216271796688334
156002193680909
71077982931596
48177543256247
45964172321350
80870223470772
86855912599578
252237167402777
137029330996482
136768870428345
133472333704478
256907535750029
254414894690777
113946771806523
259506668475358
40170192611202
24631093106650
126753419146501
197339937894927
205261932184719
225478958369231
247558173703496
238334894002642
123985039889543
80445803270304
247050661968191
241387489868876
130054615511587
232690740426230
17829062163805
162591360336216
142593178129563
114722629135883
23343649299545
24397535376737
65320120073620
240577086216516
71037314436160
8527861960491
208574826274854
251586427607208
142172176071676
14030188180663
13768667254312
175596539937149
83128863200575
131804070460769
189415259704641
25174829940832
61191578054743
197372969140174
25580307861332
101441747311597
109549639161835
214799699487280
23818776026068
161921737702738
177435419458169
130580864520751
130853204337243
62149471691594
184058240028208
198594234593609
58511952841335
77048353245374
96273332017502
169753181448231
41312359795566
47445797190916
31778730255291
174287012491680
188751686540100
145002568277530
133801229218888
241974933949152
114907775070476
236597532243354
117549849646382
67134357180273
102463218465925
193573586814885
75245167532591
14756958747436
280896094525840
106386839644281
265029346257254
170281976841895
123581466665816
117169274316391
77895523373510
22184643201452
249688369288017
220544073018214
47786878467209
27142472371423
74159820705797
125881548732753
79127107375611
35627833186488
179082865457595
155902396831807
136210908410412
240615816713219
235741549092560
108729813893339
162739276698366
241211803829874
263284123044342
172479021409280
5422245156352
92319349384380
240179229022702
265866958654170
102069896294896
190172183142847
285200704697159
258406556790566
127579751619107
99951123841063
283400703493785
196003340031533
217774591329613
188307571872214
128542959399874
36140405712624
186980210222291
209534322829949
19378364044011
105897938852692
14976010334868
272457136318316
65820002517812
9272387308393
277942197862937
38982484799963
100593649734213
218038306291171
293523762046881
114266648730813
50547923602489
251405865659952
157717092571959
51490553096562
80760529874738
62285272572990
242884973090826
197640482684239
129986486505123
225368479342946
135729911397669
244496115778257
220341990785017
125570226395507
264836851106891
279031380123385
92800907585527
17254639461265
250075662956146
175690884444588
189546376847119
239758568602709
49705803800526
48662039039087
101488841640324
109971530136291
248957271590799
292895512334640
205772372198117
116201665022197
127599538246865
48114526975076
196888679840027
43569389165702
215202981483858
128745307919851
106809768948038
157919951560940
72291288900145
24334291283713
168144913756832
193116271533071
266123628211933
42787815495057
83869767095368
96889646273748
151308046062997
57408544663496
119725024312219
29653256622621
153662165281523
231249721774672
213820463134294
114186888482105
58269843595927
150104971281601
17048138960851
80137849577712
103602051607378
104355330754541
186159506492196
41795553447303
226828341030916
24881817805580
88462795672717
122604513158155
174442769580286
182764216675602
278877447324509
291573314700582
293631098142836
16224300830810
184090134683837
22964663645041
232142230681835
24044688537965
95058079254604
114006364547792
176338876344171
137141500946475
86888136000563
49274276930705
62750813103349
86816917024094
314412266271090
273789311626568
254395152773131
101734486210344
7298556742071
139677877012307
234704007185099
172841339060164
268155094078516
178602205963434
104611965262326
224382134964778
29785438844394
18729294676129
163686372499105
208707880183346
118451441520920
213623399259152
282700047581781
201493265913915
92400672975094
85626857598666
32690011116919
216293231669716
210029376250814
87796668332766
301840347291657
202181032203702
62508549272409
218798284599857
300481581627068
9884480162909
230188410443829
284954785293058
305555028029515
223129311327879
301984610938274
263610948400196
153102251827910
4666895588720
286132897486685
50438814606900
57059348068412
286052365279439
61140052056075
66755407591598
304139747218512
141404831358439
98694169779930
90131776887362
237112550248872
81983438425509
170081769115938
204426681916618
165954552233771
322113603904004
76740019541517
293893677557050
147839526827498
205116927964925
54474680061431
114155796060775
280946760805682
109778432103705
320217293774844
235454667804818
200926592847551
306519288915233
50774776499286
281736681633199
13406428743141
47813384225218
180446539342497
264008903051836
314365354086742
316792749815698
75323140930729
196451157970763
54532613045157
111941225771483
205012624179043
135714915168588
286893987182507
145053768780985
271812728757222
265901561185691
16412451654760
88813363992559
251507886564065
252037954867899
90881583774243
98106705374914
33344931885445
297327466871219
271154494215875
201713394302041
268441236088213
61732717201479
106652176074186
31027303911014
225993229398676
1441719103366
327933961804440
178440460483947
186058691323736
84561021076794
197536553290230
320446871073622
270350372621515
169781112095390
224639753224669
31737988019186
191676720703923
318851954130213
230422051082818
207028168205375
161841100791248
283966077016664
301571463864916
27502165639885
302316719991083
215883204585101
117926707234739
249164059582145
217434643251211
239523520288179
200778597066351
50673051018037
79221122531352
286303754425055
14210044647099
48768463240885
267646736319733
250304568672276
303117875114175
293032538151445
160755426051303
105113361781289
61988190999580
244754142960515
157068475153038
94640653250632
27406702243687
119249812023226
64226192149958
150474418498079
168549324166660
278430987880576
111156756839575
152724350145922
4019444568828
163198505611890
229775196490408
14863119505052
159595230573138
139346072250629
289058721669193
215624595373570
169010894551886
155604680912526
108845851990091
232720767844575
326877787232708
283687738774159
131384093296832
271170031597712
79493183311144
313192798619604
34948435164074
142158759025460
165003147570042
34066784142978
4990302389388
210683598383782
88873108931453
132550011006714
61373369517710
148468983280716
337248350911880
42174687431166
128946032511339
297658841329348
316067028307848
260276669966785
252519773526496
106425551190035
181567597542765
279432170453231
269505691032848
3065148877623
276974473294601
60923761331648
148133366060672
12631424362227
88183468570177
83051253373746
167039321905301
203322366156774
123000662851972
236953653119715
59902189557868
111267871437677
209042053247693
301005074700733
105756080831864
290587262386841
300802152388583
231498259676933
41499583967923
328910445909123
11236837878043
286371895728588
292255546656841
68841154268488
99658772443528
121328050434595
180437102369468
126554540548041
130455274316448
64805022265532
216366789020737
305515238476377
298207979338378
51386056199587
42050605939551
188530953405103
218111802465331
248321011204607
149921168933036
76229426929174
327422334427612
196485874577503
218930106799693
16196021685936
197703235337449
162519323177353
120905596889173
238183925367971
202802491615349
136481156260159
296737858590848
162633939788898
311033403770140
243133067468643
59778815237791
30236368386786
307533387353350
110040472300013
177527976253129
3621742265045
187504213764295
96482928195449
298626417636966
295963679514885
259912225854120
215648277477603
86427326087832
246423241324233
346096362793183
90748542007267
151980613161854
312169899856489
341277613346438
77063241841354
24010926386840
159914435295264
321140654742948
337170394097800
211542332252240
178005772594057
70057400159556
292686631062946
299629550631375
219402127123547
174913782165893
137444797872437
238712697159492
268187462924370
193221559814714
264934319025036
115489040473350
89791222872672
229985787290388
204282275851053
77868796846684
41914476128652
330751228847064
52491061864351
205851566631103
148546951092204
90697035854270
315063431045146
272356046783162
214637357166854
330755428826571
292201214379654
86882329432165
28241531980769
95968814374591
338029147344472
99107103167407
321107209051700
69442243865528
134492899282141
33388629689369
81647913134690
206380951510420
175897222128723
85023533092022
192274024949666
117239927847970
259747700660004
11656365252945
91596527095883
236627440021802
266571145270287
23144974633310
125770197630848
28554032108238
122687312679432
232103362154012
158532818357203
322944621086583
104249540205045
78869461863492
88552887475361
153897829984443
62351548654438
181276941445234
220418143134702
160631144146058
92703961312207
151800105821709
177444565701139
105585021327971
198710413966622
320125553355687
353503981207007
351770844359002
334136858437517
171011759802438
148226474331443
67666915511311
108958710469640
14481363617036
217062461521263
296933849975276
39826686498471
43641861446215
304409981108942
79088893914202
336542726844971
290744777191612
110933986750861
289059573143984
184507533554037
47696118019644
284050821306287
137949134948585
275952925204262
369211926424252
133685401407585
131402927997324
331639124883847
312333654409754
113373237064171
290947802563534
140108648231831
159128219609985
201112535565780
369600629366085
332356573683825
44093805352634
220821104188480
266060430820027
110662386692905
282846740658572
200348227186919
61928143187229
352583568694293
18557746094717
332881258514698
1629733428260
362177601017028
81725229654778
133624973444030
162408026580711
110525810918774
244411086489309
283579064557370
159723859403594
341488489319600
126141745256494
343196576633066
161569594701882
95797561044340
270195589970499
329227614429071
173484819816207
107975345664428
9836672012940
117536997138922
120362153069953
244574272607682
356057329002571
9363795247103
117634423482316
154287107893885
292727295508965
74313428579601
137578135251607
378545917654673
23435435586483
176178891444758
147529014362720
366541623708344
315430085238995
70198229871109
164468361960391
54841890301464
133880326528749
109826000589161
200718075024614
231216151027612
235823609564453
110728987742717
299306927759548
306489644607450
79468876628134
169139851317220
222190862872866
58358851628875
144467000578567
115169846370200
169265745860372
334924087588722
36280040392857
348888165447776
43144549901809
274641441347178
91586250250570
310887546597655
249577698163379
253108823073560
247619579278030
155072576808710
182714851848724
237511048137824
45542695876762
131651226220786
129188500722788
234820947988532
216769451825329
88260567355977
48259774316564
234592978833800
145441565932466
376372954821688
32279888262452
69281448326075
259756600554529
247708333873280
88731391868145
98658706935826
64021237072004
282776499691782
187390829010616
248445932749084
577785578901
234345847811845
266737692163394
238145668163905
212529338640541
315970731765326
356607315319733
97794375061219
140733430580890
29782483916452
12580023784184
165978830198449
383474351492182
155283062070433
4624551151535
277195887079431
164845591499478
65547665371184
106808225848971
360913937497202
152111307863753
283117649883370
