0
13294807560
854212016237
1402067347650
1522454312679
1059656745195
446692979176
2061702423483
2399783293972
34039778175
2444203935170
1660410396698
2176811529475
328412183697
827726201027
1073522318672
452306461465
1951039890925
749001044234
2166750546006
4018096697172
1913160061052
1027454507543
3123043149700
60161500782
695087961166
1467840904620
3163918777949
968573441290
2156100376384
1525347170188
4457494607719
4459633067020
8547686290794
7524429879105
2226682830894
5754741282044
9363796086990
3717155493451
568965351490
4619237025292
4459154222807
7283140010455
1640675481868
9647310615227
5303396401151
6647085158968
8152145574501
6202871515805
3930418754132
1583956976446
6959872288700
175770950013
618515901485
9778922181273
9814162349375
7820457606805
3795864502584
10296975182749
728662447159
5180313685966
1857953754657
6001551861473
7156413400638
3568742755360
1337587088643
3049123646718
8116485622437
5478857563193
371230309436
10132223576342
4930065600307
10634457381808
5108368674118
11073686951866
5615184287042
12269447730019
4987015536566
13620813477878
6221496608631
4527426763459
7828717276155
8734786586902
9906647978493
8362892337989
16018181322982
1291896738910
1932376825990
3299422263521
87585198599
10360283643700
13135351316207
4026861423704
3507053624980
12672857232608
16827033728125
11899937582729
913877614012
13104070149303
14080612747953
9069646032033
13146737616650
11923262682467
133527145660
465778607337
3657632760049
10469619742000
15928965848069
1467525607984
14416676317915
4932591991382
2232206523309
16581556370693
709382174328
791110870014
9539761254473
13351404439507
425632980010
20710529154553
9779514092781
1171062847831
17730156764432
17750367959179
2454228036326
16777412520947
22435694237674
6047329087281
12918790446164
15705212172670
17056088419690
14367556690971
1885002100232
4262220429664
8889344202314
5448129532892
5623487621544
8835150802203
19565111854609
18827856801455
14602764026375
22928890584123
24873483500480
22006821370076
22338960586449
3772840985747
1198198702916
18020852537645
14465177988132
11962024311076
26190290250496
14525436762451
629880892839
7805023584439
16327239804191
26283102532966
11333230235672
386741887651
15616242810862
12826375291817
7759624303565
29547768319637
12462000869276
19722313199179
29005890941236
24143251763108
20348598743478
6714164010044
3919816335521
13708085060884
20606265175924
28171387034280
15215094008901
17017641198364
15633352003579
24499771467710
13285449386963
31171885462269
7267003770510
25240125555706
33817473957496
34344121557055
15515871593220
10945441497066
26462300941443
30322453776084
8326603926556
13631262223926
4530065345284
2518031703203
1233479652253
28689853520154
25051531960014
34368327243744
23232771437315
34213264666147
12941771629746
14151433919179
23492242190485
11316077220881
24788512239469
18649194514418
25287552424675
32346530398652
27780542828881
35662407485060
10330651424212
13319249113385
33385416561233
6543609485487
21819714993172
726291423368
32276061243275
17216687776271
3674164049555
34297770464514
14560700129980
37950282599252
33858886150420
30327183366221
10108537615904
36874768812495
16719406354662
20777223860182
32387411179791
10774811868273
35879788942127
28867312039679
34952600786852
29347164700758
20833200544476
28509708313809
27020155594810
19008074230364
32039382687464
17767416288999
11424240585994
29522324922514
32291027274440
33894336709018
3720940083308
3675362276953
41701015650916
32729563014201
8755765550534
41692018212354
28814798572911
42795012598831
40404438809532
19835065646479
13377035576574
32335278162036
11759551553922
6834796551103
30440906970038
7084209585298
43169058030185
5871218228211
10822594738766
27634401627987
43935084440080
34713501908409
10118057249198
21875841468569
31924182792323
9205615129723
25715488389154
34424061614627
44805738434276
36074224004615
37327095288746
46589276060740
39781883630470
40709062266366
25475144720814
30779444391050
17243155570565
13449044018930
15338042591287
39631005698717
12704115064530
28900298566152
45556116780019
31719810629812
43550709345023
43558541449063
12604845755982
3143238819533
8808261141311
41080856709874
32444199027498
25968826889840
28504969909897
13110722466000
32592597889220
40538332736934
22622477429493
48545756276533
54573966341009
1784864491728
19213959663772
4591227600649
40833096871634
28153700337618
56207637366662
12290035263590
26403418726448
3738533498742
26513409395949
56356129692397
52857336248504
18729776008638
58192259928152
23064479626819
14938934805057
51309637894668
57945342561577
10796108480784
15554565972107
10535526540719
12716486567975
38490261108695
33794066713634
23796677360589
35279312740405
23376121205591
37417787092188
23875627453825
4989968012476
20479848045982
34998841614603
29807145895982
31178911887470
17363634302571
35409905215715
61327983545863
57421946866136
4475370825966
59998426993113
30926379119663
55000752594635
47482967363850
49071912066807
9328292293245
12219740286984
53237408228023
37384489226002
54568542628526
45424810837351
33756606261459
68015870684001
33989316833673
12455754596287
36632971612544
29284934873789
8562521059482
26974570025388
17718835801287
51698252783456
23717154992683
68184669215475
2514078032224
21303872411224
9085888403145
63649202323326
69840547083495
51691634824064
52501577615713
3070820885542
45224617924563
45174084122208
56825338341236
67684465967394
18611692407368
20875151438086
24816975195169
64148129180617
73925858764830
52434889515104
73065651350619
27799762414369
13616010327153
27205355464493
67688331720609
9091769100395
63878639931051
46632113956321
36887743785210
71686044716532
63596511388134
80614696220200
20429761779569
64782878893642
55734720872179
60005839507623
12771330414593
24395140047273
68118262801561
45770226961935
33540214564560
55213807474064
64026374519596
27128906147015
31713047062404
68337732102538
49174420156578
53178911321995
80119870590549
42191240483447
67917812454016
69743311881046
71489832118954
13831438059845
23185725060964
29966096270070
43235595951195
84802990932791
34000970415202
53282958781023
50147067450686
42137734433168
17502398598776
70140147095768
46428809822033
45803005351423
43182008258803
10095615997523
38271089642170
31167804095175
69979680888119
47271262791824
42752638195045
84822445201113
71092181148198
63881108437827
80034933768910
93883841064544
48550062090921
36995689930756
38536083990011
39369323438212
94933847032859
48175977398096
66014620392649
2335719781096
13014211403339
11524170447009
73366056457226
83643829519400
69036654450400
50313266245151
70801215444146
17612897190689
81500366941029
88643299713488
34578069788516
46823193015754
41913157397281
54348446023322
56534598796235
97448067299303
96099975542920
39725643938861
43898570901451
12799962948736
46343555584154
90510570188029
17134250127650
6903869525746
47300412674041
9435945039053
55434156145929
33283493218890
52116638920335
17309958455008
44298764293053
84007369640721
30463629111112
62506149366223
52077904250248
38008864902016
98483558732164
47299183375281
9096309042057
127567035576
84745220195598
57378493081097
13041841576588
37924019659755
90194208753452
65545736915685
15575210640581
38194088985231
88803195124666
14329909189017
100035994333301
68508929105900
35489882966344
10073003315073
5514241531714
44041814961650
69617576651772
47424933092894
5257018177015
25731411870587
80674791406998
4938943801677
75861926006023
5988516268451
45432016511522
22192534236506
21135589888621
77776472815953
95328018648480
33017349297598
7226533390676
42789431743881
59066659262499
56258391887761
59586362875954
29816069612086
42473724627020
102006745007614
14903029376631
74308474155755
92201498556884
105059020926081
89858650346342
11235833969124
17770116843512
89445418816890
105045798777490
91721340142530
12834680831038
36384865945974
90727462533369
50627654492206
68465537015110
49954041846489
27729150898877
76974900660084
68639475473726
69312156482628
63898409042050
27059056148022
27416468342441
5923144395349
54641445506976
37853611204746
86260528208267
110304431699229
13972761832574
13900168108883
106199169580454
53663563564005
42144789752334
66496984449299
