145
35379
105280840
11
10086463
8749
95557
1902701
185877296
73763
146165271
208
439
199483896
1828791
21409610
131
190
56930
542147816
1600929
225787565
21
135
145658338
11018216
3341
3164
1115007
846449189
285460533
162
21256704
60209
3055493
912511322
48782
5998
2387252
1945980
8822800
43
26947254
599837
297
113609
254222343
13398329
12439692
310787736
27063076
45603
26905440
96
208081
85956303
152
53525174
12767077
7399028
3003
471
4471964
50519686
1372
297367065
4769
112
22630225
562641
20605
416
71267638
868491
263783
5624176
26115086
23112688
17
7302112
805246075
315
12
2822822
2763345
294
611603
99
10
45
982
69949
298
10717865
126522
119
347182
8176
6235
14
65
167
245780525
2389698
706656
380653
141118764
1000780
42729
4025775
892609
750292
234
179
22
9363891
2387
44462692
401587
306
12065
12349
670
10902916
464
425236
269
55065
147
986391105
309
66
65
8504273
122299
894572776
28764039
5471
144860440
358903
724
159757011
22
1899
540745
2333421
