781
5280172
110
71
5775324
3000728
127960
186
6202
58623
146565954
52365
314
549
620
3621
66842366
1771380
261300
11454
35914050
707800173
129667687
90
94334
582191
14
17
381151639
42
2657
882
22
856
1308
28174239
67648536
80
7049321
3540
534813
185777322
70346729
3496238
631
37205416
131203
1426111
59267069
189794
19
239148
323205
57161189
2542
2265836
713285
952324114
13
17219
48
5447438
540491
143431
26
191629365
24644842
651882425
356497134
97021
14
12653
9249
26
13
1350385
27
1687
76727
189985633
79746
283742
2628209
56224050
47501184
2381
34870
60
1084
666
4017
109
7833500
384840
98086319
5495
4570749
177535711
83372601
322873
102
141242703
41806
32
105423516
23119
18
422212
7033078
3966690
646
10
891949196
13363441
52
33
66616
8602471
1514516
2434
635
379526
1023
1538093
1717
5462
594094001
61622400
54542437
125448
3817823
598194627
156396
148153
978294048
588470
38239062
23519
472180067
53
801
104059
593777787
86617553
88392
88526891
215
1067
1108916
2120
820
10520
48090
984
28
367
461032182
13075150
65927
22
176437
1810
1033
1333129
26
5285061
8026596
19
603
139618920
3819
224
373620
792723
41
51755
27377
304437642
16
243399847
17921178
5109229
20
9905
543577
3128144
59
329058
1384198
13595717
556
256290
1771
2823
13
765330816
4402
97832066
49423
106
217976036
10828
23683
336048
56
1182
12074143
1596
45882
78897
101470
1846176
66
1294877
146
4240
2326
457342
8936
1767
4666
781628
114684
1923908
805592414
13136
3516
36
285167411
491
30057937
69033991
127311
13659749
262
863739
141699
17
530319657
1763
14684
727034
888
222894148
962793
22
32099
18945626
801
41
15
1158131
3811791
20956030
6037
155
705
2786445
46852
1806163
5170
113236
37006564
67
2242694
166
53726769
21559
188
93
121199390
43524165
13133
32
164549
16221
43536
3531
54798735
143138
37230
14
962
132
54
87591
11
1887859
740593825
18
181521878
643607
976319431
136138957
268
605681903
901874
28
272230650
4275234
55699
174331
3088
24364
124683
335839665
319226
213193363
62644
3686838
18032921
880
87680478
28
4674
1217
4480812
4683115
583156
29029
21187
166377312
2587
25058815
2421115
272406301
3987271
57729
24
585690
116413561
761474
489
760702023
98700755
28139
27934
1851974
534467
112
10221820
3062
23917
99
1914
4117543
193330572
665
51
41247
396209070
116
46873
12
254991476
27
101136831
13660
64894
126770990
3190
2775248
543125375
119613841
157115779
5313453
3034341
35
19811
2697
137309721
3618
274860
600131765
69530139
14171
493295
10
285771373
499942
65
7721877
12330410
8481
43
62521713
25
165
699757348
1774
240804533
71439
89098
42171711
246
1129
103
1344
523
6399
11300068
43
31805984
683253421
78169655
48385
176312
7261284
24903
71923
1155164
3098721
31502234
68104
22
57632
40
663489742
1639665
196089050
59248
198886558
55811
189759
113
73887646
16616
151136
96405508
49695
20939234
95
10114
27
967120606
6943307
4794767
46
107169298
542369
499914
257
123
550545
43297
404468611
78
59
202895249
223751865
277
6190923
67073
48243791
6345583
868686999
35
40902384
1158379
47250
212273201
8792
6604985
75
1544408
125
719707683
1246
44891
4467958
326816369
56053287
11
169
546156142
72101235
33
15
3020
340528
85945430
21
206
1606134
1572
97
55
6671230
66643
1731
2661
9456
682067369
2678
874832747
1843403
87
64303137
616022183
38686158
21378654
29
92780343
91054
8552881
2621880
84571
433631
466670945
18833319
763096
30623118
34736074
4709473
1932
12514498
16169737
44689823
49474516
32225
37373
264086
12188
207
28
2384
116
3703283
47
24
27612202
84
17426758
89
811889932
19898
2747
74844
71569
454884
5507445
6907949
299824
50335047
3657196
8968
39
32752
114864
22
11358
35
1387053
49628747
5104290
15
574907465
26076443
909468
972181
30867
23734524
32147475
748952
164088
71
3927
143692
746
236
5273
662650050
8772639
3122502
35395579
26236139
970
25049
37705269
2116
30268
5477923
58
941801
7535896
13182063
804978
62777
68553
10536
15143
12
119538547
562192184
202112465
16121
380
220969425
73
60725
177748
257
912
17
169
13
57
64070
65310720
33843
3660
104784731
1385
12479
963450674
16001550
22
2171
78
13673776
2368405
14268450
569210
18
23487
15
20204
138820
73921
568917
406
495980
14
18668
1464
70
34
30
1209395
16430495
9109
55373189
6452966
1793
4043
293950
539
7009079
3145779
2908
3519
157287
1274
1462
938223
903916061
4766
272203
15584
252218
13
72668
36506
42560556
88249
605396246
296628691
36251585
11
10987
1904
21944
362717693
346184
83595885
937730
106839007
4971
35
12648914
760467
2927965
20143
2511
3698
13
590414154
101052930
401416
17629
3695987
67333172
51565
19494237
248
11936193
10849
14
8319
232
115286897
154387769
14
32254598
87629513
6514
33
81525830
14640
83
7782335
5701490
337
1667260
1389481
57329103
228258459
506277
17
1809566
531
20564046
678
10030712
1357334
144
162719
9795678
132941866
24079
865
67451
607071588
3407
83222
828
1023997
14109
350
2695
8582
78
76676
436311792
41
279914615
25762
4238294
870549398
156
82913222
210451
40844048
349043
295
431145
16462359
1269
347
976503
4942806
82055101
22460778
580
1126
60085095
46630293
591120
42269185
36
209
1401
236
116429070
5285431
381796
56764
1676005
4537028
1419315
25665
12858597
