736
313684
410918
35279
174703
46
182
706
271857
604881
22618
45
346314
25
16580
35605
410494
54336
410838742
184
69
286972
134878395
188806
683052743
1685487
7486023
26
67385372
598480
61995521
433
48334
182133789
11014
803507205
5164
48391
1730
85545955
448446154
221905636
68449
11290719
203
587
2320282
111449
1104207
59880559
642430222
7419
58
74
51185980
1172
49
40
10
11
974245
162574732
87272203
244777276
15043
1001640
2286892
914
1896040
31
15383353
51
14657815
68
4612
2578759
19357
9533330
45385147
128398
11234
3603843
118
18048543
78
338953286
670
5557
11908
716353
69893548
66621033
9254
603059
1149878
21358
1551
168654361
1301024
670260973
4438
612689
2461221
1044665
11
2826
1222
10484557
1506
34799
802
71892328
45787399
11
5219094
917
40284
1487
1160274
98
714193
332
25
992008
180
192183187
468086796
44
269301
254749
12974
62941602
172077496
3560
23016538
791
441821
899
796
296318355
1194882
292577095
943067446
210365073
1703139
174
1599827
104259484
416
337331
244
64452
118317121
123235
2391445
20944
3430634
5937
200892
291777926
333
23247019
10
142566
801
20179686
117374
1383
3102558
893
243
19
724949
1261
43111642
34
1102432
9770
75876
52
14642209
45
1088
1704
352576417
11131
398
1000
602512
2173805
4201
4408839
165212
44390
1585647
23706
15
135956
320990
77504154
23
10267
91
3288
21
6137984
54
10
494
29
2238401
1243
579748802
1795839
10182
323154
203992
1072017
34
540
28657808
18314422
7253622
84212698
230140
375576701
1858
30
185486
2592
99
405226513
6369153
59255427
1054
34
9509
337062
11
26306442
13824
3690
346
356785
131
1438357
386695
1054514
345977473
78748
5026
14
121056
162
97550
31180
46158
11945
10
300450
48509
860314935
2980
646498640
522531646
39928509
41961
386
247
820
1465590
125722699
2044860
29
5704129
363163
27126
327649093
31946
8438
25699
155503133
1485
5380
27281779
546882
17642424
630250
199687
679224
40
11
13031
2483
8240042
4063301
43935
7439
779
18
9455
131701
35499597
3713604
1255
921
859191
2803227
322143
169
1269028
267161
540666777
53104019
1127629
446447011
55
334
5307872
2802
804435217
9495304
154850793
4645890
249626583
903590206
9315592
33486
695827536
155
441393
526
125698
920506
8924679
5988213
1722
6640731
6529
1682
24
638
120304272
3923
677
52
14886911
381447445
75011
149
14
470981
121
278
10746
47679
1717180
5355
820385
149
10
263206
8201866
259058788
262
197998
218534
1819
2995389
14368
83452423
557637
885
344
550
31634928
231
233002429
62831
432853
445219568
24
16151063
43094412
81412875
6750093
72327317
80529432
82
163174026
7199
6042635
16287844
1485
9392
644439
3949
43860513
738777
2805
13
29847717
934495296
18815610
505767
594
7015722
12342650
24632841
1131890
363
528843842
15
100493
327267719
67
61
2226199
344794
25727609
213508214
22381
107736
3979611
796013402
17
12481
642913
73700095
46272
7951
11328
224436
21549
19247351
658091643
4079482
32
12
230443094
818617601
385349801
194337168
59953695
3215302
644
146030
1573
35742
827
64204
67052
93303
170037865
49624
148363577
14496155
211697574
61
2047662
2760393
1305
443469
29144
1039
73071
3120457
7357241
4287926
35072
41684
457
2699
21
3170
178
3903
11679
4412476
237412959
1535180
752122
702
5813337
581
362708887
785259
37346
27
1621205
128
9669
16056
2866
71
7296231
3028
14578
74
57
646
62925
987709505
9676
183603432
50
14051089
91536
11
166
1141929
7454
39
11
95799831
1126
221928
114
6682776
43661
604027629
58
112595425
18
440295
501222139
27
5810295
84136650
53939
52986492
4936244
199
865
3173893
978
1916848
3362
1901
55151
557312
47613534
128956
2753499
1922
196307
210004
898489
14557952
1011444
3022544
5357133
39184691
65155
114349154
22734
93
1016
4390367
305
2848
779766199
5536404
2632
4004187
296169187
6397
59929
70
94
11404590
75
11975283
19995281
2275490
4756867
1536
32061
10
28971
19841
385623
88135
35656008
14628
67308987
49
104
2951261
9278
10806
3995
16072253
21154635
517
349
5467
26378
918831
1007964
18941481
1219261
10887053
12031219
39199
84
6864
9921
13
336206
278
107567505
4237
623082890
40338240
644
81982
135967
539756080
163455
52
20279873
7279
159323984
539707
12
541950914
69647
4508
12000900
1630
27038226
133
99411
454802900
3186
1497
1473
227097
2446893
145022
236556201
31414
731224
55
3132844
37736
34119993
40
22936
171086855
16411129
700511277
136
30880
58653483
5461
17
23652
109519
154647361
141
18798131
537
182878664
429890660
483677
35
76
9253
25335755
1279099
391
3716877
1733537
24407382
10
5432
2653
64
22806
160320
4822
2606556
797647
5980084
63
692
316
1491
28143050
67462
20026392
32
2852
1073
1552890
14062482
11738356
21857714
223545
24551
522822
327074712
77843702
1878225
37
41368
52993
100797
204732
3516224
326201289
925248558
1555
9390
541149
1094883
23
97646
179
28476800
13
4446150
868
32493314
12165
3471453
54017
30718
2620
509
192613
17660620
11329
12
4214245
