898
410
395
493233486
1223847
5368
176
17638397
24
98901
8982
662736838
3208310
1122943
537054
27799759
110735313
30680
5865
47356
2358366
205
93067435
510
417796
8821126
20280713
12
201490
513
99663975
3911278
301868138
18633880
75
6253525
52
2133
13776
8306
840
27593
7343482
21744932
25673945
12749
13
1146
2927627
85638
33580
21665225
285918
2821
847757580
812
425314758
23608554
74
773
10
103793
35
4822756
61685
115322
61
29
12321
1446288
1677225
4415285
91209
55
300
9965
603096
1250
106974570
204
276620
57
371141697
21752
15746
73
739570
359645059
88828170
5850198
57
83
24105267
21278
5777362
33120
3568400
878724883
430
589
1023
5428
106745
859378920
312454
508
70973
4902010
355
622
552
141551742
3162465
1110783
954667
473543589
9036904
4177173
170
472550
121621098
26464975
733937
152734
173
181407060
10645994
9735
26405
466597337
492732886
1461
5037
268182
429
24787859
2746176
125512798
702
66
8826404
126916620
143
783093242
135
201
170
353281338
8027871
75871057
1616
36825000
1214
1373190
4712538
94659852
85753
83991217
1073
599
290258
701789
395726
13764
1198
874856
47
2167
117312703
152800919
1195
389034
3978210
126089
39
7750
7813768
917
52413359
154785289
20044755
185
47
2108742
31034
680403
4380
36
11865863
174
572958
223
2978
16
608308
11
233
5482
20
10191
8118
7778
22383408
14
27470
121212236
47875331
70
654
39405850
2223909
265
903309927
1318
27257500
12106
1861911
104543
177682
2192094
5753325
2405
16158927
298418
17
53
32
47768
1276
6202305
1824937
34943
31640425
3853
70509687
3128970
6674697
15318963
483088504
6146
374379
6567569
155145285
192854157
13592
144820248
230390
300066417
10873715
1858
51
2641
30
7038824
28510174
552158094
242
6844604
50
489
27863
119
131700968
11303678
2373303
1730542
535788866
89562
3924227
24760758
3922229
17
201
147101519
36141989
33
78
67016494
255
44
442
95583
2481711
7156
1669856
58
44
89440252
4805
94
99
487376
5517
46749
786
444735955
146222278
376639
1795
2806
3492314
473775
9714305
113681460
13717
15688
79732636
34
12701
3479041
38
10656
55699880
8203
1811849
14
30333644
658
699588257
9039048
103759130
87142
34
750358
130173087
67
487
114
12187
1006
68
5928
877
18258
33627
7568
24957
452
271699333
165565
31790
14
38
1699
312530
1285257
2154052
2196
13
7262089
1047
1134377
659394926
112
2918
66257905
63883267
7357
31
172886094
251200
1528452
151445
30717698
1857
26716
666591269
4535627
18416891
511
166529
156659
4574011
209195
285
283
1766763
4866901
205
85625
280278183
948673
972
17947615
6873570
18
25483
49657
546
1341
372
202530
21391456
553
21562320
406766
399
471094
194564941
5061
32
1170
4940
57877
97
35345094
1456791
17570
36
91
41076185
1791
970537424
146925
32305
116
249866326
181432
28
368755184
18183
33
106433670
644701
7099
86214
7741
17
195081
30398
13455
174865
59106
16023
169040046
52405678
1599929
23560721
3698
578808215
278264
20916
5084774
1594696
1508
18140
121641
1635
17597
175482
12154
1319
224
4683
9321297
4732
127
5024031
103
63296
5334994
2000
104527
1629756
22
17
19502075
3615675
14667
1103
66
233781
7714371
655751
5733384
6567
1363963
953466196
470524
68700504
51927
1829
5465
25672
648332
1640569
51
32036417
145315
171
7990383
42984
44
18455
45994
267142
2154
18758
316
78
538461900
2281338
42888
45459172
20058
35187900
124249
37
6790
2299272
1236
6244
555
53926511
488534216
172
4980368
5155301
82
7769
2478073
2541576
17007994
58791
2679
479924723
9239
115037384
24580
137
6213430
22371
15
4264
1374
2496219
456415
2307900
1139
673929569
143097
4221
13364925
2676
199710300
34379
1157
34551293
706674499
559
20929631
2210
17092087
46654
33835635
281668386
82
9311094
125
831888880
17
169771048
4190505
41327
13449143
248
904944129
353
5129
13805
277629498
336
51
1481889
1486201
280767
384
1066
61
97970
40
1253413
3063337
454920285
388802273
41849
1841
2150
108173
21472
27411321
13452
26789
215
136
247
309
1722
218422590
30951
602
3147
40029681
5213
327155143
2379
2768
6338573
236218
243850
17
1233684
80910
245
3655
84120
14684632
2125
414
873089428
896046949
295886943
13210
32
2173837
23186897
1133
14510818
333273498
3308962
63
12196
10
1185
254
2037
221
84935907
272
24014
360214201
6038
4901183
68
331252
697
4563724
91
8351301
7512971
360407143
175410
104394317
1853887
217871
270
176991
485260
14
23071
66
132868
41
46
11356092
787567
112230
910
6835340
11724
7644687
535079
18536579
13837364
25795684
253290
1810
179401022
23
23109
65
37734
309
127
44112869
437618233
20
85225400
4693667
257880
35032
20682
795
3927372
960433779
1887420
221434108
327695627
297
6985
11820814
343
8803
656
182
1284
195
612106
70
16249
7860
11
816
18589
10
4051
28381908
5545729
1596127
27
115607360
105696
2348
3740196
558
18936087
362902839
21
32
73428505
45
1567961
45
83
733
5366543
14972
213
237
44958754
163
706704592
65
799281
221
7352808
9265
148202
105
9220
139815
473398
12077667
19416842
58298
6425
74
253
951856
4398485
132014
160667451
29353
98
231568
493
32878896
96
189834236
7848
14
950129
192686834
38
2256698
199932782
76355
955344522
38
15052
407
923481
1447
4991557
7117562
1150755
5788
12
43
223720
14049
84
1298
8475
35
678989
77
586270369
460462
147
1854020
38014
43598293
35
1578157
799
106991608
3684735
396106
4730
16744
8140
72369881
5967
89
136588
104942
279255917
6683482
88
14812
1560399
758045
223782858
1515
630213
159
59913157
419
1788020
37069
4264704
4612743
587
797
207
751579266
50900576
99536799
61420
89591026
165559
744
363193
1363
78956
29648
10390
67312
7319
16804
11
1354
36913063
829934
225227134
25
984958
281426
14769415
15220122
46816685
4569
396
7715
171188820
28880724
12614168
345640
634221539
10367
14
528879
10
925687
18
1450895
267305
808617945
154495
620
50
117
62
45354834
73
137317
11
13878
10426744
140062
399418939
308
2044797
150203
10
26086
1916152
3011062
