718
17
366
170439
270066
189538670
7341923
25
66
77560
211138
95
7451
106065370
259404
914473256
46323
53345369
2490
2418751
488163
2262491
157049
301
134093
219629
100924
1314
509456
99493
124257373
1214806
11448249
33
21629
7205
4191
14321
254960400
1272
295181616
846808093
13040508
704553281
5806
366003741
695653424
11
7584
12601471
632754
48315
173
232550
273121
35
65
288075
52709
201821
3468
620932918
96781
400869640
193
748994
78
660
220
1603018
60
4011089
68694
32
108
105733282
983831
318319964
237612520
135
110
164335
172638
2527
413134
2911
269
456582670
667899720
52435
1389
13704681
68
12881074
63310
3981432
331
1003
35
159249163
140400
1546
521
11775330
633396370
18
134198
20
245664
574
9821444
21900
26236
730
342698714
88470
146286164
1928
17043
14053760
437
16781
279
606394
8782
846607
11
37434
56
87
327
42815194
923440947
6794643
1108
319802
5738
765
31
435611
20648052
5656
791061498
180705
341822
6004
43
12035
841
274
1524
332665825
1386782
5035091
75
43
376118
18798
119375596
1984339
13979
4566558
100892769
196
5947
10959373
3274888
17
770099159
49771
1268337
20995941
58710
38781086
744546
5443929
596231445
19088018
196951290
10215293
22
17590
215977643
278
304462
37
1905305
338690225
104481
17178
6176
589990
5028940
4769035
1379874
8514
1765552
806607
56
11
289
23
34246319
658394
111494
3049
102358
55434364
134588
2438075
2036683
39114
10372383
94
2131395
14015329
10505
1018
112166
10473334
91291668
106448365
28
5942780
22922
263
159
14390
311
726131939
1657918
9981627
8768
13724
314
185256937
280
76710
330234191
197027
105
3812867
64772842
14085
12159
346
56655800
3024
4640002
9162263
172
472618803
19600
135902
540
117
1516
16343
56613
4985
63
30090
925414480
89
72104
680061
51
26500109
31194133
35593129
340557292
2432
1488
112
39
1072
876
927
25022357
274410
693
155894824
5102534
21
745192098
793217
105729954
2934
255
39746
100944374
243092
1445
35351287
22882
10
62
6840742
22182
80302777
325280399
24
34452
483296471
59030
95862
40111432
11
1566717
400222955
5313
320
4260
52505252
257529708
1748877
2911258
3720
942
66122
99505
1897231
2495
33614
2328618
5883
84
30
155851692
855
81610
1427
1030
16
30542279
25
1105
54953534
331120005
75430
14
691
406505
19
16454786
319207
1739666
2673
93912
40734477
96171
652353823
823080220
403
280983
122
3936811
626792
16160
1451574
138742687
19
1261
5936782
210042338
652
48
36759
82
618
1050
61
66320
85
4433
2614238
16
72
908
5499
21564
1650
49982245
62
3959
404811440
3669096
17
728689728
174
152306163
1157
3698564
117
104
7605777
203227780
1558
6227
279776
1735070
118
106
740049639
118258
569396
1461378
73073
10129
292
2250031
586
42
4793
602
153
57772069
2534
263899527
12642
9740616
3699548
13990651
45488
11
49556655
7771207
446263921
2591
3387
1022317
4137686
725
50
140404194
286
109
30476
18240036
14355
1289354
95
34
1750
10
5229743
79007748
402165405
79125027
327732953
207313
184266983
70
3379383
23056
2496
4436263
103733
39900
363285588
43
9310
3445702
103292029
149345811
123236197
1606947
1866135
1220834
312178113
22
2707536
132297
4649
34543
636214
85
45931863
10
366
509510
47208
26496816
1565785
11
172127216
9687
109874048
1378811
981371057
14286986
37
679322
229309423
35106096
436
855
375007
94057215
10
2148669
4097
257612033
6597343
3279
374
905
5583729
7784153
1205
36
981780709
502
90028
330797
119313676
325441168
574897689
1428669
22210160
803699249
1535538
35
5062
67965838
63773
315759
912496
41971318
15900
8108200
93
33500
128188
9736
880126
213775
836008476
64303
19
16
146633
278147809
10
79
82428
1445844
146850602
16429177
227010
1407109
273069
790
147307
4352
18095669
105807
2658706
183326958
21548
1805773
6134364
869781297
44705
16825
1915676
1105757
53
105759540
41
10414
1316097
183
2215230
386875
135692
929335
534478
1537
159688
44410
539845890
6632232
2992
479457529
6101
263571
446
423253
418
1363
41811
2616
1751
24004
416
7908881
5827
11451955
2060
120763813
217263106
84
29040
89669680
261
6721055
68901
21919370
336192
1121
2527467
8334
2012838
897
30454
2998571
2975395
2093
158994
494392596
769111109
32378472
297
612
35616
2091
3157
1574
3998023
16
51343
826
5102797
700217380
6481
2909079
15934810
45266072
479810
288
1038500
762217354
17486
1674910
64
2114
4053016
100177
67103
41876597
424603
14230
8660421
116
544
300
18990
40870
16
54
28585
37
6640
517890154
62
2600
9440124
5872864
553572011
16469235
56246906
46375
151
483
503525261
4052
8980416
20
315369
53028693
27719377
549691566
54091
392
119
4088
570
283911875
5890
570240146
597614
163605276
604
64103838
97657900
341044
880175
2740471
1158816
18854255
449126
1236758
254761027
181
757
614052197
38672
10509
997179
1315
36
127
56361184
15
351055842
57207
1078841
1286600
