582
13324
14
7501496
2980529
11275
4970
1798348
128966
215442091
393609488
26894
2476
925
44
612588
10
363932
71284201
473933698
4342514
204
2039
374150849
293001935
19220
5819
5630266
5529
4022719
57522283
238390
591261
35095
458
58657510
212
4884
15903
152518900
33
178388627
74158
6217
1016
8819
464
67
32265
3479
205
24733
5576123
12996
24695
492560
309036
97046111
176006277
143521
1208
94384
16506052
7780
1295
45
117
8664004
50119
803
634
385
11
13339818
67
517
1842
1564
188714024
838993
32
1200510
5495
1148
48
482
31011914
179802
84
3003
5508
25315471
12711
11411
112110011
37952
12
7033946
11
1052
60864849
92
31
354
15107
47564179
27529
1066377
254
1153
1113676
25670
14981464
539260528
36
13589
78347
243883957
1209427
30257
7843
19708422
443
692
128395010
874995544
626843122
630651565
194
14675232
16
79897861
1554
418
254512
41
1661
5392
1108
1271693
74128775
241200
17
21186
205099
32079588
42
230
289104
427565
20298
84
3876
20388907
4468
892775801
60064
62182684
4957
182788223
220
92971
15343028
1201809
4208198
46
79812957
34572
42938825
2877
18713
98554609
26872231
4599625
17279
231
2475
13810
295429108
249158
69
69447818
498386800
27774263
123963
9736608
12267679
339
1082816
240026784
3526
2082
4766461
43125
16795252
353416555
460826
1087
3880467
18916
710819
14268274
685581
6738
207519298
134843
686
205530
11
1184063
3031
27517239
44380
8079
8516980
8862378
653220
32795
22
8290
1047357
4674961
13
3970
22776596
1955360
2683
38
32743
23
59
105
448507826
1228143
61631851
3463584
264
280973
845029
37876682
44
10745755
18
28798
976066
3022
274723406
299329563
196628
10471557
8292733
6575
266704849
41222
76632
20207
104417244
334
4428795
2198945
1029298
3638
51
4247053
1223
118976
174548059
131
3465252
2959
703465
2384362
59814495
1108
178
889681
2278750
71596
466033
3816692
132
272
20094524
10
1844155
4555931
42769
23208114
2646
68102325
719
1513
3684
32
40510
390020849
63528144
3240
1871
434
737
7983861
146276
37
56
237
287786
11
454
915
86504
83886
1089477
265
112
256783
2035
2714
983404830
15923
15794466
50901788
120619650
3357794
548488
192626330
1552101
425
657703918
355005054
135901
671
505
212455076
941995
1902275
30092
37703214
139
261638
18984
1498
756594972
232
18506397
6232220
58773
26585714
35754662
116026477
4246
124450
126
3732
128272007
4103365
44667382
923749
539818113
8403
34344
4001
171523124
304384047
431840
8762215
277439627
2928
2768
2441
6806618
909455061
13
69
430
195
40
4039677
14367
60505766
240440678
367982
171
219476
41808
13817
284910664
871603
3107
119199
26
34589607
57164
460819201
155691867
50
867740991
5850856
793847
19187
193
2443513
106522653
10044
95880113
1316979
84
2590
388722674
16500672
1824722
58044001
180161
88639319
4036
10
41862
13378
3143
609
122501746
34
255
32
1116353
74884616
232271
32
440
250
4425006
17072
3320311
21
2739
43165
272699535
33571768
607196
595550
9702
47420
12
2300
1926
26
11770903
5052540
283
130074542
2327
153960
767843048
25
13432
137336
106
997799
9467
672
173
24036116
28552599
98
133
24026
10
1516
17
2117
3640
57536534
22073
40257
33167
52
119
2842267
4373
623
137379
123072126
7038055
2991608
8315176
509244696
4359479
37609
439
1596
109289
196042
18924
264
52327700
110
15826167
34273
54412
65203660
12812
4589001
7307
570848
31325174
2191
9775986
1663
223906764
3128
89040
405192062
240659444
768746824
58911
187953565
1223282
1061066
38829592
270212879
6129
1049
35922292
57643
46
79423
77
24816
699
135131
579183973
493648
16453
16993396
92311806
137148
34231
1179282
16778
89157460
63807
10
159828186
4137
36233
15500
10514
1135181
5780
3459485
28867810
10087238
19
472297479
3301202
138029
73111236
13588
2083666
252387511
17661
37
1683205
8252948
83405
78074
668
413
35758
170
97381
19591
937
348642
32658834
361014894
6587015
138682
641019156
101
18741657
3933744
2212
