691
255235
14431557
630015
63205
15301546
323031
10
2540321
27002
2501423
128
248660015
6013
30219444
76
880
818
907660
434362797
796
1473
45809
6784
753716434
10253112
1125411
118221917
163397
4419614
1047
404
614
495411
29
63
10
44421363
15
39309897
127
304064
112375
85308
26
1821709
19
73422
18676
374500
16
35
42
62
638
7805883
164128352
151838127
18
122
282798
3827
2363
3509615
280403
59749572
10576976
1350
36
183
2254756
74
247426776
688644687
45724
1642704
1742
628
49289051
156
6814668
14696
28405186
4236
65211
28961475
474876
114
7720
10700
5989991
31
18089297
22
100571069
523
150
3631311
13
102029089
4085
20052776
329050221
133874830
35538
30265
3234
342
14973495
46
82
224690
973
10441
846857295
25641
1693
616502
537241
88197
176
416836
16535
25
835
2594406
1223
1212127
70547982
749
55721122
1257
38060977
436590
65
10654862
76261
422390002
36
3827
327815
943
51536131
539778745
48519549
632
51
205704448
39283
131
2261499
494413
109257293
284
6566081
4243
19559280
477
5752
327635255
979492
1922217
1050381
733
8379
2668221
36291
47
45
51
146
4160
133
18
182
273
17
320
24470496
815
419184513
51209
2707
33730957
441681
909310606
1918
2280
16
1757287
479
2534
11
65995692
142
440
419736483
1802
6777
1478740
17248
56630
351666
61123
101
676
45515
19252645
8041
9754
202462
70
5783252
291306
59
4162029
3539236
97930735
1449215
318
4970
31
520074
20
8658
22973
33
293075301
384146608
24285
22
810965563
26113
22
4919
769274
14782
170689
159185362
7108
3648765
226
20611
18
104302122
278747
39427345
399440953
689718
16
7516959
135
56
113
27906220
5652
532757177
12810
7803974
695
36157899
396
84254
4072343
424137
478
10
227613705
980231
5246054
303241491
9454806
33
4150
65128677
82
6089
6871
49
19
9075278
434
50986
2576
1280
6216
597420351
56859
883423
152801
127790355
1417
116685419
401416163
78
54
10386733
361896
322246
113823
19185798
22
139
168145
12
2049
26310130
194329668
99795
83831244
15904
8827109
31062156
191096934
2915
3857
2226
6478922
14
232778711
176847
84286
6479
904709485
19
285299
5777
63
3079447
185357533
3188
12062420
1040704
157813
561293348
7114
285
26708416
29205547
19
846
567407
9565
1177864
7600391
153331
216159523
3355
260923542
63919002
512
5369
354
6425
864783
18190975
16375105
6542
14633525
125441712
11909
11
62489380
734185405
11948
19510099
71800
844651270
71390217
24219924
315906458
873746505
6003853
50326
456
26
132
155
11
14201
54
55531
2661
21
70355
15
605896243
847
14
42
73350
41596
36277536
99605
10265
600591
1160
41412
32
378174
628524681
35921755
1062
343673
18
149720
1346887
15761833
135
46552
379158594
358
1131498
500122
2642741
2463911
2820
1238
10663973
38132378
10297965
84987874
364
10159319
838036549
3919
219
62136835
75
1201303
35389207
182
1021
251145138
1271
5542
3730
446
17803608
1708
23
32053074
401414
12
22641
291152
291788124
1477213
4333
159272
82229
3557
12
312
25176
39524
14
1939
63956
316791166
50181
8640
464001
5379939
6025
64
43099
142068960
48
2067
2759
249528
23
1003
16540
3288876
65885
1181734
12412576
65
13960
1783
24
19
296734359
828412
90821
17691
6453
7266
13
47244646
720
18863805
3614
3510
7011
10087
98627
219481
512
42
158885
829519449
4956817
17896161
61465778
7695
4946676
26602
124647831
2768272
57046137
121
39812065
10627
44700
540512139
25930724
134
70
322261
71047
16085468
135127
103678
262
631
3116
147759
82833
4322767
2034
413
1796
1767281
28731
763157179
4526296
19
104194
218
58107
1796
30
18054
272321
19869
277838707
17266539
1790762
414
11
16126
1581382
340853032
96
832
11816
1503
456858
95
2228
46966483
703020239
32
884
20569826
13
52994
318
229743524
38747939
43772264
171712702
22898904
476423699
97
4631
1846
840
40
184
1074
19
42126226
6842
118
133228
58903
942568516
63
894
186646561
71876
2433535
13208
116313
13
1221663
26498871
757
935820660
1501369
1068
3110
654
764
105406
13
4130067
14511
30
45153
36
366
108042802
66911711
2477509
10
17
53872933
12492972
759743605
189840445
545070
2464
7228256
1904
17745900
1603267
3673
5015511
39
54278953
5189139
13685
136089738
4763
51437131
9278
2169210
33155969
206823
29743
409
342609
52760890
1890
2349221
156040809
967977422
729162411
227137954
12524987
239007837
35344618
207746012
763221
14008332
406019
54713327
834109410
35
175380979
70031130
4221
10
708842
527639
12
66350
445104400
4290
228
9726
739806499
4543
17416
621789
108
15587641
16768
15947
53911619
26468028
15
3531
7083788
21
10005386
1334965
