83 181 5639
47 138
13 135
47 147
11 127
25 106
5 152
51 42
13 125
9 164
72 89
36 3
30 117
54 145
45 28
60 51
78 98
16 120
47 96
83 82
74 154
49 6
2 1
28 35
1 23
64 61
26 92
82 151
44 178
53 140
49 128
49 163
59 156
59 95
1 29
41 163
33 63
29 18
17 57
57 40
4 165
79 27
38 49
41 9
75 34
76 67
7 108
48 161
57 171
69 166
69 133
72 39
42 94
17 148
44 153
6 86
34 18
56 27
12 49
9 166
56 48
74 128
26 5
48 95
34 126
51 40
16 79
44 6
16 67
53 69
12 63
28 176
38 146
35 57
19 86
17 178
82 75
71 181
40 55
7 19
27 141
82 23
83 148
38 32
1 53
38 50
21 88
23 35
31 120
79 98
24 5
25 175
83 41
67 56
59 42
72 125
57 66
31 163
7 134
64 92
24 42
72 47
48 46
58 5
72 129
69 110
12 138
16 175
59 1
49 177
9 127
8 44
77 139
55 91
51 25
70 61
8 126
39 153
3 7
38 166
72 97
15 78
29 11
49 49
73 76
58 25
76 45
3 20
80 12
35 4
51 94
63 120
51 27
76 58
58 71
66 89
54 143
45 94
69 27
58 147
38 31
50 140
35 136
37 31
73 9
62 42
42 41
9 158
72 150
55 55
1 103
10 149
9 93
16 85
17 24
54 44
30 57
14 10
6 40
19 167
21 38
35 168
50 68
30 33
60 13
8 169
38 4
71 150
65 44
67 31
62 129
18 8
68 44
48 168
11 60
76 75
67 135
31 95
53 161
76 16
2 20
78 129
39 120
54 107
65 118
29 154
30 68
77 46
70 180
9 136
25 165
2 157
42 99
75 135
13 115
27 137
68 60
44 72
11 72
36 59
43 100
18 77
25 108
51 89
9 42
52 40
65 84
55 160
63 166
57 170
46 139
29 22
70 7
76 19
65 65
60 65
38 175
80 29
15 143
80 56
51 154
52 104
71 105
5 97
69 8
52 2
56 84
28 76
27 39
78 131
82 126
53 148
3 156
67 39
60 6
10 103
9 145
70 12
25 126
8 104
26 128
1 140
54 5
54 171
38 181
6 75
64 23
75 148
16 163
9 118
81 79
35 178
56 168
60 53
52 66
8 108
33 157
20 26
47 77
14 2
81 77
42 112
47 79
30 55
42 108
12 28
65 112
80 85
66 102
33 171
49 51
83 110
21 36
36 8
30 82
10 114
58 81
1 30
4 9
18 152
40 142
28 83
73 173
66 174
63 2
3 129
26 158
3 114
39 138
46 138
60 23
38 2
42 57
40 147
81 20
45 104
65 153
16 127
23 73
71 103
4 90
37 68
68 77
71 54
36 74
16 159
25 112
26 54
74 5
49 103
70 114
75 31
27 57
9 142
46 18
70 156
16 150
28 123
66 25
14 140
45 129
29 139
45 118
19 129
12 100
71 32
74 9
5 53
6 147
53 104
71 160
25 138
9 80
46 129
12 157
74 27
38 60
7 18
21 158
18 31
37 163
75 58
14 84
11 76
27 30
1 51
56 97
75 39
5 100
39 125
67 127
70 17
54 80
83 22
64 36
26 117
44 108
16 156
51 164
42 87
12 56
19 172
10 159
72 179
77 164
82 127
19 26
32 30
43 1
58 14
74 95
23 154
21 68
6 61
77 132
46 117
58 128
6 18
18 148
70 57
55 29
47 66
1 24
38 88
19 157
80 51
78 165
1 70
50 70
16 1
41 157
20 63
10 112
4 137
7 96
77 147
4 177
30 95
6 89
55 68
4 84
69 92
73 10
45 103
48 80
2 170
16 92
48 43
8 12
13 105
37 10
5 7
4 10
2 117
53 101
46 100
16 11
29 77
74 79
19 178
5 119
65 159
28 144
10 32
55 175
18 106
2 89
52 67
27 43
65 54
16 129
21 7
79 110
83 58
38 43
5 132
45 8
70 55
36 106
21 48
8 94
53 1
45 45
41 33
47 146
35 71
24 41
4 109
3 163
37 143
52 174
58 28
29 84
64 173
25 4
20 28
35 162
54 112
71 175
12 117
83 116
59 90
30 31
78 29
28 127
39 80
79 148
24 129
1 175
13 23
21 171
56 68
42 177
81 157
64 15
24 81
59 148
6 49
50 176
31 137
16 173
31 148
14 76
68 63
45 98
44 138
73 100
45 100
53 63
77 180
75 1
28 11
38 85
7 29
36 21
12 115
59 129
26 161
50 84
26 61
17 100
17 50
14 52
16 46
58 163
19 114
39 161
32 177
11 17
5 46
81 173
27 140
59 165
8 132
83 112
68 32
24 61
66 31
83 85
36 91
29 120
61 133
50 146
82 16
7 124
72 138
69 131
58 62
52 86
1 114
44 139
11 112
59 112
14 136
34 149
34 34
18 19
9 63
56 157
40 70
21 84
46 95
47 116
41 92
53 50
52 155
44 134
63 72
40 40
43 55
22 128
19 133
48 65
59 157
27 31
19 121
7 166
50 147
46 141
36 70
41 105
47 83
70 144
56 166
22 166
50 113
1 100
53 37
36 32
31 13
80 179
33 150
53 4
67 84
26 132
15 165
30 60
10 131
22 138
43 166
80 68
20 22
51 108
83 144
35 128
24 164
51 36
59 86
6 26
55 77
65 174
14 174
82 171
35 31
78 48
75 2
66 156
21 122
26 67
80 146
10 119
76 11
53 170
62 21
15 17
59 57
10 51
79 38
39 136
64 136
32 142
57 32
71 170
49 174
69 17
54 168
59 123
61 96
24 147
25 15
54 151
65 146
28 70
24 114
26 37
72 119
36 57
71 116
74 13
16 178
71 38
6 119
63 129
6 166
57 150
63 140
69 15
9 28
30 179
60 119
2 36
6 74
78 139
21 126
16 113
76 164
77 8
69 126
2 174
33 102
74 167
52 130
65 106
31 87
76 77
25 160
66 126
40 96
24 106
66 147
73 19
42 101
82 91
9 143
66 12
1 136
70 39
46 8
64 31
34 67
44 69
29 51
58 154
11 23
6 98
24 68
17 16
70 132
35 133
55 172
71 157
58 19
66 131
75 24
48 85
30 137
46 150
9 64
81 159
21 91
30 96
37 119
21 131
28 30
19 101
71 114
1 151
34 86
35 129
24 97
41 45
38 5
25 179
22 118
15 178
29 148
69 148
7 75
37 53
9 106
18 21
26 7
57 164
70 27
9 98
41 98
79 88
1 35
21 72
64 51
41 76
22 110
78 52
53 145
69 61
40 68
72 168
6 63
26 147
63 77
2 137
27 20
47 91
58 92
42 179
83 109
70 4
19 20
19 32
20 53
40 144
68 29
31 147
71 117
8 62
39 84
25 105
34 89
43 112
13 52
38 162
10 59
58 151
50 170
29 76
65 165
39 9
16 74
22 155
60 54
23 129
60 153
74 86
75 163
73 133
21 168
17 65
80 135
42 67
51 109
41 167
9 53
61 98
70 65
50 161
31 139
55 54
33 84
5 155
67 148
13 57
40 87
42 84
54 57
13 180
43 121
25 122
75 17
64 141
21 4
52 21
65 113
52 95
15 119
38 71
6 79
73 22
74 115
41 134
64 123
22 113
33 62
45 162
18 41
73 168
15 4
66 63
4 41
70 174
13 114
4 116
73 30
3 177
79 180
37 150
79 135
15 104
25 154
5 54
37 50
36 121
55 100
74 11
46 3
24 120
13 134
42 105
36 69
41 40
30 99
69 99
31 135
1 144
38 86
9 35
35 7
8 125
61 181
49 131
8 152
16 62
57 159
20 16
17 170
52 56
40 145
17 149
6 99
17 94
8 145
47 123
17 22
22 153
62 27
26 149
48 153
33 28
42 148
38 14
44 13
14 130
9 167
13 81
37 69
79 74
37 123
43 90
83 122
64 39
27 2
43 96
76 148
48 149
28 61
46 62
11 10
42 150
57 72
5 171
56 62
82 108
8 160
24 2
75 76
55 32
59 137
49 138
20 168
17 30
58 100
64 143
18 136
65 32
34 56
46 51
72 19
81 138
22 109
66 130
70 147
8 141
10 30
51 68
41 39
30 84
43 131
73 71
42 18
81 18
7 133
9 96
82 30
69 47
26 82
67 23
7 180
79 158
26 145
7 95
37 105
75 114
26 172
35 80
77 76
38 136
10 13
3 146
6 95
20 70
45 133
6 112
18 73
66 135
37 61
80 137
82 21
32 171
63 89
27 73
4 47
63 39
24 65
7 169
68 148
63 155
61 56
23 23
8 100
60 43
57 168
72 29
23 42
31 143
24 90
12 10
44 137
40 109
33 59
75 5
40 131
75 164
29 91
58 104
83 99
5 131
46 155
62 57
25 102
53 151
32 100
54 141
47 169
5 49
82 113
17 92
69 151
66 8
51 114
30 37
75 141
57 99
25 119
47 13
36 137
7 98
5 43
15 177
69 96
39 97
2 165
1 36
33 158
38 170
44 175
20 35
39 113
52 37
35 3
62 67
49 52
12 2
63 100
43 128
48 141
48 156
62 84
83 151
15 179
49 134
34 121
60 100
83 176
1 56
68 20
21 141
21 109
56 7
79 67
55 79
41 23
42 32
50 101
32 54
31 83
7 54
66 34
28 174
27 155
56 160
15 121
78 47
22 181
51 106
47 135
42 113
26 173
72 175
68 40
36 87
15 168
54 15
32 48
45 145
62 166
19 31
73 31
49 141
67 96
15 125
45 7
40 25
14 33
55 125
74 55
13 147
77 58
2 64
20 164
75 35
68 21
60 22
54 177
28 149
63 27
5 15
33 121
60 66
26 35
82 109
53 126
66 152
55 105
68 49
74 94
25 88
71 23
69 125
44 49
40 56
26 89
12 85
23 126
54 166
68 93
29 98
79 106
33 46
44 10
5 59
19 109
7 31
40 10
33 27
73 180
5 141
18 140
9 150
25 42
25 1
80 71
54 22
29 147
5 55
49 30
48 119
74 134
58 115
80 34
47 103
26 24
76 18
65 4
34 16
64 127
34 33
69 150
56 121
11 125
62 150
39 110
17 133
37 81
76 140
46 67
82 155
9 22
32 23
18 85
17 126
17 147
55 50
25 130
81 69
58 143
20 129
23 164
9 82
23 157
19 145
81 36
24 14
83 146
9 38
28 79
16 63
25 134
75 143
21 9
13 55
16 117
35 42
32 92
41 115
32 86
3 39
19 10
10 177
82 117
38 159
11 90
64 4
60 56
3 36
44 89
12 160
54 104
81 55
19 62
43 57
63 172
67 58
72 172
3 21
70 163
2 48
40 17
80 149
51 84
30 21
17 153
79 131
81 60
44 141
31 141
46 165
32 116
17 179
33 173
53 122
76 121
24 12
51 74
17 136
66 21
81 12
25 33
2 10
50 80
61 63
1 120
29 96
53 147
35 79
32 103
11 59
37 86
81 35
22 5
1 87
78 58
7 30
41 87
28 87
37 152
31 40
13 170
52 117
79 168
45 15
38 1
47 11
81 59
58 161
57 87
3 75
25 98
55 85
31 166
29 176
81 109
58 72
79 162
82 133
60 124
27 41
37 99
32 37
74 106
21 54
40 141
28 27
39 162
13 136
2 38
26 144
34 148
66 105
31 179
19 96
50 95
51 43
25 75
28 99
33 81
61 178
41 159
5 24
66 22
6 150
35 87
2 71
42 165
47 94
46 73
66 65
69 138
16 124
12 64
43 168
19 134
21 46
79 155
81 153
18 137
1 86
9 14
36 151
59 34
67 32
69 90
78 68
44 161
78 148
21 154
71 89
77 163
22 28
42 114
42 168
29 161
39 2
20 124
76 170
18 29
58 133
1 104
30 107
76 149
37 47
32 56
44 110
55 167
28 4
29 8
14 123
34 120
28 32
38 109
12 90
8 25
44 62
3 127
29 49
11 81
39 63
19 59
32 96
67 35
20 5
22 135
31 12
17 78
37 5
15 69
25 68
67 72
11 74
22 51
53 57
28 177
18 59
47 171
64 179
23 160
69 19
50 138
32 135
8 39
60 59
13 59
38 41
7 87
76 85
55 58
63 20
15 46
73 61
31 154
22 36
34 119
15 14
63 50
32 154
73 66
75 102
78 37
43 99
34 44
2 156
78 179
27 114
63 86
43 162
46 109
12 18
79 44
37 175
13 54
24 176
37 19
26 18
23 125
16 133
5 156
65 47
15 52
51 162
17 180
50 160
73 53
8 24
54 33
58 139
32 93
38 16
44 130
40 16
56 20
56 142
23 148
34 91
22 178
2 90
52 63
65 178
17 162
41 80
70 87
6 136
14 56
62 135
42 140
27 4
68 51
65 90
13 117
9 55
7 137
55 45
43 110
64 28
78 170
56 41
33 74
68 26
66 114
41 138
79 116
45 170
68 39
16 8
55 88
46 83
16 29
39 15
49 142
57 45
33 47
31 1
6 111
23 167
54 91
43 148
48 20
40 159
28 78
41 65
34 57
75 122
46 101
18 122
48 102
6 163
31 42
54 51
53 88
63 143
67 152
18 118
21 13
49 93
15 50
18 10
15 127
24 145
42 137
16 148
69 84
65 177
1 130
63 149
34 22
27 75
47 117
9 4
19 168
11 79
33 13
40 164
28 64
18 5
52 138
9 39
24 9
15 1
14 73
59 69
70 112
34 154
78 95
60 48
47 112
71 131
34 43
43 20
74 89
55 102
9 174
27 23
63 115
43 25
52 68
74 160
4 139
40 76
36 170
74 32
5 162
72 141
15 26
2 121
60 30
47 176
70 29
46 127
43 177
63 162
79 176
3 155
9 84
81 83
58 90
43 130
71 36
62 22
28 128
63 87
57 85
7 138
76 63
30 153
68 28
78 20
14 31
59 79
46 5
79 13
49 77
45 32
41 14
82 46
44 176
27 60
5 88
29 90
72 62
75 131
46 29
7 58
50 58
62 15
69 153
44 5
65 105
80 111
16 4
76 145
64 5
11 148
25 84
59 2
28 98
47 155
24 94
38 173
23 7
55 81
58 117
12 39
13 42
31 67
71 70
47 60
45 56
13 100
52 84
71 71
79 54
42 136
73 91
27 68
6 84
29 124
34 90
3 10
82 164
20 3
48 128
23 124
24 150
44 126
51 5
18 50
80 139
2 69
43 101
81 175
82 140
31 47
55 124
83 27
44 142
52 29
29 39
65 36
32 101
58 96
22 98
21 40
19 181
42 135
78 46
14 177
47 65
67 179
46 16
66 143
77 117
13 179
28 89
65 17
2 114
3 45
21 52
48 176
49 23
32 9
23 98
66 160
57 16
41 54
72 139
16 52
49 110
21 41
71 69
52 128
5 58
6 103
30 102
20 88
44 173
57 111
28 109
13 162
11 139
57 46
79 9
20 64
24 135
54 172
76 100
13 161
2 104
58 85
81 154
18 131
46 159
43 23
7 125
28 43
58 88
70 72
23 27
79 128
18 123
14 20
21 161
76 132
76 174
38 65
40 133
32 4
54 144
14 34
42 122
24 108
69 14
44 8
41 118
7 142
44 73
19 51
66 127
17 12
68 113
47 136
50 79
19 138
58 43
29 122
33 122
65 107
55 98
20 147
24 53
18 111
21 8
28 140
27 19
48 177
57 108
27 80
54 134
47 154
56 87
41 66
17 118
75 158
40 52
42 120
19 45
35 58
69 105
35 50
66 113
39 115
35 45
31 115
55 157
51 130
40 5
74 122
37 55
61 149
35 147
53 31
10 147
74 110
44 83
32 174
8 156
61 88
67 143
3 164
80 95
60 143
20 134
19 64
42 154
23 155
75 91
72 134
23 64
58 123
30 180
28 25
35 130
44 87
31 36
77 29
44 68
53 181
11 153
32 38
37 117
26 43
3 131
4 30
42 126
76 113
83 93
68 96
61 12
27 25
69 51
34 7
68 50
54 142
36 157
66 95
3 78
53 169
26 78
68 115
24 130
29 3
70 50
2 131
27 89
17 150
79 99
47 175
56 107
39 165
29 149
14 119
75 103
9 149
39 53
35 123
10 38
45 144
73 149
42 145
38 112
50 125
63 160
6 12
61 89
69 156
72 128
54 116
61 140
43 151
4 179
19 23
68 30
31 118
51 15
57 97
40 63
35 81
65 121
8 43
69 60
25 124
12 71
32 123
40 98
55 111
17 61
3 51
2 2
12 179
16 114
26 115
35 17
38 11
1 102
19 77
55 150
11 147
23 45
51 117
28 13
32 5
32 155
10 170
32 178
17 15
32 31
16 181
55 1
26 71
37 24
10 96
77 66
31 144
29 53
73 132
72 115
7 176
70 160
75 113
80 81
39 141
49 126
63 10
61 165
80 161
25 149
70 23
40 44
5 159
25 28
13 93
56 32
34 75
37 63
66 77
78 2
53 163
70 143
47 179
24 24
49 78
7 77
43 11
11 169
65 58
39 176
75 165
39 172
27 180
48 15
64 43
67 118
24 149
71 111
65 180
21 47
3 82
11 118
79 114
17 176
73 84
63 33
21 19
37 164
76 120
77 129
28 42
57 7
74 129
23 51
27 158
31 5
54 179
55 31
73 80
40 1
58 60
67 181
23 132
51 96
8 85
45 34
22 130
39 178
29 109
64 165
28 110
2 85
44 41
68 31
41 28
71 10
1 106
14 113
20 135
57 152
50 48
68 156
41 43
9 114
43 70
59 172
25 82
11 161
79 46
26 96
38 103
4 68
13 66
10 48
4 59
78 23
5 108
10 100
63 52
68 128
38 74
45 81
12 146
46 168
83 14
40 108
65 33
18 26
59 77
44 150
12 87
73 111
8 82
36 65
10 141
50 120
44 112
36 166
66 66
70 47
2 51
52 134
47 89
34 140
38 79
17 20
63 3
76 80
8 139
25 49
80 129
61 40
16 146
81 116
83 101
4 115
41 17
36 147
19 127
37 138
55 103
46 113
72 65
46 20
42 40
55 121
37 59
69 123
6 41
47 118
46 98
21 138
44 18
17 45
32 3
83 63
53 123
67 112
54 138
16 154
5 153
51 57
31 152
4 77
67 153
54 149
79 18
37 33
1 148
72 45
3 140
7 110
66 122
49 99
14 111
27 127
80 45
5 5
30 156
39 112
73 23
38 51
9 151
76 54
22 144
35 55
29 5
53 99
82 76
72 117
36 139
78 6
64 161
63 116
46 43
40 125
7 27
59 161
2 135
79 31
22 147
43 102
62 3
78 57
36 92
36 19
66 172
50 164
59 113
32 134
7 70
46 145
46 163
72 166
37 57
19 39
3 165
40 89
11 15
46 103
31 125
34 87
19 91
12 40
48 68
58 13
10 31
2 181
48 32
14 35
34 141
5 111
69 9
69 140
3 76
18 38
56 64
49 22
26 104
70 36
28 145
27 83
12 67
69 16
60 3
68 38
71 86
79 96
66 13
20 66
77 126
13 145
6 118
44 131
30 52
67 19
72 67
77 41
63 56
38 127
37 165
25 26
19 55
8 35
59 181
83 107
24 166
21 111
77 114
11 61
27 147
38 179
69 29
76 90
80 62
42 123
27 35
5 8
39 73
8 49
14 38
63 110
44 9
1 170
25 76
83 73
72 33
12 158
82 47
27 117
54 1
75 73
40 79
40 178
56 13
23 80
7 131
4 98
76 15
13 164
31 75
48 75
5 107
8 56
31 140
22 175
17 48
43 32
18 116
23 97
33 180
67 168
41 161
22 123
14 5
76 78
67 157
15 102
13 27
69 162
79 132
20 6
12 7
23 173
53 130
26 107
43 142
81 118
43 122
25 174
47 115
22 174
53 136
14 51
64 89
1 179
33 117
32 128
19 163
70 124
70 115
5 130
36 101
55 16
43 133
17 128
34 146
16 90
60 96
46 89
77 72
4 106
82 160
60 39
51 9
73 172
74 4
82 89
83 104
69 168
33 50
74 93
47 133
55 86
43 53
56 6
56 70
7 81
6 82
52 137
38 100
77 81
1 84
13 168
19 76
69 36
11 31
62 16
13 92
23 149
53 127
62 30
25 136
17 105
60 103
76 103
61 131
26 22
3 100
15 36
51 177
55 97
76 34
51 63
36 164
58 153
43 10
68 108
33 152
81 115
42 27
69 56
50 61
29 34
72 18
43 19
5 34
37 160
37 145
18 149
10 178
50 82
65 176
13 26
72 114
69 69
14 4
43 141
31 174
20 29
35 118
68 10
49 46
66 91
41 154
71 172
67 61
81 133
23 40
5 4
59 51
80 158
11 30
52 61
53 150
42 83
22 63
39 156
24 21
63 174
76 168
69 66
16 153
52 100
13 86
9 70
9 43
45 25
51 99
66 138
27 44
29 85
51 126
48 162
7 28
80 47
25 69
34 118
19 176
9 100
80 24
12 97
3 145
72 74
29 140
69 179
45 123
18 40
29 2
78 36
23 136
8 76
76 50
64 106
68 81
64 131
63 93
50 85
82 71
71 171
82 111
4 46
83 134
10 117
14 79
15 142
37 113
27 122
28 54
78 124
3 161
2 27
63 108
29 111
74 71
41 60
25 111
16 30
68 105
25 176
60 77
77 144
52 156
42 59
27 135
55 90
48 81
51 103
22 79
26 180
27 16
30 113
24 82
28 34
78 150
8 142
35 127
49 7
28 56
24 71
26 143
44 168
38 87
20 154
11 119
72 152
64 100
76 102
33 91
66 86
64 169
77 100
45 6
62 53
39 17
32 64
4 120
68 11
76 165
35 53
79 172
33 98
65 108
39 94
51 18
48 57
2 141
2 57
10 27
72 3
63 127
73 46
66 106
80 144
57 80
33 177
73 145
66 85
9 25
42 115
13 74
19 41
81 101
35 110
10 161
65 86
59 144
73 127
62 91
56 60
34 136
73 165
15 47
67 140
11 5
52 176
4 113
55 171
78 174
75 72
32 130
29 181
48 113
59 141
45 35
30 40
7 53
29 40
2 62
1 97
69 164
62 114
55 92
38 45
83 147
29 42
44 165
18 45
5 146
2 146
76 110
75 139
15 45
12 116
9 168
64 90
60 88
82 83
55 37
10 65
11 104
62 65
37 49
72 17
44 170
29 170
21 143
11 12
55 11
26 103
54 152
63 94
80 66
55 26
37 23
81 16
13 151
2 70
18 125
15 96
1 107
49 146
29 65
61 127
24 99
38 7
45 64
62 8
33 21
67 75
63 74
8 77
7 37
49 90
79 28
35 179
14 18
16 16
1 137
37 101
67 109
70 131
79 47
59 48
39 140
9 52
34 139
27 105
31 17
60 111
36 177
14 139
34 99
4 15
45 90
44 154
75 100
44 81
31 98
36 119
70 146
78 157
8 164
24 138
82 38
66 44
7 45
64 134
65 152
65 154
32 33
67 9
38 83
8 106
48 71
5 94
14 7
25 166
82 82
18 49
60 18
77 71
36 63
75 176
60 146
47 10
20 30
81 169
38 180
29 32
45 108
2 100
34 158
80 2
39 42
64 21
25 78
80 10
5 18
20 56
74 153
74 176
12 48
5 21
22 83
5 62
37 91
66 78
52 27
36 162
43 167
26 36
74 84
3 168
27 169
48 151
38 48
28 164
79 91
51 116
75 67
35 105
74 119
12 126
79 174
2 145
64 145
45 76
1 111
82 61
81 141
37 156
36 34
76 91
77 168
65 157
50 40
19 6
42 125
23 116
3 69
3 119
22 156
50 1
2 55
32 148
12 8
13 21
38 168
37 9
5 99
1 124
55 180
47 102
61 93
75 89
8 162
83 92
42 129
66 51
20 48
14 107
40 59
35 6
74 152
3 42
83 37
54 3
40 39
83 20
37 52
13 29
27 159
32 137
35 99
35 8
72 31
62 19
57 78
80 4
39 26
70 83
49 154
30 27
19 65
63 65
51 137
73 13
44 11
73 176
24 92
33 148
51 91
58 64
23 130
11 96
14 29
30 127
7 15
67 174
45 85
11 172
30 67
71 6
50 108
3 26
65 91
13 96
21 45
45 9
40 180
37 93
24 44
62 163
60 90
20 1
25 170
61 71
61 1
36 125
73 3
75 127
26 64
13 146
6 167
3 138
29 163
36 155
70 2
83 1
30 72
10 97
29 123
70 84
73 41
28 94
49 60
20 71
36 48
57 173
4 31
31 49
23 21
61 100
35 148
54 60
66 142
42 22
70 53
62 131
75 85
75 167
17 83
28 22
25 57
80 94
54 124
51 142
42 131
77 159
76 57
33 126
61 143
11 4
47 152
82 59
55 49
57 176
73 121
54 159
73 154
54 110
2 129
54 114
62 148
47 93
15 51
68 56
46 93
14 89
69 63
15 70
28 134
76 24
81 129
34 122
10 20
21 28
4 135
83 69
27 87
10 25
24 35
59 56
57 151
62 139
70 71
58 1
40 3
66 171
48 88
6 124
61 47
13 165
5 179
1 158
26 121
18 37
67 123
4 164
54 163
42 66
19 164
56 173
6 83
36 51
77 5
27 50
32 98
18 101
44 167
11 8
40 58
37 168
47 29
49 76
13 91
66 132
46 96
15 105
16 28
20 4
56 110
13 11
58 167
80 88
29 141
43 66
71 19
9 139
43 113
76 181
18 127
13 119
23 137
6 113
9 2
65 15
39 29
17 146
54 135
60 97
6 48
22 75
35 38
14 12
23 87
27 170
72 69
22 179
64 33
62 59
4 57
2 176
21 174
61 60
53 33
42 97
1 80
39 14
65 95
46 74
59 126
5 98
52 32
3 58
77 176
14 37
6 52
71 112
25 159
48 163
18 1
61 152
12 170
51 115
21 173
63 46
5 19
10 62
18 170
67 16
4 49
18 112
12 11
68 82
33 123
17 181
24 119
72 48
73 103
70 9
38 27
26 105
46 75
74 33
15 73
66 57
28 44
3 123
80 19
23 161
32 156
45 30
68 130
57 61
10 16
53 100
6 77
58 86
56 8
5 93
68 129
16 31
54 96
11 57
9 107
65 24
40 158
22 47
54 82
15 3
45 146
68 68
71 101
61 106
17 173
83 21
70 62
38 81
5 112
4 12
60 78
8 95
39 116
46 4
76 71
33 151
11 46
40 48
34 78
74 90
21 75
64 44
8 91
6 126
68 109
79 164
70 91
55 60
14 152
34 167
71 159
77 95
65 140
77 134
68 14
10 42
43 79
7 62
35 78
30 152
72 94
51 52
57 58
21 1
72 41
68 103
53 156
31 6
16 41
30 83
44 172
77 7
11 109
23 156
10 2
41 132
5 22
53 28
72 85
7 113
48 2
72 164
59 28
45 49
27 10
35 117
17 52
10 87
67 116
26 166
82 167
15 49
60 175
34 20
46 131
24 62
50 10
39 150
68 162
10 37
46 54
18 95
58 93
27 120
19 116
45 62
77 140
43 62
53 7
74 96
15 157
13 28
53 54
80 160
39 18
34 54
16 77
79 48
28 117
30 142
25 73
58 48
7 136
32 24
68 80
80 148
48 137
31 91
67 20
45 178
58 22
29 64
40 4
26 174
11 64
36 96
30 155
11 123
13 127
29 44
18 14
21 34
55 164
52 82
60 128
11 115
22 77
19 124
8 87
44 53
69 122
29 15
50 172
40 110
15 24
2 171
59 171
38 26
61 72
76 137
66 43
46 166
43 61
18 17
15 41
25 96
54 41
49 63
73 62
65 83
58 144
38 116
46 88
65 89
31 58
33 135
22 143
8 13
24 88
59 5
41 42
54 71
7 102
10 22
51 59
38 90
70 123
58 107
6 32
6 148
79 149
56 72
55 176
5 67
83 65
60 7
27 52
58 40
33 170
37 42
78 112
22 112
50 181
35 139
12 5
53 103
66 67
49 120
51 34
74 139
57 109
83 155
72 54
6 102
38 62
34 134
57 180
44 147
46 104
36 50
51 152
1 43
56 118
29 63
30 181
77 131
40 181
36 85
78 41
57 17
62 88
27 6
21 119
78 173
56 1
24 58
31 168
50 19
40 78
19 22
7 8
13 148
37 128
68 123
62 168
13 70
74 105
1 95
34 41
68 163
4 100
26 9
25 146
49 145
58 45
80 180
15 12
6 104
79 146
31 86
25 63
15 62
82 176
17 4
66 19
36 83
6 97
23 134
49 10
1 164
41 7
71 64
24 48
29 146
35 74
68 111
68 57
75 129
40 134
54 24
56 25
46 66
51 157
12 129
42 6
41 62
56 30
57 161
71 31
8 83
59 82
1 49
12 19
80 164
62 38
73 159
3 56
62 61
60 50
50 154
54 153
2 42
43 85
10 11
7 65
78 156
13 14
16 43
19 4
16 80
28 121
16 91
9 95
82 84
34 113
4 127
28 114
22 149
2 147
51 44
39 130
49 14
45 12
77 35
14 173
11 101
67 30
19 58
33 58
63 175
43 8
14 164
18 9
81 78
13 108
76 31
9 92
22 115
52 57
53 129
70 77
63 4
21 135
20 77
56 105
83 89
54 122
6 7
23 104
1 52
82 44
72 173
6 122
66 153
83 136
17 46
23 117
36 58
1 176
3 108
63 16
36 146
63 98
50 89
50 159
37 80
83 179
42 141
11 29
63 45
68 59
54 117
61 151
15 6
5 78
83 11
13 25
59 158
2 74
5 57
27 178
42 151
28 160
15 34
52 147
70 152
77 169
48 49
54 79
68 140
58 50
40 107
65 49
21 153
74 38
36 167
83 131
26 148
61 54
79 169
83 81
15 28
35 90
79 34
57 131
39 23
63 147
62 4
44 96
46 133
25 90
81 24
79 143
13 69
38 156
39 146
9 88
40 45
48 130
36 127
30 74
81 103
29 150
7 1
8 155
41 3
76 88
12 76
64 156
27 69
29 172
80 17
42 102
44 46
34 132
69 98
26 167
4 37
27 94
33 12
78 71
29 46
41 136
48 13
34 168
14 127
55 89
5 92
23 47
11 114
4 88
5 125
63 63
8 146
33 31
69 120
26 4
23 48
45 142
18 82
12 52
12 61
52 146
59 20
74 67
39 39
39 98
61 35
8 36
13 88
23 159
9 140
44 29
52 181
44 54
78 31
40 160
78 143
2 92
54 93
32 147
43 165
36 82
79 73
5 114
46 79
47 177
57 47
18 169
24 116
78 108
23 8
79 41
9 178
19 44
35 141
44 148
31 66
39 66
70 171
71 98
52 175
60 127
42 46
31 103
62 120
51 31
37 20
83 121
46 65
65 38
66 134
53 74
54 120
1 93
59 23
28 106
8 163
17 73
25 77
14 26
28 178
73 102
52 111
80 79
52 41
41 180
9 6
46 122
70 135
68 43
67 55
64 138
48 120
42 25
69 64
69 20
77 90
73 40
80 16
21 105
14 1
32 146
65 63
6 66
58 18
68 47
1 28
38 59
28 105
45 127
21 115
15 79
71 156
56 93
45 50
32 21
2 82
14 6
27 128
5 11
33 60
14 90
13 159
13 71
53 14
62 52
18 92
58 102
37 72
36 148
30 140
32 1
39 67
18 39
12 159
55 170
68 133
43 34
83 53
4 20
40 117
11 45
54 118
52 172
70 121
18 61
6 179
4 103
60 76
21 178
35 134
62 101
64 58
57 79
60 141
21 123
35 84
35 14
12 60
82 65
15 103
18 104
61 34
71 41
72 7
14 175
66 149
33 18
43 30
81 28
20 39
69 25
48 56
36 29
76 129
39 12
41 71
25 181
54 167
64 67
75 104
34 68
32 42
52 44
16 6
21 5
73 162
66 64
60 172
26 177
46 27
41 77
19 30
3 94
53 118
56 61
57 100
64 8
1 8
66 41
37 122
30 103
10 115
35 149
23 71
48 91
8 144
14 3
26 116
52 55
29 162
6 85
29 72
63 70
65 67
20 111
55 117
35 160
14 88
70 110
59 102
12 177
59 4
27 102
64 94
61 95
4 93
82 159
71 109
80 69
46 6
53 114
31 74
80 14
42 23
37 149
42 75
36 156
79 7
63 154
62 49
32 75
17 127
4 91
29 87
12 84
19 177
5 145
34 70
23 69
29 38
30 141
27 109
34 175
32 55
40 153
39 101
35 67
21 80
76 27
23 61
76 152
68 79
78 167
60 154
70 116
32 10
40 168
52 153
77 174
42 31
70 104
51 82
1 91
6 138
8 78
62 17
45 120
52 34
65 160
58 91
40 74
51 179
55 154
49 4
75 181
9 124
55 174
35 77
37 13
78 168
31 10
80 120
36 35
67 38
36 11
47 40
51 54
39 81
47 173
24 153
12 91
16 57
54 26
65 73
17 74
45 86
61 173
80 133
62 80
37 56
60 181
18 175
82 24
60 57
77 20
40 94
59 107
41 177
48 100
9 130
74 178
52 87
38 104
78 172
59 118
30 11
59 62
56 82
25 32
49 21
43 153
27 123
14 67
11 52
3 22
11 38
24 169
65 28
50 78
46 68
60 162
50 104
59 120
44 125
32 71
41 95
63 99
83 33
45 132
71 20
20 90
31 130
72 81
34 71
62 145
23 10
8 157
64 102
37 140
6 93
62 73
17 172
40 7
67 132
47 125
40 127
70 37
57 115
25 13
53 106
57 107
34 174
78 35
61 29
64 41
65 16
41 168
66 69
17 175
1 72
73 44
70 19
49 50
53 173
6 135
78 181
32 51
60 159
71 33
71 155
32 28
36 168
49 17
82 112
26 72
40 71
11 86
63 139
7 89
26 55
26 56
81 81
55 30
2 93
48 181
51 65
9 1
62 69
22 104
31 57
12 150
76 99
45 149
10 80
59 76
38 58
39 28
68 121
47 68
57 14
21 89
17 95
81 47
8 71
28 163
65 133
4 72
31 90
7 22
62 132
3 15
45 126
41 20
5 45
82 94
9 78
19 108
78 134
43 17
2 73
53 39
34 159
74 77
33 86
30 165
81 41
75 36
11 35
16 76
79 15
30 121
75 15
3 175
48 169
74 45
39 6
32 66
36 100
74 143
46 142
39 49
55 168
1 122
70 24
25 97
2 80
30 35
49 34
23 99
30 58
6 10
76 97
70 80
35 32
22 42
45 26
6 139
66 104
5 158
54 121
61 82
65 23
80 53
22 151
75 64
10 57
12 33
12 21
39 143
49 57
67 105
34 112
56 113
68 124
68 70
49 133
33 174
63 67
10 126
14 46
41 142
20 27
60 121
19 155
43 49
17 165
38 110
73 57
62 76
22 177
69 180
83 160
47 39
75 80
58 7
80 13
53 142
39 47
11 129
30 51
16 55
59 169
80 126
54 106
32 35
9 110
72 122
29 56
12 133
9 60
25 5
13 36
63 150
17 32
47 84
64 83
48 67
11 116
28 104
29 171
50 15
55 166
47 142
35 152
28 48
22 173
74 70
38 115
28 173
37 132
52 163
1 118
62 172
4 23
82 63
28 152
58 120
40 93
39 5
48 14
81 80
70 157
5 167
19 78
64 148
61 11
42 24
62 126
75 21
30 20
71 65
2 11
22 162
44 28
8 63
79 159
27 130
5 109
64 74
77 68
48 98
36 6
56 42
63 7
62 28
63 43
7 2
65 142
76 84
64 64
62 152
29 19
79 163
24 83
73 124
14 99
79 19
70 63
68 136
1 13
47 54
36 16
19 93
49 96
4 64
13 85
83 125
71 177
3 167
52 58
43 75
2 98
10 81
23 5
60 72
10 174
14 9
7 114
42 54
29 143
8 40
27 70
8 4
44 118
82 142
7 165
35 132
73 87
48 152
11 164
13 101
35 12
66 120
31 39
63 107
37 95
16 123
13 140
21 101
67 142
71 161
10 6
77 25
28 169
79 129
23 95
7 52
62 161
35 171
62 164
78 79
72 87
74 111
44 82
54 81
17 157
61 50
70 111
25 118
16 25
59 91
3 61
50 150
43 18
45 38
12 99
7 71
59 132
40 14
42 69
69 86
31 62
38 129
73 7
6 116
47 22
62 174
17 37
71 163
82 41
17 159
31 132
4 44
73 56
25 67
74 164
70 141
75 56
64 11
63 138
81 147
69 97
10 88
3 121
22 165
76 130
52 124
73 64
24 47
20 166
50 177
49 98
23 66
82 62
79 126
13 120
30 151
66 24
67 165
16 157
8 130
70 149
61 124
55 13
27 15
44 124
58 47
8 6
80 113
19 99
82 56
14 133
69 57
81 45
28 82
37 131
65 164
20 52
61 170
78 154
47 38
54 54
71 9
61 112
54 20
2 83
28 101
9 137
50 62
30 19
24 37
79 30
31 114
76 6
75 126
73 5
18 156
24 91
81 113
30 98
15 113
54 43
55 63
1 14
74 29
81 67
5 127
19 14
5 16
7 101
48 45
18 145
40 82
72 96
18 146
46 107
1 40
50 131
1 163
22 23
23 33
4 141
77 153
66 48
20 115
82 68
78 120
2 158
2 34
65 60
81 1
23 113
54 86
41 12
55 33
3 149
74 17
24 102
23 145
66 168
57 132
22 3
9 172
49 101
50 87
36 143
22 133
41 170
12 181
71 58
21 125
38 67
47 108
68 62
79 133
49 140
56 164
73 38
51 178
3 124
80 67
83 71
71 167
66 70
7 90
14 138
28 63
77 156
36 18
27 104
28 31
47 139
56 153
43 105
68 48
18 43
7 174
10 84
41 89
49 175
63 180
56 90
81 95
32 104
32 34
64 16
17 139
73 148
13 77
63 83
2 127
69 163
57 6
22 59
73 58
53 159
62 119
60 148
10 64
31 76
83 128
79 33
75 101
23 172
37 141
30 126
77 23
8 123
25 95
26 79
41 166
23 9
83 111
78 109
67 37
72 109
63 176
11 80
23 108
72 2
73 126
58 111
82 67
32 26
65 30
76 33
41 22
80 145
58 52
59 179
30 120
9 32
13 94
78 55
49 45
11 34
57 118
30 129
65 132
29 121
9 120
8 107
19 13
65 141
17 10
29 31
39 38
21 100
83 40
30 2
69 31
15 139
80 1
62 58
77 178
83 16
19 19
78 65
28 1
79 56
43 22
15 92
42 162
53 13
82 134
14 141
25 127
50 116
26 139
22 31
22 58
57 125
34 124
32 12
56 23
47 55
2 81
55 38
2 8
47 71
67 79
46 132
53 177
40 77
35 11
3 132
33 26
7 39
40 61
15 115
3 99
26 159
27 91
49 176
56 177
52 161
46 19
45 44
17 79
68 134
66 179
74 57
39 179
71 90
57 33
69 22
20 167
39 157
38 107
24 36
26 118
20 34
75 42
2 99
52 129
26 47
22 169
77 60
13 132
78 80
80 55
80 117
83 68
61 122
20 152
17 9
4 75
22 96
41 75
25 171
72 71
83 88
63 35
11 75
17 6
25 56
80 143
58 41
25 150
33 15
35 122
11 7
26 19
13 150
31 84
50 54
29 118
76 127
38 111
4 162
15 135
43 180
56 103
19 21
70 26
13 166
12 70
83 24
29 133
66 26
44 31
37 89
4 170
72 90
21 51
13 64
59 114
52 133
28 77
65 9
11 175
76 167
57 163
7 35
61 44
55 46
81 179
40 149
55 143
68 78
35 114
48 76
66 144
81 106
6 21
38 177
52 60
72 123
68 92
82 7
10 71
65 151
62 85
21 12
75 115
1 1
10 157
70 169
11 55
33 66
65 35
65 1
77 142
45 31
72 35
67 29
70 69
37 34
55 52
39 111
43 82
51 167
17 109
64 116
63 21
59 119
83 31
27 167
40 20
46 72
16 7
12 66
8 113
1 142
21 148
73 166
50 32
2 124
44 102
30 106
22 30
70 3
43 44
81 38
69 82
53 154
72 68
51 132
20 58
16 152
82 149
53 134
79 101
66 141
34 125
44 103
41 139
51 85
43 98
26 146
79 145
28 23
43 2
2 153
10 72
54 111
19 128
7 85
2 45
26 153
16 47
9 161
35 40
12 113
56 101
58 177
15 37
54 61
13 153
8 158
17 5
8 115
29 21
6 29
23 119
66 175
2 148
26 45
37 45
75 130
4 152
59 131
50 66
49 156
28 69
47 59
67 98
65 120
50 178
81 44
50 169
57 2
13 112
7 155
64 95
35 37
37 14
28 157
55 142
47 12
25 19
43 164
34 152
70 134
20 105
74 124
53 40
59 155
74 172
36 112
27 162
8 128
39 160
7 67
10 4
31 18
42 68
79 141
60 12
55 93
51 140
16 176
33 129
79 97
35 83
20 62
15 128
50 20
83 39
12 125
48 145
53 58
27 124
80 75
67 48
32 52
16 69
74 179
68 158
38 44
48 38
13 113
25 48
13 51
69 59
81 152
66 23
21 139
17 116
60 163
31 138
55 12
25 92
80 83
5 150
14 40
57 92
21 147
70 32
60 40
66 167
48 123
18 180
77 53
25 17
52 36
72 25
68 110
6 69
49 136
25 2
25 52
73 89
19 132
1 85
52 164
30 105
68 165
41 108
4 80
53 143
12 65
20 160
39 170
29 81
57 25
71 61
16 134
40 150
66 61
10 165
27 98
41 57
82 139
20 131
18 81
65 136
79 160
49 179
35 111
76 68
26 59
71 81
41 68
18 168
75 25
34 76
19 61
60 125
22 72
75 150
76 177
19 179
47 120
34 117
62 77
46 61
80 181
21 82
10 33
23 88
11 6
3 19
43 56
50 175
14 132
30 138
65 167
23 17
1 66
19 42
28 9
80 156
52 101
57 82
13 41
57 128
77 92
8 73
43 94
32 14
15 163
83 97
36 104
43 125
1 125
3 4
51 39
16 143
9 176
64 177
79 36
35 61
51 92
50 168
74 54
63 103
10 70
56 119
68 153
56 151
61 162
32 172
57 162
64 46
37 112
52 80
48 150
52 73
72 153
67 81
38 134
62 177
51 141
3 31
53 47
38 118
80 134
17 177
34 6
66 90
59 108
55 147
58 16
39 82
49 169
51 133
13 87
42 176
81 135
57 48
55 64
83 86
6 175
9 109
34 45
20 108
41 110
55 135
4 16
35 70
69 79
37 166
7 60
72 24
23 144
36 116
56 161
16 125
68 74
3 151
23 60
82 147
62 44
4 45
15 146
3 46
76 9
6 70
44 60
35 65
42 134
68 174
16 116
25 101
58 95
54 12
30 146
79 86
71 4
44 117
23 94
38 29
50 91
62 98
64 38
30 36
60 117
57 11
55 107
38 158
54 78
72 59
77 42
21 62
12 148
68 107
63 104
31 59
69 116
67 43
37 25
60 41
29 43
27 99
39 36
72 80
40 24
1 54
17 8
25 39
7 44
34 106
27 56
54 52
79 57
72 79
6 91
45 105
35 47
47 85
41 93
76 73
58 125
33 145
60 101
38 30
31 172
59 49
71 56
82 122
36 81
37 154
33 20
80 155
7 74
18 13
83 32
17 72
25 12
40 51
25 8
20 12
62 24
24 109
48 134
32 120
52 110
76 59
54 19
9 171
9 72
8 148
82 106
74 149
70 5
49 59
65 125
72 176
34 10
49 16
68 151
56 148
47 174
24 181
45 52
15 95
52 70
73 141
9 31
41 103
55 67
66 170
68 72
8 8
53 82
13 56
32 139
30 89
49 112
42 178
62 175
53 53
26 2
82 157
47 109
26 120
14 17
69 46
41 158
32 45
52 19
28 16
17 131
53 27
21 145
64 45
13 80
69 77
53 121
58 55
31 158
66 115
53 20
52 102
58 146
75 29
76 166
18 174
67 54
59 174
21 73
29 114
76 173
2 143
60 64
10 134
53 107
69 141
61 161
41 173
63 29
9 146
37 133
19 159
33 175
59 21
14 172
24 155
59 61
64 152
65 64
20 138
8 69
10 89
40 30
10 56
66 110
20 15
53 109
52 12
56 5
43 39
64 122
68 66
55 40
76 60
16 82
52 20
6 106
29 131
67 177
50 88
76 70
26 152
33 68
69 78
24 57
10 143
24 27
28 150
79 167
41 52
40 136
36 176
45 110
78 61
43 38
30 167
21 97
73 174
17 31
53 128
81 131
46 171
4 36
83 132
72 52
69 115
55 130
38 47
35 157
30 1
74 47
33 108
9 117
34 100
39 103
1 39
29 97
71 39
8 51
67 170
30 159
19 102
47 63
6 13
22 111
13 39
53 164
66 176
51 7
64 18
51 45
12 98
41 124
15 129
53 45
36 15
48 87
47 70
23 15
16 147
14 43
48 34
46 135
9 12
45 163
65 13
76 83
13 102
72 73
83 143
45 55
51 148
76 179
38 18
52 152
8 109
58 152
62 103
15 48
52 141
44 88
69 170
65 48
27 21
78 26
56 53
8 112
71 21
47 21
49 178
28 171
73 178
69 49
60 149
37 67
71 53
49 139
70 86
34 23
46 14
70 28
11 48
64 35
30 161
76 169
81 110
8 16
70 176
32 99
60 85
29 166
51 12
69 154
39 129
27 157
56 175
74 112
43 120
54 7
57 28
46 17
23 174
70 49
3 157
43 134
47 124
51 163
46 7
60 131
80 48
11 131
56 135
37 114
61 3
70 162
37 130
21 176
24 144
69 106
36 22
31 81
2 120
5 35
68 3
66 109
72 136
80 39
24 142
15 160
56 126
18 115
17 134
27 111
71 96
23 85
17 98
62 149
25 51
63 165
43 87
33 93
24 76
49 61
41 107
82 12
9 23
80 74
60 136
57 43
74 147
77 2
39 180
42 121
4 48
69 136
77 24
16 107
64 71
32 91
24 8
22 46
57 12
62 116
16 142
5 61
63 101
5 10
20 170
26 170
42 79
56 36
63 171
67 27
46 106
73 51
15 9
1 126
29 128
79 58
13 13
22 145
54 178
3 181
10 166
61 120
33 106
40 171
1 149
34 115
12 42
35 66
15 39
48 40
21 25
76 128
27 144
47 15
54 42
8 138
53 42
24 165
50 133
69 102
12 162
33 1
44 97
64 22
8 66
34 131
26 8
73 18
53 43
69 12
11 134
67 8
51 169
77 73
65 62
72 124
29 54
30 69
67 7
58 58
55 163
10 41
71 66
6 142
2 139
76 87
14 131
20 118
52 33
30 128
35 101
5 27
45 70
33 169
61 18
62 82
3 34
73 39
39 109
46 40
77 113
70 51
64 14
63 135
38 22
45 156
8 96
22 40
31 178
17 55
67 161
81 180
62 115
40 85
76 37
41 64
5 143
35 97
42 33
42 39
33 101
81 87
19 169
28 162
27 12
12 37
71 46
54 10
59 100
61 123
59 81
54 58
41 55
22 94
44 122
10 171
73 45
52 143
72 155
31 93
18 33
23 65
16 13
74 65
81 73
68 87
19 9
53 12
14 87
29 26
68 122
26 124
29 102
67 178
75 109
59 125
43 88
67 133
28 72
61 52
53 102
20 120
26 26
82 161
21 32
77 50
9 156
42 160
25 60
37 118
24 179
19 118
38 105
18 96
66 3
62 104
42 117
6 78
56 154
58 75
78 113
81 107
82 105
74 136
54 9
21 124
10 146
38 64
40 115
66 161
70 106
14 101
28 141
3 62
3 107
74 170
14 28
57 154
73 130
7 76
75 93
43 65
44 143
37 134
19 89
81 160
53 93
28 137
59 8
21 31
26 93
69 117
9 29
61 159
78 72
81 178
67 46
15 99
29 48
16 39
27 138
28 180
33 52
68 177
20 37
60 171
45 95
9 134
27 125
70 139
77 45
29 58
56 89
59 160
49 150
2 126
16 86
32 87
28 18
43 28
80 82
37 64
45 21
60 80
21 42
54 170
47 137
47 32
36 66
71 26
83 46
12 128
44 55
50 149
45 172
48 35
42 175
23 84
42 9
44 30
75 60
26 138
18 91
35 18
19 115
45 17
24 115
70 148
2 41
49 70
36 23
34 162
7 57
1 75
77 145
9 76
61 6
8 86
55 131
58 173
32 165
36 84
38 147
10 144
7 72
3 8
51 170
83 51
32 85
3 9
22 13
49 148
81 166
50 153
80 162
65 19
31 38
8 67
54 28
26 81
80 110
72 110
19 43
81 61
47 28
44 174
2 75
79 68
56 17
17 85
25 178
45 136
7 130
22 10
63 130
61 164
45 177
28 81
56 85
18 23
19 170
81 89
60 135
1 98
41 73
35 36
24 78
23 96
23 118
56 11
12 163
73 37
51 38
41 37
43 78
63 81
14 57
80 168
63 96
19 53
10 154
36 39
4 82
67 93
45 106
23 170
65 5
59 124
60 157
35 10
45 65
42 42
12 15
12 82
69 38
11 156
30 38
41 106
16 51
13 46
2 46
10 168
63 71
65 10
38 75
50 171
27 61
15 81
20 172
73 6
36 169
13 61
74 161
69 75
34 123
2 125
77 12
38 133
5 136
45 124
14 117
73 144
22 86
23 93
5 75
44 157
47 87
39 48
9 3
3 154
20 41
33 110
58 109
14 39
83 74
56 152
1 12
65 181
64 119
23 175
49 19
11 20
27 160
28 139
6 27
36 77
7 69
75 18
45 147
27 136
43 13
6 42
51 113
53 25
27 142
28 131
4 136
52 121
61 81
36 142
32 49
10 63
12 35
44 20
40 152
20 101
76 36
26 181
11 151
5 28
26 160
76 126
83 43
40 13
66 53
52 144
1 45
52 26
19 82
66 10
56 57
60 167
2 12
64 24
31 123
59 168
72 106
82 156
36 165
6 123
61 87
74 23
80 109
21 86
50 179
21 107
10 167
36 28
81 150
35 15
9 45
3 130
2 149
73 147
3 173
40 32
51 175
77 91
73 163
60 120
10 153
28 41
44 71
71 95
81 170
40 176
33 114
19 174
35 54
58 149
15 27
75 154
30 147
55 6
13 62
42 76
24 4
42 34
83 118
7 94
23 86
22 107
65 137
12 119
58 15
64 128
74 10
43 43
9 59
49 102
46 178
48 23
7 115
21 59
40 102
1 132
68 88
14 23
38 148
82 124
68 142
77 167
44 86
42 35
41 46
18 93
1 131
5 123
5 29
46 110
42 21
70 56
46 173
57 67
7 78
58 165
14 44
19 33
65 179
81 90
25 151
33 8
2 7
15 180
62 92
18 154
3 23
63 136
57 86
19 50
20 84
18 20
67 14
3 79
32 20
61 166
65 59
45 57
40 104
29 155
58 6
52 114
16 101
7 97
35 56
75 55
54 8
49 83
25 25
47 166
40 38
18 24
36 107
58 113
50 63
82 180
28 20
21 94
44 181
1 96
3 35
10 90
53 152
49 82
42 49
5 47
41 1
79 113
83 78
78 74
21 15
74 108
16 110
5 82
3 166
61 86
39 90
36 175
57 26
39 74
1 161
26 114
10 73
81 100
74 49
71 78
66 9
15 131
22 122
71 99
80 157
83 174
50 25
9 11
22 4
27 97
39 88
39 77
20 69
53 73
39 131
47 33
3 71
25 114
48 96
58 98
66 84
17 112
