2 61 111
2 58
2 26
2 46
1 7
2 30
1 33
2 59
2 33
1 23
1 16
1 25
2 11
2 29
1 34
1 40
2 60
1 26
2 10
2 31
1 41
2 18
1 9
2 20
2 19
1 17
1 15
1 1
1 28
1 61
1 4
2 34
1 48
1 58
1 5
1 49
2 40
2 54
1 37
2 14
2 61
2 48
1 14
1 51
1 32
2 55
2 47
2 43
1 39
1 35
2 50
2 39
1 52
1 60
1 55
1 36
1 53
2 56
2 7
2 36
2 41
1 50
2 57
1 43
2 52
1 44
1 24
2 3
2 17
2 44
2 53
1 30
1 54
2 37
2 38
2 12
1 10
1 45
1 38
2 4
1 31
2 6
1 3
2 51
2 25
1 29
2 13
2 42
1 47
1 19
1 12
2 5
2 9
1 59
1 21
1 11
1 57
1 18
1 13
2 15
1 56
1 8
1 22
2 27
1 27
1 20
2 24
2 22
1 2
2 28
2 21
2 1
