220 145 1908
54 96
102 37
2 140
10 60
158 96
156 72
140 26
69 103
34 91
81 24
207 30
41 9
129 56
191 76
91 118
196 18
75 23
21 120
185 82
11 84
167 15
130 139
134 39
46 112
103 21
57 116
4 39
87 34
26 95
3 70
115 25
24 75
19 98
122 129
23 58
116 102
112 9
203 44
59 83
50 113
53 101
30 4
216 1
95 144
132 50
148 144
123 115
38 136
56 5
163 127
151 12
73 57
203 96
67 118
166 38
41 114
164 141
153 41
43 95
201 87
64 57
63 127
155 116
197 124
207 81
134 91
113 134
66 140
7 9
184 7
74 94
156 39
83 36
210 124
26 71
27 64
79 71
23 133
62 76
157 80
3 119
162 124
94 105
34 21
76 36
113 96
49 138
126 28
28 143
149 124
31 51
44 127
81 90
49 52
103 30
92 46
17 51
157 121
3 10
214 1
15 75
168 93
153 45
99 28
146 112
137 53
102 74
22 115
188 118
168 42
101 2
80 81
171 16
218 43
107 88
200 37
206 25
158 66
153 90
10 55
81 93
178 15
48 133
189 93
215 137
65 85
74 145
67 117
3 63
44 30
219 36
6 39
22 73
69 32
101 83
183 22
138 123
1 68
203 1
205 88
160 72
188 132
71 19
107 63
130 42
81 8
162 96
72 54
149 108
166 118
157 48
87 82
203 42
199 77
75 142
133 92
159 135
41 15
18 138
195 20
64 56
123 102
118 33
116 96
120 68
110 145
130 103
119 49
179 4
73 112
177 103
154 49
30 138
44 53
96 6
66 28
76 97
45 39
153 131
114 112
128 144
150 105
92 67
15 142
16 76
152 91
134 57
96 125
30 86
54 19
68 46
40 12
30 144
83 115
192 33
119 72
99 8
215 132
181 18
167 105
39 131
1 50
68 83
95 40
54 23
167 91
106 139
131 143
79 4
133 125
163 124
169 63
187 90
166 137
30 116
157 77
58 83
170 115
95 34
175 100
119 65
116 5
87 63
133 62
171 86
67 34
167 63
179 135
89 115
60 132
84 94
180 83
25 125
36 127
140 78
23 94
96 2
130 142
93 114
201 144
33 60
118 7
178 63
60 104
15 51
189 6
34 8
59 103
141 102
145 127
39 119
104 137
158 24
208 104
88 63
184 1
145 71
202 10
56 12
152 126
28 43
19 119
76 87
2 127
115 83
58 27
8 76
37 105
151 119
209 142
21 53
195 78
217 23
193 82
207 20
17 83
137 1
92 74
23 55
137 76
44 27
53 141
200 134
72 33
188 112
62 46
3 29
149 23
182 140
89 130
19 71
46 123
99 51
105 74
175 56
103 38
59 24
89 119
85 7
84 7
46 48
144 145
102 32
180 44
169 123
45 43
59 14
13 94
135 118
3 111
105 94
146 5
136 5
42 137
157 20
197 39
9 14
161 22
185 81
26 103
214 89
61 10
205 70
55 58
112 78
36 98
94 13
76 68
84 38
56 88
22 118
139 129
137 88
6 1
5 53
115 49
80 53
101 8
95 128
41 117
75 122
50 85
210 13
130 73
182 115
27 41
88 91
112 21
169 69
79 55
114 116
145 129
121 105
159 24
110 69
107 131
216 5
8 116
99 81
39 57
160 77
172 4
141 52
97 74
40 108
45 108
209 35
90 52
55 30
199 82
92 42
2 22
147 13
210 20
89 6
181 130
185 71
219 75
34 10
150 138
144 93
75 74
36 80
73 24
37 135
154 135
190 105
169 118
210 103
21 101
22 106
151 71
36 128
151 77
94 15
147 27
116 58
98 143
204 35
166 115
209 145
3 94
43 48
123 44
21 105
29 94
34 6
80 142
34 73
4 77
164 132
131 30
123 68
153 102
48 94
193 92
16 89
213 38
136 133
196 101
208 26
36 62
208 107
213 50
32 87
29 46
58 101
117 6
4 50
214 4
62 87
39 4
152 76
173 77
78 34
196 98
43 110
22 61
55 130
189 133
40 40
189 24
174 107
175 137
162 26
158 93
14 38
76 136
100 112
197 1
125 103
23 5
39 22
18 107
15 61
158 22
158 29
184 72
210 123
143 59
1 19
56 8
40 125
163 38
203 43
217 41
24 109
92 112
37 70
118 129
107 56
100 65
213 136
56 71
175 81
198 109
138 66
154 82
36 140
121 62
109 108
90 115
121 17
213 4
194 103
77 99
165 3
175 29
214 83
25 18
72 87
129 9
131 15
65 15
149 122
30 53
89 28
217 131
61 106
38 62
28 55
154 27
170 72
14 48
148 65
173 139
48 123
14 95
38 3
148 137
167 8
208 58
131 80
114 132
21 109
47 129
183 57
211 100
142 72
11 11
126 54
36 7
6 53
187 79
130 52
61 111
31 49
182 145
119 53
163 28
169 132
70 117
162 86
81 107
103 1
163 75
219 132
212 4
61 41
187 30
108 112
159 90
122 39
106 97
116 70
180 57
43 29
83 59
13 55
144 121
182 45
154 92
204 58
172 69
160 36
106 137
203 95
83 60
4 139
47 110
53 19
139 111
138 50
57 107
1 105
120 107
44 79
216 76
114 50
187 15
198 18
183 53
30 55
117 94
99 99
10 9
142 18
53 39
210 27
203 100
178 86
92 115
61 123
211 86
140 122
189 66
64 113
65 25
8 84
1 125
73 42
210 130
46 8
202 59
2 83
138 102
183 28
137 89
140 70
114 130
81 27
90 113
207 33
152 5
104 140
214 2
68 26
151 30
202 68
30 69
6 28
209 93
71 78
58 9
190 16
117 45
75 25
71 97
212 33
111 23
189 76
95 48
15 15
216 51
68 97
53 127
191 92
49 15
162 102
1 46
38 48
139 69
9 29
127 21
193 54
67 141
216 70
7 142
42 107
125 78
11 67
158 86
212 79
42 56
80 12
197 123
157 66
108 73
161 95
118 137
78 138
87 54
175 20
63 66
103 84
65 40
133 63
167 55
88 123
73 131
27 33
73 17
102 143
99 78
51 11
44 145
6 83
30 118
144 130
95 119
168 140
119 121
54 58
211 34
24 83
70 26
137 73
104 125
140 67
92 132
56 59
99 49
123 83
30 100
21 50
144 66
140 32
165 30
145 104
17 8
9 1
29 100
61 68
13 126
211 125
172 75
2 9
16 26
134 61
199 83
128 129
69 84
86 26
103 76
64 125
60 64
139 73
159 17
27 139
65 141
62 73
181 20
34 87
10 51
7 113
65 114
154 8
176 46
103 55
20 43
71 91
99 87
191 108
46 35
53 61
193 137
123 25
91 29
111 106
132 48
17 12
13 57
12 84
200 34
22 137
24 107
30 50
185 35
77 124
58 111
160 120
40 13
130 136
54 47
1 127
211 103
109 27
188 51
199 25
207 94
55 103
23 7
160 117
195 85
202 82
39 125
55 91
179 108
214 52
73 96
198 26
192 143
92 83
7 130
26 36
183 83
194 9
120 85
192 37
10 54
54 64
117 30
73 127
198 46
28 44
207 13
199 30
148 45
48 11
49 43
152 59
220 69
3 45
199 133
16 19
109 102
151 47
62 1
101 32
157 82
148 43
134 129
147 120
86 128
109 129
92 14
189 68
211 25
61 60
172 49
154 127
13 99
137 132
115 109
136 33
144 144
23 101
150 16
109 132
17 74
30 82
3 6
146 124
89 105
7 89
143 117
178 138
86 138
64 39
51 52
194 60
170 122
186 79
58 69
27 7
48 21
121 133
6 9
187 73
186 18
184 97
177 87
104 46
152 4
175 12
47 138
177 127
48 19
3 31
19 32
21 6
126 82
164 5
42 81
20 89
103 9
22 127
182 15
177 65
87 132
174 56
27 124
89 19
138 107
26 17
166 5
178 21
123 118
69 45
11 70
214 57
211 133
95 11
114 43
65 79
13 61
30 119
219 117
216 64
62 35
159 39
29 87
187 65
203 89
50 36
54 43
95 26
199 129
103 8
204 54
14 40
88 143
105 93
148 96
154 69
52 82
165 43
15 4
61 124
94 59
32 77
66 61
191 144
136 59
136 107
29 132
53 28
117 140
74 74
29 83
72 8
139 103
141 96
159 45
115 104
60 95
96 137
114 140
136 74
110 30
70 57
178 136
14 101
96 119
154 144
176 4
140 102
146 73
117 62
188 68
136 57
130 12
127 145
30 76
194 117
187 40
65 72
146 4
200 87
110 5
32 68
220 96
38 139
34 137
27 43
156 122
130 11
29 47
90 83
155 117
130 130
41 44
73 10
55 139
70 52
40 69
70 100
196 40
59 67
198 142
188 144
197 63
62 49
28 27
39 5
176 83
206 48
9 101
217 128
28 24
167 67
94 43
16 7
117 114
118 59
64 144
38 49
166 83
208 37
118 71
155 133
146 128
78 45
176 19
70 39
148 88
219 108
134 43
137 128
111 99
16 100
108 118
71 41
37 48
208 102
169 12
59 29
76 55
218 71
3 105
220 23
210 9
162 24
39 135
37 45
195 71
135 82
167 62
29 96
103 133
103 20
29 66
184 29
111 89
78 44
79 139
84 9
63 61
164 22
98 8
112 142
63 107
6 70
63 46
102 46
17 80
84 13
142 107
128 45
136 77
152 104
139 130
18 98
217 87
40 144
217 88
99 65
145 84
214 75
84 58
193 138
91 23
4 105
162 23
92 55
148 50
4 6
158 50
40 22
61 89
5 16
175 30
213 77
105 44
181 93
68 94
102 16
75 88
211 17
122 47
73 55
39 95
189 11
75 66
149 125
105 2
147 83
207 56
63 97
146 126
60 43
212 11
186 52
134 55
68 49
57 10
120 43
42 74
201 9
50 52
103 62
80 57
183 90
115 129
218 13
76 102
189 141
80 118
36 104
163 85
171 109
215 14
179 81
145 101
124 126
202 90
21 121
186 10
213 25
22 62
98 46
184 49
169 30
30 136
6 89
76 33
203 103
173 18
198 68
203 74
195 126
210 61
154 1
93 14
86 108
2 55
35 63
145 63
15 67
9 56
84 29
50 119
211 131
32 75
65 49
171 39
206 40
105 22
131 116
102 12
62 16
166 82
114 37
79 105
100 94
59 123
6 22
19 79
82 54
24 135
5 28
218 112
72 14
194 45
79 124
86 94
18 5
2 74
25 145
212 128
109 46
23 20
13 11
173 5
145 139
78 47
72 5
131 38
144 38
6 101
65 139
190 142
114 84
67 95
100 3
155 98
139 38
86 132
197 90
76 51
88 50
107 69
52 50
111 130
193 109
98 51
118 60
124 19
197 75
28 39
60 1
31 104
18 50
124 141
190 141
93 59
157 115
210 25
39 96
152 34
6 91
85 143
24 72
130 69
79 110
117 33
171 99
105 86
197 97
158 76
24 49
156 68
218 104
182 9
137 123
167 142
193 89
65 128
36 35
120 88
67 79
89 124
6 127
78 56
35 47
23 109
13 56
184 133
90 112
114 42
214 7
26 94
99 115
169 140
3 110
154 102
205 105
85 28
6 111
114 73
24 119
67 60
93 119
196 97
146 46
217 98
120 83
24 105
56 66
129 80
15 95
158 87
84 68
106 41
61 118
33 106
86 84
19 103
75 77
67 142
72 122
149 110
215 110
76 96
172 62
118 39
12 55
123 2
75 83
129 26
88 120
151 11
149 13
30 90
111 102
127 67
88 12
189 132
43 11
206 73
116 56
146 102
48 75
5 8
52 69
64 83
20 125
116 43
181 7
174 2
31 124
130 54
111 56
168 36
104 108
208 116
89 23
20 114
36 73
14 145
7 119
7 14
110 31
49 70
49 105
108 6
112 132
87 79
137 118
20 109
120 131
107 1
203 78
50 123
185 34
59 121
109 134
54 93
133 55
105 66
166 91
171 3
143 128
196 73
191 56
162 65
121 36
83 134
162 134
140 56
220 9
130 30
141 11
207 72
210 131
183 47
76 143
116 38
166 76
81 114
164 65
12 34
80 114
77 129
63 57
36 68
49 5
114 54
111 41
192 43
48 103
86 91
94 106
47 106
181 43
56 134
53 27
113 120
50 124
106 70
156 116
141 29
41 60
95 15
3 81
133 2
54 82
33 16
179 89
123 57
207 107
92 86
196 84
103 127
128 5
73 72
9 71
145 141
38 32
138 41
49 32
89 86
49 85
160 127
58 84
56 36
8 81
93 138
114 125
58 7
216 45
190 87
200 62
56 108
40 15
192 61
154 134
207 105
166 62
60 93
180 9
171 48
144 103
57 5
174 117
55 7
212 43
19 27
151 141
209 144
170 18
165 2
180 14
4 1
17 115
144 70
76 46
64 93
115 99
28 86
147 97
52 49
103 79
140 37
149 75
114 48
125 25
151 17
57 34
216 21
157 41
91 120
143 135
21 60
167 7
188 131
179 96
207 60
37 25
136 94
177 39
146 18
39 38
99 143
201 142
104 67
114 52
108 98
79 102
131 24
89 103
164 72
34 118
123 46
86 9
124 124
37 142
98 63
178 96
168 52
179 67
173 38
180 4
141 123
117 27
174 118
71 116
56 21
123 136
155 91
99 75
113 92
182 2
167 89
214 18
173 133
32 130
194 57
182 23
30 133
1 109
74 47
30 131
191 31
89 44
123 73
209 48
133 4
203 116
74 59
9 123
88 46
194 135
109 120
100 28
81 136
106 14
218 8
103 78
41 135
209 105
176 133
169 61
45 42
132 78
34 31
49 58
96 84
144 97
150 86
1 112
207 52
67 9
203 85
149 43
16 82
140 9
20 15
46 55
20 93
125 83
12 63
180 123
108 47
6 121
39 11
38 142
85 129
106 2
89 52
3 101
136 71
175 16
206 123
40 33
198 7
152 107
196 86
122 48
156 128
147 139
21 133
4 38
84 92
4 90
168 76
69 5
38 66
71 136
125 54
73 76
39 129
211 62
32 72
97 7
89 37
157 139
5 67
199 120
91 55
58 73
137 80
160 130
195 132
13 121
22 16
7 103
181 9
54 99
74 109
68 129
172 67
117 82
187 45
24 37
95 27
137 143
60 138
195 62
153 106
44 25
152 117
97 125
6 43
215 95
131 81
29 4
190 20
2 21
87 126
14 31
88 48
42 17
51 10
2 139
88 11
73 18
159 31
87 104
156 10
10 14
83 41
5 5
159 142
201 139
137 56
132 113
164 101
102 27
135 16
109 136
201 127
4 62
156 112
179 68
191 19
111 95
158 100
180 12
31 137
48 126
60 119
217 34
211 126
66 2
193 15
191 125
14 139
41 58
147 16
72 121
188 72
216 122
211 42
159 77
151 95
180 118
154 15
41 77
46 145
46 113
117 34
17 35
192 88
115 91
147 41
13 134
100 52
60 66
3 2
87 28
66 123
91 16
106 47
212 117
105 8
41 139
136 100
55 13
87 50
97 82
38 46
52 46
136 108
177 11
155 100
48 15
54 119
12 22
126 104
53 83
13 129
209 125
192 119
196 77
93 21
98 29
214 139
42 47
206 64
146 108
107 59
74 7
186 9
166 32
31 125
75 81
161 110
48 44
137 98
133 96
67 36
56 80
35 137
180 2
180 71
68 72
66 87
210 125
30 139
123 87
187 118
47 43
60 62
194 109
85 91
27 90
79 138
69 1
175 61
3 43
5 122
189 21
32 125
51 70
92 10
40 27
43 60
160 114
17 31
207 1
110 140
162 85
22 119
43 35
134 45
31 107
164 114
165 77
33 124
24 24
28 70
185 63
89 49
8 69
172 40
152 49
130 21
118 121
137 101
66 97
202 126
73 31
128 140
5 12
61 102
29 126
81 109
92 111
61 40
109 60
68 92
119 79
4 135
79 128
174 141
6 143
109 130
12 16
183 126
155 108
40 56
168 53
62 41
219 66
168 75
28 46
16 43
214 107
69 18
215 107
220 135
74 30
79 15
170 102
27 48
220 142
97 72
28 74
28 41
142 33
198 55
33 126
174 63
167 116
83 94
191 53
146 122
157 29
155 123
66 64
127 63
100 48
174 113
190 125
161 123
154 107
145 54
57 73
89 108
204 39
60 49
13 122
192 136
172 120
90 133
100 44
48 72
138 105
177 3
122 139
63 26
11 12
205 72
172 71
200 11
180 79
67 126
192 75
127 20
141 45
220 6
194 8
141 138
193 129
69 16
54 95
155 106
49 51
63 128
38 92
109 104
30 123
33 72
99 96
158 38
63 121
33 77
83 122
35 142
104 114
37 100
134 38
189 113
154 21
141 70
164 75
164 117
92 33
88 5
50 91
126 12
87 32
103 122
103 11
130 97
175 66
120 78
56 53
106 136
175 64
188 37
143 51
23 126
16 91
220 38
163 45
162 76
78 74
143 143
44 1
218 117
186 142
94 131
8 34
168 102
80 135
187 16
183 17
116 55
139 28
43 55
55 102
39 3
132 20
126 122
98 126
204 112
171 17
145 20
12 112
159 138
5 35
132 85
144 88
19 86
185 79
155 62
33 20
87 122
181 42
146 131
200 17
93 33
192 118
88 80
104 16
150 79
156 111
2 99
209 9
22 43
91 36
153 122
181 25
144 41
135 126
105 111
140 3
137 16
91 108
60 128
152 39
30 93
167 45
36 113
152 110
209 133
