12 144 777
9 55
12 29
7 98
1 137
8 114
9 135
4 56
4 100
4 12
2 56
1 49
5 140
2 19
12 57
3 9
4 30
3 67
4 51
2 7
9 125
1 92
9 97
11 115
4 129
8 40
11 25
7 15
5 117
3 130
11 38
2 121
1 13
12 48
9 84
4 141
4 115
9 87
3 94
5 28
10 128
12 59
3 98
3 126
9 34
2 31
4 101
6 97
10 115
9 122
4 121
7 20
1 6
4 73
5 60
2 48
9 85
11 82
1 90
8 44
1 68
4 87
4 75
5 44
1 41
6 141
11 102
10 72
2 11
9 31
12 77
3 30
9 68
6 26
12 65
12 97
10 84
8 26
6 109
6 143
12 125
7 93
10 71
9 58
4 32
11 24
5 84
5 42
2 24
9 61
2 45
8 32
8 132
3 51
7 63
7 100
4 41
2 20
3 1
11 53
5 49
10 102
10 22
2 95
7 9
7 34
3 140
3 110
11 6
6 16
5 125
5 120
11 29
1 114
5 69
4 134
1 113
1 66
1 16
9 116
1 24
12 132
7 2
3 135
7 128
4 76
1 71
4 97
12 82
12 73
4 78
9 142
1 65
4 24
2 104
8 93
11 18
6 1
2 57
3 141
12 86
10 78
10 60
9 60
3 79
5 67
5 40
10 5
4 11
12 130
6 135
7 54
12 90
1 53
4 46
2 70
10 11
11 75
9 59
8 115
2 30
8 75
11 41
4 17
3 99
3 36
6 87
4 28
5 7
5 91
7 138
11 37
11 80
2 51
7 48
12 98
12 42
1 5
8 73
10 90
2 81
8 31
2 13
12 16
11 28
1 30
11 63
1 7
5 115
3 138
6 24
3 128
10 63
2 16
1 106
5 85
8 56
1 19
6 48
8 10
10 94
3 45
4 139
4 103
11 128
12 88
11 87
12 28
2 103
6 58
1 139
5 53
5 105
11 89
11 139
6 71
1 140
2 136
4 64
4 61
5 139
12 22
10 49
1 85
4 80
8 57
1 72
5 37
5 126
3 119
1 127
1 28
10 48
5 79
8 47
9 129
3 108
3 113
3 89
4 7
8 134
11 118
8 99
8 120
8 104
7 140
1 142
8 82
12 18
9 92
12 102
1 59
8 54
10 15
3 10
5 22
8 66
2 138
7 80
3 47
3 71
7 79
2 110
4 109
12 55
7 88
9 20
11 81
5 116
7 41
6 42
6 61
3 112
5 102
4 44
8 28
4 119
1 57
2 123
11 111
4 138
1 77
10 89
11 144
9 26
8 22
9 17
11 30
2 43
1 143
7 73
7 29
4 69
12 54
8 46
1 38
2 67
12 74
11 56
8 81
2 91
3 55
3 46
3 75
11 71
2 142
4 43
3 64
5 21
6 30
4 111
4 22
2 99
10 132
4 135
2 68
9 117
5 3
9 66
2 21
10 91
8 50
5 10
7 144
8 60
5 131
10 119
7 64
5 2
5 46
11 106
7 1
7 112
5 136
12 143
5 14
6 29
9 10
7 39
9 102
7 89
9 108
2 1
8 13
1 61
10 142
10 16
5 71
2 88
12 5
8 85
9 46
4 2
12 79
5 132
4 132
9 39
1 47
6 113
2 72
9 73
6 41
11 105
6 72
4 86
6 142
9 37
9 115
6 100
9 106
2 32
2 37
1 132
7 32
10 109
3 13
5 64
5 113
8 42
11 35
10 138
12 39
2 27
1 2
4 23
1 105
11 39
1 134
10 66
3 121
4 67
2 143
9 81
10 105
10 129
7 50
3 136
4 34
10 47
10 87
4 108
12 36
11 92
11 57
1 8
2 79
6 37
7 67
7 107
3 74
2 101
9 48
10 139
7 95
12 66
11 31
10 97
12 117
5 62
6 84
6 75
5 29
1 144
6 117
11 26
3 82
10 7
10 120
4 50
8 17
10 67
6 63
8 62
10 57
2 2
10 113
7 90
7 49
12 141
9 124
6 18
8 95
7 135
9 15
8 103
2 94
8 12
11 116
11 129
7 14
5 13
1 79
10 10
5 80
12 133
4 82
3 6
5 92
1 48
6 69
3 90
11 90
12 127
7 12
11 114
3 77
6 127
12 23
3 81
10 117
10 122
7 119
3 56
9 14
12 6
5 34
3 69
12 89
11 137
6 92
8 41
3 131
6 32
7 129
4 124
2 139
7 71
1 89
6 98
11 68
9 111
4 140
3 52
9 24
4 143
4 47
11 9
3 101
4 128
5 16
11 27
9 40
10 2
12 14
3 2
8 21
1 46
11 100
2 8
4 31
5 74
2 126
3 50
1 37
1 96
8 139
8 129
6 45
2 102
1 122
11 124
1 60
2 17
4 37
8 58
5 33
11 44
4 105
7 123
12 45
5 73
3 68
4 52
5 18
12 34
10 118
9 64
3 7
2 55
12 128
9 95
6 85
10 34
11 119
6 33
5 122
10 39
12 118
6 38
10 101
6 91
2 80
12 116
6 64
11 77
1 112
12 114
4 91
10 123
1 88
7 81
9 30
11 48
12 142
7 82
2 85
8 63
11 133
5 55
2 59
8 131
6 13
5 89
3 109
5 12
7 117
5 76
5 118
10 92
12 69
6 2
12 92
4 137
3 120
11 141
12 126
6 93
1 39
7 69
2 120
12 44
4 35
5 54
1 4
1 124
11 22
9 18
10 134
6 102
7 106
12 106
8 77
8 68
6 95
5 17
2 33
7 16
7 51
6 88
8 97
9 83
6 119
10 56
6 70
2 113
1 102
1 33
7 13
3 27
5 36
7 38
6 23
6 124
7 122
7 111
11 4
11 36
4 130
12 68
6 140
8 19
12 134
5 56
10 14
2 25
6 22
5 41
11 49
10 70
7 118
6 73
1 21
7 102
3 91
10 69
10 9
8 78
10 33
11 140
10 18
10 107
1 94
3 70
10 4
12 71
5 100
10 83
1 99
5 39
2 3
12 137
8 14
2 98
12 7
5 6
3 92
7 21
10 74
3 31
12 110
3 100
8 108
8 71
8 27
12 136
9 99
2 106
2 42
4 131
4 53
11 120
2 96
4 85
1 56
5 130
4 74
1 119
3 85
3 76
1 123
6 47
7 18
8 107
9 23
6 10
1 54
12 81
9 131
3 105
4 39
1 135
9 56
10 6
11 58
7 30
4 26
11 131
11 113
4 54
10 93
12 64
8 69
1 138
9 69
1 69
7 130
6 53
9 50
3 24
6 128
8 90
4 33
9 94
3 14
7 35
1 40
12 135
6 131
6 67
6 11
8 8
3 12
1 23
2 131
5 87
1 76
4 55
6 55
4 96
5 47
2 122
5 4
5 15
9 28
9 114
7 114
8 87
8 15
6 39
1 131
9 54
1 58
1 84
11 14
5 5
4 5
12 30
10 127
1 25
10 141
7 94
12 21
8 92
12 56
11 132
12 87
2 73
9 90
12 83
11 64
2 86
9 112
8 116
2 23
5 75
3 4
1 111
11 16
