884
444126417
58445569
789903237
411984685
226923253
284603557
135648299
444983542
716274343
537491401
2478603
572778546
928771268
427925211
546506269
955649061
548284696
685047868
773136738
310930921
898851945
647499615
301897313
121262044
948082228
324559541
820434713
508414999
813714212
388714975
555812846
52115203
600261361
921841539
542094326
551434546
119121351
934685812
358739305
566363974
343561194
839784772
42330963
731997793
487530329
393180489
477063213
459841707
900175647
64259704
351191047
516245163
748057413
961542484
558986117
162938956
838338864
106768844
119947975
955348766
167154964
599241868
589876575
996206942
852653467
823329897
842280639
302816229
393846663
57853102
99963762
583606750
682525788
281184811
417458750
154643177
381480506
778647110
639750916
230152714
202431170
627824230
60957324
443850247
700603289
198972269
265369992
910475706
799712314
508495703
42912770
50262455
612332243
468668990
409208600
740533121
573335211
238244569
133216473
497362084
520136593
828092481
726291868
373619289
404202432
40700015
922419788
230318955
102333186
849862028
634223607
515462915
515001389
723154744
921380581
502669080
763834169
148882491
4814414
68453102
406612221
735271322
35004220
894924453
955107066
781454236
373894150
134974638
630623224
841427709
34824200
449788992
747938322
758656727
596422227
126110367
205524015
747077383
398669989
729407439
240807097
635789158
224777622
259813985
374908890
629928540
220342723
279122597
969762373
744002539
227685152
18993275
666212665
182168763
660399546
275396515
827854161
775879704
733641797
789945029
324708630
979112408
999313363
456575743
65803120
150446238
596228233
251633784
254462342
274483747
282211006
553402557
966912198
399597715
473600609
517547579
395810778
398394201
773471779
949491848
787449739
795302265
976365746
407164924
938807966
444580780
63274979
163961098
528216461
339396481
581818197
876195895
715880514
799949612
182827773
390487028
643813358
454118896
448206185
458786745
56621068
76192145
611373426
729714899
659416788
765843551
202974852
713039917
435607830
248268796
395751863
240955017
492316303
611922372
113386205
53103581
432631382
113564746
123729771
80106019
941276577
752395264
457647887
66509975
596460019
684538304
849933425
238718683
25296355
776339116
537683401
608964016
395682809
869034835
514143424
92563113
925504036
106031892
334766099
757853299
758979143
507909536
543926598
772613589
216225451
413640424
15196258
947358742
271365631
446760175
215716087
48278213
492424227
41446227
236245640
532990071
805882609
22955345
10170817
808247154
734451732
257728844
784824955
368583430
608704146
593216179
71882671
589140605
524928750
686844895
201273118
134559971
945320107
364672599
345744949
723628217
16827839
107195037
282094052
577510495
790646815
512077684
37455413
271763640
318397210
900696819
309835303
83732461
807356321
959264545
651490917
572713973
530584079
481937334
148933830
703817469
912494622
97522047
278485793
363657034
523857286
795000831
701256486
211132531
618742179
854165114
772299909
745040122
5334963
939574653
391092639
853302995
949972825
260092675
370145132
887655040
50828842
102167478
632572686
83747633
566249511
18502080
986820168
308101975
564622410
917650849
458574540
601063298
855892903
265013884
887140689
626559008
843956682
845403269
392329465
106544628
95067678
162101429
619378642
585231250
227466815
204826442
840278492
149043694
729490872
287763750
361338611
961844214
334960684
420149240
935371114
294392717
282547141
497291819
887698483
213910548
453902776
737240179
157110941
158274476
605933039
2118204
421520126
716226855
477510608
803112123
914018642
194235766
166690705
787110142
718833635
756975923
972080242
228155080
551644055
579557917
382950644
104195341
337478698
381220603
570147720
242815459
765660753
854217806
302799385
678489378
429956911
635660665
887651241
632921770
372173000
311762888
353267221
627048308
746216298
866586331
488368104
614727852
176058959
248032622
929576917
870063010
896817268
881185568
499089830
534810660
243985447
97459372
389482899
750613012
864160171
620282861
702770296
478225150
450950455
121327887
560292019
206027419
603850667
120510531
816523218
766898581
702880676
999218134
562325524
418105855
218428943
907650588
167025944
540466676
146440907
977633920
67518341
810206138
816495561
371874325
924909672
141568632
674409813
30699491
914785103
681864978
304263690
616689052
102634463
659769111
872937677
367856410
387481772
545981096
429178709
390790183
757939222
346499168
220205117
724109261
155854480
42595729
978359737
283153109
339670245
415508191
86844739
48740433
208464050
244497074
741627554
401252289
16233623
670129457
900129652
500004069
891460836
591388283
921433485
778046697
765835063
833679252
897563708
166361749
708214988
507525553
322123137
547409482
459989672
7556303
392785357
391566332
412343833
757329721
392304952
645409952
889955415
924167059
165276896
600794052
947521962
352168159
151839101
594863720
440555892
111801945
771807764
999219940
94810908
532618320
707419024
37199827
745355339
569653729
430797521
89990302
357147499
941023940
349755417
611657454
105117972
658610907
301910273
834742076
360213476
134582014
781166455
35426182
935148721
231321624
850746212
183053787
494926590
809221767
718000268
574938190
285751869
669154916
348694062
81023383
853095837
563334642
461734245
897053930
303095920
133684698
826758028
194126569
911013760
111177245
273624799
485591706
938403542
197650580
858875782
139572328
614895388
631064097
497631207
734514252
93369639
117448506
227959060
79515532
677566158
756444231
831579588
5968735
109479549
288657632
678193886
249242254
987894266
627644887
430375517
714908450
125312698
371015334
966793977
445361631
787924005
559345054
367426622
856145626
630249491
829457998
526583809
459347912
254202574
514102480
661368859
965181956
551369517
686087353
629793739
933844185
288844694
226271659
216718858
836206592
399008758
113282563
160714310
629909243
981565583
15145028
51582091
981380068
205021055
110118134
153429850
581604235
568818886
182198020
144885557
600620449
677000558
534151582
391761185
662369948
391513313
657606505
372309742
412187121
859934078
28642346
761810097
795868516
981933234
851144427
5512988
768994528
54981511
44033717
628922327
543713873
54066225
170975916
757818542
998024553
678963902
182482694
437004206
367965005
328421550
885983720
474894865
852950152
908302532
331774731
28096915
726512748
899222641
441538396
986208058
130130736
585429216
608472016
450516320
758850633
507914284
734874926
384287532
442850922
73316892
818938287
865822510
237288101
894586286
852725630
472141096
678168565
359384678
469656792
957821868
693259314
407719653
335665123
185540281
569202499
443177813
366295897
60906859
258745653
958167892
395902058
64578066
664713912
941923348
110796614
46745312
142311808
190779542
702411278
745371223
934325635
389088465
775339251
614935953
548379717
963121384
314137871
124437386
916038449
469675049
728309249
218800409
825312784
467727981
62459546
617271256
233647319
964124059
661686201
406935080
617670940
365944841
792226979
757583294
273391430
842190866
854659715
920036538
674015753
858382850
746478303
191593652
587962242
987956963
285982598
476266529
546856129
140696968
366786433
111333891
917972158
541298444
155883099
288587079
857747576
611354983
294644307
134725133
508350839
739588245
960866655
880054829
646138227
763760396
265644107
275033818
313558515
131209096
983215015
332638366
790400543
29588772
689501055
330574491
585360475
14986204
432076596
683547521
764906617
516807549
130957122
633036531
273530987
602899909
91246500
716772223
549965799
163425084
615543177
2574344
584559190
316165711
979543253
900594814
291201987
307823364
384851236
662406227
667221664
591447984
830678255
200573091
795172189
704850025
631684357
795112438
89277843
987813822
172692571
854821203
583375945
633578091
650037699
176872544
949897920
783113438
345964723
130349247
713304404
192049306
211026344
41781828
887444856
430658147
498688154
97127935
753743748
814111
599187657
128006438
528080923
381411836
956729468
246300013
605701914
603714504
969235759
787516066
761626780
600758327
145859722
173263296
260489358
945247155
558426742
797320416
431884305
128045204
524804558
688981618
395975946
247636846
707526402
42655528
944883633
112750302
722505042
465146572
732555558
470728074
245807582
188013290
103310393
750402496
414655886
944369069
791879326
353732893
871626800
961570976
453036170
702006646
677875404
162068928
746463797
631485989
203074132
160350098
242416852
499817087
633721041
226246534
482504372
661176546
14263257
683863217
784054971
930526405
152723597
992277059
63769694
822314397
963701875
727879131
276238653
148513147
576840803
13405099
542932217
709092368
960475797
210622131
788651011
