659
947695440
178092475
952162423
249706793
652706435
245857578
708465706
510067537
740432009
184027505
930363815
705578944
381259180
709617919
382794154
475165819
916406575
71925048
416012958
249656657
377232716
942437207
548613377
249705365
29847426
402162819
28137586
280334846
138910245
566520524
492085369
795259208
104279
895392909
353613729
175861860
563353830
851233389
381415170
994988813
332893747
173643637
361712923
742487534
571506204
500635152
174944683
506052212
444115681
792891767
567225141
541387968
899102434
410116063
631113544
407085506
60741326
47157208
601102048
956718761
806696992
664250631
738922153
384719409
114733329
51877506
357138581
830320747
915358121
370504903
341496572
531513835
103320871
710965728
750180639
533593688
658459475
719933379
832195876
614901173
802206203
38032614
490145041
189790364
350787899
61724996
528375197
744183187
602746435
221715006
103518736
302639694
198971535
268316842
152459800
494602347
121239914
16108747
207490506
338716826
692988489
778647697
52918475
490948157
176564166
132274124
157585144
313126178
457661969
17478513
375973135
366311869
897977701
723718348
752281015
344786645
822138038
495395087
862876216
476306141
76535149
895772166
133866305
571350868
435082251
719993792
818902063
845347266
550104306
418280423
692306449
686186695
849287567
69930537
552578088
896055225
376424426
150899074
312946805
899816875
303636080
262980164
139869363
967422418
457288675
328999693
648589436
335113031
147811671
346163708
144770914
929801394
702262804
866036340
562829193
401457180
432693092
968482495
966152337
110700779
90875152
347506471
402884581
448855794
283442566
353207741
848790388
574009668
635644128
863033218
371773544
573343105
82354210
753198746
102218028
204128623
55816477
958711758
879785358
280669483
123234096
623807042
339828319
87991241
587735118
25090146
701170442
8892563
923184216
390746269
699352901
889349958
198394043
23858219
440883782
378122553
494882849
820402544
687508858
187439518
130388693
231956806
703319973
558470306
335197543
654117226
567670984
182775666
912982915
821917160
279350763
678701425
506292869
811589035
42396146
958889538
106565804
650894985
456723400
17179175
362900735
282580929
654150811
662264574
955101712
791747013
517499086
975321706
401715483
902790487
640319252
43000585
997142731
292500448
245049787
341411310
301501936
197873135
637175429
924142591
2932232
955688025
560677424
534385084
534331634
397900600
806465937
172292019
988674497
122219903
880630126
391737999
620431310
417164180
433289988
999856720
646117416
693343430
668275363
786851372
734985498
592605987
672939836
637268276
969498819
806705730
903392924
251201477
335465996
238616288
402635811
934242220
968157859
347288025
740135901
177839579
229777201
350838625
594364087
746227391
306269725
200295325
390550548
520483223
751105348
698752590
386751615
588080958
791884040
311187733
741340120
946403373
52618471
473695403
950552742
907101752
601463234
190331574
915186320
479874822
33994303
31372192
689883296
661666711
967787026
833318148
671053926
83000562
329391022
708767917
27225705
209268713
394232243
829217369
150648639
851717979
426099790
513229766
826974627
994439957
688767755
669075689
756644456
258454850
945471786
700936080
884184583
545524517
290253203
584453761
814110010
461389493
160041653
660652342
30343653
115354157
273851157
766270371
442038713
381715843
357584747
934248314
123692023
868129939
202622148
416855726
875672233
223898751
15179465
207467290
840700743
212902398
845100163
429083824
149545889
20174885
311697794
784065419
814364260
761951872
690904960
880353222
574960268
456232975
686897518
205278440
432633357
328316687
875141738
222435624
581319242
318732780
706727009
403578775
550540561
343075725
150488514
836005697
548787240
320592207
728934433
890551169
584388951
449971777
216194283
745303264
617917631
227750357
232826428
845215632
965869697
297051316
336745065
593882277
777324031
952139092
377492619
987308877
917628824
583341858
725809299
30796595
290365448
684003752
619133193
870122129
399866160
266147763
120533603
739306796
339754335
282181943
606321477
752331655
80455370
693523021
913315592
758943633
312031539
992798723
586740203
493432634
557604182
702327426
900010426
578894931
387475584
803364622
557785670
237897892
954679931
13209959
961283109
252332646
659930648
278831619
89839520
594205347
845962798
237132690
676298129
996282947
645229846
261586402
3551349
779651805
343468285
562970779
206365671
967259468
733772166
414426475
552254416
317797676
438722250
953425760
467712017
611527270
674971728
653646367
655526409
128321825
266356923
333676019
895949921
375891397
983121209
817939553
820164896
177472949
820325287
214707756
334763832
533352120
885637938
743997150
155011727
761785366
182559662
35656847
731244419
817569393
535945864
782625493
402974813
504951931
520512943
306595542
758258101
867127008
687740926
845538156
844195191
285993445
529227339
556046886
49976513
444236352
892467383
418753761
958992913
792802745
583681902
486287668
568568077
260759939
982184023
779024352
357404367
577375164
391043268
476741618
595474144
395796636
859157625
756301708
635320322
703531604
264429438
822410050
38562794
802028440
688263894
405161968
997860873
28527757
463963890
349384247
791968585
718462694
724288982
716491405
825638377
24680931
574156811
254361898
500443749
402971421
877846077
804519867
445971223
564102877
249141771
427079501
110000970
676133723
3445314
133449277
51314636
212002177
305694987
110750972
72197782
181068594
237273899
443803143
181026171
961281472
711125404
848935539
899509275
224676018
54762850
949307623
188521628
773530163
77131601
241163161
847028801
466784885
88585853
457151201
259520385
421713297
660206386
553497997
522645083
714722831
381974740
68945938
503019609
162619944
280950873
837003222
132467160
162813427
565372775
775445657
406977474
789158938
718946428
155346664
903705416
415186329
441808193
537999791
253118627
900265750
821397454
363159425
494429612
473005690
528355569
689532269
586564856
270612176
529946129
858990817
446250039
3561984
281366904
859668220
670684322
823610620
522209380
904660949
310210856
521292935
419955560
146703336
992061869
287505541
584721660
669442921
582764720
769078971
660361732
699909322
826696467
611318315
417435602
515253528
189838196
118203813
954877891
730033267
708824232
667386079
826705292
685411388
853133236
897119606
322318542
77049285
332052993
570478460
760187192
189925985
587628154
169941812
581300343
611683685
509903185
684182708
893665181
455642808
936471654
613370249
591282327
