86644037
187890712
566156559
621654136
425083680
690673022
461699005
601415381
14163248
381662210
52237321
429476883
77569594
200842585
708548353
536931241
384866587
928135227
716834752
997367070
990811056
373822694
652945848
30083598
124798426
952390529
563917891
67768761
532382814
213261233
569832737
788535424
767304250
993942224
352560390
220881027
794629818
463104020
154756226
362159765
803007391
30116597
910410740
854674104
822913139
271625932
134533203
911050320
254852226
946717371
547776184
899826755
199016043
950066568
677764603
995796977
157082198
327712893
365185365
366782031
322541030
976683612
643111459
881077507
87114363
979262577
329079588
226910519
96014183
143369125
284781137
911025562
383855362
436163162
854432864
95306581
946264545
903901656
879459815
164103188
22818147
595961972
394705788
154251352
555659984
893128295
608202102
507527825
244275829
376759193
211957536
570275686
893546851
757094616
469501112
247288723
857693456
645538317
564320588
447739131
56535622
703072424
250213507
720126841
114511823
336916849
384061955
443416935
132625068
533210650
5883403
412864978
328765477
744498282
82421360
