537267341
272274713
490912202
280667622
131904318
652141268
472371296
179361914
719375470
899384706
63568323
833164676
191028435
3748239
72458535
693385799
54023277
865590057
780472936
302625575
801291782
359422854
16810358
375798005
472772724
41697748
219201005
949761987
983868024
96763899
918237523
79500271
424430200
428595135
379126473
572168791
270957289
721634551
360838243
467225854
915735202
819515731
638424297
165172689
137519115
778056170
439851425
39589885
738571457
897573700
456693302
499370652
671990478
355799188
73424056
283394014
309283577
188964145
563121891
291113629
454362727
756669420
763313750
612827681
370424640
477229352
671092664
955244669
281468385
166227541
770755579
105430931
114163715
756451441
833193406
32383883
66274540
737799212
685714498
288162450
822926325
995911656
405592014
144285786
206313685
368037876
213800493
721686834
127871327
303894801
641741890
525224206
700595548
967440801
41277458
503926083
198235709
941131169
566088042
535126817
923854245
357270436
470022011
182352714
480294232
923733004
388170260
590876479
270755651
909949395
346531382
739745137
547659723
360753506
786259777
102007739
940123599
333470680
625669844
186313897
123914309
758065312
136874708
530126823
37334478
432478647
174626975
331783143
697555278
420600498
254015557
863087469
493636486
903185723
281011538
653801676
828704918
813363437
155188299
963959213
819417337
757032538
680868247
898324046
217572039
373569129
396330980
370196147
903672217
681833961
886930819
668647568
14965437
740290026
294606262
597403805
712584185
234860011
979830695
756201799
64398609
673440985
719813398
820602596
138043284
921737658
527002973
987841912
894553380
702350679
233489863
196476176
142589202
500966170
955379651
479159326
177028522
857558221
714785113
322471780
259421528
460346385
158794126
438779463
141606424
876534600
866567858
561877630
938437486
952944517
826492127
910434231
120315059
824728438
232475598
381507737
48840070
662797670
451973028
884753025
549038238
310953857
269406721
52359087
751654068
645348338
875118816
943231103
953413495
665056141
643993374
123185186
160479051
912309059
81887718
270844580
391615778
516439910
591269981
319570418
230619991
130397540
846786080
41781912
50556912
888391717
151883816
151209512
447885720
269953527
988855772
296926463
454430256
498189086
270373992
6788927
251656138
503348327
205546949
143479273
996169254
50329366
284359103
382409946
892642147
628407641
689163282
646222482
363186520
925394414
599918401
44488622
275864652
606787268
410126327
150994423
970501204
273845021
362949899
259403946
916986027
719316433
450798936
90692296
668449504
689320385
637111932
749377268
427400743
599156307
820462629
535166284
52662911
254007043
737410848
165655130
232210906
206877987
871359049
460429493
68184893
930476843
647448746
315299949
497699858
700384622
129060358
434847909
194128141
835989479
195541995
371293861
964896326
406107834
783238183
23528417
556542888
734201559
629867911
699053614
428252838
232894140
947677500
316672872
819561023
671197476
323407258
791426209
658883394
325480275
925998552
70662199
180903245
338153793
480377416
102927391
375400071
608524491
162458317
990264300
87731316
751422134
738462969
260718762
63642411
514248101
12341441
807057366
220967521
895006708
634078823
446366765
593027822
178576366
266834033
389468880
716268811
855116426
919579930
832197178
969421599
310508505
453489396
774251130
430154972
549212862
999125053
75543658
971828453
177694786
71170784
476720488
925523163
810654216
453600908
340891878
776488471
893999297
905363223
534133974
275902608
48325067
47413479
479091186
48946204
279087339
318496905
529400383
883973661
833445034
640198102
33455528
537598331
690521574
590303622
167147554
726140239
111104617
944904618
971260131
221815784
583592996
490031237
638985501
793771622
413379279
123328617
902379751
735397939
862073119
36369806
459724950
4216513
167094609
887753449
627482009
979464299
559944663
167133576
998245438
315925483
353130016
741137458
114564985
724963229
755652676
907311116
26302552
52598047
262404929
857803230
720971215
994872042
415450561
188061301
534372317
603272929
21462327
718625432
64496953
831300251
463939103
845712865
433103820
994995082
505744219
140055887
317489684
300563676
857045937
842620738
985061284
794544617
132456279
373217242
275126405
140562749
891327459
982773092
133314166
856795008
965880569
472241618
603172343
931832967
928437231
346000746
962171195
809251965
388908949
293773496
429689744
150271908
841168658
523328723
522362267
454531419
760770173
182064464
84411187
895002573
274698301
670131041
79031889
462645939
870782330
129536966
984178809
683222804
105001017
599056773
347001345
172884627
154709673
382202333
30795677
256758756
988548490
143019001
405293143
742872721
235168070
873964816
627767219
795076111
924310977
992124651
375629501
78916077
899839755
677685481
594246565
283990429
225040728
882803793
32522689
87288602
968437771
973041389
845076907
850646476
204818784
591840508
900937093
914867857
276609951
15860588
136647008
548287124
494306931
957615364
908648034
995501565
714100115
366071440
149760171
320541705
180567746
621021544
439696467
484810686
860768625
310816732
969555690
36017644
362444438
679226262
816256172
168035236
825014885
507179880
249187807
329723460
610782745
289408717
83320185
62366747
456605520
40611332
888923068
780816624
756833935
222896559
209971972
778761512
434454247
968448105
222494586
451411221
919770338
88680646
869542903
963949432
221769394
792462062
249518438
559656418
624974947
287618410
513783090
950697096
980034487
602346074
864038378
375119990
239261267
536819253
859236775
115480874
662105098
330868917
7619789
767289323
173572985
718109537
149592122
829490861
424017037
701908952
982764908
109723658
57223432
45724865
186809776
873845284
421476361
822257161
488080361
845679469
72690420
713518603
294960206
152243228
46802601
75237679
14910629
742761748
30093728
89269234
66275002
393958659
943306457
50471530
187750207
400205659
432303966
598812155
722782935
924739928
55488690
430709150
76773894
8307837
845209513
600742886
736888730
959020767
836237592
760983618
213137118
881456616
519662094
146475061
44063422
529687546
70163088
794742657
794874081
92034389
902497008
997682284
124708809
888223257
454490434
330749218
98805395
591163344
516290266
91371431
989643213
451637110
31750206
424869538
301167724
973963525
311918878
659646275
366090818
236511833
602743991
596157162
171077538
930887744
881935017
299190983
998380298
416457959
194683291
732208936
584223103
762566408
626085277
269228620
549075576
887921336
235348914
959981872
932231245
194601660
690807325
380126953
691917717
37467616
266078931
42239103
103584165
513768940
326142221
534262808
165951511
227145733
779520949
111946855
308309709
445115225
510376930
993440213
188783632
602665137
249045800
733246022
392740866
889244288
737936878
605702589
241364536
478975491
280008430
595427311
562715911
568865100
653620452
454087964
377807780
759364591
489046966
965325461
571043164
382777954
805757765
46953341
535502907
151195
790641216
978083688
217375283
542476749
205470024
396369659
142540279
796550237
372532781
465032906
556547202
241432143
835942914
257011322
83633464
419480835
480298009
658577209
551526348
827592343
379223085
668862042
426629666
231427293
155045838
648306420
407072962
489334026
70202119
425939050
901094779
11047587
360402443
811857703
459609994
327575808
529971561
975547998
555410030
848974339
509174176
426655583
769052184
696894313
94560727
720734206
443511219
340398064
371526063
849993163
877663326
972380524
270414908
773650952
745113907
77947175
504357526
76850002
515454974
753237533
700403459
749261327
661863419
682631667
476936721
444861552
317503242
875785032
598235637
210380053
693265364
306770325
180585279
726001389
287964164
210528610
400186461
763912643
19419995
165860455
570487682
806935660
71302680
263695743
37443893
837728709
454073301
641548734
168369404
179701097
208854116
955901523
401783475
118781432
645021221
954215893
214367259
112073884
870781893
672084873
735077736
303377370
135623838
998766109
382366244
342608431
173336363
416336960
651929974
214825005
494716916
318026005
168154211
291953102
352934321
495945354
811133331
360932177
2413630
788887664
750190118
666828436
567943743
867586196
833667175
129260805
228607832
640578892
303702959
405901036
125055143
308758635
481891669
441140625
842054143
262912752
272958862
149753575
217802379
155090875
663919458
537291505
460451166
997630722
742077537
329297381
625811146
505421147
493474685
118855419
326581445
581149089
496651561
647267144
750970938
398831919
435116415
818176480
679855094
230580215
685300645
251344370
944079536
424676995
681210279
487861794
405352181
558335163
641289440
425483733
180438911
898233236
762618193
297311854
838886676
439514152
329669169
249102980
128720747
383982664
954658307
110198600
332610870
31376350
764215141
250909821
790099182
882304529
856932219
230250311
943171744
804050549
341889272
227926099
108249126
82752343
920124813
71308820
289854875
645169617
546093970
215396138
748995887
455066798
860257166
872072861
803557147
598282627
761752382
207941162
847183424
345055528
170801589
896159588
711213833
419164704
655076840
489754514
73741210
110614597
807952381
787583933
390052295
703239907
938804069
384757299
641370103
475410573
85947409
332995495
760589237
310550970
328720360
98277501
216428508
650879015
21591009
814930413
30930544
50425160
352652287
68823053
577396454
473467312
403346634
911286333
637709878
600869317
34188188
954079904
521282246
868134277
94852051
183908846
395587595
991640126
195875463
563439109
179921485
870800060
961632258
917006051
247945386
305930186
