788651011
210622131
960475797
709092368
542932217
13405099
576840803
148513147
276238653
727879131
963701875
822314397
63769694
992277059
152723597
930526405
784054971
683863217
14263257
661176546
482504372
226246534
633721041
499817087
242416852
160350098
203074132
631485989
746463797
162068928
677875404
702006646
453036170
961570976
871626800
353732893
791879326
944369069
414655886
750402496
103310393
188013290
245807582
470728074
732555558
465146572
722505042
112750302
944883633
42655528
707526402
247636846
395975946
688981618
524804558
128045204
431884305
797320416
558426742
945247155
260489358
173263296
145859722
600758327
761626780
787516066
969235759
603714504
605701914
246300013
956729468
381411836
528080923
128006438
599187657
814111
753743748
97127935
498688154
430658147
887444856
41781828
211026344
192049306
713304404
130349247
345964723
783113438
949897920
176872544
650037699
633578091
583375945
854821203
172692571
987813822
89277843
795112438
631684357
704850025
795172189
200573091
830678255
591447984
667221664
662406227
384851236
307823364
291201987
900594814
979543253
316165711
584559190
2574344
615543177
163425084
549965799
716772223
91246500
602899909
273530987
633036531
130957122
516807549
764906617
683547521
432076596
14986204
585360475
330574491
689501055
29588772
790400543
332638366
983215015
131209096
313558515
275033818
265644107
763760396
646138227
880054829
960866655
739588245
508350839
134725133
294644307
611354983
857747576
288587079
155883099
541298444
917972158
111333891
366786433
140696968
546856129
476266529
285982598
987956963
587962242
191593652
746478303
858382850
674015753
920036538
854659715
842190866
273391430
757583294
792226979
365944841
617670940
406935080
661686201
964124059
233647319
617271256
62459546
467727981
825312784
218800409
728309249
469675049
916038449
124437386
314137871
963121384
548379717
614935953
775339251
389088465
934325635
745371223
702411278
190779542
142311808
46745312
110796614
941923348
664713912
64578066
395902058
958167892
258745653
60906859
366295897
443177813
569202499
185540281
335665123
407719653
693259314
957821868
469656792
359384678
678168565
472141096
852725630
894586286
237288101
865822510
818938287
73316892
442850922
384287532
734874926
507914284
758850633
450516320
608472016
585429216
130130736
986208058
441538396
899222641
726512748
28096915
331774731
908302532
852950152
474894865
885983720
328421550
367965005
437004206
182482694
678963902
998024553
757818542
170975916
54066225
543713873
628922327
44033717
54981511
768994528
5512988
851144427
981933234
795868516
761810097
28642346
859934078
412187121
372309742
657606505
391513313
662369948
391761185
534151582
677000558
600620449
144885557
182198020
568818886
581604235
153429850
110118134
205021055
981380068
51582091
15145028
981565583
629909243
160714310
113282563
399008758
836206592
216718858
226271659
288844694
933844185
629793739
686087353
551369517
965181956
661368859
514102480
254202574
459347912
526583809
829457998
630249491
856145626
367426622
559345054
787924005
445361631
966793977
371015334
125312698
714908450
430375517
627644887
987894266
249242254
678193886
288657632
109479549
5968735
831579588
756444231
677566158
79515532
227959060
117448506
93369639
734514252
497631207
631064097
614895388
139572328
858875782
197650580
938403542
485591706
273624799
111177245
911013760
194126569
826758028
133684698
303095920
897053930
461734245
563334642
853095837
81023383
348694062
669154916
285751869
574938190
718000268
809221767
494926590
183053787
850746212
231321624
935148721
35426182
781166455
134582014
360213476
834742076
301910273
658610907
105117972
611657454
349755417
941023940
357147499
89990302
430797521
569653729
745355339
37199827
707419024
532618320
94810908
999219940
771807764
111801945
440555892
594863720
151839101
352168159
947521962
600794052
165276896
924167059
889955415
645409952
392304952
757329721
412343833
391566332
392785357
7556303
459989672
547409482
322123137
507525553
708214988
166361749
897563708
833679252
765835063
778046697
921433485
591388283
891460836
500004069
900129652
670129457
16233623
401252289
741627554
244497074
208464050
48740433
86844739
415508191
339670245
283153109
978359737
42595729
155854480
724109261
220205117
346499168
757939222
390790183
429178709
545981096
387481772
367856410
872937677
659769111
102634463
616689052
304263690
681864978
914785103
30699491
674409813
141568632
924909672
371874325
816495561
810206138
67518341
977633920
146440907
540466676
167025944
907650588
218428943
418105855
562325524
999218134
702880676
766898581
816523218
120510531
603850667
206027419
560292019
121327887
450950455
478225150
702770296
620282861
864160171
750613012
389482899
97459372
243985447
534810660
499089830
881185568
896817268
870063010
929576917
248032622
176058959
614727852
488368104
866586331
746216298
627048308
353267221
311762888
372173000
632921770
887651241
635660665
429956911
678489378
302799385
854217806
765660753
242815459
570147720
381220603
337478698
104195341
382950644
579557917
551644055
228155080
972080242
756975923
718833635
787110142
166690705
194235766
914018642
803112123
477510608
716226855
421520126
2118204
605933039
158274476
157110941
737240179
453902776
213910548
887698483
497291819
282547141
294392717
935371114
420149240
334960684
961844214
361338611
287763750
729490872
149043694
840278492
204826442
227466815
585231250
619378642
162101429
95067678
106544628
392329465
845403269
843956682
626559008
887140689
265013884
855892903
601063298
458574540
917650849
564622410
308101975
986820168
18502080
566249511
83747633
632572686
102167478
50828842
887655040
370145132
260092675
949972825
853302995
391092639
939574653
5334963
745040122
772299909
854165114
618742179
211132531
701256486
795000831
523857286
363657034
278485793
97522047
912494622
703817469
148933830
481937334
530584079
572713973
651490917
959264545
807356321
83732461
309835303
900696819
318397210
271763640
37455413
512077684
790646815
577510495
282094052
107195037
16827839
723628217
345744949
364672599
945320107
134559971
201273118
686844895
524928750
589140605
71882671
593216179
608704146
368583430
784824955
257728844
734451732
808247154
10170817
22955345
805882609
532990071
236245640
41446227
492424227
48278213
215716087
446760175
271365631
947358742
15196258
413640424
216225451
772613589
543926598
507909536
758979143
757853299
334766099
106031892
925504036
92563113
514143424
869034835
395682809
608964016
537683401
776339116
25296355
238718683
849933425
684538304
596460019
66509975
457647887
752395264
941276577
80106019
123729771
113564746
432631382
53103581
113386205
611922372
492316303
240955017
395751863
248268796
435607830
713039917
202974852
765843551
659416788
729714899
611373426
76192145
56621068
458786745
448206185
454118896
643813358
390487028
182827773
799949612
715880514
876195895
581818197
339396481
528216461
163961098
63274979
444580780
938807966
407164924
976365746
795302265
787449739
949491848
773471779
398394201
395810778
517547579
473600609
399597715
966912198
553402557
282211006
274483747
254462342
251633784
596228233
150446238
65803120
456575743
999313363
979112408
324708630
789945029
733641797
775879704
827854161
275396515
660399546
182168763
666212665
18993275
227685152
744002539
969762373
279122597
220342723
629928540
374908890
259813985
224777622
635789158
240807097
729407439
398669989
747077383
205524015
126110367
596422227
758656727
747938322
449788992
34824200
841427709
630623224
134974638
373894150
781454236
955107066
894924453
35004220
735271322
406612221
68453102
4814414
148882491
763834169
502669080
921380581
723154744
515001389
515462915
634223607
849862028
102333186
230318955
922419788
40700015
404202432
373619289
726291868
828092481
520136593
497362084
133216473
238244569
573335211
740533121
409208600
468668990
612332243
50262455
42912770
508495703
799712314
910475706
265369992
198972269
700603289
443850247
60957324
627824230
202431170
230152714
639750916
778647110
381480506
154643177
417458750
281184811
682525788
583606750
99963762
57853102
393846663
302816229
842280639
823329897
852653467
996206942
589876575
599241868
167154964
955348766
119947975
106768844
838338864
162938956
558986117
961542484
748057413
516245163
351191047
64259704
900175647
459841707
477063213
393180489
487530329
731997793
42330963
839784772
343561194
566363974
358739305
934685812
119121351
551434546
542094326
921841539
600261361
52115203
555812846
388714975
813714212
508414999
820434713
324559541
948082228
121262044
301897313
647499615
898851945
310930921
773136738
685047868
548284696
955649061
546506269
427925211
928771268
572778546
2478603
537491401
716274343
444983542
135648299
284603557
226923253
411984685
789903237
58445569
444126417
