210487954
798541862
566237145
140115180
424482345
996496704
387706565
630162641
902905593
694124781
988129256
840586323
970174068
296865169
553469608
449938718
471357928
728856476
133075140
484061321
189911043
380819399
193691579
314152770
860697851
868290108
782948500
238216936
909107698
802744424
919044602
515726604
21950318
41045130
972195661
424267087
17000333
146150794
687357088
771122172
662031245
231436761
336943243
26431276
885372053
685861160
489693575
39075770
590178653
714648182
126989814
45831439
258640459
816702619
513085969
643824706
933557476
916072185
315351790
34096111
687449281
853219014
14576198
227534245
773284688
685248999
911548418
380253395
904182445
309679193
202775995
65923495
591405071
677017723
682802286
259790653
353154339
651385618
503967107
47816245
363360875
202115030
287652131
175914770
463137534
157888114
617981526
867577672
456738315
777245670
88088093
33650692
579090448
768292921
846654010
726402778
116421908
858438070
942104105
729843535
80196617
546372512
674949986
850903551
712149424
939819745
23236290
30097325
875148295
520875407
452694105
2715087
696301744
769479773
962370126
412962410
55640573
619424035
243975399
91997632
12081708
739310694
429081794
825703211
12582869
357926681
905383832
753934592
18318385
783843784
213305404
492391663
430493286
77159796
996865423
413674276
848468352
951053675
815572351
71586461
504115992
972911530
558739886
449729182
876835137
713603207
334287920
688965860
328560763
154840727
76196450
367979282
682703799
838296135
905054128
679549022
518716972
919274204
827728467
941917592
980101251
864628317
157898031
333884953
993843886
222546503
945684990
148649421
25892071
738243444
326508865
875916776
719735282
946620376
80118154
400286628
632300345
879771152
781424933
157668075
511050973
160968298
691039521
174886812
59347017
551880231
489800916
56445375
291038538
74549385
6772034
659442291
547214250
364677179
338552120
387759251
474611335
541535159
28758703
692559977
169777670
725030667
633529695
672533544
921819993
220337622
400601755
95044293
355194693
728573806
572263800
950804319
67435059
175995754
155744348
59138092
535592319
819064242
71416878
655105193
316972895
828109822
145714941
187875562
486022445
768357161
519345682
781747807
385503251
846433895
183384385
485228377
588984267
402239432
17236963
952270313
435935085
169929896
361998835
16336029
453071174
249506429
32314174
833240148
47873770
896114691
565945200
488441849
134495132
228797801
750761373
242667771
415245690
54967078
638251911
699969525
264401621
954162267
989724804
44402662
350015136
155192335
371279301
574787811
622114246
118637256
462994458
610367502
719234250
533308019
144046204
968251131
536165095
803197750
207193443
719182719
25137207
176758208
175322458
129066240
823500574
369889613
718809401
896456599
977266298
470593685
69521257
576567780
843898584
151805106
166469241
464232240
197558748
318236886
20485250
229768979
44654306
666836299
619799948
991139480
746178846
100227854
680909679
465090247
191786886
451341101
670470135
608430807
633692481
225323734
874993721
318172157
219209506
49788685
372207329
941151612
254385651
811387945
109820164
591340114
382771792
888651059
228409451
130134693
148006845
258733776
290584432
63437459
256277273
241470876
514522487
820882870
418228278
564731054
343836678
618712774
954201829
14302151
413907061
525733446
977800057
158891535
881892600
676800786
533177907
525509614
569132026
411265753
619767824
388841941
330415900
458361247
462642940
978927546
880021669
898538369
243420748
673767616
979945047
626017512
995334806
519067641
772118299
391462366
341875803
351985289
580532760
465057101
979552334
688570165
697892099
511634599
627642637
214041203
655701282
111154255
647361089
706250403
189730556
261403775
751842147
103645522
84817942
988469698
174172026
151360315
619360259
83104497
519437640
583963886
404998273
90750262
774243523
194030924
921548708
285057235
402762624
443907535
775485306
260553587
405763152
548656373
925359460
831662953
813012323
522323161
875493515
795689848
691310154
61047003
673014346
559732339
880951487
312744516
576314736
837674026
875881067
520197692
788414670
186164899
394458864
220810167
980547111
434090243
468265990
440414809
919878293
556375880
997302330
747817259
283706268
550838001
635283154
619719092
675117843
213086121
418569470
430045734
928171462
175346321
36129636
950082030
607354799
696120522
297381182
815402505
570493445
504609177
110276935
54226069
211829147
28145640
512449574
409457929
697911452
596612299
330310898
855512413
600419655
847209146
988722330
574404461
193414623
207576380
392468375
384276274
274207658
971873243
464692988
965063559
294192717
237217979
261218366
759861529
502859545
497953320
354103306
330768177
563362598
977580376
45780106
580822287
265580033
816829985
913675793
374444196
172985715
827978269
55170068
843979272
62614715
514557484
753410218
212233831
286493444
267246574
957534647
608505256
918633264
24647954
850158635
409257721
73642757
268874916
207332821
505640059
820156332
929870642
419821745
517486719
832592469
694814656
903063425
109079730
464432671
440477609
320671254
161621632
852392450
393736514
820671328
231860768
403059175
12235267
299953272
461917489
437740211
826501862
949060248
760723560
543381756
174366234
849191168
964161070
490034535
242662005
31828687
332183590
758429877
568572481
494216018
765261779
636286170
485404865
111930308
295433957
895533371
519405938
320530764
715719071
36239940
397077228
422179889
43040774
592675989
961499880
969151189
571123289
52184975
172115062
249225144
93061771
549675252
482262917
716508113
192404127
264337054
514670898
192199221
335647191
335132263
297577822
211180765
738025666
184999864
981890223
258499635
220494420
186725256
463000212
37827640
328374099
734205910
569600119
97905176
151638249
894002736
374502163
327864026
249539239
129827613
887369694
313534304
859417070
315792443
965602158
977763422
799662029
459406476
365563363
276431770
474770547
729189703
475663462
715387529
495431927
621817888
779616596
870182061
404548566
955270593
669004316
693811761
769957964
274277980
17193705
839412122
538471340
192757127
61905959
596329936
969029392
736066941
128792084
806185302
452370291
387749231
957450642
63232216
285774192
280628089
445448538
653265760
203098563
960745780
473804180
162327308
18816951
582648521
442809883
339702013
353896077
727302037
246447458
930232921
777687216
649752706
855269589
738117013
479863576
828749963
339877686
855770583
200316080
921008548
533279175
555372413
664500845
533378837
818436826
777767464
3947330
132008675
105999692
677626759
707668832
785388913
314639588
358811745
815531187
797111079
229290174
6178821
763758018
238657380
155998192
413226144
565514927
127422460
198378578
128067808
396980448
744419956
236276773
443881144
444000418
957428518
174092359
24756991
672467682
144576820
245515781
755608946
629552281
184831846
900815226
885807736
357808893
785176241
52285749
371983996
529803906
163716191
562690805
325929650
723231784
114736276
504105680
744459594
108937397
572413701
288479155
415558571
343306231
384019717
406662334
255860729
883987054
917769203
477589353
982154707
846604404
273652610
299069773
577902871
348035110
822116366
838003993
979389179
612410973
606698778
871003949
297671363
759287784
825795846
605236708
271953237
965781342
725367785
101509321
155022002
310508403
706719811
579305093
346410232
514956819
557152525
468428427
44632877
531981261
174411328
886350837
276300461
347557909
938258339
480792250
298272425
182915087
33418112
436773093
346915721
471014267
822472185
9871704
721512840
493572145
897280015
877931534
375772705
75533917
194101034
209576671
948823073
795051762
827954117
123744371
604796311
552336932
221943640
850723524
332351946
260178450
3030332
375308082
170367577
421551537
606711035
347466777
57314015
732065184
119847142
160472506
352859599
306787112
665808978
938529678
361453100
671268963
752933255
803127588
817297322
742478344
830103558
675522755
504309420
954754269
577028125
594582787
314489206
255016730
614800924
721384923
115886234
61703885
114705591
869025351
778552029
779679658
479358705
981519156
635146699
86769934
315516428
17015088
567043307
1555770
304992593
97126108
433999614
694517596
510624856
331734777
690449569
728477200
224487986
38520434
942199054
251140408
227787597
673354570
165381850
113529292
393567177
326553988
400512110
82037968
368287708
222714581
506018038
264046624
425499120
219997207
918416744
644344065
795124100
590315164
316698366
227432625
362054628
4986359
157645229
670359466
234078449
557502444
573551262
556222315
752990582
764856377
335305600
954768452
365536062
646313688
555410411
40744156
715599266
282364239
630738735
96561472
876086234
394697316
758155482
455971601
245040338
792370339
808717809
851105054
816142558
749590098
743401104
106079348
677355046
807139652
19687969
878260128
125908100
836607804
454400446
69189705
522756523
179083324
24620542
401735088
184176899
818089582
865183848
530123646
350125078
53419767
758990446
424148958
375809600
681506290
744005028
208843673
460915764
729802354
702644398
495140931
303695216
36574
388830195
731082040
756156041
690102410
837918153
892535973
662845697
877964279
113231695
424235686
282702933
562582334
241742550
398231831
506533363
424097961
700613452
978178872
223045846
718154164
730971674
445076001
25111144
60833595
786797503
107637537
121688900
796889548
596531171
461039662
631874209
901151320
233162096
430287317
733507124
300876984
403953981
696858302
714134465
869802316
469539568
190564039
394471881
603270406
183740447
974036280
448098939
706022818
201525237
688194826
467092146
906526325
244234263
207058264
646865722
771191465
721664739
781942740
588794051
918438610
667408012
736600865
463133791
159682569
431123873
471643474
313531579
585877748
301346860
665084620
159446393
810747101
855926920
37246324
589396526
721852306
818928376
382032267
185779302
3814910
864214939
891503861
366257115
102675955
354458102
192790381
576458144
208855065
5204923
75912203
981025929
562125365
997243809
129707012
40729751
893044910
765824975
912111188
160239912
434337733
943907347
478361824
226248366
958893481
757337653
323320631
54909245
31028348
308555995
107498370
861397904
369106219
670695606
672372287
847314423
269042110
514333521
80285551
518290724
316351733
255927138
315841888
55051916
875868411
323374716
978990506
909532379
711838089
209394432
644851207
917029363
69356474
285276678
48957938
109923217
321084839
487063437
198241787
142589983
745878173
487825059
998957329
583291953
657542779
439034383
558894177
279671223
173858607
701198195
267545375
671749658
746806555
543531036
918366236
101401392
483928271
238580850
567230362
721167167
934031722
314053737
21252256
466187799
413632601
61391036
901912285
170864956
101157164
981878222
85618404
197007462
19889752
271735088
55852121
598888032
1952244
949591790
508123175
102351334
571615161
567128902
183098986
267642978
702028801
252852594
274612708
363721024
13039077
525523545
83019766
684972709
841070396
802326055
277046008
282436812
289599002
709016344
210956403
164509213
302785469
574737155
648055810
591998387
770150525
195916177
502192272
213702370
459997
986486376
228314107
746830012
613439779
168243816
22074067
493168820
59749702
42357274
208389076
400070427
389421603
303778909
883407254
929162287
781985690
988931331
519246707
775693390
903871378
977509516
421970016
73691349
332898946
642383023
11701083
903696120
64403339
361045672
143987095
87860496
716721947
69122903
250798258
725997624
283615401
247982145
118793027
924390924
21059808
313385241
275071252
967679064
147550987
358460875
362628326
24452086
902698761
297196909
956363555
442352629
959860056
69864461
852798290
215322206
325835731
956289245
974834398
39701660
22048312
728188734
27147487
322252567
124322445
226625357
102981191
249493097
863094771
262744660
579176726
707840901
54867992
408137226
346836021
104948691
241188007
457205283
369042821
577809331
443857034
23964429
805723543
277536557
914458723
261679825
989214796
255581326
663302535
111673538
76893323
345045211
691816714
758097751
786142527
167956039
410696578
298570643
413210127
383796558
53551160
189098908
30619973
490241145
386244523
248682152
708962071
735407103
976139396
800066046
174373706
154323209
793229452
918773577
111580572
312223455
945889553
840654610
976496738
717435877
801285339
346924801
19663467
641685195
624696868
55150364
894518975
182024522
407894441
423112981
870047444
696295734
974164298
650700479
861513596
948883277
63664636
846979342
411691023
49643618
791245260
621635057
814948874
873045926
343993994
334495881
903226057
649870625
73350197
817694651
539923341
358537981
695112206
311650807
904034750
259658391
350346452
427615481
907858604
802209814
585739662
833572490
97025761
825115190
177958716
814412968
44867541
377179427
808973252
246885636
925230164
226489673
799819212
75491086
43864403
19209054
429818085
446882472
677304471
732470762
239514512
401492183
746535956
807447302
51008360
489482618
59937326
841637565
691673047
937230505
383954215
453885912
46902588
172368508
472289383
976450790
517301407
677471353
554822269
267902955
744840856
372410811
876048034
236353022
586510165
607370505
650756781
834297788
914274799
533647954
901434521
420776953
61697964
770107430
49604927
258486066
352358887
242731479
853385234
769147854
924994818
317761817
869311941
244522473
491781223
969669544
969699593
123101137
672613714
908895991
413807965
604362976
223070147
304512341
686693880
189914097
90803084
316403804
745638716
245728943
606111584
769373848
58787360
231898064
443780619
682967275
882615331
905382048
180271408
323785245
978407361
823859462
865146831
493639
428470750
144941475
8597457
106231455
693324544
252925117
708533914
522208891
452894549
287212223
710886836
926865255
502265341
289389323
785803858
961490845
734934165
606170635
585848629
954490043
489068743
642318980
617762283
457639786
473095959
457725726
315755630
772615490
93031605
724024622
66639361
883896616
687877536
356821135
447596707
97597170
625920844
333595564
707318682
543181415
522016429
658512803
156085650
793548497
549730391
892585832
464048206
653077915
926249454
636485893
448427623
461097470
526937367
252260205
280913846
162897387
871649687
712715145
936854287
751379402
947699035
738740991
387988004
845886952
799220049
450543099
452163750
456460434
78510646
999223741
128301546
787356379
493904686
21544481
539776444
15884428
258886014
570743306
568478057
938566764
523279019
476750767
29775647
435269144
615827696
205035168
755824684
711652211
284819542
134225131
958474100
201960868
735477991
787380341
853169009
749596541
924643285
397700137
566789985
146843507
865843538
806850716
982090442
670469314
178317773
352366448
692673944
66114284
487659116
342805768
590101212
320339008
15893376
519616703
36486456
9502381
801895333
99414938
474544327
691899299
310559016
679109240
726407995
277451818
506148591
980760755
741080480
282940005
496745508
161553497
529353961
302178096
191277335
365915094
73720050
360518197
526776501
841900759
852128314
955170146
790896350
536228997
82872248
159339452
386206707
977157499
384951614
25278743
563285173
546150182
776763937
695473377
878104006
603013301
178344845
953888799
632891339
516063155
848794719
980986530
877011515
179858492
153552488
75568286
178455980
921020566
920608879
110636153
220409817
684567809
73840487
64539799
780642648
765232921
837032128
484009523
373560930
744695242
660840009
656200747
189480103
715732350
10721590
630075587
52353800
259321577
570588143
296957686
29940384
170457867
972626044
707850119
653158615
109105407
422398315
142569294
708159336
724505466
28822052
35210933
526266871
488384584
59239694
997615982
444348092
431023208
163105082
171021874
994979549
470012454
371962505
64914119
670986853
606769376
936893390
65035392
53447261
820213874
899554290
827477637
113008160
393147427
825485552
140426708
209538359
943405975
998380811
799577857
870532587
661028786
716428837
660180066
800315112
554335935
67169057
505163335
397606889
15686016
36434388
321035360
251408631
682273660
273477469
592283438
469206318
475320746
45230829
777798840
308981979
395656484
786509735
487508167
385689256
161035397
981933080
317981143
349742886
318615081
301252787
997115011
557078332
284575822
639915351
773076107
204967474
206255007
230317845
809652119
10196665
500221515
939842036
723174376
738601309
969815596
444370611
573580916
168588009
844558520
76656191
950493346
437556577
904772827
341632966
62675407
274635499
852032443
410189540
950277095
798761897
972004311
166679605
758351277
667569652
138704039
786045645
989497247
565963246
331258047
864159018
173509579
308457883
880097781
347448386
626612140
458677536
29489704
32991460
529408133
663376360
430903219
653327733
90522484
356011822
784270890
618599071
402864191
287262016
41660513
423208284
363056059
891535538
878354907
568715338
238897243
550228866
694113956
579250315
509381946
370604836
511436160
510953009
94031527
788014448
279086
432874550
98806730
307307482
820249241
793966631
208886668
257178183
952605424
2336924
946573613
275285866
369640620
755649190
778471533
774423079
481332249
827769056
194423389
632602440
161597708
647118798
147057646
789890035
333059688
479865648
487189185
137605300
535646021
432495657
705255479
940345074
973627831
490871217
182704526
268884700
523571065
318879302
708907973
378301400
583395038
789317332
703434529
669781893
443227680
735763826
327307775
211835455
34469901
134824064
952504180
388768067
265547962
876150081
73536269
167215919
428268704
898337700
783924550
80188409
585723544
701928527
422075435
857836444
330570512
138045559
877403346
737993285
774141767
518773885
556076052
273011998
931905848
768841825
676587024
103342249
339743196
918406007
430328283
289148846
926745080
438946747
193686875
601850970
364623466
645936051
397656275
98182295
414551668
65292804
821212077
841986904
243107201
634659657
655176368
91930668
17771802
646338233
447543332
771828264
997551109
863668931
220863912
104695436
985282309
215496778
137520323
763939159
529832663
275660692
85985423
978975036
857694541
67574650
414089176
837075179
582970696
654573319
962444595
458136985
838881258
78712979
522334948
534415453
298423540
202366969
437885200
659432569
715498378
724002569
321480075
448675053
68460665
605231951
289237084
132147907
170070635
588983944
642697062
228262920
469872301
739485542
965731549
158819390
415155957
17413547
569370509
785141035
60130392
586877044
487194003
179165111
905469279
436338526
140472731
681343332
456668875
719530746
310115475
319453869
517045472
781182708
218484815
538366950
801165811
131847518
291293081
794910118
897823615
431548436
375153300
613781392
986853831
170326211
829304991
935753624
223033056
630126238
648459008
835689606
545192544
108096542
642112548
564987637
660581299
783040794
998178279
603750691
729223090
496599622
653747454
641584559
238736237
172380989
90771004
218710620
16758217
729280567
498530827
840991401
472032217
164630262
702061936
190680110
897503065
496345500
17727335
598844
51571603
330539177
360957896
465727247
849548590
107955626
150922864
466820826
119043326
192742027
165138837
348935171
895956588
181782974
427713331
124353999
225721261
170639877
221502323
811438093
467381670
431745947
256391758
345581308
423699440
548657955
664997971
688775101
168232245
179569637
164282049
322145733
440724381
811924831
191207285
131602417
243197608
622946432
710588617
421004490
161536037
934612159
826117786
412745928
596663549
301031066
441933777
587162130
293952965
597687998
32405495
233392430
89176330
300895572
570485958
616862989
345291420
662113994
400379115
972279116
895579635
798625995
95061538
118694510
719681066
70812922
250126142
303094081
182724414
304642013
958810465
102754460
252976709
966476557
8215798
369371274
386089924
151758876
822559165
760051033
685213692
600451847
522168514
482314826
592615029
349960512
529952613
451094643
243335080
443729666
792280873
497197483
822442961
563111540
487687182
913219850
518016480
913725469
71855453
410351729
536269232
631568834
288668523
39730674
334165724
147034687
969263268
653078930
578795078
339665128
765628442
352233597
587766503
463687662
588864185
190264300
624522749
579233932
887069165
10896093
768775527
849243216
367220162
760935052
331699984
471780551
703652845
764993635
375517339
160298350
626320231
450384538
491501212
698462908
84559116
485466425
451489629
554506947
227147415
613433151
117210973
173097719
910093606
227278442
989899168
43102257
10000622
995580515
249873374
103580242
759104710
568127788
123134598
744533077
165771680
756474262
237659856
257386097
70310831
30434376
923747614
723511852
328010765
929897665
332090247
627313964
250872965
721454832
646539312
551394815
567721013
104965766
194997074
113095700
294497754
949665978
53071731
192471085
508150642
925538478
609888528
775088266
997541520
336254288
532511817
9696261
221583252
286694533
412483609
484671397
987471027
252586335
961736154
944011467
313821658
869671530
67915315
543163012
49029466
509497779
70239414
99894697
34690051
621666204
156505700
610817224
642689501
822875067
630266853
135193091
394874650
576535672
120143996
32411231
266198102
68239327
252031427
468553395
733787986
945258310
753673048
293365822
49899518
34310922
345471309
330375264
902211354
515872119
257688712
144279150
639943626
492049283
985877869
3488764
422296173
510370111
97924805
617327238
516471700
938878975
766139047
762271209
187801119
570005253
730747073
399766305
512970249
917415787
872690383
465641816
410899127
158905937
908516787
487848981
53511200
380376252
11901278
557091783
523356217
69852204
129048507
951062763
442298359
81467932
463907367
186653461
56557892
561773686
498881924
725657527
725521152
181856198
763260907
340858689
409576398
512194740
794146555
370356611
914596186
751002885
515614983
46982392
260863062
100629912
787447354
106718277
412221908
746033057
983315191
698782699
925196416
30602931
535838004
461023653
548343025
994546842
980218065
743079020
222659657
291303397
224935782
239421180
510953909
175575459
426985992
661430595
763988867
882856219
452306499
352232022
643016402
46934076
514207704
739423593
940838449
546746378
910011043
946925889
980952990
28215126
375726172
414398281
799854883
326243192
571576165
180858264
587419137
363737246
585174484
886867096
381365088
997132543
969677968
275468609
773135136
823926689
748555094
600874279
435880988
734844814
486685328
782123442
214302886
431103261
332571140
937713823
102609842
258744940
618243166
773341132
815641070
422608600
706947420
28274210
968130573
809637378
847867657
282233830
259891867
627221053
440293467
843465770
384058941
912295091
797484951
990010621
741247272
273215115
782537126
630313118
981802189
425627487
80335798
684320699
772503206
544798500
716710733
138147174
69814437
360522098
356950762
842398561
858151503
637682850
275577362
75459507
367848861
477980231
193730218
912241501
972178922
980600192
32317324
849745920
813125513
712900575
474166470
349006
752988253
548329920
439632079
539203569
605921332
423978400
301189964
530041256
671784495
515838359
601336084
756884192
348650217
601499235
992435533
432799381
826305034
389355034
893891026
566158228
796744621
384910683
838937640
296335262
784276139
21236038
444453483
224190807
701531056
842821491
429370062
970196350
996476179
646970867
906637759
941919111
35627737
215966750
571863578
936490485
84340032
556928192
9287967
472443646
55864497
217755834
416279963
519502983
268053859
850667997
214329207
591031208
540235034
414762933
509466581
139504984
899579298
2736458
481501500
346074968
651924869
614084017
986912746
782252140
583443500
726725532
968455390
11219657
831621267
488048580
41452504
411860041
33742628
28880679
201132114
819109920
669502638
255085553
179749242
650368855
120730552
646214313
929551154
938058870
495295973
843565455
528891642
170334331
42246888
410550922
365889154
507434175
784197373
143183191
833029371
220966440
332143444
381614244
941942338
297025258
484349521
521395286
416254646
814929803
940543296
79651027
22362857
250369921
527682011
659657129
60456692
704961988
154523492
274658464
491687002
782945361
839766599
733312695
61965251
388870251
738147801
694077086
993133908
2373959
802892487
826575009
318339150
166236652
690249656
192395551
369356651
778700194
216050490
953010235
56842691
585748806
453934022
393318321
937121104
495437812
448854915
425139109
667164565
664293409
719787572
957903660
782722965
738880474
965891472
641273669
739486215
557325777
564870065
57380713
778444287
68585215
723039656
294438020
233855286
247194359
904895810
834645096
78996948
545940541
350273803
190141186
805366096
711771829
564247794
951931460
366320748
930427263
142340996
724711343
312058172
57418637
624685413
88752878
139669631
574224114
8040384
413704588
827339746
980612162
385398144
608182500
269840712
404762743
911630084
321989247
387583101
605773971
905707938
285486634
710339990
909396620
576167407
891662746
691123468
2004709
565264734
591996880
930763178
340474240
503897280
164482789
589834510
346705539
976626260
399387404
79685049
307155346
164642581
934728657
530978348
393577650
256348432
682811700
897459994
730135819
487696969
414994387
949865716
420147735
124973041
700941271
501444898
465442483
773774562
184636602
292509081
118247237
107695120
555862304
474346889
165015577
741764538
311828532
986496949
270946038
277415279
456105488
943957280
452284404
706523409
723571420
350938048
522918031
418469994
54193790
130819531
491164942
70941291
240734289
548102027
430242604
556217218
943879168
901312161
326079862
363943022
928774939
1667887
913760303
792148109
277484471
488001162
238328500
183862224
932302693
438923871
31100497
726543809
984538175
225479210
851700508
696857146
283712480
231904955
602640300
369378717
606058416
415212015
624159054
40646500
510486918
461749677
650545212
262774710
336236866
152849150
741204487
485283834
583661337
513728013
769617747
612285256
78266302
230879095
369798066
736689771
940249367
85991822
750783591
713375737
300118508
889884343
277118953
676130204
808982646
595605211
414240214
857467837
3036647
284985029
264279090
203742211
921307551
914818417
816869197
458589469
160729833
976426554
980252416
993706575
687822567
162919054
765321712
576256620
293035279
771080944
919426619
594348318
178914969
851048430
719896181
800932822
168839441
390220241
395381270
645097399
316435287
877029489
898137870
460611223
155745038
23138823
538205249
697180051
811616344
441615436
53657957
413646767
249765318
360471920
138312034
230806717
589724679
582249480
391933753
391286935
75947123
447253308
468068741
840712951
340739437
924186872
942186780
818286749
191120889
859773952
709765307
174068051
515851360
148977342
736400746
504094815
127079883
375418051
42945512
479263144
734866892
694452228
813199232
195266114
102180622
1253978
568450151
210675679
717049678
383552838
334413496
160339673
872509793
845209543
244415019
776906929
424849980
555014081
16364722
444571590
739546032
790376031
9927168
980473323
101525089
573875066
289148446
868557196
616281344
642991579
348357755
198876511
921186187
895052504
817276512
701399212
313303043
979751351
200824041
410000380
666291724
26580576
39054214
545445332
433637321
926153165
68083861
833646073
747566729
747247204
564315181
236052144
94994779
636290236
4393921
661946801
86545124
513217497
554560858
336377149
113565553
642480263
746684993
566637940
582204123
237942768
640128232
340810000
346873970
803194035
84555182
340406678
186517357
495300258
468267188
72180551
320299845
60532437
268011406
377482661
612066473
746307455
449707529
228935516
491025578
725080327
267604671
63165512
686978071
733878233
927732631
171048963
557176675
310202939
160345437
484097582
649001728
739293746
170782139
493422802
162310674
427002126
642835815
372086671
314411529
772847456
608153492
921430233
466075818
912732043
732585985
689438360
120126306
964639552
65408385
743442809
176695498
898305843
916655527
485864810
592184631
581484256
881768080
535631277
621958569
659115625
342875273
929039431
516045568
749385698
128385486
427037427
613049078
776423952
365183227
751349153
828653558
52249892
410865682
34121792
596151104
643672541
180042129
73780764
399190330
707811646
825305125
488422247
985806720
804312257
532067846
840331676
971505541
760777891
544952789
448611013
84408938
46940774
205529808
31669799
785312076
42214653
489365777
961202287
411418600
440291188
900156900
415216508
764633947
234371731
835540979
16420333
966426506
509288761
671087632
258744961
362052812
296083154
794325297
880138919
765489631
199782793
658125764
141257539
442697066
113003046
258611889
713688018
261023208
142299006
686459115
771381490
875589542
918408411
298339618
445973960
63533699
468173880
226257698
863892525
849025355
953121779
12927437
438721496
427476736
384506271
655885868
183997987
11605389
426240390
495210280
291371570
427252590
972245168
92727642
316908111
793867785
444905692
112187829
182402562
309311541
250875299
207725763
328318357
80998262
706812453
396402381
664102071
734847053
586147085
373733565
657048077
621417376
274187589
862587773
298778007
217940703
316492078
960581948
436889650
638189709
72418106
695695078
251211310
606319177
834460127
356659242
114603508
265220628
387098413
680236439
167032540
243317313
599539142
150665570
744540142
165473406
158546931
319410842
542298290
320293076
354769541
972889620
498247025
367630470
828136622
229575880
642503921
740226277
816287492
467257515
242563155
893815860
84120266
652664398
351569192
600625650
839873959
493126883
274976358
637780400
75372364
155101962
697226649
319254671
49951447
899086669
914102609
485957716
626203780
818924768
615416458
56311800
482387567
804301556
255959377
648504284
371925405
938892050
500120703
438324108
58478802
594804280
45791899
956071314
190911095
490927646
790924253
353591564
854471327
310485600
24825893
306076755
372727155
708525266
759495963
159549880
480268273
869736455
727256418
581018076
93808099
164359987
689362704
978050791
44056878
359033208
458702778
448021856
418517492
615671715
413306023
60170195
608518103
875209670
294548907
748475073
159835750
577057914
11651277
579735481
515588211
716164969
424758334
822896382
325561537
146303261
445255107
84786837
944923929
608171380
52390814
289576113
936599043
34043843
645234470
508756303
530967509
284527256
149298069
64440805
196166403
150291098
836185903
966898495
48237451
544390042
240346409
537937956
616446186
764397450
878060354
167519336
612980848
955312785
470886242
966210389
863090024
239384449
648917144
165072451
250199572
117214926
215019507
775757578
640783277
687199073
194021476
524870528
711991860
69639014
758796045
905404395
102202658
37862622
643227
406635793
663094188
797000054
980321994
717109923
267328642
56788565
485233235
980482441
144521461
47632801
238536363
960625334
701049767
365929472
898642512
994039869
376030293
916325750
114084132
661709908
918663709
973946258
357492173
58733306
171385202
32575522
95252262
218717201
587764641
560115852
84855587
873451197
896332732
702257366
760758201
172533364
784847213
988302807
610422987
17105897
57910321
541618581
746206101
28556929
884813171
831380192
263964119
568665733
61073287
827387378
829975596
937892852
686525332
765865349
483714139
264978664
441000896
750805245
140532934
911436719
545972087
719854354
810734040
830829216
553438040
318051329
920897209
95525695
107213243
464072977
265339934
836918802
14348585
338468471
73540919
615206627
380957033
36514456
250975683
319729359
942826312
47009549
380178083
329774918
721080390
176920024
577754847
166023862
278266613
521422548
741856145
276704558
210612390
368797454
547177711
239386437
70455077
715042672
460932284
968471985
587532099
876736572
789733101
545007282
615611843
320778492
61129251
509097980
940389892
139235614
713039113
127198564
55223303
937326319
892553181
603886096
873245865
565963198
718727035
909759068
184246485
483104669
522080807
35310570
716593575
24429675
318898692
304974336
354162469
209440555
276412017
680159641
467317565
123257181
237163226
670057255
250137647
462311277
851959961
132273009
119614212
937087993
9770841
878941656
81736505
893267328
46114281
550765207
229245896
116548044
9269789
286154504
267030326
10551070
549232989
810301957
924533159
25659465
311148427
321288892
688789134
293691216
466081027
40232411
111141343
551656953
989888291
112381896
647329938
708921635
574322550
265674738
283312071
289552747
893085940
685201918
235153149
187139377
722710341
925829003
158050406
715789674
132272547
380789704
765930359
175236184
879149506
42142887
378678449
636626338
695346508
235635199
402127155
570440074
246420278
691688157
71798398
644261694
561504952
842796655
178034955
838319047
124431449
316304262
828627322
703736579
492261239
26596135
750623741
148278563
885833700
794722027
507444948
287459448
314190908
407443128
695410279
435051584
164257223
956669983
621185158
340614715
698742196
27749559
783595148
367665047
354660030
257326345
240356684
936425072
56894054
605848659
372638124
731793959
251828383
92249807
869966914
579005966
644200394
326576577
526688883
130399152
968478590
688650565
765470737
219379845
358950812
491566909
707757378
654197916
362181909
452013974
986523866
608484681
668568371
817691141
778028269
48176162
211659174
435633155
129105394
903975590
120455275
850636788
132628638
47011022
203947972
126071970
816869079
728187354
842149966
886250304
444565390
50376130
554196470
598224584
934486725
745452345
75950088
264648659
828867979
303028232
886133649
786320948
297960145
167719460
935857158
272779312
615664341
969520379
598665222
424693410
974472239
221448728
429665995
161483340
474388420
517306132
899831543
137604843
551315224
314272707
409339425
151526976
742068002
821908344
894003728
776365749
157590140
611122591
912632974
868761356
867648219
950063311
263114740
43146358
293751285
791735662
569027880
899488488
569165751
715086882
916675112
992256543
907972206
322463639
501809176
26736137
317269568
459277035
780696640
794965216
373389880
369972952
675954016
538497078
773280880
122813745
975297399
525174593
429727790
325428005
872486301
60286065
358561636
330449780
731335967
373483670
974104152
271827889
10572750
445391239
934734770
898357799
565696014
121895539
383506781
315063206
729412544
590670334
701838222
585816357
614309561
117327028
452819006
515439446
221682632
89216653
448411889
362757232
64518795
356782543
456267848
72436367
572857776
965377998
910453650
231447072
983796862
466424980
105162485
765298862
457933604
205718473
604254376
202457660
602069164
357799607
303891080
226553369
409927902
587586130
916372826
646357658
513094458
879892017
511301883
361511593
617337925
463050804
853182356
54720845
311628734
519716438
369845062
928779088
742221563
43048176
934671821
632948357
228365325
718376660
823032345
949781387
221655810
24569502
352652464
90674812
583660756
483070342
533071435
492140572
601411002
923746887
357364867
297865797
196789352
313971506
822538490
211786236
145928963
832754257
40980837
924492871
532310192
911105909
670511529
775013547
944338637
612201917
535669962
975371146
916725433
146467651
508476875
300101755
587555943
396173911
448861722
739674509
192938394
888885486
579441777
725563820
83635133
435825530
61773321
107296252
117240042
155703964
136330613
28236259
359284901
710829957
454601561
683697447
905560393
451378594
516659637
836244428
957013536
472482530
447691328
381809111
130698618
966036953
187539054
391956341
925204944
467247607
84185140
211573101
778734209
730922083
572292136
127068780
765010348
261701679
136314460
805376640
651456063
187409896
475882842
844524619
510811648
408132545
191168676
222827125
144306671
242206908
921213850
177727958
330211354
610396489
121900279
957115855
819872354
845446846
235024764
976845836
953923113
649789508
457542587
360528289
997557287
544113042
253802314
559732589
798635431
267117246
275715939
943067785
772699948
44232866
150248593
237027434
603987831
278130509
731444446
909839127
849184733
927366905
870928526
32050065
839490146
693993495
810192336
223349249
375442120
250836936
441168502
515536300
446414720
356768463
75963312
240010184
58847950
707787123
849476043
27981772
489812507
182489123
986618277
303791273
70414199
727643323
848114719
787318622
17306015
508335468
89338147
45414443
783845260
14232266
784687493
691436840
658832416
881388586
594992593
631730517
238866854
710343980
494656755
339070855
4684453
834301261
360919261
545821757
106674325
937175599
658277613
25123073
997661107
259140896
1130603
811747514
390332960
977924190
436038376
264767748
833623142
594644346
863702447
976870834
668852473
332257236
84812199
395921305
675468925
743786324
99590561
992451323
223842164
932415731
780798352
395281340
290181214
302295264
583496184
509609885
273933788
993350702
259221747
563459673
940543402
453299444
147788937
789703078
191548356
240284061
836338586
107739236
574816511
394819525
375616624
502835462
99908120
88973637
141285403
698514974
512367781
677931615
284749466
493523017
479571839
864138200
862739132
130665961
442636402
286754273
507559722
492253466
714559568
688862748
638275445
959931084
854123186
402344360
500179642
741074047
55002279
535796647
336614922
883911172
205559481
91314569
577401618
89536745
761065973
866959813
924151469
708844250
727007926
682098024
7387798
344260642
527820046
200755428
426485508
360736517
322065432
492452633
335072782
129369058
741769744
21576591
865732597
111164003
471624990
896130252
332859326
490816730
996258120
515118518
123881219
394986843
906752396
368716887
911848296
698481165
316725778
944505393
429939198
664676208
338069245
112024704
885236698
252094155
112537148
355973391
371927385
7769732
951142915
375224825
906229574
979596861
406184639
820814989
592604904
572118325
150897187
236718783
345576357
701025456
278087679
332268764
313060683
742107888
65101319
331222802
977482999
614026077
469031782
174602135
711002983
69729532
74565469
761151049
726100715
714971722
192117624
621765887
930369582
298464686
750825256
281725695
628890722
528724715
33007725
573671354
919790988
893836619
958423833
584124388
944923543
519468482
946656614
930492070
297786031
807620737
881474017
128389969
488012085
224993689
828758811
74023455
258247235
129207865
442670869
39151017
731631688
861851746
488906202
388443344
878939231
696792155
119222141
311842003
565878520
956381593
873578898
366088728
217564362
948595194
388264794
614921463
702383361
866838788
546476565
297674954
917074589
346167615
396012984
668672213
443665633
248876276
576284869
290152587
889099577
660429656
343841290
474983524
358877447
455502134
749730931
773804235
839442252
113321014
710569369
241913673
276950520
565306990
531551256
53759140
418944802
682109861
929607848
556462450
336353938
699883990
106659385
234741251
962818804
11059114
498110693
419390760
434130274
358362232
972324628
956817141
744191710
854255087
598926949
986301517
774645188
832431584
763696730
528975140
283272029
863766231
226396420
724256479
900737137
723986402
506922789
286132745
287519064
302542393
498454486
827986550
377208476
538168617
174678772
612168805
375171970
167665069
4917893
341364128
110213470
372030174
161514312
857572376
472859196
709101779
7969177
46435974
546791984
522020913
154594104
287301404
998325343
521642824
224374558
513255535
867962328
28685852
595732732
899609408
750297154
306793175
804897320
478621230
325596980
697135434
911269258
760130280
777035693
724565793
519537798
579605452
665757273
374863772
117478679
43409127
135718246
730772082
236860929
338815501
911665376
492376144
978818429
534465864
985798821
4112600
504856624
474268624
271522513
446744706
75003032
997513145
407591091
591118335
259725640
907070481
16332824
756452076
966913150
648066453
557051784
841104812
217962097
84151592
289856550
558629516
70730418
423204366
94816442
946160388
89116782
786311924
773487262
690191904
631404499
119174309
345773584
320074161
510334977
205815701
514643834
546105830
936572774
469444824
403895107
654462049
131167337
703861243
624209489
489838883
409208393
785335151
461364669
464925435
654849819
331325472
303717099
269495337
797897006
465901236
334447498
171623723
803268468
860304322
39982551
285301770
598345377
639449382
673401607
215746306
405492640
287193736
931004624
513940721
614138079
202934350
215122939
760342172
633255109
902899421
293395916
316869827
249915906
622257133
392436863
389860546
195758376
436224171
700828441
342440414
179887867
449543981
307557493
180242043
276298739
551559037
750017798
194111518
803700572
268318289
915746724
329297698
624904655
971444844
690640390
153892332
4287297
942830898
420687822
950673064
743229689
55511471
288656551
103330082
897700519
396677074
332621966
688831567
21441426
956625315
830784709
429298200
432297508
388916482
352954664
600584984
852580150
162115111
15626379
891391638
851367617
230218969
97451140
337428559
223034282
595978265
167178832
621095950
823033819
752094732
541294842
277409631
714689992
633631893
419899571
867517944
25693842
550082591
518086107
42948113
294178444
813581265
830508657
660065604
859956978
972268875
785690101
350294527
878505340
666439671
629814349
45160585
726384589
605631272
644417970
632493259
454270692
160458747
298651663
961349700
438436255
968154167
326568057
579575354
902570321
913708723
586400603
524225618
177333954
495131412
316281889
407335815
562496607
706483592
584846549
402478730
932842787
783302841
699037400
347698184
216009267
637388523
698341560
38761401
490317962
650007967
408565623
237168623
718949416
913485098
125015576
313502804
122300611
603644235
859709846
501446855
698425217
68521135
818979407
579021656
246421124
260358613
3376777
479491194
430513043
768373339
250113429
993133284
571360796
310944801
63869710
501407074
730090680
180983436
489759975
98285527
152340023
467196148
486720497
80246510
26524796
528760559
759679103
779903573
228549330
107901768
158600918
506614720
175757281
195978171
4922670
474258567
678873752
32128709
466781201
661512766
338207908
984293025
738889689
389028902
306809869
965882577
709699639
171499681
818068572
904747393
915334714
551220812
532610193
745439637
612028619
875927290
567723603
900426178
546360250
297431516
638381978
927503216
210986975
187235459
47657442
890387614
122394545
628014825
77350190
475385726
300745882
745019496
522692330
794900955
422352455
448219182
367626078
330522688
905388738
710602912
68137566
584479901
35240501
258996065
101347819
960232845
663140911
510288940
444100405
815369959
465233221
643618257
441063969
680369356
933695948
583043403
844432249
253975353
780431961
432810279
549794303
405144706
168205724
734983035
665696269
481798610
618588781
839829954
444506455
708449668
955449301
209766622
583179102
305147921
230236584
785003984
383308162
339438445
540841382
849351657
840427097
866451739
287211065
989311594
744433303
475468898
175583420
253795011
128456238
661366335
792574403
581953894
32499053
667395027
94988953
538506606
828554333
641930701
912411924
556991053
632674133
441964051
157581773
679188667
65825650
533337228
420463958
588463024
605360552
382424261
307102364
225548315
745032765
854518724
493302377
832319640
628195154
325147884
735410117
749279527
817265397
552106060
384620721
984364350
31293669
52342463
567704227
671054463
880653649
617953177
480040705
794765109
545687516
491524613
62323770
209838930
80644664
308949279
877013840
978081295
759401963
447244311
834917475
790864033
917112509
58004391
40474178
996230046
642360897
565149843
215964329
701103664
148207372
710954879
249659690
362698467
649598642
613839015
525892004
351636084
391287998
167464397
938090917
386160533
143748757
607346458
568911421
542940967
400790061
474424653
617837605
992190803
75860015
265213784
866379896
137347754
502607118
880024447
536216811
632305322
491004671
321992779
519165662
841159959
383494294
395560940
138913021
13596163
175498883
453856480
261217135
492709602
819048294
720500268
434649591
965914963
519736008
627629420
963550570
632056624
240702566
772096267
408788971
157484845
593530149
80973675
395246684
278614224
139102620
692660896
879543952
102950871
164156600
946998310
513952204
621850976
338861964
787450441
576029761
738096748
558655917
269388950
947222600
644822794
281003125
674147770
325094177
712446057
878183219
270713319
500343063
933785393
929670774
438848314
920849136
710675834
189626127
978696327
549099951
212868549
113638007
96305214
972351873
270807693
242334118
496857834
849381013
360652075
255203913
561250228
294881408
391957937
310032513
852152660
778951059
155254525
78273952
116716211
658676890
560071325
762525605
22297580
969693652
574753235
488531406
557728734
298842804
848041804
574433012
971835349
888795388
688584318
455605985
390068475
632173757
97630979
25035533
194418263
599798825
949699944
730499321
273594095
119784666
462374877
624191792
619743838
131685436
167301301
535495149
632398612
544467673
437691195
377157950
325082147
513216596
513465042
92276988
19967604
44624155
844909617
974762144
106997017
244087475
607742632
310873891
788862677
438116437
32915621
6303066
245539615
238034451
450945413
594282716
599847391
676675646
164494059
153887412
298635148
22610804
94665752
124065250
842318242
366210758
839188851
935082451
265263285
3092335
106157687
827326721
35203068
396493368
294635828
1030778
611146405
161961252
990130864
582219474
282913386
262055066
477291553
184883527
940767597
248840855
895014902
259435759
986164251
476862643
278663761
509265746
321816295
872738581
46886241
359642358
193438028
514363028
210113470
40248821
121067166
914153539
165334502
563339109
950327544
43670157
116181337
754504767
356042816
358928392
986152019
667599148
447345195
471215288
637300791
513196891
972167467
619816972
223063469
40806413
760924156
572085458
836967624
550197379
674095146
704266956
419933968
282187722
28824093
230857063
441866626
628727579
458664902
266847690
33619951
50790275
640307040
714578365
578440280
107253965
57388229
360244036
234003156
375598414
317060357
886425728
839007741
511646654
891447749
551761569
633702247
880640984
455826858
629625524
148799005
425747220
70972229
460078612
96392641
675805650
253816089
669399488
917808718
103323347
343518646
965636607
419871346
898046289
650609689
64249407
138760638
691344094
645366218
118808314
758535086
684702771
108035456
530725300
156872320
887617533
531533539
208209478
917534172
447171508
253616648
50747087
984323751
320508400
377820661
506421849
16112287
895087200
273660222
552223152
772012322
279232129
683275472
227497621
730729889
825750533
770562479
351913797
59875431
24412069
891609713
546302211
228929094
889868825
136127385
497578087
84672270
220119944
781231415
683920359
751847663
602568194
701872985
493320221
980538538
901429024
113841657
141941080
930216446
782668867
897689941
235617795
466423635
564109890
315816631
976140704
819647747
411365099
51043383
310594049
585226023
414068365
526753804
297578305
2912941
768380619
387572718
860251951
860407073
656803904
604020200
855803494
817847601
740302044
98395136
567950658
229868144
132967064
35885025
878264594
142404748
854612094
748454626
889273676
751961273
969434569
931689312
289685730
765895470
832453549
16722271
420593074
181826187
549688199
132277871
965835312
848468512
497323271
753405111
648186946
758437330
58423117
797962987
918390652
627420530
473348099
187401985
202281610
877420345
710208139
325204726
717042666
382731272
172057631
684062507
745405189
394739396
563959249
758142
947465854
120203744
969106051
649920432
926215430
231272344
438432078
713111677
449421057
101369326
51635385
968004151
482821739
690141735
700486747
757511491
989144715
173319351
83506053
884778761
897020244
898284021
385972005
456910694
951365108
289345131
785440484
744129143
459834097
3698862
436633920
605284238
739328446
173290748
345113120
64659775
808021867
192764257
259782946
959487793
220844132
927087116
955243232
902395929
70639300
200630754
158553442
612236167
393879849
314031902
817250193
209472783
612688502
795081118
143708356
454625769
164537534
373386360
304863883
888748407
432757873
592186996
536955437
938658722
618792993
989699792
713813698
650909968
689837592
977474837
502624845
486690686
511534000
398227716
780591756
202180836
278788228
513648436
503036128
962758846
411577638
324735183
141274799
394942635
162534670
484108042
947261665
485386255
916616646
457231430
825112865
258393322
160272453
354746022
832994423
824817982
437729958
101416201
972415433
436459881
544934350
17863506
247965331
940061764
419529166
193419829
617161012
756473289
147951190
96590674
150000680
882648620
598149660
891974583
774453425
131241919
895595469
311598666
670424435
176161934
674409416
837497895
212228483
399454397
867238852
854066220
755842631
260373888
164118058
403744136
999561006
583333410
495441137
845696542
525100965
74028358
609688343
386824207
518356833
119886197
662892928
277139035
732818732
978211554
427464569
425529141
30080618
817396931
987624803
587084577
448282849
241318333
717957985
502823367
752405803
413781059
234934261
677836790
424619311
522121378
628691821
59555810
801032371
235184606
798328810
84183352
355147464
80355266
504034644
37900643
968578943
74135869
86539805
979347393
315669271
443159800
137494981
449599700
71886013
773585248
73502390
582783394
374818439
567468812
610535051
20627506
619876042
948756464
346722604
529354601
148676502
289517417
682336013
173753715
787482874
978173380
979699626
408393086
694151499
322919748
10106475
827894458
669437492
654064680
257467735
535290221
118524618
48926511
209561083
661710016
329710168
480081366
509660748
935673033
676781861
74630752
165472287
368147630
650435967
182696572
285970919
120141315
870600765
408546975
901382655
774099704
446698482
169479054
411677719
94762459
966534184
238651775
701246032
956835954
482098290
472561360
460521824
305097412
464479482
3276826
182074308
628142704
384258588
80072430
67889281
451323275
858263048
23913449
749411711
31276068
98279956
618161389
602532515
259298827
975067327
167097209
118412498
741825491
224498083
182251393
957274368
603825247
383557032
891434076
16474853
6378583
822987144
359760380
82629943
205067083
137715288
289166509
734651650
543083092
848623571
311723213
391121697
858433600
510367216
476354607
868584864
895611480
292651283
80052968
983813222
585921014
772659244
863891585
536732954
78231366
715486051
904188474
676535068
199400813
685424378
770609960
820751927
66795349
496109179
969610736
962846582
818658922
309457687
576377333
746648174
901043635
978034107
499651979
550773254
133158272
127990510
653496578
794504499
173726801
887181103
996791707
682833502
607197718
234262507
819283401
125970331
69320109
283723674
859322751
659094398
214381671
522105330
482753421
688444568
821006634
373474885
60445585
418175458
98342651
25690332
847225512
465764603
829551583
978279122
492782541
136925276
376295610
817422644
235349167
204961020
521179331
491811847
760218304
866252407
93076757
601450702
975062634
788199833
249408310
175346237
272773794
597004609
853288236
773362570
287862889
88775644
844080336
787285516
671987282
64519233
746498791
641450722
29409755
607779883
807630404
78802318
753977110
257044731
520051125
606031599
311165548
580954228
475074338
88066247
853436255
790758532
100246690
745640570
709570173
409453411
724775749
579288047
165087227
497457460
666257554
154457923
422211983
260010539
986122984
783067173
21914914
809736895
337432348
100347421
121322488
936935933
393745796
590204766
732082631
391678034
120516879
863133219
850491415
317971203
577547772
637174788
507784502
834827360
51730709
588467812
973148120
311254731
601657920
560059562
33507563
968732864
127872085
988820124
320958899
679897068
30637813
34340176
751738915
612751052
341915730
110157117
945342888
959245502
385611531
885237402
140348388
55110850
838067439
975936917
48909664
618633764
693314818
469182446
95846328
308187878
329673711
83431736
106810782
724096298
629469042
44198845
730202284
973238919
558364221
620644087
123102921
327707652
825394367
14381908
911029470
101880578
180230191
966725336
906946036
475622915
884506115
423892358
897020889
561060190
550613910
816609699
227379254
268108095
472724107
357063132
463782794
664467663
369663859
865818345
519479700
645723667
846064464
282746703
186518781
734309661
684093230
471738625
164498685
801391485
161626277
379448227
432590730
747463525
98072606
280187613
534632630
724338748
902821913
287944171
885669945
165325268
776626569
67591997
985089369
514839581
409213892
513917331
235843488
907350161
436902671
180188752
198171767
306754109
637310015
966389432
483195193
801512216
191434637
361826441
236876313
24140723
515209967
6566531
826421879
748009535
663868581
355321950
574343349
993251798
372690481
982460982
853948616
110288305
717782910
966510540
838897868
368196923
190967090
988146216
463732093
527412770
706399966
997320484
410854659
611327524
846136871
217580939
827898136
115219624
82725938
243229692
157980112
552466935
337370359
528503781
471141590
701098169
977201689
840124181
548658707
971498716
568503228
721525938
36354676
237371454
462061209
718020954
505984614
442982620
913557149
326544272
790470518
775394461
123482673
952704494
653222770
367438266
913148927
320425321
572689063
941550872
443525447
96476933
336353793
610286450
603222899
552702779
796711172
454168271
664889376
156190047
910864490
725707722
258060960
224516253
676604072
506433620
947413421
96434044
632533287
536980007
996633579
258910437
321006957
17606999
342300338
702014044
374008375
498487476
812129825
455791782
543718181
591832708
741077887
443910108
244496157
237142806
16012547
504447615
676402756
120702038
3620661
97078870
481104465
316491031
225616195
167160466
414974120
240473318
999169959
277931335
760829140
793819235
163618024
767393679
304485843
868366090
841331807
248817670
300097514
594792145
941386244
115039195
399647268
768698258
13082185
454964275
436352998
220301632
926945363
284542550
711359441
991233591
592732395
362846728
720042799
853275078
148887913
249052145
497680063
856264584
497804385
424189008
983431785
855939563
385235389
297041057
549225506
256749525
904190700
437207287
491918144
537624284
144238078
975909355
304941420
749173117
44443264
861420215
65886998
156177181
953895083
398442802
315885863
595368093
377057532
944309764
547893697
349857670
90843958
768682391
679007403
41663601
848237610
226454910
244994340
939357732
226488178
914437952
896426268
253076374
455363959
254243407
233706952
892099261
525590340
57639950
721643441
832286222
93413320
608791796
863437363
598241071
474186726
392718900
356940796
134327010
949315646
604012308
656150718
784710284
934126343
789001775
919663872
741049117
892788648
540263740
507759401
272614083
583762110
273234691
986366442
988512560
98077725
315882266
22922511
423983908
999179642
125229851
699311484
104635656
674264419
946890328
663530756
966246112
606282559
3378777
557650238
605916441
801383047
376690051
750392639
853828854
123547106
691573763
557245797
10412199
278260080
281708247
573806710
925333147
544854739
541519879
701549015
131557363
865852417
839707853
641450168
252397876
987109071
296295800
8963735
702953476
627848726
204990584
266640092
228300719
387834916
669647077
627410885
762204338
699096843
408679230
619104220
859748720
753311481
284852983
80015182
379513560
892877034
821812770
46092770
685078537
431879869
197232099
85701755
489147886
117721256
762616430
13524729
960021131
907866372
931783520
417219663
736505418
813031574
160325747
25760063
370477167
918178813
283800816
352994705
807414607
273945341
648948356
525789249
618497093
409276626
200857460
831772200
637792288
951190915
272811865
300819174
484812002
369927548
576710351
604304647
922842489
148812089
565598451
145074745
634524117
128020486
541303865
814796996
932153007
750437495
913314301
820714124
54800826
121789127
144008660
927944675
638994078
129719443
234993818
760690887
950545355
575700753
411051035
417092253
259139246
459856524
380687448
635813194
816653933
611888989
154579944
362527580
445991124
857855597
14876928
356856845
138390389
536226611
980063222
180416187
265975821
709019262
722251970
976568129
437105835
809674741
159198950
338725497
296371860
362001839
559237911
183179479
911602498
4681718
773497305
691947134
94399460
407799014
928390367
438730200
2047749
592390127
794393265
357286512
19185884
538462156
190850204
844224757
352507613
963916708
336127153
909624418
293222022
376018736
274306072
418388508
513406119
326307342
849410290
150073999
853853448
17150143
537163874
499059804
873215362
687862253
9003345
317167718
671630235
687366506
521972679
546470949
379338941
643711821
573776329
751070315
5827442
276652944
963976617
718501182
603505114
414243741
272431781
445316006
868443160
11616902
414773690
371482766
466905394
512380450
396101399
754576051
552314382
797430950
829112784
610383183
756356915
795272673
647318457
647246930
826548515
246118480
488038141
683475013
66687707
998903487
243270528
582736171
931617096
441152719
341279424
102326080
79861135
315408262
582701768
722154170
474812790
700764126
239575208
450035409
7434827
67836346
670480502
114729844
604870979
827452068
325985348
33706615
655738753
252067026
349964579
888207437
982482860
203465987
388016327
766328997
403227956
539218934
812046128
757228372
86567110
518698526
30963469
641739416
285550685
582481281
592888831
321311593
895781196
288508113
693446681
347892136
482840070
670818535
918414001
963033262
348487635
824040197
786989489
806297936
260337817
397638007
983493971
374474612
990855590
52372831
732435463
875940966
994304422
989763443
625269929
210703054
681965209
841856754
569008356
158993593
427259630
586016067
272962384
661035336
271027488
794877859
236029652
339229581
18851338
734314708
66895389
230779406
936840871
190722147
154569053
246492511
902390284
91421637
68598575
498580161
547109519
484614217
995969265
645901104
514476381
304451405
629998723
668887119
48647807
777377524
351377164
376423247
10711288
876716165
573406376
340491291
617239537
386588716
393588185
822968955
271068869
432094386
950589184
511260476
963755972
741618381
339151830
429772614
277671666
919307906
77079237
452436937
872056588
737135301
536837156
521103620
482480337
981251903
493891073
312341501
441684313
304961007
221525386
591357257
447383035
932878894
599975773
15495775
979745301
445190352
868557927
448655779
865004982
707728968
47249806
872502473
252582904
208204376
365314223
447851233
947242692
102813024
214733895
718171509
145222967
795541745
15447929
974026022
307634671
411779356
832078624
396620199
35126772
619000584
475210126
600760198
398458640
679665495
812065092
502002485
151829401
124157920
836260605
269933640
543609650
232618941
672215220
566272858
313593324
697553647
927356808
720755694
564727439
35210977
645550359
767783520
931758139
682961104
981964332
469499841
475167612
764399827
897533469
843462465
760739250
826841447
6919377
260993771
465616045
392769634
988016654
484211474
409362246
765781913
282982069
872937664
833661261
196166709
496094528
118397582
835661076
418390730
783839187
600141666
496908986
649056031
93989335
546635449
70622887
820077010
614141341
884648091
852482830
3641001
388152368
797971857
828131126
854814934
812425495
488178745
857420547
508501687
559498534
902430365
16028690
551446974
921160006
231681710
106930702
993561440
349493069
155891610
53128521
703734393
83207164
581265005
797018794
533891006
649044901
806310831
469314889
345061491
204727536
713034146
140715258
984323492
802650406
157835610
630876364
862841302
367765573
235451453
88841326
640629823
857516149
112299275
109756531
270687764
349258207
318580178
908954821
892492429
683761703
723776733
333771999
921501075
503567269
682172613
739821411
88646487
854948906
899238915
748695401
643706028
73901291
863539484
316963861
525709224
552869505
580499291
886152863
535849548
715110148
513229912
206014012
526801458
594881266
160769817
704676647
544016770
456931649
678712752
46432584
684968913
720660763
872537692
957822398
148042710
660087377
223105028
928870000
245230145
954824435
821328988
438516865
913893218
560061320
80388364
85461716
540999718
145131703
633278414
292742014
707897302
459986277
510227548
183009224
754605408
134197871
731578144
374331675
234673205
157006052
164305800
864508478
762385629
583239842
910175778
228542380
623777003
602522087
852896746
289180827
629740167
873163119
621100138
493738238
567690415
373434319
375119708
346030481
492605073
47048240
634257193
898480066
956542077
319310876
841230198
430275025
701167257
959254582
881133985
686730472
579025815
4921179
553474803
114665210
946129836
36266191
916768988
965957929
98734306
553106525
395894959
99792818
313610262
417249051
561488032
622222468
955884013
546640614
703734828
314375316
945849080
12650173
10025832
358952360
833670202
469039268
837296021
493411513
267432321
730081435
765185891
608613316
345457344
770524663
489865259
615724555
92242306
442376271
458465587
703664703
121194881
108940299
60057150
827050809
873149305
303217487
741620677
259572141
1657205
48803186
856177309
814352912
485037730
926931610
103415088
141532463
281065749
673707031
922983447
325836938
552285908
271563919
756351435
308604732
558238220
251497636
24232521
476885933
341733878
570957510
390038349
330728864
324932532
991534811
951838723
758805066
791161200
679887294
766439272
786658826
339616881
981395558
933704313
330257431
415254032
276831917
845524880
20882589
801192473
543300260
775890987
533415716
240758670
285324587
827078977
397357267
118938026
925760291
447902947
453359733
396018526
75170584
844016079
865547568
763814865
941262324
549690205
26080816
976117754
811208462
890228673
356199905
541647978
580138936
239528505
389431236
109022824
849629264
601394355
750957696
717146090
684278115
594158590
735880829
925836147
640228499
191678090
201845896
934517152
46453885
531891395
9592181
289035193
402655538
726743215
988290188
399660268
810967040
533168472
293813344
672550257
293388716
774980779
402533616
665250326
41028258
915329081
784142015
676309764
267798717
2066821
892908509
618740572
35843523
193011597
775914983
142703698
862926460
862271734
25891859
882460511
802423990
623884640
527155897
40453206
871922987
196107553
81760526
266460370
457103124
902934014
227069037
621766026
521133575
640114367
177968750
752549862
860440421
246179426
509573793
123377339
409875256
494411486
446093303
552915066
749490107
728202652
27866812
11216545
549511215
851579534
201602953
133755436
752116171
197445444
49285114
524504591
638210746
980187619
32522925
657877598
921128658
305801865
360879643
466486446
355301653
67234422
486172592
358840658
659349540
929950030
618647715
310297239
483405408
538735445
476435032
48503076
999644864
501870102
932774875
180734144
780989612
140966845
74842029
620967853
71622535
276730325
978483412
723542355
619206878
879353157
511681024
144253766
717469360
460308776
918663030
249213132
373508917
147661926
903092710
177900451
611297493
843796905
434845173
436891518
758553450
540416157
382941327
593591771
799620084
411874492
617083986
704181529
982121279
810618563
573521671
740067952
909868501
234599191
116944827
37692558
311049340
329929127
334372519
161763701
92385646
687086479
814989253
928115762
385798654
116588882
666814594
991965072
61431642
978369786
697183329
901918625
315300244
335494844
994944155
636820877
92606664
586564816
672277222
875665489
355239045
948990202
454979446
421365046
931749530
111744518
961114116
557600674
705063116
996327539
260455786
588612218
813081307
943704411
17022881
137352076
629778832
556377944
461353104
179222201
644675389
565406795
303154007
405192760
414838042
348882348
29950313
706493459
141560669
926500969
459776270
456686280
598127941
573578451
708557960
983629408
278488601
842206954
522424595
804782480
549033675
473098419
983812603
413758229
689177552
77902518
659517526
198704081
187599272
178854335
672536547
398697718
446524349
944063581
848405065
460473550
846493056
410703729
546130157
105802954
614060900
922000338
155487806
7324506
454186752
778860644
887225106
423568187
754082680
491636315
870224849
269479486
76439126
139136458
899301862
705868856
601809314
503813166
678624580
647378676
662880938
571690837
274679253
622768172
806615531
917312105
954667824
507311399
307143189
961831811
850628451
386697285
248183754
31145564
916552319
153117507
703240285
690150817
245019655
836885660
181779373
142400226
352776298
608735608
435966109
405080677
548043178
393753910
21156923
333644471
813598321
321858246
380216194
717928463
103587015
187860410
682486429
257948020
692917164
871216957
194409640
999651561
80007270
991984745
512960086
838280843
101028115
595972372
512544921
705965430
573975647
900513075
34797761
405422905
473551868
205852019
926807814
99143830
438199439
435585327
948476652
120747587
884815541
587653027
696193785
720591522
714789650
970396304
144460348
981332261
687321506
912936137
973511806
551563311
802337520
912971306
943677924
276840278
324925730
203347019
730341270
987132627
201783024
142737840
735338612
821462951
405559577
471925281
374965339
963363779
839023363
803786303
106024843
955144211
903059443
382445604
466624854
405849977
447337785
223169283
19545005
54551694
977358432
502449670
96408708
884052549
6067631
765005551
542682778
467690429
38828102
18911377
987589940
807301642
460080039
594139063
336984248
981543444
21133365
648353313
609519695
448883824
895125700
327301139
245103856
530795932
720001608
93025532
519102813
466805043
981983224
389721833
329528034
743666194
731777354
349371657
24444031
85111592
204732191
161781263
152063032
922810815
993820060
623586751
822983036
508711007
620221865
140525416
251091516
548927963
759818703
282748144
911399782
406505811
895086664
535395468
846282600
689536912
507131581
701309340
391054902
977571772
175530197
762345741
413237793
687325365
159286915
804307423
65998073
855344152
366155167
338800024
248174122
989773232
765485056
276181434
626766574
209320728
971658306
224880291
887580698
515899162
518775921
23821709
859395452
732470106
285619491
715001041
855283508
636185923
355809714
503959215
436323170
899189256
694535515
69964738
593062229
166675275
401814443
943511506
971391108
680203556
970736086
287412706
723731972
884761650
309348075
893750534
820137783
65471500
772966398
476764874
634051592
480392036
718892847
874971184
516705408
312172308
795241451
981579389
447399595
27080130
667877030
317666522
621843450
903518751
378716189
115828622
925410570
858649931
881567724
371063205
715952894
515377944
199658537
504697160
771387428
924496596
673942038
124035409
220968002
809332186
150170838
934657266
376773064
261397341
982276571
84374693
678782693
82799071
866103860
984086043
805141062
70110839
213288451
326630265
755294275
401224044
761740785
579607272
477306745
973995176
264110477
101293027
280627560
290084157
139772123
271914775
720286490
903028140
567488611
554330882
386014058
832146938
316669180
905774815
698134790
836124517
962410062
663841222
407438799
940057729
22173588
570396158
890752227
215402466
657801327
893805391
454852575
574089224
840233242
158538054
614503468
77094628
93609159
83673340
415071929
347786661
502567004
366888834
50213534
540636270
426005686
548481405
508119634
671836792
683295089
151526395
473154328
110753919
791779776
322314578
237570209
417855399
324481550
439795932
958367086
130919727
595530485
432297257
818653461
84217762
345024952
873785022
427424646
225576080
245829136
604684646
461333733
170246541
62077722
623338138
730523643
335777288
246288943
399510908
819906049
154848231
386972187
266415143
506597815
336510002
63925198
884849719
42041664
118138656
535761322
366088999
938132421
69023230
301626429
589986208
393366627
970834480
921458772
980054051
292429214
995617935
246821692
242180237
366503826
627146820
473587872
471373414
397804750
379562025
60374240
880942010
135291609
239307739
671392084
14956325
623322412
827995831
466877321
37185888
237089190
974525932
533632264
178889980
49534512
917818278
266134787
413239087
743760193
805838916
801297275
14762998
199838603
77238104
798394529
19964110
628040869
830463517
728048254
426532331
767444247
898632853
425322575
903410152
873113645
559879383
161561634
819836125
34082112
951987152
945499482
817138157
975705275
341541723
41901479
281562713
577685240
758038130
541576649
607629797
136439343
965171569
75614941
416059026
258678436
290922125
666471590
