873 615
1 1 1 1 3 2 4 4 3 8 1 3 10 1 12 6 3 6 7 7 8 21 11 1 3 15 19 8 26 1 19 28 10 9 27 5 6 11 13 8 18 1 42 23 15 13 33 25 1 30 3 25 2 3 52 54 56 54 24 37 36 56 22 55 58 15 16 46 40 6 50 9 20 18 72 14 46 32 26 22 32 28 67 38 83 21 33 65 73 58 64 90 1 56 92 12 32 24 97 61 30 5 71 74 98 2 85 33 46 14 41 101 57 42 2 87 111 18 32 28 111 61 37 105 34 64 43 65 63 62 50 71 40 102 22 11 6 26 97 9 125 92 86 64 5 68 55 55 90 70 50 108 87 112 98 121 130 33 80 111 76 112 129 88 1 105 69 74 76 149 68 67 17 35 133 26 160 94 110 156 56 159 28 139 77 4 25 39 96 18 186 118 117 67 187 8 2 97 21 89 73 111 95 105 195 89 50 168 200 204 60 23 155 127 210 39 164 33 115 58 81 60 133 94 94 20 159 87 65 199 108 103 134 192 43 173 147 7 44 89 147 102 201 28 193 169 5 1 142 190 169 244 137 196 18 59 212 202 181 17 39 95 238 163 226 91 86 105 189 67 86 38 117 256 193 26 103 266 231 193 135 268 78 8 121 202 121 130 39 32 55 264 180 68 188 275 295 130 165 178 150 113 201 183 96 223 143 269 167 14 210 47 164 61 263 105 12 298 168 106 211 179 81 58 176 56 248 107 217 19 141 237 74 317 72 24 143 293 225 100 262 339 156 266 101 45 2 31 10 177 92 73 15 60 345 244 161 180 8 250 224 259 336 156 167 14 20 354 360 35 42 297 49 326 214 168 25 173 194 152 103 158 194 367 174 77 350 307 191 94 54 94 287 61 365 65 337 186 299 260 294 19 17 368 399 282 332 310 31 299 127 207 39 205 190 407 171 398 229 388 114 37 158 140 414 368 36 258 397 325 134 65 18 385 99 417 189 1 387 3 401 95 411 108 1 187 395 154 437 424 439 161 342 204 45 200 258 416 303 121 263 209 227 19 326 171 306 154 251 112 243 471 106 58 403 336 421 351 223 411 250 224 366 391 414 237 419 248 98 361 377 18 332 161 143 232 164 406 143 95 157 269 135 22 461 10 361 396 503 214 9 216 13 85 166 248 261 497 130 326 282 34 374 485 187 200 80 143 227 265 137 169 501 262 115 126 253 88 334 207 171 414 196 213 411 345 445 366 470 422 514 453 106 496 471 523 173 13 132 465 481 380 424 487 53 311 488 40 456 40 249 377 57 263 19 53 297 220 549 408 27 502 298 357 402 520 460 269 7 45 506 460 124 86 246 25 554 466 232 255 271 68 409 540 346 132 371 400 274 132 501 19 583 215 95 344 174 70 382 107 224 289 191 400 155 80 207 446 314 5 255 270 14 384 247 189 511 634 621 236 193 147 317 108 210 476 563 489 416 470 424 227 274 276 401 307 70 130 305 237 478 359 656 77 471 282 558 428 400 268 472 128 489 12 396 43 531 133 309 147 325 73 161 671 148 134 390 30 111 12 226 554 379 91 270 68 240 240 147 314 120 412 519 647 490 454 666 685 205 694 301 239 482 167 483 228 596 613 324 186 179 51 150 626 13 227 356 405 13 117 555 693 542 431 329 393 247 489 682 483 124 514 386 677 470 66 733 272 390 420 71 141 388 639 133 414 489 30 735 355 691 80 725 617 403 355 7 587 26 484 474 524 656 758 76 45 101 234 191 17 733 777 460 431 237 230 395 34 697 544 48 498 163 7 256 713 300 247 351 502 116 228 651 14 442 436 608 733 335 424 756 277 617 718 517 641 208 134 230 699 400 611 10 544 585 386 607 770 95 18 191 760 761 428 285 524 14 466 95 551 639 772 414 64 80 793 201 329 237 684 396 170 848 86 502 382 31 601 76 185 167 450 168 141 551 359 412 636 301 377 210 267 610
- 350
? 623
+ 860
? 330
+ 473
- 637
- 176
+ 357
+ 333
? 485
- 436
+ 60
? 500
+ 79
? 53
+ 163
? 528
- 342
+ 283
? 212
+ 858
? 710
? 509
? 303
? 489
? 64
- 486
+ 166
? 316
+ 276
+ 453
? 70
? 767
- 230
+ 212
- 461
? 56
? 41
? 795
- 190
? 822
? 139
? 211
? 200
? 452
- 811
- 632
- 796
- 457
- 30
? 737
+ 166
- 148
- 43
? 730
+ 163
+ 726
+ 877
- 273
- 94
? 849
+ 293
? 577
- 704
? 83
+ 414
- 79
+ 607
? 718
+ 298
? 690
+ 48
+ 807
+ 149
+ 752
? 595
- 521
- 87
+ 169
? 610
? 59
? 82
- 818
+ 364
+ 270
- 598
? 496
- 314
- 256
+ 34
- 560
- 543
? 650
? 130
? 96
? 619
+ 164
? 656
+ 380
+ 822
- 838
- 763
+ 434
+ 606
+ 835
- 281
+ 268
- 786
? 797
+ 864
? 332
? 278
? 435
? 266
+ 111
+ 146
- 586
? 367
+ 828
+ 656
? 6
? 376
- 796
- 825
+ 743
- 877
- 312
- 867
+ 350
+ 860
- 819
- 474
- 245
? 603
- 255
+ 592
? 366
+ 790
- 592
- 706
- 355
- 744
- 604
+ 557
+ 36
? 750
- 469
? 196
+ 431
- 464
+ 173
- 816
+ 335
+ 151
+ 828
- 180
+ 529
- 345
- 406
? 833
+ 153
? 206
? 45
+ 864
- 793
? 736
+ 64
+ 546
- 246
- 479
? 855
- 352
- 395
+ 239
? 379
- 284
- 85
? 550
- 815
+ 180
? 94
? 86
+ 521
- 759
+ 706
- 214
- 616
? 360
+ 505
+ 412
+ 304
+ 506
+ 715
+ 618
? 169
? 698
? 166
+ 837
+ 733
+ 414
? 217
? 684
+ 406
- 710
- 434
? 200
- 787
- 613
? 522
? 611
+ 336
- 211
+ 442
+ 773
? 745
? 221
- 179
? 92
? 861
? 377
- 603
? 785
? 203
+ 187
- 154
+ 726
+ 478
+ 500
? 750
- 758
? 689
- 348
- 357
+ 458
- 94
? 271
- 617
? 5
+ 832
+ 861
? 344
+ 3
? 36
- 274
? 330
+ 493
- 717
? 794
+ 211
- 202
- 804
- 632
? 157
- 464
+ 502
+ 759
? 482
? 525
+ 390
- 644
+ 268
? 610
+ 504
? 700
- 823
+ 117
+ 268
? 4
- 775
+ 170
+ 144
- 832
? 818
+ 707
- 552
- 646
+ 119
+ 298
- 48
? 728
+ 388
? 312
+ 643
- 9
+ 7
+ 641
+ 761
- 509
+ 702
+ 683
- 49
+ 552
+ 491
+ 614
- 70
+ 541
? 247
+ 197
- 80
- 638
? 647
+ 221
+ 339
- 862
? 154
- 168
? 127
- 676
? 416
? 159
- 205
? 85
+ 728
+ 768
? 215
? 98
+ 666
+ 794
? 831
? 274
+ 665
- 859
+ 561
- 463
? 840
- 564
- 150
+ 377
? 287
? 70
? 729
? 597
+ 341
+ 288
? 777
- 545
- 672
- 57
+ 582
- 442
+ 592
? 192
? 273
+ 237
- 519
? 791
- 643
- 224
- 736
+ 437
+ 511
- 207
? 490
? 379
+ 127
+ 78
? 739
- 884
? 792
? 315
+ 262
- 426
? 43
- 613
- 41
- 740
? 832
? 849
? 333
+ 862
- 721
+ 367
- 684
+ 879
- 848
? 14
- 583
? 296
- 625
- 580
? 726
+ 801
? 399
- 294
+ 553
? 784
? 581
+ 840
? 814
- 126
? 669
- 345
? 873
+ 782
+ 470
- 392
+ 838
- 637
+ 386
+ 709
? 567
? 440
+ 118
- 616
- 364
+ 75
+ 165
? 267
- 502
- 400
- 354
- 403
+ 97
- 332
- 70
? 813
+ 787
+ 67
+ 144
- 96
? 754
+ 244
+ 653
? 16
? 585
? 432
? 488
+ 373
- 837
+ 68
- 196
? 867
? 204
+ 365
+ 549
- 680
- 772
+ 92
- 493
+ 616
+ 312
+ 652
- 253
- 293
? 586
? 673
- 754
+ 748
- 383
- 148
+ 178
+ 183
? 625
+ 246
? 764
- 156
+ 433
? 318
? 578
- 745
- 261
+ 530
? 152
+ 553
? 7
- 248
+ 237
+ 286
- 749
- 694
? 102
? 726
- 252
+ 461
+ 842
- 878
? 102
? 647
? 733
? 822
+ 549
- 231
? 404
+ 170
? 759
+ 691
- 247
- 357
+ 364
- 172
- 568
- 875
+ 50
? 492
- 71
+ 408
+ 414
- 830
? 34
+ 691
- 13
? 254
- 494
- 367
- 234
? 473
? 586
- 795
+ 836
+ 46
+ 789
? 687
? 258
+ 338
+ 24
? 140
+ 232
? 689
- 837
? 749
? 615
- 658
+ 631
+ 31
? 478
? 52
- 803
? 792
+ 657
- 252
- 246
+ 178
+ 155
- 308
- 171
? 319
? 799
+ 90
+ 707
? 181
? 24
? 719
? 75
+ 879
- 115
? 517
? 347
- 523
+ 291
+ 576
+ 302
+ 213
+ 438
? 442
- 889
? 559
+ 872
- 229
- 739
- 651
- 872
+ 468
- 793
? 385
+ 566
? 484
? 196
- 154
- 254
? 848
? 204
? 337
- 862
+ 353
? 153
+ 635
+ 836
? 148
+ 837
- 295
+ 77
- 134
? 259
- 660
- 616
- 494
? 31
- 312
? 72
? 448
+ 465
? 768
+ 394
- 34
+ 752
? 726
+ 315
? 713
- 782
+ 546
? 513
+ 602
? 700
+ 440
+ 716
- 186
? 173
+ 819
- 37
? 631
- 469
+ 668
? 189
+ 130
? 206
