191
19
414
95
2
143
23
694
503
201
98
55
105
6
7
54
18
256
611
97
60
89
161
247
117
237
297
67
613
12
246
132
24
28
232
470
62
12
382
307
300
237
266
99
91
20
2
168
409
14
420
8
761
89
15
393
502
194
422
293
21
250
76
240
105
164
671
89
34
501
470
81
90
167
25
237
95
420
111
86
3
266
5
19
7
130
224
187
132
61
1
835
405
350
5
563
726
42
407
22
180
210
24
191
493
551
121
541
13
554
101
118
414
25
361
194
682
498
263
163
707
237
74
1
275
227
299
431
27
718
400
610
488
3
86
174
639
6
402
65
248
414
105
828
489
386
174
298
220
108
4
5
227
5
563
542
611
368
715
18
3
8
106
828
390
111
3
111
549
95
351
25
498
74
351
56
1
324
72
39
2
592
132
174
391
365
879
105
143
33
178
181
19
3
112
587
227
482
10
61
17
18
12
89
