77
58
203
229
262
135
424
95
138
630
259
509
148
327
13
205
71
318
18
51
725
194
132
368
92
138
5
468
239
48
89
143
78
86
348
137
322
29
360
20
18
76
149
40
71
149
253
544
470
9
466
86
29
80
274
357
470
193
330
322
340
234
268
3
604
293
36
177
64
321
49
468
327
241
14
233
465
14
57
66
387
65
1
400
476
215
431
191
348
17
337
104
29
41
483
27
84
54
583
49
215
111
387
195
116
574
114
489
497
493
78
262
340
600
97
3
780
151
73
155
113
47
3
318
230
103
383
171
424
6
132
149
95
173
224
37
121
71
568
177
470
5
214
58
97
128
18
122
571
12
6
94
34
79
98
11
29
35
237
264
178
202
330
56
60
237
98
129
16
262
283
3
7
437
78
694
26
317
76
175
22
600
584
437
239
221
15
7
97
60
316
237
97
410
228
135
517
41
164
656
12
155
412
358
185
16
1
66
12
64
1
195
338
86
38
29
14
1
600
96
786
98
694
112
37
470
267
385
229
489
66
157
499
200
80
9
148
97
126
395
6
212
750
74
37
11
200
30
122
18
26
328
575
5
58
79
417
482
76
140
145
530
772
77
261
19
84
5
654
78
62
358
745
18
600
600
224
15
410
16
129
644
317
279
5
110
500
26
205
628
245
16
103
4
47
178
1
6
336
18
5
521
188
224
244
26
4
375
781
89
635
108
1
5
122
394
128
534
245
203
110
165
573
181
245
273
15
5
420
368
259
194
808
4
113
252
476
318
228
276
