119
2
29
82
82
111
66
72
6
347
66
121
67
9
73
157
44
13
364
9
326
404
145
32
10
9
63
165
6
294
107
24
139
410
44
76
528
38
213
15
203
19
471
279
189
370
150
99
11
294
6
159
19
5
15
82
495
171
9
69
15
364
520
281
66
11
57
21
7
45
62
2
608
168
173
353
219
38
477
364
210
399
175
30
60
224
81
223
63
326
18
22
9
101
1
29
14
82
21
118
15
77
26
203
52
55
7
150
52
344
63
58
73
55
471
30
103
81
357
77
54
194
57
486
103
135
129
4
130
221
81
14
203
21
462
56
36
24
199
55
9
343
500
209
50
9
119
118
202
407
70
27
95
6
145
639
6
92
134
269
104
236
9
66
511
50
56
546
294
