464
94
72
25
173
221
12
173
36
52
81
277
37
25
186
224
35
1
167
119
293
169
30
341
62
173
64
7
213
66
317
12
35
184
25
152
93
260
184
81
370
119
181
14
267
39
56
38
16
190
12
58
1
30
224
79
205
308
53
178
63
252
454
7
303
124
73
175
46
293
44
73
375
48
215
14
38
28
281
157
96
305
460
150
53
3
102
30
102
12
14
3
8
14
75
188
1
1
169
437
106
260
23
64
272
16
317
28
82
177
399
8
399
23
1
59
58
29
260
149
275
174
53
81
42
323
25
174
187
67
58
131
25
66
16
121
9
1
1
178
233
14
16
12
275
58
55
402
157
84
214
42
48
3
169
75
254
25
283
183
1
476
12
44
159
12
467
55
16
445
1
41
1
25
319
70
1
308
394
82
217
107
282
1
181
14
1
224
238
479
39
126
238
62
70
169
14
39
52
507
39
80
66
458
344
39
131
79
48
3
73
95
379
309
14
28
318
404
83
264
16
1
8
223
14
290
232
434
12
223
181
73
417
375
242
11
291
297
52
215
84
180
221
398
27
153
25
1
141
81
305
25
75
14
57
171
359
73
196
84
94
55
306
16
55
1
379
25
9
14
134
285
75
8
1
375
76
27
56
68
55
79
25
1
181
8
52
1
317
445
1
275
425
3
12
360
146
57
14
8
443
166
23
25
16
81
13
479
18
121
198
159
83
422
406
