121
521
91
12
165
106
13
393
25
295
31
65
25
236
14
2
83
169
82
48
328
261
81
273
429
8
134
42
261
272
6
81
187
23
54
435
137
60
66
65
82
287
261
147
126
72
161
547
46
294
16
48
21
68
30
79
12
236
94
21
71
134
6
187
182
144
8
224
27
12
65
16
151
149
489
56
81
273
187
133
115
206
240
514
230
459
380
493
4
23
439
429
114
126
246
79
473
49
1
18
547
414
75
409
375
196
18
94
64
116
205
16
82
294
16
33
312
21
105
519
147
272
33
225
196
99
238
23
535
3
299
137
6
71
265
71
211
100
139
292
182
295
53
68
28
451
54
78
66
182
218
6
25
51
225
1
41
30
257
295
265
133
323
60
294
99
395
46
80
221
64
407
61
22
29
213
451
167
53
11
114
23
372
31
261
207
79
81
147
56
37
143
23
16
58
295
266
346
505
267
37
238
578
262
205
291
355
33
133
209
61
19
60
538
206
205
325
267
81
7
458
405
2
79
50
176
196
135
14
213
81
346
135
265
40
23
357
516
587
83
33
90
403
79
101
434
150
3
133
596
102
576
161
587
596
422
69
606
11
238
76
117
45
265
221
102
33
372
170
241
1
29
1
39
31
391
102
607
106
355
106
265
199
134
7
627
547
114
7
3
3
257
295
1
133
29
360
16
52
101
236
72
346
82
72
31
261
37
466
321
3
432
233
1
322
516
411
115
127
18
167
356
340
194
2
38
64
322
3
278
407
3
414
295
38
3
285
7
2
282
221
9
42
98
528
3
11
253
1
