67
50
283
250
250
148
262
333
95
108
3
11
515
185
119
72
76
499
196
61
114
1
442
66
211
56
156
204
290
165
579
124
71
371
92
124
25
426
388
28
76
124
56
270
739
469
220
262
227
74
314
190
69
32
396
15
342
669
324
684
552
74
73
74
174
71
15
362
260
40
12
3
57
514
45
27
420
754
173
80
618
292
202
61
181
422
326
361
7
210
754
69
213
136
247
321
96
459
1
43
70
327
296
516
251
118
213
270
80
21
227
31
156
190
261
91
219
17
378
302
97
631
82
64
10
618
84
185
53
225
9
9
230
2
19
17
323
589
221
84
394
336
158
553
275
63
701
804
357
250
270
269
194
11
65
515
140
156
259
184
692
35
426
190
598
80
65
564
58
119
39
251
27
48
27
75
71
271
420
137
209
759
89
499
57
187
74
66
21
500
262
264
57
262
80
414
796
190
33
185
582
22
137
571
102
321
553
446
503
232
66
298
563
112
381
194
505
211
125
174
137
131
22
261
597
185
231
157
177
66
754
282
64
125
175
177
178
48
321
262
262
149
95
337
80
54
571
205
226
105
16
491
32
43
503
305
383
143
442
80
52
283
28
258
177
713
82
662
108
751
1
211
662
71
357
22
191
232
261
467
237
17
552
415
64
181
13
97
56
58
656
288
218
643
1
218
56
219
