386
44
7
2
672
492
323
91
307
289
5
149
73
200
18
600
109
349
56
624
323
85
15
354
176
719
10
286
136
63
112
1
140
143
168
168
525
310
451
520
290
380
521
8
474
590
569
235
14
179
173
608
671
803
234
21
268
47
434
90
54
200
261
327
53
272
750
144
34
192
461
29
75
448
380
461
379
154
95
43
322
156
249
138
117
9
179
318
21
8
352
450
91
659
671
118
725
149
608
2
182
357
69
529
997
353
241
278
914
573
139
287
50
169
573
26
827
260
270
628
520
253
50
636
623
145
182
213
580
179
249
179
352
504
164
170
134
10
529
279
154
90
353
375
324
312
5
156
590
286
847
32
103
461
175
85
826
286
202
340
3
21
227
284
104
110
527
349
256
529
245
448
183
146
434
638
1
506
520
94
634
331
132
268
193
247
444
32
171
186
340
218
262
492
349
80
328
101
314
737
246
58
794
725
623
634
5
195
93
69
343
279
7
900
67
7
268
428
85
4
424
492
717
303
917
563
47
109
461
94
520
203
117
624
145
341
24
256
6
328
41
2
16
236
95
917
19
69
28
997
198
471
60
13
826
41
6
344
277
126
7
803
98
56
825
13
91
1
43
26
2
308
284
396
559
686
133
133
5
530
825
145
449
15
85
73
769
168
69
69
102
176
7
434
634
520
87
772
262
284
249
26
677
2
9
563
69
287
5
189
126
362
72
834
351
201
289
578
7
15
151
258
