893 553
1 1 1 2 1 3 1 3 6 5 1 8 4 7 12 9 6 5 16 15 2 19 1 17 20 18 18 5 2 29 5 28 6 19 20 21 21 31 1 13 4 8 29 26 35 24 46 40 22 43 43 17 31 6 27 37 13 27 47 9 12 14 61 42 30 36 11 33 5 64 67 37 71 64 60 8 18 32 29 32 7 11 23 25 9 46 37 64 56 43 30 78 41 74 77 40 57 53 51 3 100 92 28 57 60 81 13 94 36 59 68 9 88 68 71 55 102 91 52 28 10 39 30 27 24 62 3 47 93 79 75 112 68 28 118 133 68 77 88 47 51 57 17 4 98 135 85 117 84 80 136 63 49 136 34 61 139 4 31 94 4 93 21 144 61 156 49 16 27 91 129 112 141 23 112 56 135 45 170 155 83 106 56 16 156 80 170 53 130 27 80 87 163 61 141 166 124 69 122 12 57 109 198 36 26 61 55 194 119 33 122 204 174 192 52 177 132 13 73 137 33 118 221 35 104 195 10 203 82 87 84 144 98 184 201 137 173 183 136 239 195 124 210 170 153 124 230 242 60 243 141 228 9 127 199 164 205 227 200 108 145 67 20 107 220 245 36 47 200 82 190 111 209 214 273 222 218 66 221 74 130 234 210 275 84 209 128 255 247 257 189 164 234 153 144 217 122 67 95 165 108 59 92 142 223 99 45 227 55 3 94 249 288 5 140 114 163 200 316 101 286 237 183 195 291 78 12 216 66 136 114 235 21 143 257 203 9 100 4 298 299 16 82 315 297 219 149 310 139 296 309 69 255 335 15 44 232 51 122 159 114 7 191 26 31 27 111 192 58 47 302 7 14 171 250 26 274 75 84 92 186 333 125 327 347 251 108 351 91 311 364 169 38 234 219 238 389 257 35 256 365 212 159 193 238 391 376 70 188 254 236 382 347 52 74 327 388 109 402 193 246 108 209 119 415 414 61 193 132 31 44 237 314 414 141 10 182 208 354 336 390 313 98 18 427 16 34 249 27 46 17 175 65 184 207 310 124 198 271 309 304 367 408 60 338 109 269 21 168 103 239 401 183 42 142 308 108 49 434 151 71 217 68 249 87 96 485 198 35 282 192 262 415 269 284 208 178 268 162 57 86 88 436 132 335 203 221 95 472 3 120 79 392 455 414 200 227 262 108 31 334 178 103 427 66 440 489 467 176 301 147 103 520 481 271 449 524 119 119 234 324 434 53 108 115 274 455 388 518 457 22 94 367 390 361 545 439 94 470 542 426 213 273 137 266 149 243 66 164 266 329 359 238 370 290 554 552 213 52 159 135 457 70 20 377 125 338 171 461 246 527 366 341 234 488 94 355 179 343 120 217 591 68 500 106 484 255 330 396 160 229 238 386 272 344 198 31 135 368 355 610 67 221 239 348 372 128 329 307 497 571 150 88 462 390 424 167 181 32 199 221 601 500 497 435 374 278 364 295 312 390 351 604 360 193 590 203 111 180 653 575 419 596 628 148 426 452 179 3 560 570 25 206 222 498 420 148 175 317 586 32 308 141 178 24 12 578 597 86 298 96 154 551 243 652 49 387 631 317 134 365 29 644 426 91 17 604 485 590 705 473 389 117 666 494 513 630 323 314 330 220 442 352 680 449 200 80 287 665 291 508 531 73 131 634 423 365 210 38 120 501 115 717 594 650 66 165 226 619 738 7 63 747 243 99 551 235 196 146 542 622 131 534 248 527 229 641 317 236 451 327 585 393 162 55 205 584 578 501 467 619 288 277 348 39 403 319 412 296 363 189 171 429 581 211 768 227 761 411 221 619 362 317 329 364 42 320 619 423 360 585 407 779 236 661 497 310 12 475 605 122 728 258 489 625 821 162 667 785 431 109 337 669 417 22 290 389 39 487 417 528 536 579 810 630 292 778 370 353 622 673 32 688 360 321 86 620 662 609 79 433 638 679 678 682 502 497 680 732 211 736 508 620 797 690 275 59 335 469 756 828 659 648 119 727 123 45 710 657 572 148 749 743
- 449
? 163
- 561
- 812
+ 872
- 729
+ 384
+ 743
+ 574
- 16
- 202
? 251
+ 776
- 472
- 673
- 439
+ 463
? 746
- 775
+ 686
- 168
? 779
? 599
? 69
? 344
- 875
? 389
? 23
- 792
+ 494
? 169
+ 780
- 343
- 301
? 616
? 625
? 586
+ 516
? 476
? 69
? 314
- 638
? 582
? 884
? 722
+ 762
- 337
+ 508
? 536
+ 563
? 724
- 62
+ 287
+ 665
? 68
? 13
? 243
+ 774
? 814
- 801
- 700
- 610
- 307
- 416
- 643
- 94
? 377
- 394
+ 879
- 180
+ 738
? 405
? 99
? 332
+ 720
- 575
+ 751
+ 89
- 5
- 96
? 440
- 526
- 551
+ 114
+ 658
- 648
- 458
+ 405
- 79
? 740
? 602
+ 422
? 558
+ 525
+ 694
+ 480
? 122
+ 824
- 657
- 783
+ 552
- 389
- 667
+ 598
- 270
- 655
- 571
+ 658
- 235
+ 802
+ 243
+ 149
+ 476
+ 159
? 865
? 825
? 841
? 195
- 409
- 266
- 82
+ 490
- 178
+ 199
? 26
- 345
- 542
- 687
+ 568
+ 878
+ 507
- 19
+ 132
+ 582
- 80
- 81
? 661
- 335
+ 135
+ 892
+ 684
+ 82
- 809
? 810
- 890
+ 510
+ 144
+ 778
? 482
- 589
? 298
- 862
+ 867
+ 331
- 648
- 327
- 632
- 196
? 156
- 820
+ 406
- 859
? 603
- 234
+ 89
- 299
? 600
? 371
? 837
? 153
- 606
? 386
- 184
- 823
+ 153
? 689
? 60
+ 287
+ 419
? 668
- 690
? 94
- 193
- 367
? 752
? 215
+ 183
+ 373
+ 626
? 653
+ 864
- 95
? 717
? 574
- 287
- 336
+ 745
+ 119
? 310
+ 111
- 299
+ 628
? 33
- 561
- 845
+ 106
+ 461
? 21
+ 196
? 736
- 539
- 802
? 718
+ 157
- 303
- 552
- 754
? 843
- 415
? 161
+ 601
- 626
? 478
+ 675
+ 495
+ 133
+ 9
? 525
? 709
? 769
- 63
- 187
+ 654
- 497
? 55
? 523
? 365
- 735
- 479
? 308
? 8
+ 719
+ 304
- 390
+ 148
+ 592
- 630
+ 200
? 543
? 133
+ 79
? 376
- 676
+ 20
+ 22
- 657
- 296
+ 501
- 631
+ 792
- 222
? 785
+ 744
? 145
- 578
+ 394
? 676
+ 767
- 541
? 110
- 345
? 683
- 241
+ 298
+ 208
- 346
- 893
? 847
? 892
- 543
+ 94
? 557
? 373
+ 770
? 441
- 250
+ 362
? 398
- 594
+ 227
+ 47
- 438
? 835
? 251
+ 307
+ 203
? 74
? 262
? 154
+ 77
- 386
? 645
? 442
? 114
? 621
? 530
+ 122
+ 38
- 582
? 767
? 613
- 662
- 495
? 723
? 631
+ 381
? 466
- 225
- 370
? 235
+ 434
? 28
- 751
- 678
+ 232
? 83
- 456
- 296
- 156
? 692
+ 765
+ 732
+ 654
? 762
+ 462
- 125
+ 439
? 183
- 616
? 179
- 273
- 146
? 103
? 860
? 145
- 153
+ 535
? 309
- 456
+ 801
? 523
- 289
- 693
+ 486
+ 377
+ 153
- 80
- 69
? 298
? 768
? 569
? 220
- 360
? 306
? 891
+ 448
+ 335
+ 211
? 84
- 184
+ 17
+ 72
- 769
- 480
+ 860
? 161
+ 368
? 536
+ 785
+ 519
- 236
? 601
+ 876
+ 119
- 767
+ 192
? 207
+ 846
- 726
? 6
+ 16
+ 445
? 183
- 207
? 52
- 295
? 192
+ 400
? 258
? 24
+ 580
+ 869
? 767
+ 342
+ 757
? 666
+ 513
+ 49
- 647
? 615
? 772
- 24
+ 273
? 280
- 751
? 346
? 565
- 882
? 306
- 330
+ 530
? 228
- 737
+ 740
- 184
? 703
? 177
- 364
- 643
+ 125
- 319
- 793
+ 173
+ 785
? 179
- 537
- 403
+ 206
? 886
- 760
? 187
- 173
- 96
? 795
- 281
- 708
- 571
+ 179
+ 154
? 669
- 344
+ 374
+ 141
- 715
- 874
+ 511
- 222
? 626
? 305
- 508
+ 564
? 613
- 179
- 555
- 72
- 812
? 532
- 255
- 584
? 194
- 884
? 699
? 750
? 200
+ 613
+ 735
+ 886
? 122
- 849
+ 597
+ 632
? 112
? 203
? 473
? 81
+ 719
- 687
- 28
? 778
- 429
+ 263
+ 199
? 730
- 524
? 645
- 653
- 438
? 833
+ 333
- 671
+ 244
? 770
+ 166
+ 483
? 329
? 147
? 12
? 434
? 27
- 59
- 826
- 124
+ 770
? 716
- 477
? 112
? 311
+ 753
+ 428
- 674
? 438
- 345
- 245
? 146
? 638
? 81
? 523
- 529
- 758
? 156
? 844
? 743
? 116
- 439
+ 145
+ 785
- 39
? 591
? 260
- 53
? 273
? 683
+ 210
? 141
? 651
+ 173
- 114
- 837
+ 538
? 144
+ 145
+ 454
+ 862
