26
17
17
186
10
92
188
123
870
261
230
102
32
85
306
571
597
71
215
42
672
285
48
69
53
894
71
325
269
80
85
192
427
83
672
114
804
205
643
182
507
30
71
99
655
83
90
597
208
53
101
279
30
478
341
14
228
387
102
154
321
148
201
193
819
72
193
417
282
88
187
26
577
48
538
47
330
318
42
633
191
17
185
5
19
325
406
175
268
148
948
118
276
21
440
199
144
42
721
209
505
253
971
511
313
225
418
265
46
72
31
486
409
531
88
768
468
317
463
375
657
16
176
489
787
101
252
35
491
303
96
100
310
25
622
316
869
140
521
193
117
870
84
431
733
363
597
97
442
86
474
174
64
747
16
99
148
283
33
18
645
25
24
679
442
611
53
645
99
25
157
