505
220
158
138
123
2
59
601
774
222
28
45
46
82
196
184
168
166
224
10
79
177
120
370
162
306
196
278
347
345
80
326
698
418
187
192
72
210
115
564
113
226
165
55
212
43
84
291
217
323
275
280
399
177
216
352
40
148
525
2
101
539
51
18
288
363
79
174
24
91
28
323
43
423
2
44
242
176
224
4
42
67
14
293
526
430
3
46
247
700
204
42
125
450
102
50
278
358
272
230
596
116
83
6
704
177
197
458
24
39
249
222
64
247
60
51
405
50
154
51
554
243
54
158
704
141
212
92
111
2
423
4
55
266
43
20
18
438
238
335
99
23
27
91
794
209
1
713
456
106
2
23
192
29
465
249
540
