1000000000000 1000
497828911522 851418686917
55043342688 110436707765
96212757128 360571660402
74066348944 411804123367
218347019831 818051765301
173228095415 839366257645
305922614038 613704694141
487693823 520518317444
107404024184 222055868617
485531065279 530640693107
44044289410 200956523800
346110301689 517014143695
73305750861 591469205927
636174353795 895157858247
432753224440 698677210685
164816360968 262349961512
381966409744 601247663578
9331692107 674903885522
54393079141 759912077808
887624279619 915284591115
136217453217 584007882173
246345658137 830290563952
146068610577 629366301084
193193340258 885513069667
732126693131 895705542911
477169080664 509186800864
375346431376 704223905082
663060752872 980073585399
53404168539 333409832392
297917452857 451430950844
33010738199 493849543470
16854118968 776375166227
426524021527 693456818522
80432009077 572744156659
445839133882 825202667378
116821828489 370001522788
314847362557 748456540241
144945818059 320224543180
465970023628 825296610392
506007195463 757875278155
8487440703 659131437185
473895514089 570597357714
483771773270 948787050321
369566106212 923926460924
150214473744 193206993658
843579624970 938741981329
822964558653 888077537009
446195912431 513743811279
354868594055 463122764986
199191349594 769623052825
953850591675 981382820384
303314978817 710513458713
240327340202 309666774743
748989941849 867196313502
602430524932 824462558937
65694209071 424247141026
604619571761 626065661868
94018971271 335141516783
712138195288 766677382565
441666670295 932759521131
610541997781 864173750131
123344961564 922911666401
340456064435 515518582305
282966855448 657634723850
469411074990 869107677097
168878674353 753136240515
49299960205 944389207876
241714827756 924242069114
122875340588 538149386555
865688835184 894525071299
444690598285 532969896127
531834091481 610637813900
275885668504 453450019880
813032231543 924015498499
214488394365 812184195717
293292946088 845332112014
724259795649 771339988253
232792209516 856947148356
226639471449 963944707660
336096848731 997835584136
103137606285 139273394890
170603679727 422097903748
259585394601 931564717880
213682693534 898740834941
19696441727 138401397140
89727530692 623661469808
98157846751 482133357042
238061286884 950130968945
400046264885 950386179436
248716738087 310725577729
475976406800 492933849306
510294890753 782323490273
761603682826 834601504233
159374744122 921207108278
328730951429 656018730715
629168533828 733403330556
115792184947 690113834644
42730945382 399453419060
154390976191 339496426238
166354441239 626732585140
440103052975 973554778999
172027270188 175438777593
452091846683 531170467605
226936971137 499187169615
391492051049 894491538306
356514355835 718056849165
616633687203 770958398883
543532745009 833576611146
297077607084 718882158289
47355917434 477775326451
109241436373 846057969146
725394557943 981210142008
231996253118 760864730423
680760829760 991450741411
467710751539 565471878053
669197032876 767295888444
32334140773 200608121378
950281923085 967699325092
895613522818 972777323237
95130081968 940449670565
454994880431 833579019653
46518466955 939699691001
443893568669 634429837333
267569763094 698884786789
91961887086 739926120663
104656858335 328774140202
862498814377 935031876707
240232398017 713340723696
364416155104 742063115755
12253263891 29753546242
781719015907 860908301738
435854963518 752918680297
154060503945 183756467114
9868233703 356181554829
125521570839 324677260752
410714375092 787137808405
9659905659 698102240205
7538512694 965644746330
258111009481 700078220920
10234547503 122848868213
461519477385 754385468200
140704841583 991956220449
266051921046 835786123275
17574687020 861942959115
472462408760 574424106690
85639854333 989824938553
95942616738 610040323246
29992197076 546086185737
207359262743 209380289778
50159940560 642956346467
169027609024 555431407973
774982038576 860653401611
524526136680 614456049887
92988901326 670714219800
141080878895 874278119633
717149322611 970831458821
142200551075 161819826942
670698289071 793633128599
550120693548 872934759565
26297977432 396182321412
307500883988 393378716295
567121288047 938946424585
321970848485 727422721334
860278329518 881303561237
164324956222 841524309526
336629646012 361951088542
296390585990 637052374315
292576614652 871602539863
43159345223 75454373252
85837187257 975679707017
748583939893 954651449944
32997002270 658368988614
96652107532 397102817549
103039563776 406798237336
164004066216 702411802342
190423331142 289441959811
487572418427 505379282974
185580562203 946134385925
306951777001 487983087863
548333468011 842000440921
510850676283 537240205203
235038728588 926101575534
241606767586 536234401622
297049192896 510610836078
234063178472 261599177849
593410837286 616333148747
129984421567 298392713364
86153319957 576778741645
191791136297 314624446352
572060395045 904620951876
341721327723 745476898217
35223248432 511497225163
656921573359 912475129549
499555237698 983575979457
211540401139 303117178701
846747198071 915358567733
69336914419 489993231067
209650255606 300880764770
17213207040 633941110322
171408734687 430141423759
749644577202 951835587691
312634417011 904315869213
255473750421 940242886229
82462245849 634229371046
711024615722 845617321214
16345126179 970232172401
29685624539 939890261584
358025075510 652244247087
182619097660 370253917052
97329065497 852213550566
398946575950 967738079147
325891426034 377260509626
208915394174 328125616041
394077390290 802811595258
225368330233 767855022912
367983097952 715641103828
216385540954 699271865618
701924778562 892594157889
547676663904 706813244975
390228991954 659180506778
214136666230 541198290228
237310079779 551532056823
769249969831 859669216157
427537214053 840947944351
618510390113 721981170947
95493785239 810257866477
660816949293 739588464470
656044549535 836259854728
513403772842 989070515396
663073741933 843859686317
362240710243 866683791491
225435518803 579629561983
295414194620 772997830887
324773057723 577135906878
334301638067 904882691919
243219453097 777564648620
636140912182 876725294597
656787076738 816549777063
227729419537 633601600094
330648186190 607150750046
336282771340 517049786827
598203596860 752321443284
369458100837 460306156304
294232446597 392059217500
105453878664 633145018128
323824696508 399858730856
63566505518 139425531219
346069695501 983740635438
13666753432 562084675629
248925132107 933453342208
737321672200 975254127743
252652941086 292982734646
287770307823 507869262262
331431388244 698364541977
361356800089 509781150244
363444246573 773967078292
903036140 933328672044
587532687776 713618412350
131282318328 843469831194
264855137356 994783463877
421168758663 949523151950
200794848146 477508881296
53941812533 940159768283
476384119063 945729141320
351463021276 833271364244
167536053969 931852310065
142979036159 945128046228
17603108401 700455587461
358412446891 781473799835
805182440322 905147116206
145606553406 250963530211
589748667128 811037957871
615037324486 901435366474
290552251787 472147488371
300404934314 913155743954
458150740117 891127613078
265439663491 761329491510
113497457552 919197208031
257840678594 637802502725
693033325332 798716713976
536622833001 638294756833
566409975540 739105630953
851483540569 898182024950
403719991617 818585781693
543478986757 989684601953
672932461584 911055114854
489004972313 703659490109
270963480074 569710665037
355552975566 629918736063
917227874808 980295784368
461450030799 483528716635
244530331541 564021557058
326759122859 917523632151
162575634611 878179256302
2808619115 12635201106
493358615423 963811049974
412227315090 988701843591
30725914948 277826025542
633887650167 953364144626
230629479526 781789545003
309988412111 330127185123
87075111021 461821331709
373886024505 869715161045
799732216495 930656824073
41403595174 519153853894
885857223923 975116509313
618070688965 734107280059
36760748722 81052476928
504125486045 718856105064
383499334725 440979242224
219925467814 510588983810
542988190470 972392267761
177114809381 720426870899
372896313295 896587831872
106657193206 360826506460
124652789641 911740641409
501934410686 814092573103
432875036216 907309887358
635268876283 954600888637
158882659220 701948778246
146055281777 213607360617
22689400549 253963943727
391485050329 802622755612
25975037489 168872997521
478282374526 955208355231
360097992303 654332575110
65436907828 142424152910
108168677703 941827422699
225199365997 529363920601
221014786328 822064999451
765904741240 893704199031
254778124432 495401130369
380638270596 721545718620
579144027518 664083549790
415597557930 864265672861
135958537144 175382101580
204294351826 396233772478
368402889894 523888103447
134860697600 394417536815
306125753540 375360876579
382142387563 400070515792
150608519734 251388003977
14275027477 456810981731
270717881552 947244188746
540434814989 866775050856
34125316942 664801274201
323039592767 952982797327
399006012820 826831695671
61096974437 142481301820
544284444320 808517235945
18138887615 921083310553
627459983643 716841014789
352524449564 417192994671
12188662739 129525503620
140813010345 988342257201
357397895987 655211536098
17231276215 550997282545
140582535650 790971494890
689260555560 868758774672
104338816435 133820982184
408044718592 967178526924
601960994615 764899705327
336411595381 938553439157
294567815350 870683340531
182109950455 728994025877
492828126337 712861590968
798291069676 817563440614
328241674066 626147614507
706141138104 987446063522
61137135021 451178015978
139013782446 163049161400
832302368007 978930872929
429321613623 507948556886
35179825845 455550673666
465559690739 649499032603
610182580001 694553938530
39928854245 634224832002
284190835519 584257052523
358933926056 375557997988
399050519857 747252969960
496424246009 823395264165
504573689822 571225838484
220505624 669470513392
459430769837 552606618731
267702498131 912974293140
579420360370 997611771031
296110132653 880999675477
448715550023 906408587570
75548463646 90657984258
55435093813 601449374308
76465492015 92947787758
298108988021 517170558444
362650348715 815610774029
644054773015 655244156649
305818630153 413067373141
21719744617 540067605371
92920217352 891930081569
47352882454 420950190489
71947776560 629893438946
372830974419 416534965174
259767520100 412181108659
77474538864 558727404805
26814084601 795480732711
695695494658 750909070637
397588952796 955729099537
836681192519 948760878961
77766564988 770095573468
564045054557 899830123682
300641675319 538053468486
164111642966 800780200223
828411840639 986191982188
387441231213 584848490659
322465094397 860479567851
376346128031 950959164067
446099863510 761012075632
218528511356 883971742168
70043111948 932064050474
427346247292 457510471949
104053184460 767455138619
141508455223 197837072950
485494083297 835715811623
491498053339 555387378708
113566143660 893804319224
290171051812 923459329947
216665038754 833865349141
498255692832 802035881535
198759628968 349535925890
478521905270 633581247933
884195721054 985551945612
214887704429 960696334448
127398358368 770122011006
192280956812 360375650072
606605423895 897942557832
394490528968 638531293095
162940311449 314533663651
150136787213 651492038390
360294720613 849588575774
850651683156 952787622812
128384274466 636953943642
278753919868 368605060037
578956949950 822212714133
47318581766 76846163445
506645171998 636973237157
213924720684 780839816880
954838015748 964670409337
102223059891 694378450137
612249679203 816363116952
320864975758 721232418932
6619203887 720652421598
282278087168 390097335888
205100242926 636660631780
54864283247 464364056297
82449144812 621592771890
721291108378 978530094151
358871236312 739443538777
385454556027 799738667998
163152317670 359374561304
426607262827 891211323854
773585057262 783063084180
213399353944 230313720379
274380641475 912976801640
365450327006 902812273976
390662276518 815395591487
436596858380 565130177817
912580110782 918670758072
838502672264 956281460741
797342615019 922917253505
256382840470 993159634396
260492767997 869805295408
130671639347 954120393615
41769794947 720077071680
104216334286 568077043122
267917296808 759519845360
416714714007 421132618053
73000781144 807090801667
257480287605 879071928767
35892084537 168617460417
98386622146 552619767684
265083788793 774453916766
103158506871 545012054776
5372855150 342939067365
640626976010 697219029573
248051739011 318561058295
472644561235 983090528704
201512424087 729474215113
903824566834 987127663400
160147233197 375161635850
787677451684 798769818956
180904611415 776741044209
674845010794 804513458256
314724691843 461498576896
841115669456 877427476162
133609220860 656392052969
87214678207 556608333105
105435538598 597725725482
516780653032 981279250626
479039597721 552965625819
893703376339 957896960032
165547219628 998722981773
150350075084 335463962936
72023669696 477003793227
612807050693 773512521308
203139646499 806634885799
209784403168 709977850329
688812402415 726152965156
332886288079 553982792147
333559381578 864126239955
251104780886 937530310846
105652635873 191870256303
136345130367 520837988921
779275890417 892318246954
171102017151 372033045345
890812270869 976139652866
519128477081 542200262079
318993017954 523367541745
819886369354 885305932776
189465548855 278049817485
39611994316 734039961050
153598404921 867191681700
279995535143 907092977802
473121685005 709806427546
123097063930 874686038108
598536639804 928336175539
151249131270 168055730324
152021130391 440671756375
11131332585 522475072058
401515101363 412599480034
30190816332 280637311706
569292754518 999634075982
284559770075 815874421350
911909398999 929417746814
535649319935 776025324545
238261316921 448729340263
210701767590 675875557625
771915600638 833271695187
357853119938 691518613621
415082118137 775026556039
42345449333 469945356399
299072670773 600508533175
673922933692 761256125205
350555814257 534628015228
461728864885 556884546940
125197060535 278883140053
206468498641 871491731599
732305369879 779650176250
100809431789 831952503538
368919066924 715296087849
123091334031 886924031986
541663697464 759849084041
67000853075 164197678475
183677594572 208519784923
248380305492 445553529916
214849930747 880288808099
659498145646 818289917515
81120388642 82272640592
270817843482 308483527117
152653440125 350088936555
423077334465 679577600159
102358282255 771704530699
313181214748 417836494389
697562549085 987743760715
54755421478 336402204496
338250083918 878009724419
128884439702 779840986853
486625346383 819278057813
66289016034 903427953708
246707495253 663312000731
696772583657 838725161929
461413262616 796581594926
347016655211 808632391871
770578644991 833350797622
277267832690 674941684849
181163711825 296008131091
290345338946 778544954961
385553360577 432504746894
510623167692 748712755452
237502497545 787663510044
338958283839 906031130876
387690526807 650903572050
306719834343 425861764904
192646092134 867554809227
442163680924 826680702802
389829469455 405706589781
636538785064 908359268129
8089807939 751801057310
311926341795 370731414565
649584117937 780052390899
460628293644 780002760094
174819951480 382893108307
239245126348 590925199366
526453377545 729912420991
15367381654 861742938500
454373960591 678002033943
697047270099 973042661532
73790266656 220536194084
80934306040 112833974737
216930981872 257281078743
144179695298 879680716215
395735010548 645727939649
50973149920 544218890210
211962900937 675550797059
175192660873 271866473604
119115010980 554679280240
388015479672 706088467781
702576795772 781962332961
591580832562 641726247271
422434420643 631354793843
222332100156 242427779987
917841221226 956204068373
95852656024 316967971549
643563133021 732715702462
277236194668 594316645050
95365457179 337850203904
405489174178 998328776648
879056880863 947464182940
87413725154 784144723863
105836187366 703724872728
877758573839 890629367437
414761284189 956166731743
620042123359 922574552068
138600032931 383140497446
396137960466 447341275773
656136013388 789557675126
555002972935 819090652172
29135486414 708912433449
312609709361 688605831988
659208976610 668777718487
374597743481 546281089534
169602576222 955074450376
198674456013 221459766680
305969551640 888863747759
31454342432 70413994295
235095568892 704109803715
838813530645 991840037434
112432909359 706197029645
257704076231 408472627833
389740169650 571037242455
218700132749 425006198717
265887426394 946326463755
193119340777 676804759467
546881279933 712049971545
564278894137 752253374106
531745662619 693065333547
833341695236 896947466758
124312683111 169675760923
234782913053 305446416858
132600296857 389926439548
835099442741 836059728434
881669857701 888553204769
780963859577 921841151362
127991402326 608727139311
309246420154 717734665855
371955806060 589333206795
2895795279 481407298745
36460704186 332472575190
591158684575 827632279630
161457553515 329924880887
97436170927 250041904141
303903104230 621989650269
209118327262 454517478110
219588414511 690538422444
651023310382 734876560757
729001778177 825648767944
494877446559 704102240341
654894685518 746618274755
548385421993 684169615998
462926939694 467156771177
436700000562 580406684291
501320674615 550430683300
27752133211 422186038682
811138010995 986827304970
83100041399 737732400262
585959297226 702903319422
492890900847 493131563374
580420543689 956345929745
332942917764 371305119505
292648593343 390808183484
17240013622 508587013533
488618370318 946634667151
319078926871 478778860151
62368531530 279622206567
270266288121 729085788858
75445394073 868812297833
596764485276 826713054555
67337863265 359841929517
360780571574 871887317129
26722043245 48653260511
431366290968 964738392106
316530234793 840033860445
196474233628 344722151204
651390918821 969480720154
656401128092 959490867582
487177849875 930141247256
459212455022 712922297036
525225925423 989807758072
715800864348 875591158341
774211910370 984574086862
112205513910 971241684749
314444025071 593601108512
417809496325 945438974055
758074345936 916043214838
460146449806 733551466353
646306654575 956858626263
271753263245 938100811392
437539508968 678504912897
577856094984 867215755251
193411612352 935005035198
106520246638 224743440287
566849676477 633894986091
426387005475 515061107760
114660997958 414170245386
447098850117 648843153561
211908335009 516096076568
133921856393 164921697357
105418807143 170244358173
165294866826 769247609441
367745066374 562717549875
512659421913 629310533687
598637530692 937652097592
103304709696 547570021403
273631770293 472117589976
513534329186 661115375019
341809113266 829054424771
96433092864 537859406689
76622406586 343905732938
51218485300 535034396148
2317997076 451805261402
134903371205 856703994013
185709094892 605480374159
951526099224 973089830916
469206227457 907316328659
236909095154 988290849167
48573450693 479745252532
267305483618 387688202097
20887243262 805891843093
4323532665 304217725445
504172871222 776833894326
470749561456 781935793947
811762199910 894721654327
773773267667 945977751071
737524896168 958520361806
79740487453 914434808279
679655945644 995643150053
209952865065 930710993094
216598253510 330910295619
547475753968 902264222622
203062725452 412328957348
436566508275 862340615628
168515894145 924028103373
39279256058 940640603066
232338451151 845942388941
90306667457 785934527144
594728796678 661172100769
542258479610 616020401886
277608952979 700287828692
189435760416 391840272723
366452995230 740722572831
620274648025 823220161028
100200089566 650973135339
302695359 701352917377
523470563885 930911652259
483709590003 836069200405
876438349647 891494931710
544512995466 610383463647
420333862480 762840241883
684685433395 745842289891
519440881345 623342070602
316964776639 920583588741
535059001607 583998576466
277895818636 443164932524
8410379205 95640110093
459793883112 609455035793
84118798426 723185170516
874179151723 874287217376
83752621887 559426384453
293767942266 969724656791
508498190564 797461930028
73236864648 593450156923
637476157176 831896464343
263405084127 338236913345
38119446612 585695582652
769535148961 941663950802
107887333547 477641684483
438355061479 755693415841
67842351115 482183518315
115103803587 451914317104
484617142435 654334828242
324764097461 331196782009
470123232857 805958503619
637776215485 687781895529
195390360635 785347786513
586558644959 683475333953
50907970714 453167434006
728755486687 847705452599
789863399631 896994737915
402911460872 988900946731
771348718981 782142436009
4719931120 112285180550
358000076607 719534717744
515896330484 602334780569
49079171296 628390789497
586710389943 782838777467
228341104299 614880787324
87321877797 393909712060
328008032173 424456605138
86931535434 309894066419
463345422060 814716709953
553206337139 562418108797
599639978545 986461383997
233489876132 967649341845
429192737264 602058645499
177516432322 274293379000
430817372650 905220689972
104565306862 691684608063
51403501290 98668940359
732518744370 943348818898
214016468391 733731046587
243540042866 788851227681
180624865575 935420157687
52195629330 194373459230
145555447036 505922809903
128807777765 895684238847
5817295446 270065453476
538929633458 696122193686
254266597642 492563200382
624798971827 735319488861
357133743303 626665939350
25539671426 636100644588
86595878070 674660732664
28316165866 910757463716
814419167284 904128512820
482839391525 770882234355
187975109773 800975017466
915903187151 989449218225
459496727149 912639874056
155395562470 557596095592
684598522739 735585193633
463212206717 948088432020
579847210894 797396100277
307636943482 721914974271
10637985729 774229930081
1777319193 628122908241
808971513839 989729778884
511945223038 855663186020
302374519446 417416308306
45101359350 407219624781
295834599796 502890188925
553706345744 922902283288
387131804683 926038984423
120360731992 613717664105
63570083041 906632241815
201232667393 938153135815
312958033043 636233235814
610749421116 960046978124
512209834451 616872168630
883772178898 994549912395
1117344695 916401627900
422145051418 915516493524
651066395890 948490741226
310041668227 344636820119
570578862068 750209270968
324914986022 374817893951
220754630855 366501895254
210864912701 276311863579
77183276416 490527333254
161971135450 849548598373
776251647476 850451641231
29038705 825990793149
226790393128 529273335552
462854073235 694558635678
521700116034 602910474818
379312800010 767876608206
499519538571 557941467944
37548795147 443494700919
472875042251 676315367572
370112489191 862947637445
84017542705 97627230720
220528790985 980137922527
181067951696 825175096796
194648271745 266297727459
297046076355 484434644120
801197151708 994258783744
19717948335 656385006852
52877014755 327975292132
4441877322 653984134499
5488451592 363816880442
136839068595 952753745980
996607821803 999499956406
774202483703 876387588389
650314260312 774477994199
512008635201 639468627914
707583932955 742454408989
165922236469 309764804440
191358297730 279437102763
421199289893 641078577546
157089563453 905750546873
713534229473 960526369287
715642330980 775822186682
15282522320 627392002649
109331566287 233405141962
127754288839 345458130588
222644999147 309473367799
602341314070 809014104504
328189018867 879004900861
352825456396 504143004484
132262299729 611591987969
306166232857 621297891125
308236398002 910072744811
251851551906 859433119844
535098060241 730910092269
83084501638 202834722449
516698112280 808323077682
571427327260 601959548035
265243495135 655760872608
143900361745 590781066186
177513609676 959602389314
736630441369 802009151358
33149857296 178465422369
270880214662 494248545736
342016191265 501503812724
362397581163 664401958952
183984685396 768454019826
26410393778 513323412322
241004641576 822602944307
412264654485 734510889548
102539987391 618988707371
227075866684 719446309424
301815568571 790839021040
584600587413 890095871829
618700547785 867720782858
274151674493 848286671677
871730532501 878781063961
29512643417 837424962706
134012424468 184030556365
14268820206 328633527536
166024832415 172604718499
62557425968 240659880064
96000983457 201391615077
3021341773 946435641786
297782527804 393109663635
519351668266 893824247596
412906068457 531974515786
369017686843 683047819162
70488138067 793480936946
79959210363 591811788260
560106723049 968710750288
582959495243 597037430600
489145739576 850941355923
410610419816 941496956540
155584069823 835295211907
13882574775 290217906980
53424243478 348655494054
839908002997 927362718525
398206127838 552043439950
161943594964 439267548528
3986295921 59351564180
818830859696 941363662500
183505105001 556668224662
83843490912 885454138233
714040211634 966375044533
12600314908 830792453902
634893974632 981064587930
111419191091 977183021144
485480874844 757272637757
648954994872 680537551904
81226082547 621524165521
269103814742 916505169221
257302563305 805746056123
399559725964 970932960045
252041825189 920248876473
156837342112 261381851957
221392729302 514116333721
273951395497 861726461215
574861636563 694339085378
86675214749 273612921236
74088653894 401473051337
379682973533 934535568266
439239943656 582205193379
432780159817 880470316223
627181485316 767338319186
420811169666 831696213463
7643615222 704858117373
92804146398 846867173108
403502803328 723926894027
168346906363 251601321570
4104316935 6329706351
110245783736 620699959746
438694622319 454553777203
848854159057 898280506736
313226340720 594485229678
401523466727 857978413817
168928865038 564007048456
277333042646 451733494198
97604536187 839428510375
622659393092 685006481348
354863323096 472953005642
61187157355 698041624684
37470925588 744187030743
898608566086 976285207965
207576365497 290531478457
