1000 10000
206 481
133 404
259 641
279 880
576 596
735 747
254 480
603 608
870 873
388 658
178 707
120 594
507 707
417 444
557 945
158 760
241 710
929 971
386 744
86 766
302 868
906 921
398 493
114 607
201 582
463 675
381 641
536 836
616 784
18 771
841 993
409 938
243 287
186 995
355 894
62 560
382 815
429 547
77 926
566 756
326 414
891 898
592 744
205 425
562 941
67 516
542 698
127 768
171 886
156 169
524 739
551 754
63 206
640 723
722 853
181 303
779 867
98 608
534 752
64 936
44 685
183 874
230 343
295 633
632 836
484 844
195 628
430 714
388 635
50 514
44 800
627 762
80 793
581 797
921 932
48 229
297 712
495 948
774 864
629 880
534 539
85 166
830 885
667 795
102 974
57 564
618 934
560 654
383 659
409 456
301 954
708 959
141 410
18 754
247 722
620 831
654 817
431 549
186 352
236 471
649 971
478 490
164 692
496 845
151 952
462 633
921 937
60 626
609 795
493 507
484 708
688 957
426 803
615 703
17 176
250 986
389 419
52 196
311 530
481 780
83 446
415 528
147 913
792 801
356 801
282 857
123 464
424 760
541 582
107 258
43 78
87 807
640 878
246 721
113 207
8 80
449 619
35 509
124 803
215 982
143 206
330 870
621 926
156 219
256 823
440 776
434 934
43 357
827 901
135 516
270 340
64 970
821 892
275 278
392 495
403 512
100 330
165 898
21 717
294 443
145 806
573 681
683 930
533 703
372 646
22 995
517 646
564 769
172 244
26 270
531 928
26 729
41 90
282 986
612 698
438 612
125 831
290 834
220 974
620 821
490 758
56 618
941 994
88 418
286 990
97 870
146 347
506 823
474 587
380 825
268 588
309 584
12 278
659 759
481 652
328 961
215 339
481 876
284 539
551 609
302 624
230 242
56 839
236 837
717 909
307 373
349 592
885 948
364 752
548 582
600 808
106 242
94 542
435 539
98 342
438 933
114 123
14 577
735 816
344 598
219 276
84 608
279 907
211 618
25 984
160 570
87 254
568 574
13 136
552 880
72 235
25 930
38 649
104 539
562 851
471 683
246 713
230 807
2 392
8 864
267 336
86 880
35 905
822 943
427 779
665 682
649 922
253 945
557 694
762 833
546 691
238 249
144 703
11 987
365 549
275 537
137 325
171 299
909 953
479 896
110 295
716 910
858 950
724 906
299 506
38 439
236 921
166 398
577 872
124 812
170 760
222 453
45 436
62 814
159 809
364 683
363 786
983 991
153 678
435 690
332 870
64 407
225 528
607 944
700 759
103 959
98 990
120 441
480 795
357 843
201 434
724 774
194 483
495 966
301 994
660 877
2 395
453 838
400 951
388 464
12 766
244 911
538 642
783 821
335 434
224 322
171 173
514 926
244 400
217 890
410 646
220 252
446 990
191 732
192 619
608 720
423 648
365 448
493 789
550 659
368 492
237 976
391 815
245 833
64 656
92 644
316 511
532 700
560 958
309 648
143 816
743 787
241 838
270 601
181 459
212 264
342 555
112 522
24 613
33 490
93 518
170 561
771 971
453 923
70 801
44 67
494 769
125 695
332 767
192 944
404 558
302 853
509 905
733 816
2 756
178 212
143 866
375 553
61 71
313 468
364 719
34 443
468 936
322 939
308 805
167 241
552 959
67 671
262 846
90 216
110 948
696 749
70 334
17 481
796 968
402 554
248 710
636 948
394 978
968 984
552 767
232 739
657 764
933 956
338 564
690 860
231 636
498 724
783 901
188 196
766 769
560 642
316 334
105 110
289 702
709 986
772 796
1 904
52 801
88 519
192 779
70 792
260 282
117 174
280 487
26 625
43 465
362 863
168 883
365 736
656 736
300 314
147 192
242 889
439 641
446 450
218 907
747 922
465 754
162 178
377 977
740 950
718 986
479 930
82 891
53 66
236 844
428 618
87 306
300 886
571 727
257 869
405 467
603 767
340 692
493 923
674 934
3 479
370 394
54 195
105 130
658 851
310 404
211 254
175 706
214 313
295 949
229 282
528 634
209 434
88 274
268 525
631 974
358 674
920 996
141 444
126 837
248 564
113 874
243 686
572 618
62 533
163 192
61 234
158 629
80 465
151 243
95 579
703 885
136 706
647 965
268 957
290 442
286 330
795 805
499 542
141 536
612 870
452 461
28 848
402 895
602 873
117 337
230 684
186 467
189 873
571 974
278 991
414 469
13 383
88 587
211 429
155 187
191 686
321 383
288 929
345 617
795 819
438 551
262 410
552 676
379 623
173 407
748 829
67 274
127 247
373 489
326 515
43 847
370 806
267 854
217 648
406 827
395 587
190 427
544 791
184 271
105 531
118 901
18 31
14 802
222 529
615 800
17 447
93 670
66 167
252 621
619 954
244 695
89 656
363 499
88 353
362 957
681 857
753 966
182 265
232 416
353 518
89 92
730 784
55 186
635 954
207 212
532 792
789 975
420 531
583 751
307 734
480 729
78 207
960 985
220 249
376 658
23 783
89 493
281 372
73 698
219 545
290 594
223 629
565 746
612 991
174 508
390 457
357 653
96 905
200 685
128 641
463 807
207 981
138 668
493 629
279 427
142 662
417 831
178 962
233 974
641 679
30 518
633 865
144 745
574 778
79 801
96 764
785 912
127 907
25 382
125 476
120 709
187 698
592 635
397 867
68 763
178 203
344 783
352 725
260 588
273 375
237 352
327 856
812 870
405 419
281 400
334 338
231 794
586 659
41 776
65 323
468 696
543 863
161 939
314 870
117 298
294 385
240 696
849 887
588 821
27 265
390 792
243 648
278 696
48 730
125 204
256 269
281 445
14 822
90 999
358 460
169 227
53 784
339 887
279 815
165 533
448 927
251 716
416 439
251 440
296 396
175 450
321 971
292 685
426 542
28 681
93 679
652 723
724 1000
404 704
595 847
444 631
708 903
575 945
307 347
314 350
318 984
109 418
45 637
392 690
81 245
543 808
636 725
279 530
258 297
72 238
169 996
293 724
400 882
282 899
409 825
448 753
32 503
727 990
578 742
16 402
205 731
58 837
182 997
346 564
23 261
139 668
580 964
307 616
13 705
239 958
457 936
124 802
116 457
17 726
687 999
102 266
213 450
503 550
860 923
16 422
194 696
26 647
215 281
135 500
93 291
393 845
800 931
66 946
587 869
8 850
181 533
435 539
533 569
130 234
493 942
7 728
485 840
33 845
188 272
451 989
189 985
220 256
128 171
803 989
88 617
504 773
47 750
1 613
459 616
285 351
878 958
622 849
613 876
702 991
975 983
83 902
36 452
206 619
284 547
108 646
328 983
76 645
628 674
264 381
695 755
43 543
434 876
193 867
315 751
385 776
189 861
183 292
409 912
429 535
221 266
192 975
358 711
531 885
252 954
159 885
43 496
793 938
416 741
595 850
413 730
210 898
831 937
606 805
77 717
216 281
166 297
436 495
363 383
95 656
691 885
624 982
146 243
186 531
387 529
427 974
61 866
370 764
645 812
125 254
635 921
141 798
921 974
3 72
270 515
9 991
433 529
81 232
396 633
366 849
287 435
152 364
454 784
563 593
667 681
889 993
502 988
342 789
196 933
682 885
132 964
111 416
216 384
371 505
577 835
560 602
225 547
201 951
372 514
476 484
151 203
495 931
668 693
285 740
297 685
773 793
116 413
278 969
193 680
489 963
536 576
841 982
615 645
145 981
234 269
163 167
175 526
343 625
217 346
223 661
181 644
405 468
61 129
872 952
153 999
113 752
303 529
736 797
392 884
69 303
425 735
513 926
501 649
715 924
46 875
276 422
464 573
6 629
261 554
317 613
555 902
20 98
198 589
456 708
159 967
140 500
513 831
490 492
331 652
277 571
206 889
98 128
542 895
742 750
32 188
443 894
530 938
148 342
56 201
48 206
481 862
238 267
762 852
311 396
85 456
221 449
407 1000
631 901
492 928
428 689
200 821
21 137
409 794
515 849
852 977
208 488
70 244
6 682
1 715
97 291
45 255
418 641
450 916
648 898
59 801
82 226
267 565
704 816
755 813
10 637
330 941
169 851
290 799
744 806
719 921
47 551
355 508
91 275
17 232
638 737
121 498
189 471
20 23
76 937
91 558
424 498
53 910
187 713
320 975
119 783
51 779
353 458
541 579
295 325
268 344
118 997
218 705
719 907
279 467
180 427
251 494
608 778
257 464
376 839
467 873
199 862
93 999
314 490
472 543
653 839
605 751
661 730
653 971
139 354
98 773
635 919
139 446
186 451
454 764
104 255
344 764
209 955
158 285
129 162
34 814
255 819
326 451
761 952
128 646
121 769
657 967
543 553
325 847
233 384
167 871
186 555
904 982
320 573
186 775
389 701
486 749
532 764
693 925
529 666
52 75
246 286
771 813
40 833
511 703
903 922
263 588
644 718
231 299
669 828
62 647
383 861
218 791
810 841
570 658
620 665
299 537
205 322
659 725
287 908
583 729
61 249
317 687
330 499
528 704
15 141
124 484
98 627
83 242
266 636
525 863
158 819
85 716
210 968
184 499
295 767
34 281
541 653
110 743
183 575
117 731
490 901
683 771
357 582
78 933
676 678
275 785
315 337
291 448
200 977
5 224
495 562
24 688
281 970
500 978
214 424
101 491
360 991
550 906
300 598
18 597
8 340
401 409
503 947
124 420
921 982
127 963
358 409
429 817
440 700
577 929
65 717
37 192
66 331
96 765
460 563
673 891
566 699
361 592
43 509
945 988
432 445
116 439
3 316
183 499
500 943
23 352
364 939
748 855
222 730
107 161
811 924
158 307
136 202
261 461
819 900
560 913
2 186
335 744
184 904
280 505
97 291
469 559
200 278
27 43
185 450
669 725
246 558
717 727
489 878
557 958
507 723
415 466
270 547
294 558
189 587
10 877
737 788
53 176
94 197
854 864
267 446
147 991
727 812
551 675
518 715
505 958
116 216
560 946
318 562
648 934
26 384
328 659
645 848
317 845
403 544
191 863
109 193
860 880
367 926
57 496
223 856
256 375
74 261
396 977
314 786
190 200
825 931
532 735
452 610
50 906
141 363
562 827
236 541
4 521
114 468
160 191
56 146
425 714
15 998
610 978
27 149
482 956
86 230
282 387
730 844
161 968
141 287
424 966
181 267
515 767
363 764
492 709
643 884
763 778
212 270
620 648
650 668
680 792
449 765
543 657
514 624
362 795
173 740
961 979
838 937
366 695
570 760
818 874
568 927
126 380
368 555
162 327
38 698
495 638
310 982
351 922
88 751
321 718
65 476
522 931
245 271
113 713
88 566
618 732
809 967
132 571
28 610
399 671
114 200
322 733
378 831
589 713
221 428
134 620
244 885
149 207
624 885
709 711
619 880
472 530
303 516
284 674
437 473
197 439
205 457
244 556
392 485
44 946
778 892
623 931
415 821
275 608
236 841
43 93
82 100
62 969
666 691
249 551
180 709
770 869
488 595
133 500
522 885
568 999
488 783
393 414
161 940
197 764
167 493
484 624
286 517
777 934
470 883
864 927
444 672
196 374
122 845
155 889
409 518
664 827
425 438
344 579
256 651
130 849
147 340
383 570
28 742
252 401
403 451
166 998
388 616
317 550
131 302
611 657
255 394
37 532
217 776
708 755
514 992
146 317
69 674
644 757
100 657
118 747
396 497
278 675
278 736
809 900
247 798
428 702
74 165
546 940
261 427
505 728
470 868
538 628
438 736
671 847
76 104
610 762
12 866
362 825
661 938
530 795
12 569
589 678
359 940
751 919
283 433
203 919
245 927
326 336
113 864
625 826
441 561
256 437
650 764
693 778
169 464
92 131
189 918
908 954
438 818
486 790
103 385
157 990
385 463
66 965
502 544
199 267
538 661
504 884
147 546
16 76
670 763
357 958
77 901
683 781
289 954
461 582
412 780
238 497
565 778
351 879
160 905
774 939
433 866
168 436
268 507
280 646
101 286
459 621
499 622
269 294
405 910
78 480
37 995
718 936
534 906
284 433
194 651
146 581
175 780
153 861
154 597
39 755
321 347
456 658
245 381
821 858
52 505
144 530
51 163
434 572
22 361
2 855
467 943
455 914
686 984
652 934
53 240
29 433
642 855
243 552
203 255
959 962
659 770
812 977
352 356
815 874
150 765
300 777
47 987
373 960
160 484
162 808
464 684
892 992
190 264
634 812
475 820
706 712
478 706
360 725
743 921
47 176
117 520
392 761
399 521
582 767
65 88
226 332
759 894
491 555
308 628
228 693
147 312
25 909
13 40
153 931
781 875
396 838
762 913
207 553
633 801
61 122
867 945
788 995
537 866
483 703
373 555
116 680
115 954
920 944
54 61
261 292
217 437
62 992
402 954
539 694
608 827
701 838
550 846
142 521
569 735
16 632
219 923
847 947
393 869
685 867
115 381
553 610
271 921
48 954
170 997
337 989
5 503
456 697
71 964
267 321
357 895
589 812
700 707
422 845
777 856
678 971
269 496
130 557
141 995
334 915
403 558
427 831
44 67
123 965
441 521
129 137
658 734
53 190
478 656
158 540
215 963
223 873
105 245
92 549
508 630
284 355
737 937
432 668
270 858
513 619
635 820
41 428
274 545
431 558
379 398
540 874
222 281
276 787
388 498
228 996
157 580
774 977
526 596
358 690
690 889
469 571
630 953
128 399
417 985
519 878
113 894
296 693
38 246
340 417
195 229
6 640
317 903
207 283
120 720
856 976
812 821
706 937
175 745
190 803
129 578
17 395
45 519
859 888
138 277
544 919
334 612
370 793
479 898
148 448
234 941
32 138
593 713
116 494
98 344
291 551
1 985
786 978
84 366
956 978
391 553
361 381
243 738
822 884
287 502
218 659
692 843
713 983
101 863
742 946
104 468
451 676
689 883
494 653
656 755
385 604
266 707
331 501
246 788
171 310
146 464
203 546
790 826
41 617
359 980
723 889
533 891
258 740
197 779
417 895
455 847
160 433
47 512
236 378
230 492
31 916
131 955
139 377
622 986
634 704
343 851
223 542
604 906
675 906
724 791
341 979
88 807
239 319
274 417
608 772
522 617
78 661
31 369
213 707
403 506
642 766
55 415
100 827
346 913
45 157
711 804
663 670
430 604
115 183
64 428
107 108
640 986
378 586
445 733
14 220
318 868
278 997
195 581
56 996
807 877
459 804
250 846
252 320
372 488
580 817
198 202
271 624
450 778
255 446
68 875
401 835
333 509
8 268
537 681
419 930
803 809
467 645
344 825
288 309
603 868
201 330
191 344
304 858
53 108
112 735
102 854
949 957
467 834
656 992
248 415
56 57
400 948
383 924
12 620
22 830
417 776
76 533
52 362
58 979
142 185
939 942
407 557
10 853
144 475
215 753
811 871
410 751
591 776
74 573
350 994
12 873
915 966
21 535
196 261
188 770
372 790
21 550
55 745
71 705
695 801
566 682
625 637
800 842
298 326
22 996
614 765
559 900
68 395
145 339
137 583
483 687
751 864
313 909
306 394
25 39
91 985
127 688
264 413
36 319
143 849
745 954
845 962
273 368
529 774
430 701
469 769
299 611
345 781
608 630
750 973
653 667
815 823
245 510
285 416
315 586
144 248
699 988
103 877
769 920
230 558
416 679
450 850
417 428
291 618
10 608
55 508
366 855
228 328
237 320
666 743
372 658
549 725
65 857
64 793
192 933
988 997
120 787
296 900
171 571
186 642
188 300
78 935
109 671
653 889
644 863
308 480
428 447
435 916
319 717
102 682
107 294
12 796
445 474
21 754
153 234
14 888
72 699
679 808
440 511
544 706
801 900
512 737
128 925
205 831
133 908
214 639
516 810
301 419
265 550
10 791
49 426
218 660
651 662
346 602
202 561
247 460
370 743
40 848
193 392
343 699
323 603
281 714
57 145
767 851
147 961
576 829
693 868
245 504
318 498
512 944
615 653
148 837
86 586
43 783
40 359
337 761
284 611
496 946
60 628
602 617
710 837
188 236
513 531
239 433
219 626
143 581
414 762
454 887
48 496
312 667
462 848
42 641
137 303
713 787
231 614
665 733
225 573
256 914
44 980
263 283
76 897
434 639
57 786
686 822
490 547
281 309
222 599
527 728
228 876
487 744
287 612
590 620
240 342
443 746
108 622
67 171
547 722
723 812
678 749
348 712
82 635
64 521
193 504
50 452
781 969
352 969
842 984
847 996
274 428
53 771
317 400
78 533
285 821
225 609
201 723
17 421
859 991
891 981
285 295
344 937
510 636
319 356
9 242
433 718
51 428
146 197
243 258
50 190
532 762
404 638
58 810
38 333
411 545
547 953
278 805
234 542
79 358
542 946
723 731
138 597
149 395
344 794
211 875
76 542
563 581
646 989
803 962
75 651
12 220
161 704
706 826
190 517
247 356
2 266
246 730
488 670
96 830
8 246
121 924
419 556
16 753
328 701
525 721
193 579
44 266
367 387
808 842
507 650
54 182
200 886
12 245
109 419
156 276
108 497
154 805
479 727
25 497
125 308
49 689
222 831
99 251
44 531
106 988
121 826
429 767
188 592
281 706
14 684
91 976
168 658
416 859
406 412
691 760
802 948
163 565
469 675
315 593
611 715
332 562
350 574
347 434
165 860
169 865
329 412
19 64
813 875
772 893
565 785
92 279
764 791
316 681
284 983
205 602
214 485
452 471
235 496
790 872
193 887
446 667
220 788
626 705
329 624
19 814
197 967
665 863
677 787
306 416
199 205
515 606
137 653
168 438
350 530
147 704
186 186
419 893
821 941
499 741
242 741
583 959
27 787
487 509
88 948
320 723
393 686
128 319
248 874
65 991
45 372
720 749
41 152
595 650
271 387
498 801
753 802
74 846
211 611
349 592
303 722
79 468
175 982
81 206
46 563
253 307
210 676
75 222
364 757
578 629
286 634
276 708
521 543
400 444
422 993
703 819
276 961
43 422
400 765
118 324
183 571
792 980
330 451
458 744
430 619
123 791
166 306
792 844
278 746
214 458
404 885
56 756
40 320
851 960
123 994
113 387
11 750
100 697
109 596
45 899
487 829
518 605
97 508
543 838
406 608
407 473
760 792
268 497
110 200
620 782
738 964
642 780
30 690
589 595
59 952
1 630
760 872
79 589
229 287
434 901
141 514
524 743
329 478
487 489
755 999
506 584
419 637
439 509
218 705
501 739
813 969
59 579
90 415
163 824
167 493
386 925
207 307
353 543
581 698
160 747
330 651
606 656
366 991
61 534
587 878
180 801
212 941
590 594
397 723
192 331
189 282
283 593
21 337
193 419
29 69
144 677
707 929
144 403
531 628
205 451
109 342
358 990
390 508
273 789
220 232
754 930
400 706
273 342
178 278
584 656
244 827
600 916
528 732
124 577
138 185
87 242
122 520
403 996
479 577
77 394
530 742
34 713
389 614
105 413
480 639
168 545
153 658
315 951
573 626
152 370
463 591
133 191
403 550
12 933
722 1000
292 631
59 947
130 466
607 928
226 240
111 330
190 328
270 354
651 921
233 247
96 302
559 575
140 314
514 746
433 499
60 460
87 234
237 845
352 441
18 212
477 789
333 552
316 809
598 704
78 253
79 975
41 339
145 695
801 963
213 919
81 916
192 310
183 860
315 630
508 653
607 667
130 919
629 739
646 747
308 654
209 713
458 995
431 956
480 946
138 650
281 860
43 313
288 620
346 362
401 751
813 973
106 669
250 716
477 553
279 502
225 877
48 885
314 911
678 1000
216 570
161 541
404 551
655 883
492 516
446 484
233 834
273 414
12 50
354 479
241 644
136 356
243 978
171 982
33 292
95 198
471 875
100 179
812 882
266 534
259 503
413 540
769 786
572 849
414 849
332 682
137 607
170 342
464 892
86 235
284 922
641 886
8 761
207 403
429 794
88 810
24 745
21 261
80 388
218 569
10 959
399 984
718 934
226 538
555 897
343 392
853 1000
259 721
187 674
619 981
342 452
559 814
414 571
99 111
702 758
76 510
402 871
5 813
323 421
68 719
63 254
236 694
718 957
384 905
86 96
179 698
60 264
252 314
551 857
118 310
14 727
439 961
624 646
120 978
831 971
497 786
160 705
332 917
9 646
74 763
774 954
450 781
735 853
294 693
42 297
54 943
154 408
337 773
373 813
637 755
507 831
99 338
46 205
32 731
801 888
476 476
67 181
155 757
71 317
468 874
241 975
115 198
326 618
249 264
142 181
254 884
163 373
246 497
535 800
82 671
339 579
114 623
324 740
502 782
166 891
334 646
152 430
684 780
791 866
218 263
33 175
360 888
503 680
315 987
155 218
123 441
29 965
49 357
904 988
178 528
514 715
291 708
214 783
23 376
399 524
501 853
554 630
458 505
290 432
26 181
85 590
442 901
559 970
148 966
90 572
673 730
817 945
85 876
934 975
486 873
130 994
693 796
389 598
356 979
254 659
357 511
8 319
438 526
559 868
437 616
447 613
674 694
656 824
220 553
638 889
446 753
78 669
835 919
525 790
178 558
118 217
217 306
295 809
825 864
155 326
588 658
272 514
79 865
154 726
385 405
855 903
459 990
568 962
420 900
754 761
74 921
192 297
24 131
295 854
31 618
608 871
151 784
325 899
253 982
451 590
442 998
746 785
106 199
441 543
23 329
622 927
645 949
178 179
507 614
704 733
819 820
316 576
900 956
120 828
37 523
404 733
1 210
11 342
768 840
52 514
429 812
679 810
17 466
121 627
678 767
101 108
586 697
321 593
64 315
168 753
590 867
559 706
366 429
476 557
198 367
312 791
471 767
522 617
613 715
135 896
236 384
132 258
92 842
759 982
178 213
943 948
15 166
104 111
316 977
362 844
75 698
109 428
484 500
208 884
197 923
319 740
378 855
603 925
516 694
518 835
4 146
126 518
918 998
293 494
926 970
444 966
258 872
332 895
607 698
614 695
247 961
683 854
234 836
163 251
119 170
261 368
119 220
771 976
900 923
397 871
436 955
114 836
196 715
40 453
661 927
107 348
656 692
192 667
397 881
149 800
542 922
322 692
189 692
18 186
385 794
44 474
58 873
101 895
798 827
456 962
60 388
271 478
264 400
126 415
526 932
334 841
102 825
231 275
329 981
176 851
166 538
74 168
208 425
261 758
405 598
473 989
77 547
209 376
87 579
156 915
760 899
281 726
358 394
622 864
35 849
180 273
276 534
448 650
43 75
188 221
364 876
375 616
540 745
783 867
239 772
456 565
673 703
67 899
563 633
185 660
617 842
19 463
497 910
481 690
204 378
537 976
92 113
6 560
566 707
283 719
231 921
602 943
539 736
464 584
745 746
649 956
99 294
161 285
41 885
118 711
385 509
153 461
531 600
557 931
123 146
91 817
378 864
213 292
90 283
292 761
115 690
193 307
664 912
381 558
692 978
54 204
303 889
400 750
658 879
208 754
85 799
595 987
730 746
829 848
250 654
32 298
208 527
218 662
110 409
549 661
770 801
52 62
614 753
429 567
895 999
80 322
522 963
741 868
254 268
751 772
238 916
294 813
184 392
168 225
12 543
247 326
583 772
176 570
233 329
187 810
38 637
835 947
25 593
83 249
133 404
689 945
789 943
839 861
192 581
561 563
306 583
284 500
472 472
65 81
701 940
946 966
348 602
124 585
725 964
440 837
855 878
489 787
674 745
219 638
178 394
7 19
357 403
428 450
336 970
70 82
433 699
871 901
390 884
157 688
182 947
253 534
15 838
506 923
562 833
584 877
182 272
202 719
35 223
303 513
445 819
10 880
537 835
69 354
48 451
422 677
403 538
195 263
515 690
568 660
479 976
24 90
70 576
763 933
415 889
340 429
388 507
839 956
501 967
386 757
93 633
19 427
92 278
250 804
730 966
629 630
58 724
651 825
512 780
758 864
212 640
403 711
684 718
381 831
328 919
135 813
369 375
250 544
82 315
253 759
151 274
76 820
425 784
382 703
197 437
314 648
145 754
340 380
175 512
210 268
115 838
46 696
376 688
662 726
564 675
478 773
375 959
49 98
432 838
53 433
104 181
122 194
21 954
483 552
108 203
67 514
126 630
509 767
149 542
670 866
267 796
663 669
4 982
517 843
389 876
245 487
41 340
572 901
93 842
394 801
92 290
17 666
192 454
735 846
18 800
32 794
54 405
710 944
270 737
834 993
70 291
404 844
41 822
15 293
476 646
456 522
757 994
675 880
165 962
77 352
22 457
638 652
334 558
796 869
16 148
291 316
534 814
502 908
123 404
97 255
779 975
158 748
158 317
906 987
52 99
2 926
521 756
731 905
333 661
305 934
700 987
367 935
602 722
11 240
828 837
330 438
412 801
35 66
173 187
302 595
630 904
736 979
72 303
837 980
369 633
71 77
634 885
581 752
86 407
858 973
554 817
827 974
383 386
103 972
12 194
595 656
205 420
547 782
655 737
304 942
70 207
176 959
37 317
224 541
328 378
390 472
432 767
122 621
13 448
391 956
220 778
215 969
597 858
269 772
581 763
361 482
648 802
882 960
148 909
383 916
442 554
108 212
293 907
46 315
92 328
155 839
353 889
42 474
459 606
65 122
663 824
514 778
29 708
508 755
470 909
718 925
344 371
228 638
378 731
112 252
115 684
326 973
502 817
516 967
704 938
442 599
658 965
344 484
271 710
359 545
445 561
639 650
466 611
148 555
46 138
534 688
44 612
336 875
8 364
324 698
21 761
303 916
446 941
52 464
508 828
312 737
206 846
149 266
168 604
613 873
396 552
293 409
296 749
64 81
5 584
93 244
125 878
41 524
494 884
48 866
261 698
318 984
202 806
420 698
578 882
216 896
87 170
308 751
215 493
651 904
82 322
545 844
470 955
106 816
244 773
373 796
231 678
722 861
194 573
247 334
216 983
260 659
681 814
747 927
383 674
209 603
261 677
289 896
142 362
80 181
45 730
765 829
163 338
573 742
15 583
50 445
185 429
188 237
334 980
258 813
215 865
300 849
25 459
472 770
145 661
173 520
192 928
380 797
141 850
465 861
230 660
182 419
544 853
163 740
26 811
359 672
386 635
44 666
127 708
411 460
450 504
302 958
71 1000
54 889
695 912
687 781
58 380
625 786
162 208
524 632
493 736
318 470
382 431
250 281
260 646
83 363
714 773
453 793
279 576
614 986
350 535
595 730
401 563
525 586
497 798
701 806
138 706
609 640
430 462
173 857
175 542
534 643
433 671
337 988
143 582
10 16
728 742
535 680
812 866
68 462
233 667
195 662
741 931
474 739
23 719
779 857
204 574
80 179
33 685
436 958
319 493
374 746
39 80
561 706
600 918
114 759
820 893
436 489
54 938
332 892
142 225
321 963
69 766
42 428
189 808
120 954
12 324
464 625
103 117
413 935
155 660
42 620
287 451
143 562
605 844
49 864
232 658
565 673
710 786
165 779
103 201
375 532
735 745
495 521
96 130
815 998
45 647
323 405
595 783
37 973
6 104
782 837
305 514
324 971
448 897
469 711
331 651
669 984
803 905
407 701
371 892
696 762
525 961
346 875
79 248
404 569
442 831
560 789
30 113
467 597
2 666
625 681
93 284
379 465
455 688
204 783
623 914
176 654
93 464
402 479
923 925
489 885
153 876
69 192
752 800
251 730
650 946
172 456
44 563
617 631
629 997
59 657
607 980
721 864
290 417
470 994
51 327
141 239
385 503
590 871
397 596
421 515
678 813
76 429
167 830
268 505
272 572
883 889
33 253
36 617
551 638
511 600
164 463
32 367
194 664
251 533
339 344
154 157
132 166
641 996
14 915
377 813
696 794
284 471
276 385
1 627
107 831
18 588
176 983
105 116
625 636
270 805
58 506
587 918
137 212
117 270
395 757
97 738
183 392
192 751
625 970
56 492
625 909
54 56
491 539
517 960
710 945
31 651
129 441
624 876
513 828
751 920
65 452
654 804
244 421
786 813
123 523
421 757
305 886
739 896
99 732
523 760
25 435
340 686
25 468
384 865
318 648
359 699
726 977
387 538
724 956
253 606
120 704
25 812
586 880
844 929
399 964
447 795
977 989
584 677
543 747
298 406
16 123
46 762
70 233
419 472
418 483
829 979
441 993
385 742
252 759
288 700
78 578
401 979
61 545
188 342
171 206
331 554
372 763
471 621
834 885
79 516
89 532
249 659
375 598
8 717
727 924
267 792
799 988
155 416
152 859
372 788
211 793
664 687
124 397
89 169
158 900
276 553
906 984
418 766
531 882
463 604
288 852
412 819
506 667
672 883
838 868
683 797
47 291
148 894
643 890
150 835
188 513
115 620
27 928
914 964
201 211
459 905
477 809
52 923
438 836
584 851
855 955
273 716
591 802
507 604
336 828
209 822
69 678
45 887
91 968
93 440
321 548
316 397
261 779
109 541
128 339
171 301
531 687
94 822
6 547
79 319
223 626
248 397
488 923
740 890
576 665
29 919
186 815
304 578
129 419
458 677
247 613
304 607
152 234
304 422
369 596
1 236
689 891
584 720
208 864
131 466
518 857
22 446
595 754
776 876
550 859
110 360
663 721
805 858
502 753
908 931
835 970
888 921
340 345
574 881
367 469
32 51
196 209
417 647
371 600
368 893
421 442
424 811
319 462
124 861
329 787
33 759
210 319
72 760
617 904
163 635
40 379
51 86
662 928
405 919
730 816
39 373
284 641
371 619
321 516
2 687
34 988
687 781
334 615
51 504
462 860
31 110
591 610
514 726
20 814
322 562
496 913
547 998
82 405
45 544
723 829
849 901
424 775
214 507
18 796
378 518
38 232
64 619
632 740
492 620
151 237
142 674
214 238
134 735
216 357
86 374
707 796
355 415
531 671
60 391
758 897
353 640
571 921
157 952
2 442
602 676
115 702
818 887
939 941
693 752
487 733
633 811
319 550
370 829
270 522
24 362
128 176
114 223
224 755
338 865
391 427
393 624
39 521
178 302
36 968
344 913
683 867
846 966
371 733
533 940
145 497
889 917
461 607
147 151
177 424
58 746
492 694
526 964
97 553
486 805
144 820
568 646
908 932
41 935
637 984
123 960
520 743
99 129
87 88
433 826
483 989
333 957
163 171
155 375
349 912
688 719
761 960
184 703
208 718
581 624
468 614
323 417
717 959
131 313
388 388
165 195
411 876
396 800
105 771
85 422
181 775
883 917
458 615
154 833
592 794
106 300
717 983
404 708
277 768
247 748
127 996
192 662
631 835
398 816
206 468
103 897
383 493
487 737
12 330
252 650
81 733
15 832
216 734
106 893
685 885
141 993
156 963
198 466
529 817
381 629
168 856
82 650
335 938
281 516
10 195
215 887
576 950
552 946
87 378
97 110
83 893
117 467
258 475
4 863
125 266
97 362
459 609
435 481
218 783
270 991
644 890
748 935
163 871
346 795
155 201
62 826
484 693
511 766
499 660
426 439
49 100
26 33
347 438
376 813
410 741
241 979
155 959
733 745
6 398
847 863
641 815
467 964
256 359
297 939
143 886
158 272
691 887
195 548
386 505
142 389
780 859
29 880
15 680
728 992
3 81
21 625
30 632
617 889
95 937
236 927
329 550
739 941
12 206
638 840
209 752
257 384
404 797
33 917
137 991
134 999
370 431
766 1000
59 474
196 805
486 892
407 842
759 804
100 875
829 999
533 541
138 489
665 688
122 659
167 808
512 598
469 792
430 562
53 641
130 705
254 342
852 960
113 725
7 141
303 772
396 760
528 715
298 549
128 589
525 700
29 549
330 839
498 712
345 724
410 626
197 731
54 348
360 935
299 560
459 662
313 930
72 810
181 299
316 831
307 940
202 834
538 629
270 326
23 980
304 730
62 405
284 458
112 132
288 367
11 241
430 519
123 508
307 503
318 857
503 962
147 939
232 627
567 888
280 775
28 709
225 651
161 905
357 565
343 965
211 651
72 915
177 264
374 866
180 980
687 687
24 717
595 784
395 889
684 980
735 850
267 773
115 901
220 634
603 788
261 478
47 638
192 262
192 916
92 946
241 244
373 399
320 785
273 822
463 524
511 587
301 787
902 954
302 548
30 239
524 751
258 621
482 611
588 589
290 501
866 988
426 798
844 854
114 655
459 492
167 669
311 711
660 828
638 990
13 705
382 872
251 573
684 861
568 660
308 695
398 487
267 537
13 366
678 748
350 893
347 928
681 991
184 321
235 901
185 384
557 618
90 611
868 910
56 826
455 566
214 512
243 721
744 811
528 899
563 755
404 990
61 274
835 873
271 502
98 547
74 623
285 944
89 939
210 400
623 829
740 911
461 693
625 888
13 201
532 937
239 834
616 966
582 813
670 894
114 196
273 809
310 386
204 482
76 413
259 960
409 961
248 594
430 993
322 785
78 497
327 656
310 672
978 996
196 624
391 707
62 605
851 979
637 866
482 990
557 602
251 628
729 834
86 566
386 820
205 770
465 491
191 903
678 688
804 862
7 971
105 740
820 988
346 692
142 313
396 958
430 944
388 680
480 847
275 995
388 925
18 360
37 240
336 536
539 562
400 493
7 451
60 391
144 682
531 661
44 546
196 905
478 679
91 191
386 493
81 196
206 743
94 137
110 967
35 108
465 778
423 732
119 925
485 944
96 432
493 788
363 428
121 730
447 693
761 942
118 317
381 989
68 364
391 631
402 560
506 665
65 680
344 924
903 952
52 526
255 679
304 674
431 782
440 665
192 544
78 394
248 761
484 826
140 438
43 767
789 906
302 496
299 585
4 514
642 787
11 757
404 772
249 841
115 238
293 498
17 405
370 734
91 224
181 564
587 693
38 891
297 820
215 287
71 587
770 939
182 630
327 970
220 600
127 506
456 798
113 811
200 458
356 438
463 756
192 458
87 944
512 672
109 704
42 902
269 789
408 887
153 234
402 964
5 783
247 684
882 994
535 561
272 759
406 986
142 434
359 398
180 822
364 815
347 689
113 152
209 568
887 992
753 954
151 720
763 826
397 829
381 800
720 770
700 776
429 450
695 909
203 555
209 335
630 654
96 161
265 792
286 386
272 386
174 818
404 934
157 717
35 451
467 554
462 872
348 392
196 617
708 789
161 611
631 787
264 619
224 692
51 997
42 113
243 795
256 951
29 873
82 465
113 831
319 994
251 331
83 406
954 966
505 857
508 597
181 556
56 274
674 982
474 767
610 819
354 907
588 679
439 526
53 209
636 645
796 942
114 722
58 585
366 695
320 345
187 416
628 909
122 569
167 659
602 620
483 630
83 835
186 409
402 886
532 767
534 585
502 906
101 335
5 75
612 882
204 395
669 720
717 723
53 826
289 301
267 293
158 283
333 839
93 647
819 922
936 976
32 594
399 861
554 927
687 873
144 862
566 607
94 696
245 858
290 686
70 88
80 628
55 577
722 874
208 645
393 559
161 983
457 918
285 565
304 560
550 992
13 953
944 953
624 825
452 995
630 823
185 772
150 783
179 842
406 759
551 986
153 792
400 787
13 811
510 872
90 758
380 557
548 954
41 209
135 762
752 842
198 908
537 568
700 945
31 57
205 504
244 249
384 749
297 797
153 902
169 454
797 876
230 887
551 748
48 384
713 853
286 518
277 387
273 821
220 667
513 683
401 610
298 300
822 965
250 300
46 332
573 696
151 491
125 389
58 983
870 884
95 908
707 810
172 841
204 581
111 453
77 496
775 939
632 928
50 685
223 715
519 520
288 656
341 747
94 689
441 536
517 770
58 62
434 521
394 853
531 626
500 574
23 643
12 469
474 673
148 553
177 318
465 851
305 541
452 932
657 719
386 500
154 874
312 509
453 660
205 851
745 890
147 351
40 918
300 944
37 611
233 832
528 579
106 194
618 621
801 805
32 51
25 625
115 398
263 607
414 502
63 908
860 867
93 586
415 778
792 802
642 891
71 163
432 650
261 844
131 494
304 552
527 601
253 554
437 953
240 784
91 858
735 998
239 831
379 619
404 710
413 711
315 699
460 782
791 858
665 911
313 729
826 847
202 784
213 922
362 758
193 271
196 977
703 842
116 260
270 419
637 804
25 415
382 760
274 471
276 985
36 247
694 887
183 634
288 345
367 848
56 147
499 718
313 541
435 915
270 944
676 870
16 216
509 622
96 126
655 844
634 951
52 571
354 989
95 844
462 703
847 900
66 892
49 212
223 369
432 453
676 683
90 675
38 55
338 353
727 910
341 580
340 958
83 349
582 809
11 510
270 810
462 942
181 643
588 673
447 897
202 402
126 752
346 537
331 802
609 836
39 518
586 595
38 611
322 723
107 699
471 817
89 119
140 232
258 975
343 591
346 930
215 718
115 672
53 676
334 767
390 726
924 980
374 995
734 782
190 331
336 763
227 898
676 966
373 439
70 817
158 694
827 989
241 272
10 445
466 695
200 304
1 796
510 574
467 674
619 974
528 700
288 471
404 952
255 784
372 649
75 972
328 476
854 872
182 370
21 280
513 869
646 661
45 116
291 394
267 621
705 846
905 920
512 698
134 143
235 816
286 293
670 679
170 971
638 841
728 954
616 815
206 567
273 777
82 737
569 834
355 461
503 704
103 315
371 516
527 607
245 823
515 665
609 655
61 530
655 937
662 824
955 968
187 234
62 336
156 795
225 562
328 544
460 847
476 545
341 892
13 778
252 683
264 924
645 805
591 762
16 660
359 830
172 262
393 826
316 477
457 574
265 988
157 423
409 852
789 869
379 530
618 769
15 806
205 481
212 380
389 876
209 218
436 712
444 451
272 702
64 308
794 881
667 810
369 641
650 892
26 938
245 949
51 518
711 725
44 351
755 993
323 610
663 824
134 947
56 670
282 353
837 966
219 549
277 779
362 373
198 738
376 629
645 799
47 846
381 993
601 994
969 992
293 631
487 946
504 727
129 976
281 569
310 471
734 758
247 372
111 545
305 923
248 816
496 759
14 153
429 967
368 398
611 771
275 759
561 701
642 889
300 428
308 636
459 609
118 848
820 848
941 997
17 407
289 737
37 991
252 264
468 966
143 994
724 888
154 571
70 589
66 81
224 626
361 904
139 693
462 783
275 431
152 777
96 853
452 791
53 807
653 889
42 925
465 854
185 960
11 836
303 384
440 795
494 975
218 709
886 902
215 543
141 966
524 919
410 915
139 868
405 755
482 821
240 559
475 495
94 265
935 980
34 560
366 460
553 739
299 825
360 939
363 855
460 553
266 872
126 313
653 845
328 526
400 737
275 867
140 270
227 619
77 721
107 577
514 857
48 904
794 811
93 576
858 951
283 978
154 615
284 367
206 600
732 799
30 712
33 599
552 946
425 558
302 669
459 512
495 598
51 193
254 677
300 474
570 716
250 852
220 359
759 822
591 945
258 867
73 689
614 973
55 653
390 634
408 599
147 618
92 605
803 854
414 744
315 889
293 934
157 912
136 201
309 977
538 831
148 364
196 263
487 711
442 694
286 424
623 870
313 642
806 819
222 985
854 935
344 656
205 668
52 889
504 835
422 989
319 766
38 754
262 647
85 856
780 840
129 824
149 984
60 502
615 989
16 993
548 574
72 106
92 442
266 353
619 625
119 589
417 438
21 703
443 547
225 600
479 578
387 486
363 651
385 401
14 686
890 897
38 764
217 872
379 563
501 680
5 592
569 992
811 949
598 673
323 443
334 896
409 962
653 822
380 654
194 748
280 823
95 901
212 474
225 822
295 962
906 995
1 506
262 397
145 480
186 727
408 644
100 293
597 922
92 206
232 844
535 549
692 774
71 191
139 998
100 724
113 603
161 679
64 162
262 875
127 263
115 209
280 779
675 747
452 964
557 980
277 938
420 448
242 432
120 182
211 779
134 904
70 801
144 795
519 832
295 370
272 839
154 745
430 956
401 650
8 297
601 611
677 758
735 856
210 816
485 626
576 736
663 927
393 751
298 332
93 294
180 450
118 535
38 889
637 820
367 508
433 695
52 770
11 588
264 268
232 927
132 526
232 712
579 731
616 895
149 826
205 597
798 927
301 981
681 924
60 786
259 580
267 407
496 906
695 889
132 875
28 367
121 472
532 848
205 373
351 631
310 724
612 651
375 975
419 867
232 837
506 542
779 916
664 995
218 512
138 761
559 625
807 858
158 744
936 950
364 377
467 809
136 928
301 850
188 203
116 692
847 914
472 547
84 166
106 734
800 937
57 115
312 346
187 851
79 895
190 572
720 823
451 902
595 774
38 77
894 985
252 500
395 991
518 625
339 902
181 515
131 368
828 873
199 521
95 235
745 764
664 767
353 824
483 845
75 959
540 651
83 993
400 660
550 706
24 977
180 265
498 717
295 659
971 973
772 989
533 734
213 701
802 803
194 534
402 452
47 417
58 917
329 445
86 89
22 972
260 298
15 276
369 667
548 704
331 383
175 935
305 834
260 723
200 839
116 191
167 372
232 797
48 708
200 899
259 472
670 706
28 993
441 820
580 812
99 381
499 514
27 343
827 914
154 303
676 706
59 519
682 701
754 800
212 439
529 997
489 905
347 832
18 272
323 620
210 993
39 487
19 613
483 724
801 939
67 692
443 669
630 645
945 965
359 743
348 920
807 987
339 490
447 556
224 320
147 371
200 962
700 898
114 289
111 207
219 441
573 641
125 476
660 836
4 972
417 673
617 961
163 293
109 534
189 778
5 528
442 977
392 798
795 925
386 909
131 886
520 755
287 505
322 453
35 429
63 473
135 942
420 852
779 826
364 740
368 542
653 766
622 684
784 819
415 780
201 890
597 870
8 310
219 564
578 773
51 464
427 881
79 237
379 635
120 594
341 401
130 807
263 485
81 956
140 308
148 827
208 947
411 709
631 996
555 960
280 485
253 765
43 898
484 741
86 522
363 633
425 499
251 468
66 241
48 109
744 760
227 608
519 677
572 995
94 95
236 545
135 826
775 834
36 836
138 812
636 745
180 860
399 932
33 733
95 409
195 659
567 746
377 674
522 636
93 248
85 334
49 287
174 258
4 255
578 650
478 541
291 607
116 637
249 806
178 313
462 951
315 425
114 267
388 585
803 917
234 776
485 570
361 710
8 373
430 666
480 801
511 570
579 630
554 833
107 661
646 918
7 369
522 531
159 713
785 854
378 406
461 540
235 499
280 343
187 617
161 345
90 184
111 913
592 826
665 871
218 664
416 594
252 543
225 384
23 111
78 109
466 767
97 379
256 671
354 940
801 862
219 461
185 714
301 404
470 590
496 897
432 851
625 857
627 788
2 34
616 867
345 846
129 370
921 974
258 276
456 799
13 674
785 987
376 553
876 877
215 897
161 772
245 961
295 983
419 494
45 53
217 381
346 544
636 908
570 799
55 542
120 709
305 705
594 855
412 999
118 928
18 904
96 944
336 879
118 300
152 820
73 592
27 211
366 912
242 251
398 843
459 965
310 432
490 548
78 850
7 552
155 934
142 551
565 755
398 817
599 918
951 959
390 820
362 801
9 975
200 701
534 672
559 559
261 465
95 468
130 773
167 761
262 970
326 850
169 831
62 354
837 907
50 802
215 891
226 782
528 578
77 774
555 685
747 770
161 581
275 634
6 910
712 917
273 688
327 739
106 939
221 951
687 780
197 779
202 651
479 802
127 682
247 809
56 596
245 389
78 897
10 456
493 512
188 221
474 540
64 782
541 917
664 722
485 634
377 953
59 568
195 678
161 583
1 369
114 424
248 380
397 498
546 886
419 859
468 967
172 942
324 627
284 853
341 927
912 928
178 562
629 827
18 975
562 668
835 878
262 502
86 622
23 916
14 598
56 453
61 621
90 272
384 784
69 327
191 270
427 652
451 876
17 545
520 714
243 723
211 256
484 835
4 201
247 697
396 418
247 793
325 442
251 489
243 402
106 807
629 859
122 338
406 685
238 516
379 801
540 780
722 736
294 295
569 772
600 991
554 647
323 669
473 641
400 621
934 967
294 327
646 802
667 792
825 946
244 990
710 875
199 237
583 757
109 283
610 655
166 795
265 882
627 948
373 515
87 565
15 704
286 472
230 684
147 942
806 818
133 262
483 488
105 322
472 817
309 780
372 656
262 826
311 335
173 972
53 989
199 677
169 825
89 575
50 508
139 268
30 719
307 472
687 700
642 832
116 187
498 925
263 969
243 330
257 935
562 790
255 522
111 652
179 820
487 701
342 751
177 350
703 998
612 855
254 305
398 956
214 686
784 842
202 270
378 603
26 847
308 636
123 832
385 598
887 895
98 108
412 848
719 964
301 417
158 347
347 487
840 891
156 354
30 756
374 533
274 828
798 933
98 782
157 541
306 650
135 783
832 989
489 744
807 825
685 922
601 885
293 684
136 834
26 592
353 522
101 587
667 739
77 271
252 554
730 986
243 910
139 753
136 502
891 949
141 991
209 592
567 623
201 280
380 519
251 723
353 640
646 798
652 700
259 761
104 878
695 939
93 614
499 646
271 584
736 857
216 741
441 612
727 782
312 323
511 860
28 480
159 413
51 147
280 653
428 844
176 435
56 901
87 224
106 124
542 705
556 651
314 379
223 466
172 464
417 458
43 537
709 935
363 389
381 811
414 875
179 869
580 615
34 647
836 945
194 355
90 921
177 604
224 439
220 302
407 492
131 627
531 755
222 405
133 217
434 551
223 356
724 910
317 1000
607 617
666 745
693 902
309 903
105 593
89 561
516 552
62 596
102 839
343 837
227 907
393 689
113 252
366 457
823 997
38 283
50 135
751 870
730 860
429 898
736 774
384 424
329 820
896 973
548 843
40 555
249 250
479 884
182 964
57 73
270 871
682 683
1 192
231 869
97 973
682 900
265 706
614 757
189 487
133 800
53 993
979 1000
175 256
122 879
2 397
313 824
37 969
30 387
357 967
85 941
31 882
838 850
667 911
126 738
51 94
175 437
60 357
199 942
617 903
184 587
635 662
146 710
137 245
521 893
657 675
293 346
317 770
55 65
208 402
492 777
68 187
444 455
512 827
565 639
50 317
205 412
24 380
186 455
153 255
249 712
154 256
587 750
47 821
410 691
778 831
554 684
272 518
305 636
601 802
46 169
544 774
218 743
162 492
365 836
163 275
250 305
662 933
469 485
529 551
148 408
11 917
843 873
99 334
399 772
517 837
346 989
270 451
60 505
179 582
621 937
65 164
655 690
27 754
605 756
33 514
150 354
549 950
432 464
677 985
356 830
401 633
57 530
498 596
353 545
813 825
377 575
363 647
112 879
409 789
513 596
1 195
567 963
686 876
150 958
127 243
191 664
535 859
733 954
160 720
570 659
295 517
466 574
40 557
158 492
170 618
152 984
77 159
60 348
323 842
122 173
171 394
113 956
700 948
512 647
454 703
252 751
237 299
455 629
5 513
186 277
245 679
344 515
7 768
86 762
761 866
886 959
105 925
651 744
223 321
85 401
43 421
617 961
309 945
486 981
33 622
47 270
305 603
636 956
179 201
100 449
286 832
162 335
557 954
31 196
119 306
498 830
125 767
824 937
28 681
376 902
359 868
98 606
44 695
419 448
764 908
549 670
542 723
375 375
637 807
671 995
340 917
140 303
240 712
762 787
236 708
47 619
377 444
886 963
185 231
27 840
926 977
208 871
95 662
98 787
40 698
274 651
165 606
316 737
24 194
228 364
296 326
496 624
565 835
853 982
229 586
3 166
240 432
497 993
242 434
191 229
86 704
453 477
144 977
60 799
96 805
207 223
333 721
168 628
55 259
51 313
202 247
152 251
316 591
127 223
128 827
184 240
447 771
707 944
647 777
498 634
242 726
640 849
207 497
80 731
422 766
27 298
4 634
167 984
474 486
39 444
90 559
382 746
365 409
786 916
58 659
348 638
313 841
434 912
549 924
612 974
338 616
271 438
601 657
457 806
483 855
450 887
244 589
201 838
672 812
23 866
315 420
417 561
745 758
173 420
127 945
263 674
316 476
476 909
733 890
221 491
642 828
782 950
198 434
457 645
149 532
23 471
89 359
32 984
672 948
216 754
17 459
770 908
216 262
81 704
724 771
412 453
116 440
245 928
189 637
553 985
143 739
386 883
52 885
202 411
38 312
236 381
119 922
395 488
538 565
31 463
85 521
126 778
102 338
85 307
16 195
201 273
202 591
523 885
73 882
567 668
119 648
37 532
330 513
22 757
76 203
113 872
238 979
88 452
34 190
187 863
177 592
123 262
85 703
265 756
229 386
57 356
651 840
568 952
203 652
638 703
122 519
860 903
70 801
39 153
150 667
198 474
639 995
295 441
164 821
258 481
237 918
312 590
289 667
547 995
128 729
257 950
388 539
143 928
232 359
334 840
417 657
503 915
263 575
133 767
182 497
428 865
377 698
813 841
85 123
340 830
425 531
147 663
608 671
31 574
182 926
38 108
900 944
548 811
678 754
450 823
955 997
214 636
545 705
683 870
140 511
437 709
296 987
1 784
23 465
435 809
223 596
30 695
337 641
514 976
76 537
147 502
249 951
132 975
140 966
155 735
72 716
14 875
915 923
28 815
326 967
610 827
222 532
430 656
557 899
114 239
639 963
154 288
338 414
648 930
199 752
600 867
5 500
162 717
497 879
353 627
63 144
298 405
699 951
468 616
124 398
197 437
770 846
53 260
416 900
275 830
375 392
227 717
190 256
263 388
568 836
30 83
204 415
334 575
7 724
118 371
98 838
96 213
389 864
396 502
30 131
48 460
282 621
462 641
492 653
94 577
88 288
411 674
126 158
759 851
703 712
271 319
119 145
465 527
76 388
387 512
355 987
152 176
35 369
288 295
249 972
553 596
346 970
782 821
271 412
175 464
573 965
631 945
152 722
462 808
383 887
48 519
210 466
508 772
98 807
215 717
223 626
18 438
567 632
23 83
652 831
236 488
363 511
16 749
715 904
662 1000
540 837
487 754
903 970
409 627
205 866
447 710
804 812
223 454
408 604
46 341
287 742
66 111
686 769
169 218
215 447
173 761
936 949
421 853
143 384
371 695
45 369
21 483
268 382
367 677
616 765
21 841
39 327
730 790
352 549
89 754
390 929
406 573
60 960
293 955
437 562
447 467
135 538
30 948
740 934
31 671
307 790
277 485
320 324
303 810
236 710
375 596
773 925
424 517
373 697
298 741
551 885
429 981
236 956
308 797
102 438
37 148
441 848
70 675
795 863
756 908
699 915
666 809
179 493
679 802
125 473
125 731
4 957
312 504
380 930
333 655
112 476
62 241
14 953
257 314
459 478
520 531
270 979
168 929
110 711
180 221
29 450
27 940
327 965
307 718
533 691
277 624
181 979
97 961
467 598
205 219
167 355
467 770
148 731
398 871
142 578
625 652
699 933
651 724
859 913
171 234
363 364
310 355
260 839
313 732
742 955
288 294
97 157
740 942
551 797
407 535
738 754
578 808
33 421
376 512
331 380
183 354
318 554
163 616
632 730
420 603
163 711
422 954
171 190
178 300
183 485
194 482
352 856
554 758
357 372
250 926
519 577
461 967
748 794
655 817
331 898
635 981
100 434
212 533
122 186
415 808
302 479
190 701
13 677
144 508
219 967
384 874
109 237
831 939
128 785
583 611
663 734
167 950
46 741
284 902
224 503
590 931
440 644
553 593
70 105
503 893
148 764
376 702
496 950
110 893
296 309
128 532
470 990
412 437
764 969
379 752
278 522
134 246
137 211
425 530
850 912
407 439
474 876
192 202
606 856
101 980
118 426
249 644
172 511
355 803
150 803
502 549
32 82
302 973
282 892
373 412
160 982
204 695
166 267
124 749
874 912
328 836
46 450
323 895
837 921
163 744
174 860
135 326
140 976
603 650
442 780
165 916
356 902
136 600
119 236
214 674
143 1000
323 864
572 680
193 376
341 553
657 862
619 720
234 408
283 966
11 597
128 863
18 618
695 925
680 953
66 348
114 860
739 974
933 988
153 387
206 519
77 124
14 599
190 709
216 287
600 792
432 922
513 575
7 242
324 529
290 906
172 628
557 969
122 149
14 579
124 718
72 322
245 832
285 899
502 573
477 950
429 592
499 896
278 481
377 762
36 182
424 493
193 311
457 716
157 312
100 414
183 605
62 670
610 986
79 417
207 644
307 693
769 953
46 530
495 914
558 715
324 444
133 618
307 642
4 487
28 690
76 889
113 525
193 815
804 964
375 590
246 373
90 607
508 659
289 471
34 301
245 326
614 763
52 936
267 579
488 950
195 305
412 647
239 932
858 900
587 706
72 920
612 639
400 405
141 959
186 986
197 350
731 797
992 997
159 672
648 970
674 817
761 983
146 577
27 613
609 717
181 200
145 647
235 539
301 341
709 888
276 730
198 588
148 558
104 632
492 810
700 808
75 244
532 871
208 993
128 804
106 211
600 900
281 329
228 920
333 686
114 802
437 903
338 943
427 862
147 621
135 151
455 742
754 911
611 766
1 95
38 464
360 409
522 894
332 671
202 213
289 761
42 934
127 507
337 415
888 949
121 991
514 886
299 996
82 599
577 674
506 884
699 978
55 259
195 943
123 199
54 787
135 370
743 916
554 990
25 248
452 507
620 788
219 784
377 514
12 475
105 340
45 152
584 789
20 514
173 833
186 216
609 668
521 971
306 461
67 431
427 640
565 946
464 496
96 888
258 817
522 645
497 682
83 155
85 923
468 907
85 968
664 894
815 937
192 408
83 911
224 233
547 575
122 675
134 203
123 991
745 986
43 630
98 331
880 889
334 968
547 717
472 907
612 744
122 822
558 620
272 851
325 803
768 946
207 619
700 703
382 612
670 759
458 719
212 464
793 864
357 532
65 409
399 897
473 943
517 854
691 913
876 911
129 342
731 856
155 253
35 194
756 833
107 640
739 990
16 239
113 964
376 609
111 518
343 638
657 865
529 790
100 854
80 491
62 766
102 112
602 910
61 82
69 420
590 936
642 942
276 849
192 639
779 859
18 155
38 619
137 784
120 865
8 618
293 418
483 710
275 748
45 530
132 523
468 621
63 564
680 788
166 837
164 590
618 687
164 960
626 763
403 993
319 502
32 283
126 302
627 643
193 793
532 714
66 521
75 827
205 433
622 720
96 127
445 591
406 633
475 662
60 818
105 758
797 902
568 694
452 599
118 619
661 995
262 488
390 412
12 896
553 831
527 658
241 655
245 573
394 578
282 805
644 720
105 830
381 743
585 719
258 937
11 579
204 821
639 975
82 141
422 469
212 473
90 696
209 380
661 790
241 428
88 730
11 275
74 831
563 883
319 477
248 417
153 802
507 971
444 841
27 769
230 396
420 933
533 876
333 968
180 573
251 464
102 382
15 777
939 975
201 220
514 765
316 745
480 802
165 659
663 905
111 769
289 442
1 573
370 959
538 559
300 975
153 476
518 950
727 806
406 632
769 902
130 876
284 722
743 813
758 765
222 713
377 846
175 430
427 758
19 132
583 704
960 966
582 955
527 858
89 856
409 880
97 547
425 993
131 471
53 323
467 478
517 852
566 999
459 644
141 261
726 906
922 941
733 933
274 969
238 676
145 237
664 702
690 994
82 234
229 234
430 726
253 391
274 684
182 759
347 370
184 559
692 970
52 159
163 706
151 271
608 643
684 933
504 602
23 605
279 668
413 701
204 242
32 732
511 915
589 800
318 396
428 995
201 624
453 905
65 294
26 661
180 721
557 712
545 842
58 228
477 560
436 466
238 360
517 617
220 296
75 739
278 685
193 782
757 992
420 638
471 630
740 900
172 368
504 747
434 767
540 570
72 341
208 903
532 829
656 763
348 361
218 452
12 872
121 614
759 975
236 359
58 404
102 169
562 868
452 941
358 466
564 949
570 667
320 434
415 639
202 527
125 521
328 876
163 210
166 334
276 997
489 753
938 965
236 264
232 329
172 483
526 569
461 879
498 750
91 198
558 567
118 438
259 289
205 305
588 918
11 763
772 833
55 157
485 529
668 935
212 614
348 847
216 949
64 181
13 942
696 813
200 236
605 678
247 494
232 519
922 979
430 804
150 270
946 970
610 813
49 978
480 624
133 378
187 741
297 609
444 539
63 479
872 925
24 343
571 598
78 122
808 989
174 317
62 451
113 688
369 543
178 920
397 563
739 942
84 746
114 764
107 890
435 598
113 807
52 88
46 196
127 464
165 433
267 394
95 305
550 900
184 843
198 394
265 732
456 488
394 924
314 772
190 714
170 546
207 414
273 750
472 994
404 553
179 542
340 656
209 695
834 908
230 834
615 879
124 395
30 999
685 914
317 602
561 898
163 915
596 826
5 922
407 562
16 958
53 703
685 778
124 731
736 920
380 990
307 417
263 938
601 846
14 884
35 753
330 495
462 795
548 747
131 709
6 211
525 836
210 958
712 968
451 523
11 317
364 653
28 370
526 684
595 925
465 861
742 944
349 910
429 618
268 394
104 215
408 631
762 878
583 990
128 829
308 351
105 220
16 914
614 913
129 131
68 846
435 610
267 924
179 809
504 901
256 328
81 935
708 802
572 897
793 799
157 441
157 373
765 977
54 638
32 823
724 750
561 604
133 596
31 728
278 611
179 185
177 645
155 520
549 714
15 602
154 729
128 156
694 927
86 620
765 992
684 895
95 552
81 885
389 972
264 395
402 845
472 940
391 882
167 975
294 559
63 414
211 315
240 721
169 387
97 858
703 985
24 967
9 393
2 511
485 867
125 851
131 206
292 542
307 599
447 549
392 609
198 869
268 486
423 869
524 894
252 432
144 917
146 407
78 790
219 927
2 26
281 620
242 294
346 782
868 987
246 830
323 758
424 761
146 798
212 994
431 919
367 807
322 508
332 997
57 782
291 491
319 439
200 349
782 925
100 845
525 593
194 633
26 169
317 822
769 769
819 948
430 952
241 581
71 402
255 960
197 693
82 624
651 703
357 857
490 927
540 583
744 962
588 662
548 920
534 728
158 944
322 870
34 579
770 955
192 458
743 897
674 839
479 724
425 854
153 561
364 603
665 877
136 462
2 621
26 148
349 857
106 319
275 695
752 754
4 9
344 895
29 219
649 750
27 322
233 423
36 355
371 937
341 372
216 632
152 519
311 528
136 565
358 427
355 986
42 92
440 707
672 685
467 957
593 681
177 819
366 530
832 950
742 924
93 754
437 779
380 521
82 602
113 129
205 363
733 888
480 921
497 908
113 929
140 891
105 459
731 823
517 925
393 742
250 796
612 693
53 496
92 132
131 863
536 717
58 925
544 631
188 648
545 622
569 708
26 184
571 751
124 671
33 917
629 907
410 972
890 965
566 665
578 603
32 869
160 680
399 952
342 664
180 650
251 796
539 940
582 845
517 847
463 485
34 908
58 82
320 443
94 627
269 841
496 566
265 975
91 614
318 848
71 771
69 387
711 936
509 761
464 829
102 378
705 967
146 792
382 622
43 397
695 887
130 739
615 738
200 478
231 399
369 592
714 785
467 540
41 95
314 345
150 970
302 777
248 417
380 486
32 788
370 566
121 177
45 91
525 738
129 821
557 876
89 991
84 972
279 693
167 870
144 284
343 369
653 966
273 673
79 325
437 736
483 525
371 935
45 145
65 246
604 972
145 697
465 643
267 334
187 420
262 455
266 283
511 695
72 642
215 410
149 959
24 540
524 702
205 499
295 309
94 268
879 913
188 790
595 798
96 983
345 657
599 958
194 978
106 752
29 907
46 641
285 468
395 736
603 842
291 504
470 645
208 289
601 646
210 517
532 577
578 764
127 806
447 468
23 901
371 932
72 627
74 249
629 763
161 475
672 672
16 712
418 786
117 732
42 273
431 828
317 617
346 531
707 779
231 899
372 622
181 538
689 697
533 876
214 953
438 734
524 613
43 807
733 944
565 647
195 483
308 972
319 558
503 690
720 966
35 960
100 314
787 910
585 810
215 903
16 544
673 923
402 818
713 948
429 570
29 969
12 326
293 569
1 247
873 978
163 333
102 788
615 708
66 202
109 433
180 300
260 740
205 758
165 236
2 671
6 739
566 832
135 172
557 823
695 961
89 94
463 686
623 649
191 777
214 359
841 858
187 386
226 342
689 878
640 837
245 289
664 733
544 564
592 754
18 383
309 571
278 440
510 668
513 928
153 535
510 770
192 950
73 662
236 702
588 752
28 176
64 409
167 687
671 727
946 949
75 894
368 659
303 655
267 992
773 788
499 772
85 450
603 706
441 578
68 432
550 970
401 456
740 965
118 542
179 515
386 971
873 924
796 941
776 933
55 686
801 840
26 519
465 535
369 769
403 470
617 670
133 293
296 555
93 536
119 620
708 967
431 874
129 462
793 818
557 837
174 723
739 962
551 727
517 578
585 893
489 807
229 571
632 683
290 619
61 348
192 517
629 828
215 481
366 545
283 943
120 601
394 929
96 555
621 961
383 620
832 976
392 657
215 225
482 646
855 864
328 488
990 992
109 386
283 807
48 496
857 915
639 996
430 762
43 140
365 692
498 665
802 816
134 920
484 994
707 818
476 961
318 443
115 639
297 566
272 577
863 965
31 64
663 683
436 890
490 547
778 844
590 849
723 846
195 782
472 780
208 815
880 908
137 598
234 955
633 982
282 439
229 762
37 654
197 383
313 596
482 510
124 247
834 937
159 543
287 778
613 647
17 791
47 953
283 497
108 956
420 848
142 717
697 905
375 457
340 785
429 896
378 675
327 554
453 885
281 985
320 998
187 623
163 619
368 926
107 830
448 615
217 600
45 601
798 988
469 791
29 115
232 690
339 754
665 829
130 355
348 941
224 604
810 846
646 699
755 788
37 493
396 911
46 683
686 715
352 767
411 433
368 755
281 565
541 616
718 971
464 791
478 742
428 887
20 600
490 786
211 351
241 456
320 655
534 747
352 567
785 840
293 834
53 340
215 753
333 514
379 502
343 913
553 863
391 862
85 687
396 739
461 578
856 953
534 610
28 161
407 505
27 386
193 236
783 946
85 267
727 940
864 905
584 868
192 631
486 605
413 524
354 389
401 818
411 751
33 448
475 964
221 851
206 960
138 863
293 850
291 843
501 692
89 924
760 844
384 728
89 540
366 690
271 721
303 756
548 874
836 840
189 458
208 394
265 436
733 802
217 565
54 124
165 914
337 863
121 741
793 808
181 898
134 628
51 692
419 506
534 671
48 950
416 783
237 241
243 358
502 924
85 244
316 526
80 459
220 718
234 335
236 940
464 767
438 874
57 337
133 615
5 574
85 115
282 303
235 544
718 932
14 333
116 580
379 999
420 662
29 187
529 551
661 846
88 695
258 867
311 894
503 534
128 162
67 590
241 612
774 996
374 447
248 744
638 754
351 528
549 677
407 520
469 495
763 975
144 603
46 702
191 593
86 376
79 333
541 564
55 724
394 826
479 545
71 748
218 974
172 581
549 596
396 700
55 958
167 557
663 744
562 747
179 827
753 895
216 304
117 898
9 770
412 886
475 613
6 375
129 728
655 942
252 723
228 930
318 606
184 603
553 571
282 388
187 467
302 601
182 377
35 614
27 37
451 727
158 472
128 730
165 167
191 499
58 805
308 869
207 918
719 798
250 777
300 929
388 626
136 699
374 593
174 419
324 632
235 764
170 722
85 151
227 553
56 880
168 337
490 609
268 411
328 583
136 441
85 213
305 413
262 422
162 475
268 433
168 379
269 553
282 477
225 398
420 872
138 212
515 758
168 642
787 965
180 290
548 797
625 708
283 994
28 180
37 87
163 970
858 923
94 513
424 548
88 963
3 189
645 975
162 234
796 995
95 825
74 806
576 671
218 323
168 372
282 565
156 160
667 678
222 266
9 225
534 837
492 924
438 708
65 796
104 319
140 621
13 699
180 564
280 899
588 719
37 261
97 580
316 570
397 879
420 939
254 511
54 350
335 908
181 410
106 433
369 747
251 915
93 663
242 433
581 786
7 776
300 412
53 684
278 493
153 911
217 567
415 429
205 522
206 847
171 458
631 741
41 436
260 640
510 602
140 661
480 570
317 458
272 353
218 982
588 985
587 997
397 564
62 371
117 126
187 596
506 651
325 988
228 513
395 767
807 901
558 578
18 430
449 507
44 591
186 239
55 254
512 919
10 377
20 373
79 257
412 575
75 542
181 514
237 606
530 534
205 323
565 590
941 959
450 613
736 804
554 940
179 692
204 662
48 677
674 994
653 862
22 662
193 829
127 876
525 793
123 464
529 567
488 629
225 325
98 259
459 694
726 856
572 992
369 745
142 802
150 674
651 898
264 482
284 704
73 330
196 984
561 635
51 932
777 963
542 926
407 964
17 659
670 954
132 904
554 698
46 346
432 563
211 882
798 885
207 720
302 750
133 943
40 918
898 904
151 803
295 973
371 952
268 513
56 291
124 212
722 914
563 602
890 975
2 635
381 502
113 542
740 760
70 995
690 901
496 567
425 886
183 425
631 677
694 995
60 83
334 707
771 779
505 786
697 908
883 922
317 562
237 585
761 963
479 935
472 473
453 956
823 992
571 871
547 720
268 666
107 669
28 752
458 663
467 780
777 831
113 518
402 717
456 809
807 973
275 726
50 483
756 891
29 990
175 500
313 824
375 825
76 616
698 988
93 469
701 918
96 279
344 612
175 653
185 730
236 688
22 130
84 654
595 793
265 348
111 952
52 565
102 279
538 789
131 923
367 920
930 998
668 757
67 919
487 935
147 656
786 788
186 647
705 954
695 788
711 974
14 834
115 345
707 783
187 899
168 351
57 313
287 293
9 1000
635 773
655 986
34 324
127 179
370 833
741 817
280 341
136 401
473 936
601 728
80 253
334 921
72 755
489 497
829 894
555 887
282 785
505 718
246 666
78 585
20 789
594 969
516 977
116 463
509 746
106 920
822 828
36 742
149 895
510 628
534 934
297 481
254 476
712 732
503 858
432 773
466 881
6 722
318 499
582 821
684 914
110 132
423 991
711 823
121 142
525 961
291 978
606 795
107 932
92 607
230 876
262 758
161 183
536 716
626 689
697 725
12 708
187 435
369 819
183 716
41 84
10 757
90 314
805 929
247 437
15 721
304 718
274 840
333 357
269 730
881 944
90 333
256 574
233 680
236 287
233 358
462 592
379 748
291 364
648 733
736 839
218 396
240 286
660 902
258 913
320 626
585 685
646 677
2 852
440 591
177 356
41 702
458 518
599 887
736 859
267 365
135 790
656 847
39 281
277 326
285 413
30 592
203 903
73 293
300 577
160 560
509 798
780 792
182 336
44 515
223 276
505 837
277 990
70 715
700 707
458 520
86 724
255 330
492 629
678 856
455 892
313 834
456 635
903 920
424 555
515 1000
226 679
364 653
267 465
418 759
35 222
57 468
231 249
747 834
209 418
223 517
148 634
266 827
536 682
753 978
334 989
396 522
181 524
68 96
238 539
163 165
4 999
323 741
466 997
81 120
786 980
212 214
541 977
181 937
5 835
249 561
508 739
210 851
276 692
317 738
123 809
537 900
794 826
121 587
46 645
60 127
130 972
47 49
157 175
202 967
283 633
165 986
268 305
754 855
403 622
158 663
274 966
127 563
543 795
437 720
359 424
205 663
621 857
799 860
506 983
37 749
209 686
142 661
240 968
33 882
642 994
519 992
724 809
67 185
470 767
243 670
189 391
32 873
8 889
186 869
124 601
129 265
667 865
65 885
187 229
288 489
80 569
551 993
44 433
262 340
253 808
656 973
85 552
778 872
214 243
115 730
335 486
161 713
854 911
391 539
506 695
615 981
465 612
473 654
597 817
537 718
74 594
13 644
314 647
558 575
338 658
443 557
611 730
340 694
532 727
260 378
393 589
285 699
460 590
142 997
76 99
698 748
725 856
248 866
379 981
463 847
520 915
385 407
707 757
103 371
132 463
505 921
518 702
785 837
585 691
299 358
390 973
339 422
209 215
12 123
325 961
181 657
336 461
708 739
384 508
64 357
790 847
438 809
842 968
187 628
124 901
811 908
843 916
172 246
325 974
298 532
293 895
433 654
155 178
470 976
302 423
746 962
10 207
193 543
108 327
92 419
566 624
128 193
213 535
655 830
23 96
243 928
21 307
138 630
435 567
194 975
914 952
869 917
423 482
483 506
635 803
342 435
419 777
895 982
44 393
226 574
537 747
703 818
11 443
129 574
789 860
175 522
100 977
290 902
35 695
342 870
613 811
180 345
24 871
281 510
42 618
542 712
205 432
22 376
464 943
98 203
38 722
415 419
553 716
637 722
359 506
618 915
279 295
485 766
241 983
268 764
345 703
443 764
659 711
809 914
206 715
663 810
41 601
178 223
587 983
32 532
315 593
55 478
312 313
598 770
518 828
275 821
224 409
206 583
363 721
197 344
489 846
435 618
884 908
972 982
200 404
442 793
64 593
60 297
182 628
143 805
428 952
310 978
388 793
69 216
215 942
219 362
11 74
94 368
147 555
461 750
723 815
96 495
212 551
170 367
97 194
871 949
165 552
728 728
311 944
267 854
101 852
730 955
22 512
448 732
171 225
273 752
436 712
342 477
376 645
74 341
741 902
824 879
47 782
421 730
294 331
486 609
161 446
38 669
367 712
860 983
151 160
293 382
713 778
205 578
231 280
83 599
162 692
85 524
159 635
361 426
720 779
117 128
374 568
582 812
296 428
361 839
223 661
24 877
592 600
123 829
699 859
302 703
130 548
570 622
205 872
164 746
36 525
699 895
148 764
116 829
450 856
84 295
176 687
200 820
126 937
249 503
23 812
366 653
598 677
123 494
266 301
520 614
290 607
83 858
169 939
332 472
368 918
527 620
406 866
275 537
177 514
401 870
408 876
544 700
286 996
218 546
15 667
323 799
228 773
5 157
862 976
708 831
17 290
573 956
72 145
115 652
300 742
244 919
80 406
245 866
171 925
121 628
449 698
113 141
142 751
47 319
488 746
250 909
263 578
339 390
65 867
346 792
362 549
246 265
319 372
17 129
148 956
414 649
515 939
495 820
207 828
200 771
162 967
323 942
141 240
42 344
286 476
382 732
255 926
138 854
226 257
475 475
10 406
71 129
46 923
108 866
410 521
193 850
18 476
311 723
192 970
563 714
100 867
169 205
686 977
25 436
399 660
258 960
293 941
28 387
40 635
35 868
727 927
327 553
91 572
203 788
577 604
401 998
725 732
329 503
20 608
63 865
158 460
607 981
268 275
45 222
178 582
62 874
509 976
122 211
152 914
385 551
150 382
67 628
507 786
719 918
56 917
676 800
275 995
708 731
261 883
708 811
333 735
137 270
170 628
135 560
852 857
100 152
22 695
56 429
760 946
53 865
121 386
304 389
73 548
86 760
169 471
328 681
135 199
395 590
45 737
533 929
813 818
536 778
670 986
161 859
351 778
376 560
328 449
512 732
60 934
139 649
501 612
535 689
24 105
309 457
29 773
626 690
143 524
685 831
233 722
13 323
318 947
567 645
589 994
63 313
55 409
492 715
456 925
294 877
75 916
738 875
578 863
52 431
374 752
130 582
402 420
770 864
111 729
160 180
299 311
675 705
48 919
45 962
34 101
62 352
38 898
271 652
9 961
57 622
152 289
122 140
482 835
371 400
161 650
290 634
25 729
142 200
669 977
311 702
9 12
586 825
500 888
930 948
651 831
296 657
506 533
160 949
354 504
200 568
465 754
382 489
456 818
36 994
420 492
38 511
42 792
485 579
440 605
339 542
118 447
375 759
488 509
12 538
306 701
739 805
420 793
128 280
669 899
96 914
716 726
518 722
153 960
120 319
582 739
832 913
385 897
467 859
96 814
245 719
329 700
90 774
127 155
437 775
4 89
110 605
254 358
579 789
110 140
20 746
294 864
537 935
67 653
124 880
454 553
477 666
426 781
339 779
779 870
194 453
235 646
98 451
356 738
564 681
356 392
353 620
285 705
555 639
291 968
644 937
128 307
38 611
25 810
5 413
185 442
256 603
13 496
315 370
133 849
548 898
90 815
100 294
115 518
910 954
318 873
545 960
149 197
288 758
58 437
586 802
300 375
217 881
564 959
475 865
318 489
399 419
440 694
43 370
90 405
958 961
309 376
601 663
29 415
54 500
287 950
106 457
252 258
522 671
602 648
337 466
222 729
491 829
418 808
76 575
243 818
747 991
165 900
294 878
811 944
513 728
178 879
178 991
60 674
70 418
129 353
585 748
306 621
399 790
266 665
8 298
759 995
389 944
394 416
927 946
607 817
22 997
572 731
436 503
639 685
465 588
66 911
810 842
503 535
556 956
39 803
427 898
199 304
737 784
283 984
76 188
179 728
116 355
158 456
281 914
344 658
223 263
39 894
837 943
86 314
301 430
38 804
422 622
249 272
152 482
102 791
118 237
215 416
218 383
23 187
394 862
661 936
521 790
49 129
687 967
447 516
1 713
432 551
516 698
253 584
173 427
593 694
160 302
578 633
21 455
359 772
110 294
219 597
470 730
9 890
13 961
164 404
36 301
374 851
385 700
65 701
500 719
137 702
328 898
613 949
107 433
745 769
80 458
176 879
18 897
379 879
452 865
142 693
287 529
54 401
674 944
917 962
62 264
401 481
104 505
154 536
351 942
149 823
310 535
103 234
705 909
160 407
696 703
359 981
183 352
131 578
650 747
383 835
787 922
2 636
261 409
245 852
665 914
332 663
177 443
226 266
72 323
690 775
72 816
795 991
800 941
44 981
21 756
404 929
477 545
23 619
558 626
343 749
138 212
706 814
168 911
124 237
320 902
843 919
42 310
402 537
170 317
566 792
580 630
162 994
24 306
291 900
106 301
542 966
229 793
68 78
27 912
430 636
544 672
606 963
481 550
259 954
827 898
160 428
214 560
318 581
459 500
306 347
486 698
402 499
211 678
519 815
126 353
380 445
716 911
590 619
21 74
182 218
131 533
621 983
210 252
485 617
223 692
475 820
632 779
47 816
582 583
53 221
429 706
380 915
239 455
619 901
153 993
594 907
493 534
237 332
208 249
879 938
121 998
431 440
196 370
9 597
926 940
393 727
590 685
100 750
215 432
886 972
83 668
326 892
276 819
389 431
71 205
517 545
611 906
547 595
96 788
355 828
334 487
658 768
120 152
512 854
313 788
265 814
616 823
8 376
462 947
323 633
149 567
17 219
54 57
201 414
119 560
280 685
567 932
334 684
48 119
697 806
202 354
78 453
41 815
206 623
255 484
120 778
384 600
126 882
409 611
110 724
388 584
145 672
510 891
247 582
5 626
212 333
651 774
44 595
281 672
254 740
547 969
39 733
487 916
200 985
79 735
459 798
267 593
12 43
570 744
34 781
73 687
453 528
487 512
236 911
251 335
436 915
909 997
588 650
396 967
303 643
216 837
1 635
83 401
317 920
174 503
325 856
195 752
680 737
209 873
569 599
50 618
755 914
304 782
581 618
243 390
152 752
128 776
209 895
25 485
370 908
50 746
51 862
673 765
43 401
340 512
408 751
637 733
527 972
38 91
355 970
289 743
180 658
810 816
451 976
60 622
305 398
61 920
322 776
122 820
60 209
104 667
262 293
206 362
356 841
82 216
502 769
532 629
359 692
543 929
480 665
773 869
293 992
20 694
226 812
251 816
36 953
505 531
425 820
295 421
671 985
903 997
773 785
195 665
387 876
282 997
116 407
469 843
716 834
740 897
97 381
357 375
367 517
301 439
393 834
431 881
810 827
924 980
356 401
28 218
793 999
706 986
270 694
462 598
670 976
234 554
483 909
759 967
619 621
218 265
282 382
496 988
397 814
259 706
75 783
576 997
493 775
479 491
4 639
124 419
609 782
464 758
106 656
19 749
180 993
73 79
471 577
318 623
549 563
504 724
297 520
739 942
419 919
671 885
581 621
381 657
588 811
694 833
345 604
278 923
670 692
327 381
34 256
69 669
738 906
592 874
84 436
101 658
117 927
93 977
345 605
391 880
938 939
102 505
790 896
214 797
71 254
581 867
119 677
478 919
13 918
597 798
508 919
663 671
567 749
248 369
637 907
21 568
6 101
320 967
205 724
638 853
192 292
563 697
93 990
347 632
199 447
132 420
568 964
533 637
149 441
855 959
331 368
459 790
152 891
493 707
108 404
250 891
458 561
762 905
587 741
510 832
176 843
4 995
132 687
230 430
466 474
475 817
451 811
27 540
109 984
6 643
19 391
217 712
23 891
544 691
84 929
221 786
630 761
66 919
748 760
6 492
57 810
92 994
286 970
656 926
264 806
539 722
60 682
373 443
39 761
702 956
221 394
58 773
50 430
644 645
88 137
353 652
152 275
267 442
146 567
81 542
449 972
81 988
12 546
816 895
80 598
308 350
70 582
149 387
148 872
249 847
99 834
40 550
109 955
289 811
154 955
858 878
81 497
771 901
680 795
215 519
39 475
755 832
571 660
281 768
381 425
567 698
198 673
344 538
494 855
324 999
118 544
13 521
227 519
508 849
174 321
315 329
178 276
579 720
612 927
533 675
30 176
615 844
596 927
247 848
34 46
28 845
489 924
179 189
129 787
337 747
68 855
265 635
919 997
195 839
90 608
438 917
3 868
370 489
460 822
209 613
530 863
77 209
72 884
396 728
478 709
845 965
29 322
224 272
222 707
232 720
125 606
537 856
748 908
627 776
48 218
361 963
48 157
433 874
337 386
620 992
682 700
735 939
492 497
904 980
66 552
434 505
102 789
133 992
214 251
622 755
298 947
203 809
445 899
228 851
429 737
494 609
636 889
495 538
737 792
653 775
581 654
485 863
112 518
542 850
15 940
380 498
246 854
72 734
615 642
233 855
332 971
385 960
35 144
301 579
460 629
322 789
526 962
485 649
125 213
195 478
366 475
654 863
274 892
515 695
526 580
959 963
58 408
49 388
174 274
64 337
441 641
216 442
463 563
294 897
371 908
575 678
913 962
63 324
313 776
430 839
149 279
120 161
361 963
223 612
171 985
114 625
433 486
353 986
417 729
448 912
693 724
413 900
348 963
608 632
653 808
418 799
397 838
305 847
144 736
449 613
438 569
467 848
437 738
437 723
18 285
41 185
79 660
56 699
351 601
326 479
144 856
232 368
23 273
369 929
739 880
391 594
814 883
53 880
645 842
168 878
138 945
18 792
205 818
493 508
600 638
574 745
421 782
359 390
499 726
129 369
32 69
14 223
53 948
838 862
28 578
803 835
64 793
238 351
127 687
522 783
419 584
74 314
514 782
694 884
383 999
637 742
120 256
674 701
211 247
205 934
110 752
554 572
750 862
300 363
19 162
42 621
275 381
304 404
93 474
298 750
409 511
207 396
165 769
496 528
163 618
477 893
100 967
184 334
246 762
420 697
529 834
7 403
439 878
407 473
290 418
341 714
21 612
625 956
356 456
378 591
49 712
168 706
52 766
63 219
593 883
82 375
707 782
6 948
2 23
339 874
298 508
621 682
338 625
406 568
614 872
630 933
928 945
491 880
129 235
373 660
333 493
297 482
336 847
202 469
216 367
261 411
364 733
6 87
250 672
772 971
64 405
471 496
487 924
654 924
498 679
815 929
376 649
720 895
30 399
586 630
603 942
469 656
247 925
102 607
715 968
152 965
414 927
180 948
440 888
278 645
658 962
567 567
91 933
229 487
440 534
433 577
112 552
349 715
231 670
77 477
648 907
162 816
80 820
479 654
587 984
821 870
235 555
371 391
710 956
258 428
277 292
77 330
111 745
234 288
177 569
768 838
58 671
182 364
198 587
802 822
118 813
456 775
449 983
122 263
135 675
337 740
341 643
267 893
178 180
463 862
538 559
431 846
381 670
279 363
284 811
470 926
192 991
78 914
65 699
555 925
102 117
649 666
271 575
123 181
287 732
85 383
548 740
26 396
538 668
708 864
463 867
168 213
784 920
124 237
478 967
84 120
422 609
31 662
194 848
239 408
10 71
145 598
101 260
138 828
279 453
511 547
311 585
304 737
203 956
284 941
81 162
155 214
90 858
320 971
176 538
258 812
726 820
44 907
162 619
754 826
7 692
22 324
84 818
121 734
452 733
138 529
345 875
72 491
270 522
138 192
62 400
910 976
360 543
435 637
209 773
258 325
42 845
56 824
440 838
74 333
57 662
27 577
208 267
794 857
44 498
456 651
297 642
484 981
355 905
401 465
236 709
208 557
305 319
292 794
449 715
513 525
525 552
95 850
156 291
53 452
14 550
426 524
97 755
298 617
99 171
50 907
220 534
126 599
16 919
727 810
427 732
254 359
527 578
201 650
115 742
298 990
390 827
187 684
433 721
66 710
691 874
479 511
113 625
648 859
354 552
262 285
866 1000
884 914
544 808
36 222
707 958
603 700
8 570
33 370
124 297
97 779
299 348
275 618
105 604
551 888
718 957
74 531
911 926
164 918
137 560
161 722
152 195
62 105
662 852
614 714
31 899
464 631
54 88
752 795
180 695
411 537
321 386
466 722
515 712
205 715
572 584
238 375
147 598
243 567
308 417
828 871
492 867
251 838
69 353
324 387
50 452
591 648
114 133
186 475
301 442
290 793
159 445
692 926
204 560
211 636
116 178
191 483
18 103
591 835
276 746
393 904
66 347
241 573
551 643
188 631
37 433
26 879
756 798
105 755
78 620
112 477
190 548
843 933
153 731
12 484
177 929
223 871
143 932
106 180
75 757
78 978
671 727
266 886
594 803
566 790
46 904
822 968
675 912
795 930
408 590
404 861
382 652
27 517
101 262
27 578
385 680
786 833
196 283
331 472
285 289
231 743
587 894
343 712
828 867
556 669
373 688
400 691
111 721
346 580
48 179
40 241
744 920
578 998
791 911
204 658
86 605
524 973
106 197
480 825
48 633
471 519
20 528
871 914
864 948
304 749
807 867
173 426
762 897
482 518
101 1000
163 448
87 423
68 805
545 560
419 785
335 966
21 298
406 684
19 743
493 698
707 808
506 583
179 864
624 791
217 840
313 936
287 487
228 970
14 562
111 818
87 673
949 956
791 932
96 263
40 332
600 961
79 967
327 760
139 366
552 664
284 966
610 946
382 928
363 448
789 896
87 730
890 987
522 589
556 658
553 589
607 822
662 821
289 493
392 451
376 808
293 494
85 991
237 315
395 519
620 634
454 943
517 916
719 809
84 886
408 552
288 736
243 904
118 366
969 984
270 819
750 931
206 397
740 793
257 376
141 584
93 228
775 838
573 839
551 900
176 741
554 579
534 557
161 687
46 156
482 993
162 242
741 920
142 894
387 604
122 143
191 337
772 893
216 561
160 601
720 805
211 301
169 728
514 959
84 933
78 883
724 813
262 652
504 766
535 741
315 924
497 767
884 962
187 629
314 670
190 750
828 829
646 863
481 562
773 804
784 882
541 954
173 980
454 732
101 151
537 669
334 678
502 599
254 512
924 959
201 838
214 905
607 856
343 988
204 798
105 494
262 365
137 841
398 891
536 713
148 812
354 399
79 912
131 724
494 654
191 342
105 747
417 712
292 434
394 738
375 949
67 399
898 916
256 977
489 517
90 523
551 831
107 620
108 375
244 555
324 954
17 699
512 951
499 742
412 536
26 944
606 655
227 818
54 893
128 741
163 540
402 879
163 184
54 589
345 432
121 590
285 597
127 625
116 642
447 787
185 531
598 698
42 945
289 901
156 391
57 474
425 834
190 550
478 625
497 635
315 599
100 548
825 831
184 525
475 612
740 856
694 937
209 866
158 573
28 155
380 546
451 535
418 476
747 844
491 935
324 694
360 787
368 463
515 989
823 898
540 758
220 914
20 715
499 947
92 371
187 432
123 636
175 887
373 894
96 452
347 522
9 904
230 690
271 357
193 221
469 900
814 951
189 407
54 952
533 595
11 47
49 758
140 726
47 961
89 596
241 883
200 222
353 943
730 902
294 909
3 972
172 889
621 849
445 991
100 969
27 693
870 963
83 783
17 563
196 358
660 819
178 469
808 810
117 259
627 654
290 609
265 998
182 644
481 755
564 772
183 351
512 885
174 667
132 234
16 195
466 511
197 256
438 563
83 357
222 314
132 171
30 805
59 834
528 666
966 979
212 761
145 378
434 898
202 939
495 935
366 795
48 297
640 769
94 923
224 520
101 997
405 704
922 959
344 839
140 756
133 643
363 372
95 339
460 700
403 981
420 584
312 465
158 843
136 425
698 852
56 424
634 819
85 215
9 189
365 486
119 485
241 645
255 978
354 693
640 764
754 854
763 832
129 822
434 1000
815 868
475 555
698 711
930 996
273 681
563 794
403 632
51 183
729 834
62 166
762 967
36 177
63 196
807 962
129 149
7 290
292 890
461 602
151 407
95 163
159 727
16 784
667 763
63 652
382 895
33 314
331 564
566 753
308 369
423 425
91 472
388 574
379 765
76 734
706 718
160 579
122 396
46 101
172 620
127 357
292 977
315 562
303 492
358 781
32 979
53 776
39 781
55 932
195 523
524 805
736 867
321 344
483 575
80 676
119 891
222 292
306 775
46 376
95 526
87 765
173 743
340 987
200 511
320 927
21 746
208 709
207 359
80 239
558 845
130 982
14 615
579 892
440 762
88 502
411 968
234 432
223 675
441 842
487 994
124 584
31 987
332 954
269 686
475 484
133 415
526 821
391 704
415 461
132 649
209 375
263 882
557 618
24 623
71 977
73 296
54 908
701 973
399 533
167 480
544 619
381 386
565 609
241 271
696 876
244 887
444 964
477 616
172 355
176 347
43 662
596 852
416 603
857 953
107 115
31 155
89 468
430 632
360 771
471 851
724 742
587 912
204 559
826 871
198 335
167 699
196 321
172 411
668 933
191 613
65 562
435 683
436 936
569 937
98 549
215 750
780 806
70 533
64 241
266 917
122 809
204 848
544 922
265 405
899 912
117 973
9 455
184 204
11 895
447 515
267 447
489 817
454 762
52 99
43 466
245 581
198 365
205 472
9 457
79 645
98 633
240 339
185 778
74 523
731 876
45 317
743 993
121 614
106 303
928 928
818 999
174 330
374 893
597 666
108 656
112 755
145 480
22 391
436 779
837 969
601 716
191 959
333 383
469 957
358 485
702 944
247 455
527 636
171 311
271 285
196 898
810 988
425 961
367 710
419 468
780 926
320 530
632 885
88 477
12 640
543 963
21 355
108 498
646 806
121 698
112 1000
822 912
542 587
50 751
686 719
276 666
128 128
286 503
252 536
489 553
69 495
220 807
242 776
109 369
119 974
624 964
102 522
133 144
53 856
395 962
371 423
194 339
128 809
327 525
202 323
540 616
39 740
194 370
296 389
556 595
466 922
721 826
251 334
97 315
247 418
506 814
663 719
133 249
309 710
507 892
389 887
69 925
344 724
330 429
39 78
207 621
863 974
590 830
229 824
430 510
30 943
4 117
519 852
458 580
793 998
156 655
904 962
469 881
38 618
160 847
4 141
386 755
504 924
53 969
533 978
162 254
845 869
21 398
679 749
178 200
141 207
335 693
230 705
55 790
50 101
570 873
301 947
303 834
663 869
609 762
709 957
217 711
330 800
120 304
283 928
520 937
67 979
60 102
94 660
387 455
186 554
81 625
883 963
79 996
3 895
344 540
341 553
571 860
694 834
797 978
574 753
70 424
311 801
37 617
401 768
924 924
150 910
82 882
1 554
141 476
633 802
320 857
339 974
32 580
180 560
239 305
322 567
340 682
460 836
26 886
509 766
120 816
92 343
251 841
476 755
100 564
327 977
536 970
232 380
360 779
162 399
306 641
646 967
67 197
323 613
573 932
383 892
458 748
373 992
277 949
79 302
425 533
132 313
30 288
411 530
490 766
530 820
202 673
142 705
390 409
9 494
85 837
180 602
73 398
276 744
342 992
392 396
181 981
164 635
339 526
398 855
460 964
405 973
59 838
178 259
480 800
552 774
783 852
594 735
548 775
973 987
294 390
636 694
39 850
17 836
161 182
379 883
99 840
921 951
262 941
537 773
36 230
774 999
510 848
90 321
385 426
280 992
14 271
21 407
502 631
182 586
144 545
548 782
360 659
409 938
279 602
402 853
225 631
375 579
253 665
288 853
164 468
323 842
800 852
424 519
674 996
503 588
579 902
19 829
132 649
160 637
261 301
606 648
554 839
166 542
21 83
24 159
436 730
203 576
543 1000
709 985
498 562
41 821
26 842
240 612
490 577
475 993
360 735
423 536
279 930
185 348
269 671
913 932
475 498
16 509
148 270
471 978
395 674
404 875
114 759
521 871
602 720
467 562
84 797
362 740
30 853
397 594
468 640
404 441
309 575
37 295
209 257
389 563
641 761
748 854
93 766
443 733
438 555
362 646
277 571
61 988
649 944
107 154
483 996
344 689
267 362
450 994
767 884
382 597
259 786
161 691
210 612
98 447
303 845
187 978
429 803
140 287
112 194
517 642
252 561
221 427
353 690
617 633
63 149
108 163
15 650
95 503
7 741
186 419
242 343
490 814
529 690
29 334
9 350
313 718
293 531
117 388
637 954
201 758
202 376
106 273
367 437
14 863
55 407
61 943
283 419
181 663
8 135
537 886
537 859
132 150
564 856
204 606
51 767
38 873
178 853
358 514
104 473
572 859
20 470
822 830
234 372
627 860
185 405
627 884
551 600
258 351
110 158
202 870
529 550
579 787
57 934
15 394
757 811
398 413
376 548
72 485
193 505
336 432
625 924
470 928
231 409
73 653
26 992
607 952
73 596
647 892
283 961
174 864
655 764
312 567
9 691
87 745
245 807
203 206
314 929
149 474
582 698
170 629
370 798
752 956
356 791
145 573
275 745
343 701
122 976
269 317
609 822
164 659
670 704
143 990
145 724
129 818
185 321
452 653
315 692
183 757
982 988
797 907
532 712
531 984
297 509
480 782
528 599
283 394
63 235
470 672
125 775
51 893
184 344
871 962
893 961
102 468
509 611
14 883
687 766
290 553
187 223
248 523
43 706
54 276
291 940
571 799
390 953
709 734
92 610
87 394
508 526
449 564
218 795
134 642
210 590
13 551
510 846
144 801
701 886
164 923
231 375
