1000 100
221 526
20 498
413 935
64 586
271 995
568 867
112 684
628 776
586 678
405 542
55 574
725 751
317 491
198 767
718 831
472 947
763 886
180 836
308 803
47 331
133 679
748 758
62 275
671 816
436 624
478 546
602 681
763 910
159 743
107 878
31 504
176 478
387 574
698 835
341 421
416 981
159 805
135 681
152 442
131 702
13 771
48 497
479 726
4 32
490 727
186 189
102 957
309 690
724 838
50 304
564 794
203 366
10 860
348 436
95 310
349 627
649 824
335 817
794 805
488 736
476 520
37 673
467 797
408 900
83 103
107 357
532 941
219 685
662 716
60 783
343 460
88 169
503 791
433 437
90 700
585 921
496 664
335 560
466 668
708 800
494 898
138 429
366 428
52 144
546 594
207 324
443 792
422 623
46 934
321 618
149 466
385 845
286 727
715 953
211 736
181 561
701 891
895 903
59 279
217 698
