1000 10000
779 826
419 795
438 660
563 741
167 709
352 779
425 956
65 615
127 776
287 791
69 954
506 988
331 725
153 403
820 837
343 471
400 837
102 901
373 405
10 485
688 992
180 698
737 998
657 973
491 607
357 414
417 674
645 837
618 670
215 222
671 775
142 234
217 520
233 263
127 128
49 93
204 212
17 43
190 542
5 529
163 803
181 409
473 485
743 943
375 408
5 468
557 888
464 980
647 948
746 958
313 605
583 843
386 498
72 331
491 839
731 896
555 917
305 602
83 510
293 435
484 868
630 660
185 591
254 578
295 426
548 641
608 853
46 711
265 782
577 784
144 584
518 780
262 567
631 664
154 507
401 531
277 711
364 993
399 665
9 150
323 327
302 749
442 514
874 959
45 356
188 355
654 980
502 555
26 677
881 932
235 237
682 970
149 205
333 563
442 511
130 332
426 686
325 764
17 963
150 364
306 947
158 788
370 547
237 567
342 645
509 684
549 739
18 712
410 991
99 492
331 930
329 563
753 968
729 951
670 921
488 552
33 559
551 557
777 913
240 263
110 942
284 760
158 201
212 991
547 659
535 933
512 829
658 869
171 441
583 762
48 929
635 720
38 424
143 707
287 852
261 729
693 973
25 432
19 192
597 696
162 862
406 751
190 394
335 361
382 895
88 587
169 698
151 874
528 880
61 155
506 663
472 584
417 759
669 760
445 567
497 860
416 909
29 310
48 318
381 441
411 850
38 396
138 772
658 947
720 787
167 302
391 535
494 962
180 405
30 306
220 497
386 529
567 911
187 814
337 536
15 654
39 153
178 587
183 729
411 981
79 273
436 592
69 521
347 978
153 628
540 966
384 843
526 706
534 957
295 567
739 805
566 875
590 904
290 801
959 969
449 756
418 672
130 473
306 568
193 618
539 795
555 973
200 511
157 405
468 492
239 927
122 133
371 490
855 989
908 996
453 604
189 306
807 975
870 957
614 874
171 447
952 973
832 935
112 409
685 847
100 174
116 312
457 524
637 679
332 804
537 595
725 984
785 985
85 302
582 769
203 701
183 842
371 794
204 672
747 804
315 652
811 995
605 816
114 175
611 854
524 824
375 523
472 621
8 136
266 855
193 340
109 560
89 680
236 462
32 607
31 652
811 889
389 806
130 874
618 722
20 970
562 770
797 923
300 354
217 621
163 484
153 310
72 631
174 895
83 689
361 388
579 590
489 943
164 746
372 698
32 51
543 780
44 745
219 905
765 992
149 179
22 845
74 172
202 452
520 945
69 102
413 753
649 938
260 981
138 916
189 497
151 416
588 831
125 954
114 182
215 997
568 586
903 921
529 875
329 400
618 760
346 959
155 833
568 668
218 842
930 985
230 335
693 776
168 671
409 431
112 405
258 529
351 403
325 486
396 830
112 609
279 323
716 735
17 852
361 480
674 691
260 809
648 962
165 355
962 1000
171 989
192 551
352 357
697 737
121 614
430 521
109 698
284 408
815 837
838 879
29 567
58 476
337 722
52 125
655 975
796 835
353 989
462 540
347 737
310 421
417 716
110 194
374 510
408 763
248 911
713 850
329 662
872 969
197 674
14 811
1 466
223 894
554 570
849 939
20 21
462 569
227 970
697 799
170 295
190 256
248 721
309 1000
471 475
291 895
227 844
589 945
212 739
505 605
592 605
201 761
405 988
463 732
285 504
562 688
539 726
275 466
727 968
367 501
661 664
269 731
298 359
17 377
125 361
251 542
852 912
384 615
47 714
409 828
55 380
679 902
248 585
87 356
478 582
51 504
218 547
379 596
483 680
316 750
474 560
545 722
217 838
921 997
34 362
534 938
521 970
360 438
45 170
57 929
531 916
630 763
695 904
186 607
58 191
232 979
40 459
269 968
597 758
834 856
681 975
134 802
41 240
739 900
335 575
133 169
14 167
193 374
18 983
643 891
44 361
316 630
29 194
116 515
333 844
23 669
180 693
199 463
807 993
698 996
294 428
382 736
395 834
40 98
428 520
663 952
8 754
173 532
635 725
398 795
694 711
350 615
359 947
340 801
237 364
460 853
397 904
386 554
530 947
565 909
236 481
690 783
305 597
326 891
285 681
356 953
239 871
54 982
159 755
175 735
81 614
755 899
265 875
302 317
169 223
593 918
86 830
387 874
13 109
616 991
619 726
104 344
640 762
825 911
335 403
401 972
45 403
577 708
335 617
10 774
142 466
548 620
20 985
281 952
581 695
263 487
54 145
97 612
256 309
496 577
301 397
194 841
814 853
366 774
267 390
378 656
519 893
59 675
62 923
383 611
293 936
171 993
500 770
376 907
456 766
203 975
325 656
378 411
21 79
166 412
572 910
188 494
4 988
276 747
607 830
561 639
220 368
230 712
14 397
226 778
113 804
488 557
277 778
400 779
131 342
565 730
227 328
85 116
689 977
468 778
247 755
205 747
171 508
383 684
1 220
315 682
5 228
111 990
337 687
661 733
185 719
50 347
451 686
507 898
113 392
105 240
842 883
509 877
229 780
201 466
879 943
678 760
153 880
376 917
20 738
168 241
388 440
561 782
490 955
162 417
382 755
197 845
184 902
594 635
189 686
267 897
34 629
166 194
122 336
244 390
458 949
735 971
181 452
162 298
562 814
805 839
401 758
214 936
47 84
417 428
761 762
121 699
376 391
410 656
286 538
99 181
619 809
155 637
612 911
141 270
111 270
445 888
249 669
402 529
96 812
607 883
368 782
69 609
292 572
518 966
139 824
115 156
343 622
555 632
610 796
73 575
99 324
238 936
334 750
95 799
686 880
686 742
717 846
232 262
105 431
659 955
166 321
186 828
102 383
100 283
28 741
804 964
280 877
224 895
333 867
53 916
195 991
261 552
175 372
210 950
468 704
540 822
48 825
155 307
819 906
196 770
116 901
338 704
102 372
73 953
66 365
40 233
759 826
287 366
311 885
225 856
718 768
200 379
296 484
460 480
67 572
499 541
580 982
215 271
175 560
379 591
496 703
341 594
88 954
232 459
176 830
222 248
425 593
90 633
487 591
541 747
62 535
521 786
35 275
328 618
512 734
548 975
126 853
77 174
174 562
47 199
599 899
74 698
581 832
643 974
159 427
307 586
607 765
608 811
105 679
292 995
265 694
716 765
15 689
382 484
121 225
207 998
668 708
457 514
494 697
737 803
648 794
775 896
672 955
2 396
185 995
39 782
972 975
554 599
514 628
464 530
183 414
71 606
522 714
317 368
78 511
274 521
404 677
465 558
54 226
177 843
377 644
346 447
512 646
388 949
571 699
84 337
237 248
745 947
2 110
331 450
388 840
406 518
174 676
323 809
191 837
119 737
388 454
765 858
63 760
454 486
266 790
409 437
568 834
811 866
179 686
799 833
640 797
400 539
406 979
684 735
632 830
84 363
509 614
146 994
61 796
160 491
192 211
238 971
696 875
257 865
358 439
516 525
525 727
637 729
200 661
463 724
634 684
614 835
227 602
530 636
796 954
349 984
357 463
160 406
307 445
108 495
677 684
58 160
193 554
26 158
59 882
534 741
787 837
656 833
463 611
392 967
611 904
155 220
313 712
4 988
581 717
37 524
290 852
554 973
213 627
446 625
271 969
675 968
115 392
103 653
693 899
517 843
253 542
518 586
558 704
75 545
655 919
444 571
480 571
226 330
559 707
383 946
220 836
169 953
340 960
113 746
200 378
765 990
523 715
250 928
252 832
76 453
133 370
90 853
18 804
383 866
269 909
679 964
258 895
238 884
498 965
289 505
70 810
217 836
265 583
515 979
693 858
239 369
505 817
539 851
36 899
335 946
237 371
824 845
202 905
160 533
105 535
43 384
751 993
174 547
59 323
754 880
148 296
211 606
625 764
232 990
97 663
317 572
409 440
105 247
369 812
59 724
252 600
448 825
234 454
675 760
335 395
337 629
372 838
149 491
272 407
384 979
328 637
302 622
378 791
408 817
62 813
480 693
41 171
453 691
321 772
617 922
123 818
221 794
348 512
227 757
254 687
615 670
517 821
71 845
151 694
208 736
339 591
216 975
206 807
624 640
379 705
148 296
269 852
86 344
612 976
47 317
85 274
105 335
248 594
77 984
77 420
128 241
31 81
338 957
172 398
432 916
625 854
5 518
33 393
397 772
36 306
334 958
227 331
418 609
547 902
653 664
469 676
717 872
202 529
160 501
673 802
355 708
878 995
88 662
193 409
38 165
481 489
96 97
93 287
340 963
390 942
883 994
220 905
413 949
411 714
202 902
234 583
171 727
732 939
318 744
106 762
15 120
226 784
157 689
547 914
804 833
196 292
583 766
540 774
245 694
71 636
596 782
603 763
209 648
513 514
81 423
300 426
151 367
142 854
448 641
576 888
533 967
82 576
47 924
383 428
411 999
775 869
283 669
8 854
529 819
549 799
144 407
600 896
612 775
45 728
442 643
360 925
606 809
674 680
205 600
308 360
290 382
669 955
147 591
781 913
706 872
38 302
65 793
836 988
23 967
429 501
266 731
604 649
71 401
765 908
455 561
263 696
141 469
96 848
709 731
229 393
8 405
44 628
578 720
994 995
57 637
750 980
3 789
250 745
709 959
100 554
321 835
173 940
631 931
346 910
364 868
417 651
582 840
73 434
499 563
533 643
231 1000
189 640
148 823
9 243
280 472
141 467
447 590
134 758
416 965
38 369
423 654
542 739
297 322
67 747
533 941
168 687
286 776
156 355
441 469
49 787
116 636
142 243
132 416
464 799
224 462
53 971
174 963
819 876
172 240
768 930
652 666
305 739
307 817
110 265
23 132
67 868
198 874
210 413
626 716
17 57
97 305
389 813
590 596
290 622
61 292
866 980
385 679
255 585
153 437
357 471
424 872
526 776
81 176
517 703
256 868
335 404
10 585
5 890
4 302
540 908
268 857
372 646
473 945
57 235
241 624
653 825
507 807
401 904
162 824
439 807
274 448
65 590
794 951
301 983
221 860
109 853
45 433
16 973
66 646
20 539
354 575
50 560
463 862
715 868
485 995
465 469
187 456
96 389
256 859
85 244
882 923
184 559
451 868
67 144
122 969
405 820
52 817
121 920
373 604
821 944
56 90
361 528
66 421
30 806
230 351
101 499
56 811
29 629
505 513
160 268
429 574
490 962
13 400
48 202
122 863
900 984
254 326
124 754
236 498
752 793
599 797
39 220
144 422
473 665
476 732
383 627
196 905
22 959
598 634
360 414
254 924
83 553
333 793
446 729
417 437
30 49
284 553
292 980
47 600
409 692
171 636
451 982
495 495
453 808
64 774
7 194
209 302
66 871
283 349
246 626
584 746
619 752
90 769
183 641
393 645
679 815
460 661
530 563
556 573
675 891
391 429
134 316
614 908
559 981
149 837
727 914
156 738
240 349
155 911
85 948
121 791
878 983
443 858
7 543
325 946
554 690
4 663
376 795
109 992
53 663
603 636
420 818
749 821
536 674
975 975
407 868
496 729
131 669
447 462
352 749
478 921
495 808
262 410
246 823
248 375
317 664
600 638
151 904
155 229
618 646
241 385
350 649
331 537
129 684
722 883
295 427
13 254
102 136
173 607
304 805
134 505
132 452
123 721
661 823
351 573
542 667
181 221
134 586
273 690
814 968
372 799
133 850
363 878
378 565
20 34
361 761
89 356
44 735
202 546
158 805
49 224
210 700
342 643
405 903
552 777
569 916
130 995
832 918
88 240
231 412
225 339
285 700
282 318
28 556
197 339
344 956
839 998
522 896
386 605
481 916
592 929
413 449
317 387
98 771
346 728
232 637
79 821
662 835
75 605
603 990
467 791
645 733
444 919
318 873
108 248
530 848
522 673
319 831
306 513
142 346
204 284
385 840
15 73
44 461
177 663
851 921
259 663
485 804
271 498
270 370
440 927
276 968
659 877
308 931
246 779
152 314
91 507
111 118
1 573
400 456
100 754
819 857
39 669
811 861
277 329
805 983
310 755
246 478
29 272
63 93
316 722
209 242
120 138
332 859
23 678
355 757
76 780
878 902
830 865
698 760
200 697
233 298
202 942
30 592
660 862
125 803
38 535
253 592
440 996
844 866
548 834
320 529
200 435
234 652
18 341
708 724
98 234
372 857
201 258
808 982
154 905
188 869
604 751
649 798
354 704
44 89
794 834
481 954
72 775
526 900
117 301
134 190
830 836
416 919
93 980
376 719
658 949
276 528
520 621
511 750
157 244
426 459
328 912
159 783
122 592
275 353
639 912
246 475
552 983
391 968
526 546
618 930
221 900
764 977
352 590
122 233
80 978
327 891
857 956
640 688
683 866
175 454
43 437
176 658
209 378
219 341
245 643
340 848
249 660
422 644
91 742
317 485
404 932
24 382
141 866
125 357
90 339
30 711
26 936
59 180
183 269
461 881
393 736
181 245
711 929
566 830
192 255
432 525
491 937
54 627
905 985
255 514
269 388
683 708
701 721
174 716
493 976
571 733
37 346
574 679
279 829
16 148
47 503
964 991
826 921
873 967
76 620
927 965
186 510
941 995
238 578
154 667
65 745
460 665
53 755
532 932
19 838
708 784
390 604
444 979
263 555
350 725
86 835
249 962
602 986
181 755
290 931
335 449
132 852
12 259
31 550
575 848
542 682
22 332
693 755
241 311
374 856
35 152
483 712
211 943
290 615
178 611
151 426
8 457
98 684
348 786
87 985
934 973
91 213
279 661
472 513
504 929
35 169
916 954
534 881
136 590
941 991
620 771
284 943
699 900
593 600
30 53
383 425
196 280
248 663
224 792
37 184
439 735
515 885
970 986
234 914
327 575
265 279
670 764
585 715
323 480
582 728
39 941
722 798
24 917
596 643
92 591
145 987
743 833
85 922
524 797
8 273
553 922
213 657
153 229
417 655
351 539
445 571
501 842
46 578
384 603
404 653
569 757
183 847
147 957
375 632
302 913
359 991
556 639
13 1000
425 458
636 888
560 713
85 842
415 530
781 990
293 851
763 909
235 783
302 772
486 651
785 942
210 726
432 929
413 916
345 728
744 929
682 713
369 988
150 753
52 474
491 708
96 950
205 724
410 446
815 844
273 924
409 826
95 564
736 893
28 598
883 911
179 510
246 569
111 979
163 741
148 545
222 414
785 929
137 247
443 754
888 916
237 784
159 459
465 807
287 613
421 547
7 912
929 989
353 935
376 892
42 419
34 779
133 803
618 622
127 298
617 617
191 666
284 984
644 733
488 582
242 987
202 996
439 887
482 778
96 421
221 330
366 687
334 728
646 865
675 699
76 987
7 44
815 914
395 602
210 738
520 995
664 767
141 286
275 642
363 570
736 736
55 145
64 642
12 602
12 487
123 678
144 444
168 569
309 577
654 882
108 142
212 218
236 428
13 163
245 744
402 914
216 216
515 589
470 485
125 346
72 963
402 799
504 923
49 472
265 906
495 873
240 413
9 193
32 883
81 855
292 551
544 736
45 673
111 642
67 931
62 669
264 722
215 332
111 555
171 518
2 795
273 890
571 744
23 996
203 618
327 954
109 770
208 911
413 816
287 428
599 795
325 849
569 791
396 974
17 343
162 536
697 950
203 539
813 985
239 801
136 611
77 618
490 894
590 775
296 545
374 660
382 590
201 359
132 817
14 554
898 915
762 972
413 450
376 656
226 587
150 676
858 917
590 777
642 655
457 840
14 795
354 359
123 342
21 468
32 692
157 507
602 730
102 570
404 776
316 629
141 308
689 977
447 548
102 692
220 278
132 710
671 997
600 876
518 817
145 974
412 738
593 964
479 708
771 868
350 363
2 198
9 929
317 700
282 417
182 792
444 657
232 537
491 911
427 538
63 149
129 540
212 674
15 379
644 729
756 829
744 843
699 964
166 667
165 541
316 919
465 507
467 791
404 430
7 837
685 833
571 893
534 854
202 721
370 678
142 795
38 885
115 160
260 431
576 779
531 829
134 467
667 736
91 468
163 990
324 873
98 654
495 663
177 340
848 931
193 482
110 497
338 576
627 748
495 893
573 883
432 861
639 954
166 356
473 604
623 891
647 876
888 891
210 817
634 805
139 779
271 809
353 494
659 991
121 182
248 300
29 940
84 666
408 927
573 798
405 561
49 368
781 892
608 830
228 637
234 292
199 628
254 806
44 322
869 878
825 880
108 163
202 923
43 412
112 741
109 611
285 898
77 117
532 963
204 707
321 910
121 423
534 538
339 822
662 772
12 972
795 928
36 208
23 534
109 956
185 709
184 220
130 178
817 859
151 383
711 990
396 467
190 706
162 311
23 389
17 660
468 591
153 552
643 786
22 49
235 522
425 769
81 818
201 428
693 761
6 374
711 752
177 958
366 783
598 757
126 583
470 490
575 781
26 694
225 416
588 660
733 853
192 870
526 560
356 921
572 972
414 789
214 393
343 547
149 273
3 164
388 453
420 909
138 908
400 542
689 830
22 63
803 851
44 796
268 825
184 600
476 799
103 705
624 970
505 889
968 977
392 573
685 925
456 852
58 229
112 287
861 918
461 652
188 513
45 747
625 992
401 576
510 858
139 181
533 944
49 238
8 706
673 805
433 445
580 675
210 243
371 988
40 733
357 431
775 948
909 976
93 447
869 923
59 878
434 867
116 820
171 933
669 682
171 328
325 831
499 653
369 753
401 432
511 742
417 859
83 788
223 595
292 681
79 382
472 608
206 896
288 436
361 739
502 621
605 798
452 491
63 569
183 335
136 562
461 765
731 877
377 962
176 984
176 901
534 953
757 822
159 958
617 747
70 474
219 560
488 583
141 143
488 559
226 684
330 576
21 893
465 517
224 859
724 925
139 457
202 247
163 378
108 448
190 909
99 331
208 780
334 873
255 857
502 899
73 177
125 797
248 346
201 775
90 415
86 136
505 965
310 935
201 803
195 288
64 641
41 670
226 891
345 609
284 700
262 668
25 274
9 640
174 654
212 347
637 829
134 658
535 583
613 653
313 827
295 836
413 457
543 633
116 663
740 952
249 293
674 955
80 582
83 415
433 948
310 752
105 618
186 243
98 826
11 118
324 437
291 702
72 593
487 949
189 974
553 842
313 502
140 670
328 801
434 542
61 371
292 456
549 730
37 591
252 431
17 919
462 474
90 499
669 684
472 898
272 546
227 426
329 459
241 293
716 933
193 494
451 686
238 819
270 901
267 332
374 793
27 685
382 558
423 499
41 801
74 136
231 401
78 301
396 900
548 552
670 811
511 969
598 602
830 921
21 297
178 445
796 968
40 612
434 869
614 955
45 989
521 881
724 725
191 353
580 940
510 864
64 743
649 693
85 511
502 566
170 464
251 387
860 912
558 860
649 843
181 773
9 473
377 748
291 489
567 759
75 101
109 953
307 993
13 135
216 586
644 990
830 941
88 812
634 842
408 490
645 821
720 809
77 600
794 949
292 329
210 380
360 529
412 674
374 984
710 733
89 813
469 956
444 619
745 862
556 658
317 350
351 565
422 943
5 628
726 947
451 747
349 557
284 996
254 589
51 730
337 687
727 782
475 957
263 394
532 829
891 962
289 937
63 963
402 425
68 389
550 765
65 755
376 608
109 485
62 884
469 561
568 777
140 704
393 576
242 632
718 884
213 951
228 616
255 815
946 965
179 770
544 863
520 789
92 344
658 797
258 459
79 683
72 516
806 989
322 821
815 959
573 734
24 886
508 525
264 655
311 490
508 864
890 937
30 620
606 864
541 736
621 738
892 981
142 502
539 973
37 902
588 675
186 671
442 754
108 239
218 859
446 929
436 682
427 698
142 427
293 559
104 123
114 837
119 567
29 569
518 547
211 298
42 53
22 527
260 303
841 919
178 198
81 735
851 964
788 819
201 524
570 932
363 965
151 332
242 303
236 541
396 426
802 939
165 488
11 114
413 938
99 373
155 332
120 540
250 643
526 837
203 806
46 568
217 611
106 571
67 809
182 894
141 997
113 996
115 994
182 215
296 847
293 426
309 418
452 625
68 109
658 905
518 585
79 514
87 401
44 511
413 855
303 829
986 987
39 543
89 691
99 717
168 456
22 814
196 655
420 684
32 112
358 600
398 557
27 193
345 900
447 969
892 972
438 558
352 628
40 142
60 863
544 781
272 651
239 288
89 671
78 900
552 890
354 736
49 387
75 836
501 538
52 768
277 696
259 398
768 928
291 939
51 451
331 460
411 650
337 499
461 944
100 487
619 711
458 636
89 375
90 295
678 839
20 574
758 980
242 303
97 614
148 980
240 835
202 664
106 651
19 257
193 207
804 890
418 834
157 432
326 420
601 767
510 836
112 918
211 451
75 140
315 972
403 931
181 717
295 924
39 579
17 821
520 941
101 382
296 975
9 749
550 919
531 817
384 946
104 870
287 645
329 503
403 457
760 930
144 826
106 819
212 782
56 782
115 413
216 946
732 773
210 340
798 842
269 923
335 933
150 354
71 424
285 622
311 983
243 353
792 828
471 733
26 738
322 854
1 565
775 974
317 578
231 589
391 838
180 769
801 886
71 799
456 754
66 888
290 566
320 445
157 967
68 232
222 493
506 939
531 663
160 530
53 102
628 814
348 846
565 635
54 284
277 584
203 917
367 927
250 683
752 825
495 526
60 612
10 822
310 590
248 435
135 615
485 762
5 547
101 276
720 746
155 206
133 148
265 504
383 714
390 514
357 444
185 686
342 762
286 309
607 662
19 44
916 961
80 534
104 653
392 773
445 719
36 746
334 454
475 578
32 40
57 843
46 756
17 849
240 605
115 912
451 835
430 493
393 464
28 541
22 326
80 437
560 834
257 307
361 547
805 836
69 998
239 896
280 540
364 798
250 282
152 690
108 709
929 960
340 700
249 402
391 988
116 207
254 597
271 362
142 786
358 987
205 585
261 678
193 343
2 807
558 615
24 887
688 881
122 187
471 801
181 858
205 984
332 625
211 325
190 347
678 883
363 847
483 961
724 944
239 610
720 909
15 160
124 633
31 379
70 759
251 769
793 942
560 575
467 939
85 619
148 835
202 234
251 423
438 770
74 791
300 630
716 818
614 624
880 984
666 811
465 982
510 919
74 435
891 907
338 372
399 689
97 678
860 926
160 580
179 661
325 933
406 954
354 915
686 731
635 638
790 959
164 716
671 845
57 82
96 480
627 707
40 332
483 864
846 875
93 730
93 609
44 960
365 601
407 414
602 730
169 635
273 322
54 678
580 913
400 905
356 404
332 897
425 540
597 931
65 271
191 552
647 650
70 775
441 528
249 542
314 754
94 163
895 976
195 888
311 632
245 347
340 372
591 784
202 616
465 905
502 872
329 487
728 938
126 392
738 888
270 859
63 242
213 908
353 551
422 873
198 478
720 790
375 699
268 428
216 365
113 516
120 729
682 979
250 591
459 990
307 718
130 143
264 717
411 728
414 798
333 758
68 811
719 929
727 895
43 582
449 721
216 372
611 706
59 967
425 952
506 651
719 958
430 793
496 892
234 322
774 809
329 399
454 476
511 795
364 618
706 879
505 751
111 257
87 205
336 734
595 600
547 923
469 997
477 752
741 933
479 578
361 408
420 519
770 965
86 221
708 936
579 913
281 849
479 794
163 684
124 196
393 612
4 883
533 561
15 185
432 617
440 513
270 448
266 932
526 742
182 901
138 310
37 78
310 381
188 674
394 448
343 494
45 187
410 871
738 813
36 698
70 395
430 996
236 447
691 835
406 521
421 735
282 854
538 601
29 566
261 952
141 758
138 325
343 570
51 266
414 618
50 553
146 722
248 787
175 797
477 925
339 500
764 769
418 902
538 945
683 873
52 239
709 845
456 614
451 522
249 625
275 959
414 766
671 792
57 523
166 802
276 567
102 618
929 951
57 309
490 873
359 458
29 955
469 855
267 398
160 517
560 916
286 388
235 509
260 783
77 726
281 354
305 542
109 923
102 593
126 228
379 663
44 491
22 249
232 305
399 728
446 980
597 729
603 902
660 906
60 467
36 847
434 638
50 167
163 616
775 821
353 746
163 542
67 291
140 991
479 973
246 340
480 792
307 579
554 728
390 691
766 957
187 889
471 923
20 88
182 261
241 264
649 659
225 363
106 897
289 520
233 356
616 925
60 300
7 682
353 976
170 755
33 748
446 706
659 964
368 747
344 465
106 410
630 756
220 441
5 639
312 475
49 450
156 468
94 375
741 1000
613 645
6 285
600 939
39 46
486 692
830 880
44 179
496 900
9 173
738 882
107 436
121 909
798 890
398 485
217 392
186 249
610 623
195 581
483 985
11 564
703 840
91 470
563 953
23 596
80 241
610 743
677 936
768 891
384 454
295 958
16 754
687 907
533 545
67 395
114 708
398 795
409 544
182 272
472 585
399 686
215 869
634 727
309 570
830 984
574 836
134 471
30 146
125 155
360 746
531 770
123 497
357 479
86 346
122 929
44 807
888 984
493 569
627 707
747 773
936 957
213 473
35 715
773 895
254 553
142 236
210 513
196 610
472 937
199 812
322 888
22 699
300 698
658 805
280 435
835 890
23 795
489 898
615 922
142 516
387 967
162 893
335 672
281 831
154 552
221 378
59 179
639 987
218 729
161 857
54 124
736 945
255 637
625 802
192 291
444 558
71 762
45 88
259 858
9 648
41 841
392 821
388 514
390 932
190 251
872 981
232 459
300 538
424 562
294 988
34 246
210 915
35 234
515 989
164 335
286 346
226 802
120 131
221 997
110 896
834 914
9 295
371 398
648 789
405 409
235 584
211 551
76 933
276 825
331 711
79 970
459 990
504 929
768 931
523 738
421 976
201 349
421 882
308 770
197 849
284 479
305 937
1 701
391 735
381 596
573 941
52 700
2 895
303 339
133 447
58 693
23 352
388 507
753 903
76 163
32 685
549 768
234 673
638 688
273 905
822 877
364 799
41 475
127 753
212 773
61 444
328 662
68 508
524 752
254 586
65 362
273 649
490 520
112 670
386 620
41 905
167 536
481 779
390 811
346 471
262 307
405 683
82 926
383 460
121 258
135 985
346 661
306 593
321 367
844 856
287 508
428 917
123 367
432 770
453 657
517 523
2 9
243 587
295 404
204 450
359 860
235 291
486 928
793 832
242 846
300 693
135 617
382 985
721 854
767 822
336 533
29 917
155 452
597 612
509 949
200 295
185 863
160 764
390 554
345 810
169 810
375 641
463 613
553 872
583 905
463 870
107 377
813 816
88 183
37 725
320 772
641 699
88 892
160 235
73 733
491 603
677 948
761 961
409 568
25 815
547 807
566 807
166 701
256 587
441 935
190 876
95 571
348 527
345 467
861 912
532 954
358 595
54 842
126 788
242 974
178 364
524 640
411 800
497 623
33 899
58 895
32 792
106 702
260 559
395 463
78 137
265 992
84 93
886 925
32 833
220 415
504 704
680 828
82 165
19 190
176 258
351 941
368 390
132 391
241 899
375 958
304 717
188 481
515 788
487 596
69 604
204 578
278 588
80 119
499 871
147 890
294 664
214 561
284 644
163 760
683 746
604 686
555 852
7 561
70 181
182 473
199 453
32 421
196 986
166 461
493 828
145 240
462 503
113 153
250 808
187 993
551 582
43 857
96 741
474 778
583 898
111 845
539 965
886 985
50 936
834 898
256 920
442 856
871 962
229 559
65 505
314 603
505 845
242 399
252 442
167 744
770 941
78 629
298 968
570 843
102 571
149 735
450 539
517 673
408 448
467 734
202 204
315 385
193 530
76 554
375 710
725 774
35 332
283 702
463 680
376 767
44 799
130 759
24 101
800 976
316 920
551 556
492 906
530 984
237 368
38 556
495 832
853 911
311 908
716 758
222 678
560 650
519 639
13 783
449 571
288 471
108 816
608 818
61 938
257 399
476 859
118 386
698 778
45 340
439 752
394 817
100 796
41 933
554 624
195 253
507 725
132 455
242 397
44 606
323 527
440 746
144 953
605 884
274 602
617 924
46 313
408 769
437 528
13 664
216 829
636 950
733 767
858 997
412 972
482 559
330 897
399 832
57 966
799 988
478 984
792 854
333 444
74 300
38 868
109 166
92 369
71 365
30 863
338 427
115 821
353 928
307 717
261 637
672 866
683 869
429 446
107 970
800 896
466 572
245 954
722 782
173 759
791 858
379 578
171 261
530 549
389 997
172 923
406 581
415 460
475 599
813 954
2 625
232 488
760 919
281 627
102 480
68 142
431 954
353 359
567 612
55 448
103 440
81 118
55 402
421 550
405 598
67 538
49 552
676 697
201 877
449 500
211 810
194 491
141 635
47 253
7 362
711 862
703 818
156 858
127 248
309 598
16 84
203 694
46 294
542 728
636 668
580 828
78 537
299 490
68 430
633 914
78 555
332 520
439 739
128 918
209 553
552 742
387 535
136 550
460 973
673 995
204 759
104 445
59 527
232 497
609 630
350 775
359 986
60 139
854 873
348 390
49 815
16 83
277 746
619 703
197 686
193 226
459 792
77 717
159 987
421 445
273 717
75 100
507 849
230 503
229 379
285 872
424 768
839 911
641 930
222 651
170 999
433 498
348 487
577 946
466 827
92 970
173 977
37 836
138 494
376 385
158 699
183 569
73 238
695 788
237 304
289 323
137 690
239 614
408 913
817 927
718 960
204 313
634 931
156 210
134 554
136 182
155 706
3 295
647 685
164 193
580 585
72 668
547 672
308 796
6 267
368 634
312 521
824 863
154 539
759 860
49 737
523 871
64 780
613 890
188 993
340 353
292 929
21 697
639 784
18 897
192 250
284 806
165 793
482 870
13 387
768 799
313 409
330 619
764 897
283 327
412 413
392 473
328 953
453 544
406 538
654 823
621 631
90 461
163 864
491 600
302 415
119 370
99 272
23 820
467 657
38 781
278 539
93 259
341 630
49 779
388 748
407 942
84 836
377 1000
775 884
635 942
470 582
203 438
491 580
131 359
179 963
423 820
190 609
807 883
412 448
5 775
480 891
637 971
278 349
572 616
753 802
156 376
237 298
134 865
52 805
16 958
145 324
498 890
459 527
38 822
151 332
444 853
444 990
239 514
497 701
23 353
256 939
429 670
19 360
95 296
35 438
107 409
329 701
59 798
141 747
109 231
701 748
740 935
147 695
108 288
469 919
832 908
26 939
107 684
80 622
717 796
191 397
592 786
180 819
785 888
162 841
325 992
135 800
317 871
693 949
219 403
4 143
431 554
811 854
222 279
422 576
340 697
370 590
64 898
69 179
280 979
37 364
504 947
164 650
316 684
33 305
258 391
131 630
460 816
90 356
550 606
15 749
376 735
648 738
167 397
706 989
588 920
589 830
97 216
700 747
325 371
79 880
579 589
290 685
849 868
197 662
87 585
65 234
530 957
145 720
199 923
504 653
452 739
16 728
333 758
90 875
161 917
662 813
547 790
91 894
173 986
386 972
71 683
148 435
521 661
208 501
516 823
602 640
15 532
271 697
209 653
510 647
595 967
293 637
96 598
298 958
48 937
380 870
525 569
255 945
292 640
493 787
195 444
151 996
113 628
744 979
346 354
576 951
322 923
764 972
476 521
174 850
349 537
280 852
86 273
555 922
389 841
165 459
852 866
38 441
805 956
89 869
551 992
524 540
774 802
769 849
41 962
153 777
91 320
54 134
196 924
224 263
161 206
336 715
29 787
185 954
263 735
683 950
515 520
504 511
362 742
126 466
781 986
542 723
359 504
25 539
184 535
662 752
256 972
471 662
83 582
1 720
490 558
297 543
496 969
122 662
365 578
23 776
112 283
97 101
113 607
363 738
711 888
480 626
683 991
100 873
576 820
71 905
46 716
974 1000
245 598
496 720
775 867
32 336
418 874
42 414
110 993
233 458
29 78
39 747
109 832
117 911
98 581
309 794
147 382
109 215
662 1000
53 904
249 969
153 947
494 668
195 232
477 722
397 920
92 720
315 708
21 788
77 477
240 852
585 899
503 876
89 787
592 612
40 659
307 409
562 771
17 666
93 890
436 438
32 640
46 735
391 926
525 621
177 852
261 338
553 707
510 664
484 744
430 926
604 892
776 905
518 873
226 375
166 871
247 400
387 885
364 800
304 569
354 491
390 809
441 865
113 409
537 879
622 648
40 951
600 940
711 733
746 809
46 896
312 460
130 902
53 68
263 649
666 914
627 857
592 691
562 574
780 811
342 538
130 644
487 678
428 935
125 632
7 686
563 957
200 806
543 563
53 132
375 974
898 946
28 531
311 332
197 280
274 686
237 890
284 893
136 858
471 686
245 957
562 793
205 976
843 983
452 909
691 707
644 895
85 276
397 654
134 382
268 599
35 925
142 634
171 928
210 539
216 767
517 778
206 298
584 696
224 943
1 223
413 878
804 993
520 577
216 235
136 998
31 502
350 430
162 279
302 721
348 585
383 904
459 545
263 432
244 552
320 511
307 891
184 227
877 897
594 826
676 781
448 841
285 565
80 845
211 630
449 489
299 895
266 897
18 468
92 854
318 768
246 835
229 886
63 172
209 731
690 832
320 543
125 199
88 427
406 645
139 159
80 794
8 65
348 698
487 536
454 859
453 870
14 532
206 446
126 488
181 335
381 571
103 570
541 993
501 760
226 525
95 96
308 820
616 753
134 192
504 861
471 926
653 758
855 884
325 345
109 445
934 990
256 964
31 554
485 941
206 534
420 998
63 938
495 915
307 332
37 526
737 983
352 710
319 655
356 766
404 816
259 708
521 858
128 215
480 550
116 161
13 305
193 486
319 699
442 816
231 855
274 467
235 427
775 880
339 963
545 680
649 737
533 646
573 586
702 987
289 817
183 874
231 475
331 389
18 933
42 456
2 984
387 980
149 343
57 271
63 330
296 388
679 888
340 603
51 262
142 214
70 367
96 175
39 137
239 834
593 962
909 973
680 700
550 801
262 411
367 953
342 518
611 675
246 770
627 813
111 573
305 397
172 495
173 451
812 950
435 818
171 198
53 692
347 363
183 632
73 287
211 744
326 797
396 700
659 963
518 592
912 996
676 685
466 959
491 530
215 343
499 894
466 828
392 612
72 644
394 695
935 973
15 21
340 451
214 754
384 835
428 795
215 880
872 909
184 301
570 795
335 988
189 381
336 427
109 164
60 786
475 886
376 938
321 557
788 997
376 897
99 388
40 508
415 853
98 655
415 982
111 461
232 559
44 724
447 942
956 985
608 973
50 467
459 515
37 887
118 396
226 692
514 618
724 919
226 583
596 893
210 911
611 805
96 599
193 591
129 669
699 788
114 281
31 569
575 960
7 600
914 935
646 907
195 761
805 927
196 776
210 688
503 806
776 978
244 591
30 616
126 370
655 799
263 533
344 506
515 676
20 221
169 781
884 956
339 789
367 985
897 931
571 605
58 733
432 601
18 420
660 670
763 795
463 892
296 380
77 616
632 683
434 633
153 606
528 544
60 438
718 789
258 792
454 976
336 611
781 910
323 661
348 822
320 932
192 729
78 961
107 354
242 286
315 554
691 996
334 652
164 220
720 752
89 838
586 916
81 915
562 565
195 489
43 242
171 917
295 895
252 813
301 380
44 59
144 719
162 785
374 624
51 483
271 521
256 435
635 750
173 248
302 346
309 925
741 948
651 956
325 329
730 821
365 965
35 178
153 524
630 880
238 308
683 934
141 913
753 786
184 884
345 507
340 904
74 775
600 622
185 190
94 323
98 335
771 981
515 975
193 838
397 543
267 959
621 998
72 857
671 757
621 672
624 708
29 249
587 898
439 984
219 250
565 821
293 958
25 473
199 960
646 973
600 653
55 803
319 877
534 682
296 449
215 710
580 741
160 357
65 458
131 993
164 776
169 249
804 923
603 912
772 830
678 806
493 886
310 956
425 863
342 856
116 469
183 832
456 722
578 605
242 246
398 979
305 812
383 802
339 887
57 755
338 397
259 827
77 774
352 465
427 803
6 652
95 203
433 870
922 988
79 613
598 867
148 690
463 850
546 647
473 993
81 736
434 743
553 719
308 790
728 898
503 635
316 878
471 724
554 937
77 902
30 385
135 302
211 473
177 900
333 864
125 181
158 317
78 575
495 657
219 618
479 676
300 418
444 495
413 643
371 962
219 308
684 796
263 756
180 802
16 541
17 784
668 714
512 873
306 511
214 781
90 618
693 702
3 950
171 689
27 921
747 830
508 929
36 290
125 474
595 972
163 751
167 208
632 817
531 563
68 826
847 907
93 168
138 675
56 966
542 869
231 414
166 505
313 746
229 944
202 345
175 606
22 57
43 387
369 560
378 469
96 276
367 444
99 720
202 844
212 806
53 973
603 894
434 591
15 244
42 937
707 955
336 964
177 865
514 810
144 217
461 822
631 777
159 938
883 904
207 632
818 962
413 442
157 815
622 840
4 703
312 967
33 280
21 579
633 875
170 816
569 661
364 396
390 406
691 762
234 778
371 710
937 973
262 333
777 948
313 454
261 327
546 650
458 491
468 627
368 850
983 995
299 998
48 698
608 751
150 373
361 673
420 555
487 839
542 689
112 834
716 974
304 740
172 208
197 508
93 388
127 301
484 955
57 228
672 830
161 433
253 890
145 941
125 324
400 641
190 663
65 574
629 688
549 700
144 487
468 799
7 776
33 898
25 603
253 760
180 691
442 723
333 488
116 933
348 555
485 723
447 987
648 730
522 787
590 689
355 677
119 776
35 152
105 493
239 767
621 727
71 572
232 756
224 988
218 562
698 780
795 912
328 425
316 676
750 753
56 961
605 899
502 987
475 786
740 925
93 207
310 455
484 861
354 387
477 661
26 57
581 973
242 272
427 534
243 294
226 689
561 896
364 389
374 877
323 935
49 710
776 840
158 953
159 323
278 827
106 669
300 510
78 173
640 901
212 908
707 955
109 619
362 831
443 867
296 889
373 845
235 250
449 696
281 958
411 480
529 931
91 553
2 504
680 786
337 897
65 988
731 924
372 485
732 864
522 618
26 884
354 488
705 742
642 776
189 819
380 655
285 535
752 870
559 902
27 615
268 518
119 718
684 705
215 875
205 359
64 828
356 839
12 278
146 920
288 833
21 983
83 815
324 616
168 855
672 710
130 456
939 943
76 323
601 926
121 220
551 807
39 994
213 386
302 792
228 534
692 778
617 891
506 795
556 806
809 979
135 992
322 819
207 348
281 556
208 699
390 973
595 743
533 693
151 754
420 826
725 949
565 932
714 768
206 531
146 579
151 973
260 952
165 284
477 735
62 803
487 978
159 605
636 980
445 984
14 104
234 858
61 898
253 514
233 561
155 610
60 711
225 242
68 138
212 706
433 632
437 665
155 351
565 957
758 768
42 955
27 764
369 672
20 462
146 767
798 949
34 561
710 924
458 947
272 530
287 903
794 919
585 1000
603 676
276 369
47 713
375 820
159 985
502 886
14 731
44 292
426 788
838 876
422 814
421 472
806 979
321 835
444 995
121 848
575 721
439 696
324 720
14 788
498 749
47 60
121 530
259 398
592 763
448 935
131 976
626 972
588 741
72 85
19 290
370 848
23 650
329 824
126 450
323 876
389 728
104 439
365 367
252 983
442 558
208 673
114 900
459 624
803 892
56 687
882 955
546 892
96 816
405 612
314 414
49 57
323 470
237 324
300 685
483 891
379 799
356 902
144 883
678 882
573 670
218 909
51 462
281 737
719 947
520 925
214 862
466 543
442 882
796 839
294 983
180 401
41 338
852 981
369 589
702 835
75 723
308 510
61 496
392 944
294 529
714 789
888 990
306 543
455 838
421 872
85 438
469 702
181 479
614 725
265 985
5 203
353 902
473 956
306 356
460 990
60 147
661 874
543 720
90 414
498 501
62 849
391 419
729 860
520 863
746 923
43 374
429 430
434 485
589 848
406 585
146 658
276 534
87 592
164 964
394 731
418 875
499 903
174 287
277 383
186 746
207 245
206 387
312 890
71 264
30 251
35 146
79 833
487 526
140 979
485 495
503 875
795 839
402 847
451 488
55 733
336 789
14 847
182 587
554 680
755 784
238 975
187 763
228 782
332 428
156 717
296 298
410 728
438 506
115 486
63 355
112 785
257 866
164 601
84 571
521 593
404 676
378 769
337 415
92 140
312 825
669 989
154 378
264 961
22 968
6 624
187 354
47 471
22 664
223 819
873 890
294 694
569 725
639 946
397 660
166 583
402 549
316 573
547 994
271 738
686 970
498 622
178 738
518 899
145 674
91 664
391 420
49 774
691 921
410 719
750 802
328 460
442 813
166 505
288 513
122 804
401 948
698 845
534 832
197 523
146 260
215 361
42 665
615 740
88 660
230 825
354 862
54 650
572 657
526 673
315 485
10 694
155 820
147 496
464 559
2 256
43 88
534 766
196 705
702 974
565 844
217 543
626 832
131 834
383 515
650 835
502 941
301 624
764 903
253 277
28 755
342 872
577 685
614 925
319 666
205 738
250 984
26 384
185 526
103 304
87 118
284 408
474 504
761 806
282 314
26 196
716 807
812 961
189 790
360 409
847 958
310 713
50 341
496 976
576 752
321 799
96 941
271 593
9 556
138 967
464 728
3 99
223 288
525 746
794 900
116 552
159 575
38 988
138 637
273 292
208 687
384 398
498 812
182 862
54 706
309 457
384 613
56 905
379 397
90 449
106 251
135 233
460 752
222 852
17 156
741 962
550 626
419 951
762 844
10 955
464 911
41 504
528 596
282 679
144 275
222 821
228 790
43 815
525 893
127 853
88 826
2 434
154 600
588 629
74 874
179 975
149 875
379 494
386 740
461 933
92 529
136 539
230 284
801 882
620 735
332 733
35 749
64 614
366 957
710 972
96 736
192 197
386 541
969 997
702 823
334 467
453 591
437 486
5 661
248 395
823 999
203 575
283 400
395 979
401 541
670 861
253 765
439 705
272 773
262 722
450 858
20 718
261 677
222 420
230 282
227 880
677 848
517 974
120 267
696 822
312 804
972 997
688 794
41 556
68 457
208 345
39 404
523 848
598 864
107 622
543 959
482 787
483 956
155 449
560 950
471 837
307 515
511 778
119 538
461 591
512 958
500 524
312 711
473 923
236 812
767 889
603 759
18 367
343 407
136 275
89 511
254 577
738 939
141 359
348 675
890 950
622 896
949 980
108 712
833 867
539 588
225 830
643 669
543 873
716 751
478 902
178 952
798 932
907 939
616 840
228 908
559 575
282 601
80 706
92 821
220 963
41 105
147 806
251 596
190 975
558 865
355 555
90 151
501 565
529 531
380 818
56 382
64 770
561 763
794 978
78 834
664 931
746 834
32 428
260 339
604 832
377 806
272 390
281 492
126 476
91 174
380 564
337 960
101 818
337 386
238 243
618 855
514 639
52 223
180 600
318 631
274 818
165 744
639 700
818 875
260 784
316 898
357 620
370 893
403 977
426 443
156 773
467 510
279 871
846 874
4 860
94 100
18 282
113 983
118 343
367 534
360 870
32 367
336 557
372 641
462 708
148 201
94 598
166 361
186 336
477 587
499 906
221 649
563 720
77 111
261 536
467 838
150 572
864 928
218 413
225 985
107 956
376 510
793 836
387 456
149 205
852 885
131 995
333 875
284 396
928 990
278 452
115 363
197 295
372 803
795 799
747 972
161 242
129 520
614 728
195 212
463 827
292 383
189 825
433 714
198 804
148 260
697 769
244 786
442 746
14 325
602 785
684 846
173 577
407 957
39 324
348 715
500 791
572 934
128 157
344 481
740 999
529 589
389 987
820 883
80 297
288 484
51 556
652 682
516 857
848 964
233 644
147 745
366 484
291 364
279 529
266 563
117 977
744 818
59 357
78 778
112 118
99 173
370 502
541 575
80 765
527 580
233 677
22 796
650 831
45 676
370 568
297 509
872 875
855 971
531 664
278 664
719 954
235 902
339 929
487 619
136 905
490 820
540 600
333 392
158 967
24 771
331 617
345 870
7 397
233 971
711 950
791 948
600 966
736 981
847 973
370 419
171 243
127 593
188 256
184 760
463 844
298 478
505 986
55 1000
416 505
370 539
52 708
282 290
95 439
320 856
854 955
32 908
255 701
637 970
741 868
322 936
98 683
5 634
433 542
560 600
533 893
294 911
273 557
227 826
92 987
729 835
51 620
187 258
80 614
564 783
514 894
314 867
191 408
64 780
50 993
322 964
489 505
204 253
240 744
55 725
349 435
270 319
765 826
376 460
731 772
140 907
435 776
392 489
136 177
459 989
721 845
118 946
548 679
433 533
139 702
861 940
566 700
17 409
145 674
79 934
586 769
733 792
335 435
475 916
327 341
20 361
638 813
483 953
900 988
1 275
535 794
293 763
378 539
311 929
59 765
415 923
286 757
92 524
510 651
105 290
101 910
697 717
67 91
342 796
73 315
359 880
194 598
420 969
143 617
550 904
651 715
114 839
90 309
492 928
182 851
381 804
57 581
67 267
185 326
548 703
868 913
275 364
129 905
99 942
66 196
57 316
653 980
268 614
73 176
951 951
72 521
108 896
202 546
708 716
130 975
141 859
478 980
746 837
52 452
270 976
192 927
199 447
784 889
42 241
149 662
303 941
249 591
143 893
838 983
648 768
243 985
251 336
145 990
162 782
142 677
181 574
185 398
115 883
710 803
41 128
100 535
719 883
304 935
114 975
534 599
847 963
620 879
474 601
256 272
578 654
11 394
23 84
88 786
726 903
68 393
445 865
21 266
82 775
408 720
766 814
43 541
283 392
4 477
458 743
728 871
505 721
625 960
281 555
482 833
177 251
824 887
91 668
327 710
309 890
533 676
195 768
926 948
288 774
451 772
613 851
259 796
629 734
207 872
496 662
505 635
190 270
341 926
43 949
247 893
306 867
405 920
113 157
277 658
652 710
219 871
429 692
245 435
27 206
55 172
148 405
399 676
389 973
684 776
364 526
237 985
630 967
361 587
451 798
115 880
835 942
319 720
247 912
123 770
210 859
803 876
243 389
754 821
737 904
582 945
579 939
20 468
163 713
258 364
612 920
211 823
117 654
923 964
116 174
16 662
588 883
677 893
538 606
22 133
799 884
179 766
406 696
53 825
2 98
438 941
451 598
226 790
607 703
129 285
243 306
96 974
130 401
64 170
106 360
161 446
136 360
776 936
381 838
139 327
182 752
288 985
91 175
705 847
581 623
23 507
731 862
584 652
80 465
68 789
115 809
300 764
625 803
416 754
740 887
342 654
93 919
155 372
446 699
42 187
111 989
305 766
33 483
355 470
131 694
34 75
358 693
600 698
101 465
51 71
213 381
231 683
472 721
45 517
489 701
33 436
243 487
580 663
201 601
548 564
179 692
326 943
248 548
314 499
78 977
335 685
589 738
74 680
380 515
128 280
122 520
361 725
181 283
793 930
324 820
641 807
80 211
201 434
478 890
612 831
218 227
732 775
447 816
16 19
149 905
45 592
599 617
59 778
342 990
75 672
765 802
228 527
675 934
178 404
705 791
346 809
553 806
149 656
470 713
550 955
103 155
14 429
76 582
264 449
783 928
458 662
250 439
154 672
523 543
842 849
331 886
32 378
819 926
213 925
9 395
351 937
43 845
85 229
393 644
26 923
388 802
466 489
190 386
386 896
406 764
479 638
438 771
572 843
871 901
139 159
794 895
145 411
273 508
103 322
599 894
213 531
61 643
425 740
152 868
401 860
482 947
741 852
281 938
289 379
398 964
239 504
406 614
289 751
162 628
66 880
82 659
300 406
101 106
531 919
347 560
479 939
450 895
248 576
497 767
478 914
76 927
254 963
58 65
146 748
462 655
31 592
99 378
205 568
47 209
543 821
532 664
580 708
184 890
410 893
430 843
777 796
35 158
45 694
32 624
464 507
208 652
86 490
730 824
47 264
94 573
71 784
125 590
387 481
14 839
561 612
393 632
365 854
114 258
523 600
788 918
648 747
39 659
169 172
71 486
775 784
551 743
19 726
206 362
263 470
61 455
53 304
683 829
725 949
231 292
223 326
724 832
66 212
15 917
972 1000
461 624
94 633
335 373
138 758
197 993
137 971
145 420
6 690
532 638
756 790
31 102
76 743
293 495
414 866
368 963
189 259
272 574
238 435
634 746
700 911
510 819
312 389
108 387
75 461
449 681
131 499
312 970
290 949
201 896
432 928
617 856
398 613
826 931
80 352
199 587
482 920
79 777
337 806
448 619
264 967
95 750
514 615
75 675
156 243
116 499
438 524
268 520
311 658
12 359
140 516
191 420
59 331
462 576
787 803
87 448
565 825
60 975
470 926
217 738
600 667
613 658
507 845
358 590
823 861
673 995
64 596
60 488
12 155
78 946
571 903
421 979
100 141
130 889
535 625
317 363
265 455
310 630
26 216
106 517
681 985
827 1000
85 175
516 518
33 519
238 781
135 436
575 863
115 441
298 759
479 582
643 797
296 336
116 179
343 629
239 900
679 725
289 543
39 504
747 875
119 186
621 846
806 838
5 431
484 977
79 415
482 617
58 636
237 667
55 931
34 525
525 576
186 443
40 485
254 526
926 985
405 406
451 848
219 290
661 923
768 952
249 787
670 842
564 651
47 902
411 693
549 849
706 1000
624 633
103 662
136 404
207 975
556 787
487 521
555 794
483 988
688 979
465 560
157 984
15 240
588 933
74 186
666 903
258 934
465 756
18 823
358 806
87 584
27 284
208 467
469 529
123 233
126 955
666 861
128 577
55 580
61 663
596 793
249 704
28 458
53 616
55 249
448 479
80 916
437 920
599 878
455 978
318 627
287 954
79 892
118 353
119 685
145 836
159 323
284 355
167 383
190 220
190 791
76 815
99 715
583 759
579 785
127 560
190 627
458 797
214 801
318 899
17 410
300 681
969 975
17 63
757 910
208 634
502 722
400 870
107 647
433 956
60 360
35 522
23 801
110 159
287 950
401 557
196 360
323 710
264 637
476 486
73 937
273 932
783 871
232 576
354 733
251 970
982 983
716 926
95 795
27 621
52 218
472 888
79 547
125 259
213 405
335 602
47 220
118 258
175 518
213 651
155 964
487 510
132 341
608 895
220 907
89 662
213 453
645 955
572 899
142 217
612 994
68 143
20 132
45 239
120 642
504 862
577 861
54 128
545 703
54 442
815 882
74 382
130 457
253 959
483 923
300 774
442 917
62 96
166 405
64 506
274 540
68 423
308 468
316 944
540 633
111 960
28 344
805 840
175 305
478 960
887 929
811 994
176 606
18 764
657 812
325 682
69 188
244 750
528 768
325 405
770 914
862 977
161 513
481 934
306 523
114 984
116 717
311 592
792 806
183 755
90 814
660 868
166 540
653 991
889 934
148 300
175 305
115 866
100 643
8 190
345 821
102 602
810 815
450 607
414 707
252 923
771 890
85 213
905 984
130 781
363 813
580 781
70 154
364 625
176 495
127 162
99 880
756 863
155 714
144 662
416 427
140 554
54 502
428 887
284 552
689 755
792 932
220 371
392 841
466 710
357 814
281 963
99 422
566 999
736 862
755 957
327 470
62 827
140 259
295 890
273 667
443 601
436 611
320 671
343 351
139 426
90 266
603 883
579 948
32 915
428 806
172 821
176 758
298 568
96 996
805 987
17 436
547 851
366 841
747 770
311 450
249 341
522 827
385 737
231 719
745 913
14 329
248 711
759 927
448 680
459 610
236 757
317 454
381 793
483 558
297 592
412 920
671 988
373 811
146 796
410 667
568 811
245 394
85 555
484 794
548 983
846 982
765 811
509 823
63 110
93 350
693 984
654 907
257 448
619 888
696 851
14 388
255 711
535 715
705 841
222 430
8 744
16 774
91 633
244 534
136 295
610 721
357 754
187 703
746 810
586 706
297 792
195 956
475 975
63 860
269 1000
378 665
125 755
210 748
257 893
668 711
382 795
586 819
66 939
425 765
62 118
252 816
421 998
287 657
843 903
19 498
204 956
51 956
330 855
177 472
907 936
911 923
475 633
408 646
51 690
442 572
494 818
580 655
141 269
779 788
197 748
799 901
443 706
250 563
29 177
505 820
30 543
509 839
20 480
277 501
71 959
398 557
415 891
73 608
323 705
134 865
58 395
125 810
151 373
549 698
390 761
248 383
563 999
477 713
316 884
609 675
678 769
197 754
459 638
25 350
197 824
330 577
294 359
68 983
20 520
643 750
176 308
665 981
809 883
274 789
86 737
119 652
143 409
846 874
590 784
14 493
606 712
277 866
30 484
273 1000
209 835
343 348
5 56
796 852
146 344
293 457
252 452
215 864
516 666
245 526
314 782
37 710
81 864
161 700
654 827
22 168
836 985
462 612
404 587
59 915
498 772
272 278
464 929
142 306
302 490
836 873
546 894
674 980
479 552
637 917
259 453
99 997
148 257
379 607
34 371
173 852
234 825
442 526
870 914
59 565
815 836
929 939
175 273
539 720
593 905
381 558
60 361
315 316
357 959
104 294
306 601
554 781
383 807
131 597
3 25
204 693
305 719
154 586
193 494
674 982
153 171
392 523
189 950
347 606
263 523
228 507
272 647
559 642
13 751
329 751
24 922
265 369
285 921
365 468
53 368
574 578
110 916
148 987
431 532
292 879
2 697
607 650
227 402
236 920
99 434
707 956
746 929
464 804
822 956
330 666
402 746
845 918
692 841
441 670
216 687
312 394
110 309
767 796
312 428
631 979
685 879
190 633
67 900
315 564
97 648
393 840
676 954
106 618
558 819
224 229
217 929
394 443
91 310
135 830
62 432
26 573
505 862
70 314
196 834
802 964
682 725
427 894
233 780
647 903
9 232
263 904
346 844
108 149
444 827
173 555
466 700
24 929
619 1000
33 816
355 458
162 338
342 886
14 514
114 888
66 888
74 874
390 720
426 676
82 474
190 983
368 842
93 285
396 929
284 333
474 487
454 635
145 738
34 674
274 756
215 990
92 309
648 695
253 924
170 836
187 942
336 979
593 869
81 130
557 957
452 598
187 697
240 394
673 753
528 844
831 916
691 766
414 704
286 902
236 275
173 891
2 301
156 392
267 463
120 705
698 929
791 882
971 1000
528 591
169 181
576 976
268 916
99 132
52 825
712 760
593 780
652 903
510 526
198 854
308 422
821 826
185 949
491 790
343 703
21 623
340 646
139 936
14 19
96 147
222 283
9 905
161 371
107 534
69 405
377 489
272 620
40 933
176 529
533 579
420 485
236 607
30 687
413 645
635 664
355 724
314 978
226 949
532 699
342 345
398 581
288 590
371 581
332 688
752 960
25 392
31 434
490 670
665 861
42 381
749 955
368 603
602 639
655 918
190 219
541 625
530 849
466 701
103 769
136 994
901 946
580 985
256 723
37 717
63 791
650 676
39 820
639 816
391 961
281 871
146 747
41 243
435 467
87 915
503 815
61 722
464 709
909 976
178 350
480 966
710 752
46 87
25 549
603 910
92 212
359 954
346 743
353 547
512 996
720 758
204 685
718 755
321 593
259 735
220 482
156 411
278 995
373 723
151 287
131 233
27 121
505 800
663 829
165 762
121 246
184 433
222 639
272 449
401 967
665 900
822 984
23 333
71 557
776 962
285 360
153 593
564 720
439 765
491 694
540 749
734 814
398 721
515 598
243 471
449 527
398 893
122 564
379 817
38 268
669 693
15 716
685 710
341 768
150 518
88 132
235 732
574 920
308 967
140 729
213 454
152 882
809 865
532 565
890 979
3 528
284 291
234 264
203 624
414 789
324 677
481 505
75 504
624 697
52 184
418 978
499 714
409 942
201 438
357 592
450 621
338 928
213 256
417 996
595 793
516 524
48 276
192 987
132 929
332 939
488 911
302 444
282 467
748 984
583 708
24 601
17 523
217 457
76 161
91 765
31 341
104 996
866 987
316 514
400 467
351 665
139 461
137 783
99 499
175 436
366 858
722 862
86 922
62 537
362 825
889 977
815 935
561 870
364 772
260 474
557 771
79 305
31 431
209 594
25 326
342 999
604 730
794 924
180 535
769 811
54 206
508 945
742 893
393 849
764 887
475 894
652 747
321 403
91 466
76 140
31 91
161 722
469 782
414 560
340 895
431 735
90 246
234 248
97 164
374 466
786 867
696 901
386 571
840 855
692 984
401 843
449 718
107 643
590 727
701 789
536 572
206 622
455 974
750 780
73 379
698 835
122 966
243 543
549 757
79 886
259 867
26 667
319 808
62 822
148 803
120 403
816 918
789 808
146 999
268 953
87 625
31 808
276 645
45 506
753 814
410 536
617 774
351 467
127 834
732 802
309 679
707 797
204 370
352 457
267 941
657 771
111 892
409 599
105 566
387 714
152 390
559 722
535 852
392 474
165 890
500 812
68 583
70 547
213 256
351 641
271 495
541 995
246 361
444 798
745 806
465 997
70 782
714 762
146 965
494 683
457 946
77 251
519 956
294 302
281 587
10 374
851 910
444 909
381 494
605 879
645 651
660 858
93 218
23 67
4 753
73 993
482 765
368 630
413 502
96 866
620 874
489 785
308 437
818 847
312 883
248 566
578 960
108 575
398 783
484 568
248 858
152 642
11 907
581 618
300 737
515 733
62 857
327 673
177 912
290 295
8 752
420 631
152 551
19 394
611 780
80 219
351 828
517 639
94 915
252 715
456 484
28 571
90 837
889 951
359 876
434 850
860 954
58 381
550 624
513 659
60 144
309 817
55 865
147 164
554 639
546 591
241 579
806 844
107 287
263 899
457 884
152 622
785 876
168 731
605 829
375 407
145 451
275 819
167 458
212 952
188 190
686 850
509 575
320 933
116 159
820 828
763 916
658 695
120 669
448 873
390 435
158 493
22 613
119 536
133 169
638 807
21 193
64 408
264 719
73 970
76 91
239 785
629 891
24 191
415 800
411 521
192 917
164 747
111 983
649 863
444 641
219 964
17 462
489 930
4 360
546 775
37 803
127 129
2 295
339 623
7 605
33 501
100 370
580 958
247 922
207 335
99 435
386 653
274 646
22 717
316 995
775 793
303 883
280 678
90 257
386 407
227 850
514 876
386 802
77 848
225 993
574 646
182 527
227 635
234 840
355 802
468 854
610 848
570 699
816 924
228 656
907 964
354 617
823 870
548 761
921 980
438 507
197 200
367 409
642 918
173 263
36 183
225 484
31 924
322 464
219 301
48 924
39 792
100 134
170 356
379 922
936 955
591 696
97 215
403 517
64 479
219 870
61 929
150 247
679 914
179 264
715 922
395 822
168 352
758 973
50 542
715 830
90 478
474 691
52 745
175 896
87 975
682 875
636 846
645 940
580 669
213 511
83 215
387 885
160 600
426 572
631 968
324 899
473 625
411 1000
300 738
567 875
712 783
68 200
190 874
542 741
829 833
48 604
354 740
93 678
489 598
427 730
198 486
54 585
832 910
272 856
193 379
262 393
395 781
770 984
258 820
811 860
165 440
161 265
440 669
149 900
19 34
195 688
150 275
661 819
201 489
284 589
355 403
636 908
614 794
521 805
384 455
169 612
339 553
51 300
327 494
777 823
16 415
97 371
29 264
166 292
105 213
343 446
49 782
126 524
298 847
222 227
546 961
813 962
177 910
143 491
555 696
101 790
154 449
503 536
201 214
647 753
91 781
119 865
49 648
770 802
667 880
177 881
81 155
336 638
234 817
434 790
662 956
83 523
381 403
22 866
75 724
54 850
48 631
289 885
478 517
190 278
64 725
87 611
46 429
33 857
358 585
262 806
173 911
335 499
146 355
182 479
523 752
351 637
667 972
469 993
215 959
688 812
166 899
13 37
644 977
417 715
81 97
464 793
657 729
302 646
666 904
490 763
44 883
15 884
384 447
482 884
201 417
727 770
282 780
441 953
944 944
36 845
197 351
320 671
235 681
272 824
8 397
32 904
324 779
440 756
796 957
338 738
443 948
533 702
2 530
39 993
727 797
47 526
447 506
257 290
145 620
641 769
38 920
83 744
42 679
36 880
507 855
433 969
152 390
125 230
548 706
133 525
233 791
184 855
735 777
664 907
389 800
396 989
550 568
287 697
455 643
437 531
592 936
315 725
166 365
279 962
355 689
170 509
898 943
133 599
596 609
83 552
317 725
177 224
225 685
415 745
464 871
709 962
62 790
158 960
765 875
90 599
144 557
25 750
649 989
10 576
752 959
23 98
174 712
299 671
254 692
237 747
189 356
104 709
622 935
449 989
83 447
46 285
394 761
398 677
215 500
806 941
475 894
358 443
631 932
639 760
86 277
202 968
346 593
295 661
97 382
125 281
255 761
29 888
518 804
6 215
506 662
95 507
596 921
402 943
136 828
117 138
160 347
182 996
496 901
851 893
474 678
193 590
99 514
121 236
102 944
483 914
83 418
365 508
312 521
393 505
148 891
121 859
119 693
475 667
420 487
410 902
145 621
490 794
44 845
369 409
723 903
234 759
76 325
176 705
392 569
194 628
51 156
66 305
137 990
233 973
522 774
527 551
236 472
303 515
470 493
75 196
317 732
550 660
172 885
331 552
161 810
145 711
80 390
423 605
845 880
81 953
237 981
298 706
498 534
859 945
640 800
393 522
844 934
340 900
408 533
669 719
491 626
629 988
119 279
165 672
55 866
481 825
157 788
799 896
460 534
810 905
101 225
15 580
4 602
293 838
358 528
229 976
61 479
132 204
161 900
583 693
61 928
117 845
29 775
151 170
684 933
322 554
293 504
366 612
867 868
371 585
571 957
423 475
21 937
224 714
84 176
371 986
242 813
112 921
396 853
136 523
249 886
202 756
244 705
15 284
643 733
879 909
490 678
176 356
231 722
123 608
649 863
738 814
150 435
138 377
68 125
828 852
318 742
358 570
98 981
83 356
517 640
446 755
373 459
307 373
245 591
758 768
443 863
433 598
452 933
287 411
438 797
60 821
790 934
14 939
27 203
49 919
472 747
741 760
137 177
75 825
634 911
209 882
674 900
78 711
907 957
184 765
883 898
250 252
145 345
251 350
45 924
274 902
144 491
299 954
143 227
120 509
172 791
303 901
88 788
815 854
326 498
415 898
145 797
408 984
221 281
343 425
172 660
95 632
64 190
347 359
293 879
660 823
350 754
389 757
158 616
185 251
215 845
109 198
152 213
129 604
99 236
87 448
254 983
160 781
644 915
440 813
674 709
703 970
305 578
83 266
668 856
66 881
616 990
514 536
770 912
302 502
303 591
553 566
293 765
181 697
614 905
476 618
335 488
499 713
479 805
57 587
924 933
605 828
131 239
157 675
24 570
442 951
223 413
175 183
56 612
7 323
510 662
529 600
126 798
54 753
827 909
772 849
19 596
709 838
412 703
469 914
596 684
351 836
165 192
466 918
183 410
575 866
293 671
438 475
124 414
152 921
131 544
864 986
81 881
440 761
550 859
331 345
69 654
639 909
102 926
166 246
612 723
537 837
10 734
594 908
211 250
428 490
112 917
662 703
344 466
52 78
374 735
19 368
256 695
293 966
121 569
302 989
185 758
591 989
251 601
453 518
106 599
557 860
28 699
118 758
528 911
45 197
138 615
9 830
100 562
575 582
250 327
218 260
398 583
273 739
191 530
116 397
662 733
499 563
296 972
53 766
171 206
188 330
603 931
29 496
39 862
770 914
50 747
62 666
66 557
93 993
591 742
643 756
684 720
770 871
149 649
133 427
437 591
685 945
179 635
613 727
203 662
89 467
287 574
158 964
500 760
496 513
341 742
156 436
692 983
128 264
725 954
581 799
658 905
141 780
806 871
425 615
824 834
372 628
122 277
715 876
164 300
577 984
722 814
548 825
33 238
140 484
303 336
417 849
266 466
119 955
171 675
63 677
184 520
375 378
760 864
326 616
603 696
537 944
87 117
622 644
670 918
356 755
51 549
151 830
53 799
57 183
632 944
219 699
225 989
186 466
578 648
857 920
64 164
81 323
456 902
454 564
807 917
580 678
875 929
721 736
330 619
256 644
486 741
534 973
401 552
185 206
159 536
175 617
348 545
430 804
302 804
346 722
673 831
218 705
481 810
497 892
17 929
622 786
572 851
736 902
84 669
440 636
713 716
14 974
58 879
348 483
69 941
417 962
84 200
405 833
721 957
780 827
533 922
739 874
394 751
219 871
266 700
753 955
914 972
240 788
593 859
100 600
236 861
490 818
29 671
700 829
81 712
9 963
7 630
99 709
411 498
235 477
85 822
857 986
41 882
79 684
135 682
766 962
600 929
346 897
404 691
110 612
79 679
59 675
192 977
233 845
391 742
387 926
48 108
832 940
480 701
88 726
492 837
338 544
565 907
205 615
473 543
498 516
74 690
350 807
306 774
137 986
478 845
104 964
560 764
266 890
375 454
40 889
238 306
228 263
330 777
448 539
331 434
267 372
168 850
69 667
514 996
350 423
187 633
396 986
522 586
619 685
256 495
422 634
554 980
337 775
83 508
332 929
491 944
566 981
192 861
239 541
120 404
82 870
110 316
264 550
97 217
361 693
384 760
282 726
553 786
53 195
446 633
498 863
8 935
640 995
15 649
658 671
62 243
5 640
285 678
84 473
272 382
128 610
178 412
490 751
114 148
619 935
139 428
204 971
180 180
14 528
153 475
821 877
157 464
425 1000
377 647
431 887
206 517
927 981
171 305
244 911
781 840
277 586
99 869
203 215
732 928
133 438
168 246
428 850
222 433
545 978
158 763
489 551
42 536
713 943
320 713
279 500
5 347
533 940
604 647
274 423
304 806
749 986
780 816
675 918
133 707
179 565
229 639
605 734
45 457
4 356
143 713
353 356
407 568
143 178
36 109
101 982
600 911
43 736
548 953
439 886
321 912
384 385
399 403
201 740
833 877
186 457
164 762
551 851
17 38
703 885
769 832
518 773
739 874
141 230
127 260
128 676
710 864
73 663
795 906
794 857
395 705
396 577
650 875
723 882
177 870
96 987
443 590
88 833
5 742
283 297
155 651
462 783
627 642
251 556
376 420
92 341
114 262
528 707
245 771
184 431
287 714
587 815
6 839
293 798
51 895
332 411
137 564
140 348
385 573
649 884
33 325
171 928
371 614
308 321
358 886
526 893
46 380
267 335
236 411
533 911
142 392
343 364
605 996
433 539
73 862
137 484
439 567
66 85
339 451
86 863
338 837
348 660
183 992
754 850
674 823
672 748
212 828
674 948
156 941
864 915
602 975
538 861
449 735
748 867
805 807
212 850
434 910
629 783
82 905
610 699
141 655
349 550
765 841
8 750
180 387
404 731
499 763
545 977
92 667
365 790
131 641
178 895
163 948
334 783
393 704
341 451
411 796
164 301
40 896
300 792
525 525
476 585
52 513
142 688
256 975
504 703
175 838
144 986
316 431
598 973
657 797
46 322
566 762
139 606
444 829
693 927
197 423
861 894
796 995
284 604
83 655
277 589
175 621
714 903
822 828
190 835
14 361
161 850
563 611
401 896
138 171
111 889
487 684
332 395
777 901
261 974
421 476
466 963
422 712
541 740
29 532
59 154
77 274
171 302
242 701
62 529
76 457
929 958
206 399
577 917
54 881
111 208
662 682
89 698
539 585
161 871
89 294
668 988
434 969
56 669
561 812
138 431
331 458
25 723
28 558
799 988
253 827
446 466
240 456
116 358
688 813
567 623
395 531
384 556
666 969
166 357
429 812
403 955
352 929
307 776
85 996
621 765
838 894
352 646
412 753
70 281
401 472
87 141
701 954
623 829
269 515
399 892
147 420
54 806
364 992
246 865
499 687
53 126
764 964
416 469
294 981
809 896
973 999
145 822
475 926
218 736
195 949
584 714
91 625
155 532
709 968
457 621
703 794
278 877
257 468
334 439
675 973
252 353
241 310
384 591
595 835
173 942
609 695
359 700
212 732
153 496
380 549
823 969
733 907
409 568
80 820
242 501
303 372
756 820
903 949
500 811
227 877
33 841
875 916
487 825
645 710
57 294
364 941
95 172
467 749
324 462
234 932
277 312
8 771
869 992
716 893
748 924
439 897
122 369
33 774
37 830
588 913
437 807
630 656
381 698
482 982
21 963
89 468
429 837
935 982
395 423
439 677
57 752
178 230
137 822
199 586
323 713
535 608
464 829
625 678
700 792
222 332
553 665
433 987
235 561
151 747
174 389
99 368
194 499
34 485
308 695
933 949
111 360
69 803
502 944
772 832
563 744
108 217
519 766
120 366
444 555
540 672
301 416
663 820
126 575
304 307
376 941
65 726
408 654
229 605
165 329
172 344
612 811
865 981
477 629
267 590
771 876
101 123
239 763
520 852
62 969
47 651
308 870
305 460
730 871
105 925
307 733
22 684
843 967
357 364
17 900
523 791
282 741
543 862
292 444
287 987
443 809
198 216
316 611
83 459
320 515
296 763
57 911
262 709
326 429
119 385
369 612
902 993
614 635
664 860
25 205
342 629
53 530
512 906
444 662
352 987
659 874
372 982
24 664
794 821
405 621
386 502
126 343
713 1000
200 491
205 547
20 900
704 706
243 481
170 949
741 855
52 114
201 891
540 541
241 395
509 611
784 864
119 337
232 317
280 887
143 217
290 582
887 923
572 676
224 430
514 534
82 797
156 833
685 849
465 906
750 838
391 954
494 919
274 770
121 706
66 544
310 827
427 538
381 805
192 666
97 982
246 960
242 614
78 302
54 212
765 841
80 913
224 394
223 978
542 842
160 470
140 673
186 913
508 800
30 176
91 824
187 962
524 544
319 494
626 857
524 590
86 542
470 861
363 906
467 967
42 326
40 965
16 406
655 657
711 828
745 860
339 879
192 653
565 818
216 345
688 805
263 773
79 273
201 932
167 792
514 548
253 891
282 486
344 647
821 999
447 662
147 810
371 610
201 269
747 848
268 601
85 840
458 834
539 623
818 931
801 857
42 60
486 529
357 663
804 878
538 908
34 939
194 622
10 773
557 703
314 547
212 270
496 717
150 423
618 893
918 974
87 548
471 843
753 974
349 908
277 629
68 223
149 227
266 894
535 937
467 908
36 134
76 352
258 635
307 315
826 839
504 518
302 721
818 967
265 434
218 839
707 957
48 187
197 310
445 929
605 884
10 682
98 628
143 573
248 983
906 924
23 802
295 921
242 406
81 459
7 939
312 841
17 68
406 733
573 816
167 715
225 829
460 902
73 297
502 524
318 730
414 596
876 897
416 430
606 619
587 746
130 360
188 446
168 484
358 844
246 526
71 189
777 894
566 783
465 894
278 861
526 762
928 959
200 342
328 399
185 247
247 693
568 958
382 606
167 892
585 620
44 413
324 688
77 304
220 371
309 416
152 624
205 320
617 965
192 493
666 987
526 919
818 855
227 548
110 765
594 597
105 926
320 980
488 871
260 902
401 650
35 755
669 808
600 980
451 854
541 860
471 503
316 638
283 498
566 806
236 742
92 405
727 857
143 497
506 565
254 557
702 942
455 650
42 261
3 254
123 210
860 955
194 642
609 865
24 428
612 893
118 327
106 237
32 402
392 564
368 891
158 398
76 146
524 680
153 929
316 406
57 705
650 894
392 659
41 898
511 907
188 651
860 904
143 996
37 435
17 479
286 785
174 288
54 626
76 629
128 268
805 870
370 492
229 879
673 684
356 845
75 724
639 1000
31 427
190 668
159 925
47 886
176 241
4 308
825 961
132 660
321 477
50 922
107 869
614 971
401 908
81 834
84 430
814 948
605 793
606 818
429 697
227 291
110 349
75 605
119 310
500 624
336 489
489 533
216 717
168 383
158 326
529 905
171 572
57 683
189 803
598 897
206 271
508 802
310 905
207 313
83 354
118 613
240 453
412 645
197 437
361 894
172 639
465 985
289 675
702 801
465 525
86 373
94 424
288 360
20 180
950 958
634 915
458 950
387 789
397 731
299 646
91 455
28 906
25 95
523 676
368 700
548 864
408 410
637 956
648 761
763 789
488 580
103 256
12 340
120 264
74 900
311 688
255 722
744 905
421 717
387 502
214 506
645 856
656 681
613 719
233 557
66 843
637 877
712 764
39 131
460 982
653 983
495 795
90 202
682 801
751 959
157 225
251 820
505 669
394 955
446 738
610 754
229 497
10 431
243 723
333 965
287 287
717 906
641 717
340 854
388 438
10 650
414 915
546 714
282 318
208 902
640 749
492 686
503 685
254 939
48 459
554 595
141 918
891 967
574 905
15 780
392 742
226 732
754 956
134 748
449 823
761 911
771 840
665 678
443 684
477 577
460 738
816 899
142 831
637 955
252 742
751 1000
132 822
177 193
293 638
233 533
25 402
105 491
77 484
100 108
509 705
687 904
200 687
426 898
265 420
191 693
616 828
241 976
3 182
769 840
157 818
305 343
236 492
148 369
103 414
319 402
373 819
145 445
2 55
312 669
576 976
21 919
617 887
145 470
103 485
602 855
697 926
366 399
690 791
287 662
775 989
161 909
463 982
72 713
314 407
71 178
589 946
180 698
13 949
33 621
166 267
592 693
196 681
32 793
119 180
221 791
297 869
107 552
453 522
112 122
43 983
182 283
205 529
404 779
146 971
623 945
168 739
710 918
44 174
170 940
304 461
267 729
66 767
463 501
93 222
208 513
264 743
397 990
147 245
621 953
466 580
260 689
329 611
401 751
243 568
387 672
192 963
52 652
196 306
89 646
317 789
168 499
312 516
654 999
320 374
263 775
124 893
635 691
496 882
47 96
789 799
163 930
138 313
41 788
125 582
515 611
769 959
341 379
243 771
87 537
375 479
534 914
9 572
105 121
425 495
454 558
930 975
478 983
517 774
46 100
708 875
480 703
136 316
90 648
395 400
360 564
91 817
581 637
474 720
385 913
89 578
17 459
74 597
645 951
63 378
647 717
357 722
380 799
697 941
156 692
333 953
330 615
90 511
317 885
219 663
73 206
235 931
565 874
675 977
118 239
113 779
55 247
638 877
379 874
30 397
768 871
461 986
143 460
49 752
309 381
16 807
512 773
692 932
466 775
69 820
300 775
63 419
92 687
308 843
254 606
302 875
96 997
600 761
81 345
451 946
185 463
211 402
349 365
280 932
494 885
477 579
37 98
176 440
57 945
512 871
142 879
60 812
584 643
92 193
229 654
830 962
14 106
819 921
20 779
286 301
31 246
866 921
220 920
29 135
475 620
392 513
85 432
379 620
410 946
414 454
101 922
150 375
92 240
402 478
311 451
343 904
238 596
91 612
629 783
178 851
144 751
92 785
449 514
330 571
827 841
59 349
442 549
186 436
158 787
379 696
294 916
573 806
53 543
280 592
204 753
43 404
151 177
44 710
302 687
508 942
293 465
400 547
271 366
841 977
257 475
258 832
764 932
61 754
92 516
739 801
404 719
746 945
55 995
326 943
369 674
574 590
45 246
619 719
86 608
229 451
270 366
427 597
715 764
54 676
585 952
128 810
44 429
520 973
10 158
139 786
166 939
193 722
564 969
129 815
442 784
239 563
79 226
456 623
431 640
809 997
882 946
122 951
405 583
445 855
924 957
556 592
151 997
578 726
125 459
660 798
440 475
12 444
560 833
217 605
204 597
470 509
490 668
30 618
753 777
83 587
661 702
33 785
760 809
285 693
179 880
74 386
145 663
44 469
511 770
164 846
394 490
161 713
10 390
355 565
375 972
408 641
447 726
330 487
539 906
546 748
709 982
186 335
173 218
386 674
581 853
329 982
675 901
81 524
28 49
48 88
523 741
27 598
100 648
58 147
533 820
134 656
895 923
503 801
94 492
107 874
398 435
237 939
170 877
312 885
593 792
587 671
71 737
226 268
60 897
493 720
246 656
339 614
37 578
552 816
272 864
301 569
552 670
87 456
427 717
271 825
234 328
696 748
670 857
627 983
243 480
279 389
86 704
585 946
266 503
145 949
132 439
38 960
886 896
531 778
498 863
301 547
272 569
564 922
36 537
278 538
283 819
354 814
258 622
454 737
101 358
17 691
219 892
616 709
126 445
333 635
581 630
872 978
863 867
735 830
730 966
441 659
12 760
212 496
84 258
83 407
232 373
349 731
245 714
428 985
275 571
220 822
332 820
81 887
292 371
383 550
226 556
223 419
407 557
569 640
476 690
814 863
542 730
369 714
393 432
259 368
596 787
591 624
148 929
32 611
26 573
233 424
166 337
188 330
644 964
261 718
790 890
208 673
260 510
142 481
87 781
57 245
474 547
186 879
169 195
443 584
139 557
130 911
57 405
31 397
18 694
392 908
80 535
268 425
253 663
336 714
642 849
246 419
605 736
33 609
729 904
113 932
851 949
241 966
188 449
685 845
275 436
203 661
305 591
502 726
415 914
694 883
28 895
317 917
192 707
770 816
711 800
306 403
23 902
529 766
337 759
481 720
99 409
172 692
133 266
398 619
120 818
533 733
243 772
612 810
34 897
65 550
638 768
272 882
84 887
82 767
86 319
450 914
488 707
61 500
521 600
13 153
466 942
52 151
274 693
45 520
144 440
579 947
552 848
257 512
570 927
466 664
747 795
391 811
544 666
593 803
423 876
171 702
200 379
292 840
241 296
552 555
499 702
236 842
107 986
321 780
112 810
465 590
115 430
273 913
57 285
774 782
87 569
50 824
504 579
363 981
9 886
64 269
760 797
177 282
16 114
90 600
174 228
349 466
213 916
233 732
113 821
140 952
757 764
276 773
182 358
355 981
695 863
160 960
434 895
151 153
242 431
110 166
112 862
557 988
161 326
542 921
379 451
201 458
502 870
584 966
259 915
763 981
283 579
493 566
207 654
574 661
740 998
95 110
204 652
142 354
315 713
484 854
356 497
33 558
211 352
155 299
495 941
269 626
236 825
93 289
41 386
88 473
43 334
187 757
470 843
561 763
178 804
241 976
15 83
739 911
862 914
416 717
216 936
559 748
760 875
42 499
737 825
514 816
404 922
194 749
130 798
185 531
179 203
336 712
153 614
310 888
122 266
240 645
417 419
16 834
328 400
610 666
5 942
86 466
546 670
232 988
234 456
545 992
17 473
333 393
330 820
427 675
123 529
95 909
213 383
493 559
87 840
245 576
238 514
406 821
67 451
248 481
569 902
732 750
274 492
173 329
640 844
132 191
456 898
59 791
63 526
254 693
611 964
78 990
136 672
50 53
61 1000
505 668
218 879
369 474
737 764
403 656
345 347
197 699
605 678
519 777
328 956
296 893
234 623
486 758
126 385
839 856
356 699
349 984
198 929
492 767
213 625
529 626
325 735
568 743
80 838
713 768
228 459
7 827
235 882
837 895
414 797
7 182
536 771
9 174
127 532
459 998
245 805
801 821
788 925
66 612
244 327
92 333
484 820
212 367
84 131
154 454
214 424
212 895
519 610
575 989
304 546
281 674
195 286
298 327
581 687
575 676
510 930
97 348
944 986
502 911
439 605
390 884
323 993
174 649
523 828
599 728
29 879
150 518
397 888
353 695
179 769
365 890
237 763
517 828
86 441
108 172
25 581
194 889
67 381
163 302
18 396
201 663
8 48
103 738
533 695
141 815
207 368
159 761
136 422
702 875
497 726
75 620
16 501
719 979
233 359
339 584
698 998
795 929
1 84
172 227
410 516
71 244
262 908
238 786
411 644
406 693
319 687
355 955
202 863
495 916
30 257
207 927
495 925
116 822
293 537
374 414
114 986
349 614
74 676
827 933
361 892
181 827
190 995
613 873
358 651
346 496
267 432
118 948
36 557
651 984
98 248
172 531
46 942
393 977
671 728
118 679
213 321
8 938
118 739
75 106
166 535
421 672
111 554
558 987
650 851
455 800
295 943
211 725
476 818
497 976
118 655
2 784
119 921
130 217
21 565
318 610
517 577
82 603
79 457
379 511
337 765
456 778
299 860
561 847
529 581
264 437
467 672
155 604
92 767
293 722
324 408
227 807
519 568
151 292
104 691
257 538
396 471
442 894
91 948
210 797
509 586
7 381
80 978
662 986
111 568
322 859
244 999
548 637
61 429
445 876
413 765
49 601
306 619
881 931
31 966
153 999
537 732
222 817
43 826
194 489
102 373
69 404
212 728
664 879
164 982
493 507
226 393
103 539
404 649
434 757
399 815
407 657
803 937
306 660
1 180
27 655
574 677
685 812
560 953
724 803
458 972
416 520
185 993
477 512
355 469
22 570
44 838
197 675
2 65
151 889
669 831
332 581
206 422
62 391
11 373
439 557
355 440
130 948
149 542
809 899
67 315
224 450
30 153
304 977
182 359
764 876
190 248
191 794
153 187
844 956
453 914
510 710
755 903
436 524
417 464
468 748
555 647
470 568
342 346
239 656
88 135
329 868
279 506
498 848
598 755
507 819
255 880
765 831
674 762
323 922
781 822
737 939
12 953
157 800
223 493
562 663
741 975
96 753
553 955
147 610
496 996
330 799
796 819
433 880
50 250
356 439
840 993
465 674
530 589
339 955
140 293
477 614
412 877
286 318
3 441
32 910
145 682
226 900
495 722
303 875
164 957
62 435
294 865
359 404
230 671
196 893
557 947
244 252
661 745
572 602
400 956
87 906
937 980
177 616
306 308
513 574
551 962
355 950
104 812
208 564
470 998
244 402
423 638
144 429
378 582
155 931
112 983
244 772
590 770
387 480
79 164
64 330
34 111
284 339
336 825
134 442
337 551
520 1000
220 628
178 515
723 778
171 567
718 959
74 681
507 613
402 788
85 122
6 864
362 991
425 573
476 955
112 846
515 659
392 541
456 595
70 781
601 645
200 577
34 794
86 764
197 217
515 719
302 653
129 248
41 822
558 697
721 799
20 210
31 905
479 895
264 314
101 131
157 323
206 628
474 548
65 827
316 638
294 529
187 563
137 947
609 839
385 617
423 552
614 729
669 858
559 624
105 184
233 686
165 930
124 612
99 343
109 847
32 534
237 453
26 942
95 634
557 683
529 907
178 244
669 789
528 555
681 743
791 888
47 186
562 819
330 341
98 194
115 200
81 354
982 1000
271 697
33 33
651 671
495 870
58 973
273 722
166 596
247 869
471 641
144 793
74 321
200 405
296 665
329 340
248 891
32 488
418 740
215 549
292 460
76 126
46 970
512 534
411 544
210 690
444 464
308 796
314 537
596 913
331 667
523 794
59 593
759 833
86 327
504 615
85 438
107 836
556 895
184 250
21 900
391 664
290 349
145 432
86 203
536 585
224 844
397 844
42 950
186 442
174 255
362 682
253 643
246 573
686 782
61 463
359 443
314 486
349 758
651 903
74 94
90 245
518 883
735 754
257 405
336 568
671 781
494 761
453 586
431 795
345 943
759 917
607 743
260 312
515 536
343 702
85 814
108 798
919 985
762 837
873 923
289 501
209 784
623 875
212 248
620 794
653 922
52 778
38 568
191 521
161 875
125 361
273 343
673 998
44 260
777 821
607 765
323 779
621 630
262 783
532 797
464 718
11 144
169 835
842 997
71 670
211 604
11 512
283 579
103 678
72 710
270 334
360 702
627 634
435 741
174 478
786 955
342 349
667 679
1 122
409 940
258 619
58 176
554 983
277 714
447 744
210 613
762 845
26 197
35 150
102 486
230 890
129 810
407 626
482 914
349 704
433 577
18 811
44 154
452 981
440 809
138 637
311 621
50 99
442 486
246 427
545 578
64 799
15 951
207 672
631 755
304 657
610 896
591 759
495 856
70 548
558 881
532 816
60 624
423 444
257 302
96 846
58 357
553 958
693 708
112 710
342 724
151 781
310 567
199 818
487 820
281 543
550 728
929 953
568 804
451 468
54 987
21 25
124 148
298 725
72 294
571 590
693 804
478 717
288 850
377 552
510 688
168 567
532 818
523 673
162 845
73 644
450 695
259 485
47 235
716 964
7 27
549 643
6 872
730 988
78 249
228 976
301 408
113 465
258 867
225 640
209 316
53 296
632 699
459 765
561 640
520 568
123 193
99 145
259 900
413 652
104 452
519 799
508 928
393 975
354 408
403 416
181 957
288 959
155 893
303 969
287 318
220 576
49 703
179 738
9 681
148 307
265 581
809 879
722 817
90 461
566 938
162 777
345 965
656 790
482 849
95 395
397 862
366 609
293 832
117 731
330 810
329 713
566 595
359 510
433 996
91 656
121 685
781 929
600 696
390 940
46 943
22 435
186 361
739 873
213 888
551 649
87 286
214 219
839 886
930 985
742 811
439 732
602 920
58 539
706 981
228 943
237 323
257 676
525 709
546 617
191 678
298 844
713 831
615 935
987 989
484 968
286 413
16 699
821 972
842 965
885 939
549 643
527 577
122 447
442 753
13 556
313 501
38 487
302 642
306 790
705 721
669 912
487 996
213 546
424 463
427 980
531 976
152 404
95 95
532 703
34 450
842 931
170 912
172 461
87 784
839 978
118 523
483 993
11 39
428 642
245 484
268 932
316 629
60 826
265 560
308 746
729 935
430 616
805 866
780 905
191 777
5 521
524 938
197 206
112 370
97 672
116 587
346 896
548 584
24 463
520 555
754 830
520 987
17 485
395 474
280 735
84 774
94 787
676 876
170 570
399 610
733 975
73 534
447 806
836 885
319 412
309 544
13 337
143 913
401 440
449 586
110 919
104 727
661 761
104 990
272 522
301 950
653 725
515 905
78 274
313 732
102 329
530 832
450 868
244 935
211 871
90 743
215 670
527 922
97 956
748 973
296 805
454 869
191 937
97 261
553 629
294 747
214 575
331 588
94 638
641 871
401 797
168 708
30 785
274 535
213 749
45 794
299 515
577 583
28 223
132 477
232 281
206 454
531 911
62 955
304 912
127 688
349 731
263 370
750 803
70 422
203 449
56 523
455 532
81 582
500 895
430 763
340 544
339 493
428 625
550 731
473 494
18 563
104 942
13 387
39 914
655 982
113 915
289 668
104 474
17 436
78 611
118 572
378 709
39 144
153 921
50 514
654 930
118 592
654 968
42 191
723 992
437 587
63 809
961 965
78 312
220 324
101 852
214 400
483 673
392 610
846 884
779 815
426 589
543 998
190 600
842 986
726 878
135 245
83 953
641 692
565 628
39 491
322 422
305 516
784 886
687 798
31 357
105 111
144 932
252 687
222 397
129 720
21 859
481 632
802 886
323 657
48 989
194 780
269 686
30 210
856 968
572 821
456 738
272 667
128 756
118 758
465 995
772 972
389 425
228 762
515 801
150 573
603 647
53 688
661 782
167 595
43 547
49 727
50 226
476 882
10 686
124 622
211 657
567 932
63 990
163 804
40 705
111 666
106 441
280 929
690 853
417 528
737 877
280 465
698 867
64 981
614 718
135 690
673 766
555 608
320 496
619 737
216 531
169 792
609 822
440 521
270 969
4 30
497 749
196 728
51 610
22 568
719 914
71 154
47 552
141 597
196 729
61 225
229 657
358 461
212 888
222 740
22 390
26 601
336 737
151 863
700 757
338 720
575 621
106 333
582 779
265 513
264 547
746 978
412 651
436 761
269 816
502 852
670 896
132 617
39 934
40 636
298 809
11 745
521 814
338 647
309 944
306 684
181 928
237 713
176 337
42 958
360 391
471 517
195 380
141 508
523 616
159 454
281 567
311 795
653 825
648 960
600 618
445 585
126 511
253 288
305 362
297 412
138 626
699 811
541 567
197 248
308 571
5 113
175 574
593 885
296 346
242 892
237 519
187 461
650 953
548 673
27 925
268 351
481 507
508 792
297 366
331 672
144 213
233 889
446 908
473 733
294 300
348 964
724 897
693 993
582 728
782 860
477 545
860 1000
197 273
420 543
739 870
833 885
544 677
366 796
340 994
112 180
281 856
569 962
353 850
657 951
91 292
247 803
432 930
820 884
237 249
369 903
215 406
357 912
297 978
225 947
157 166
558 940
670 797
22 163
712 872
541 749
859 949
192 594
565 641
218 602
471 496
386 634
457 694
19 893
701 774
140 764
452 716
268 708
369 862
153 603
76 876
118 453
414 975
631 711
71 180
173 288
268 470
119 598
90 666
611 844
220 680
268 548
247 347
26 827
301 500
393 651
583 864
709 774
822 869
252 357
244 502
72 699
203 670
115 448
181 430
107 143
360 679
447 932
240 278
572 968
254 571
309 355
1 652
374 733
90 189
97 530
210 539
826 993
871 986
43 62
486 818
716 764
6 812
234 428
254 627
336 626
87 251
565 807
742 831
48 94
63 279
136 154
178 737
288 544
797 845
276 595
178 203
373 725
436 527
823 986
365 491
200 826
307 520
669 692
342 429
480 888
440 981
407 946
503 660
210 815
623 822
17 324
304 951
98 882
157 670
137 753
828 973
221 292
638 935
403 457
238 281
666 732
348 390
445 895
896 910
614 952
209 482
108 568
439 957
344 396
425 902
712 824
118 397
171 450
195 611
69 589
459 781
32 343
298 707
104 226
290 324
26 930
404 945
260 322
590 914
446 932
441 868
337 812
46 518
403 688
38 914
651 900
519 682
116 955
334 541
81 148
1 679
391 949
383 554
287 671
117 811
115 770
558 632
597 787
334 959
140 598
338 547
145 395
13 89
192 519
78 916
328 346
270 311
482 739
592 716
311 724
441 573
146 638
431 703
524 587
599 957
93 709
52 315
281 985
824 877
193 842
37 59
515 517
578 583
458 725
70 435
242 447
179 257
775 804
536 624
280 901
870 881
819 992
62 637
494 641
78 605
505 895
584 623
553 602
302 450
769 862
301 777
166 473
722 912
146 649
196 404
193 319
444 537
348 906
45 95
83 194
567 607
162 199
213 520
506 518
462 773
196 762
62 506
511 722
147 285
409 857
85 454
21 383
366 561
347 411
708 727
479 696
601 980
388 962
38 434
452 612
251 884
873 972
737 954
542 807
328 496
187 776
86 724
82 691
609 966
487 673
269 515
625 948
173 937
501 780
289 345
644 754
232 985
277 556
846 877
79 331
366 980
160 712
540 862
692 970
448 862
80 681
44 324
93 563
169 910
891 894
717 999
401 587
87 244
440 517
527 946
298 828
283 966
55 890
95 616
171 484
735 948
342 516
74 137
511 687
903 920
110 950
