60 1095
44 30 1
54 22 1
44 54 1
17 6 1
40 35 1
17 40 1
30 17 1
47 7 1
13 38 1
47 13 1
49 55 1
49 52 1
38 52 1
22 38 1
4 31 1
19 51 1
4 19 1
25 56 1
42 33 1
56 42 1
4 56 1
20 32 1
39 18 1
32 39 1
1 59 1
59 23 1
18 23 1
56 18 1
13 19 1
36 41 1
53 21 1
36 21 1
2 29 1
50 27 1
2 27 1
53 29 1
45 46 1
10 3 1
46 10 1
15 9 1
15 24 1
10 24 1
2 10 1
5 48 1
26 37 1
48 37 1
11 60 1
58 12 1
60 12 1
26 12 1
8 16 1
28 43 1
8 28 1
14 57 1
57 34 1
16 14 1
60 28 1
41 11 1
52 60 1
5 41 1
6 54 1
42 49 1
7 8 1
22 33 1
10 56 1
7 19 1
11 43 1
6 23 1
16 22 1
18 40 1
31 48 1
4 39 1
1 6 1
8 58 1
12 32 1
42 43 1
11 57 1
35 60 1
12 59 1
24 36 1
38 58 1
35 41 1
13 53 1
27 58 1
30 60 1
44 53 1
37 40 1
21 28 1
26 58 1
8 59 1
30 36 1
1 58 1
13 60 1
44 52 1
19 21 1
4 6 1
46 57 1
20 39 1
4 30 1
47 56 1
13 14 1
38 54 1
39 57 1
35 44 1
8 24 1
22 41 1
12 29 1
9 42 1
22 53 1
4 7 1
1 5 1
20 30 1
16 52 1
32 57 1
19 23 1
4 28 1
17 57 1
4 15 1
21 54 1
17 38 1
3 51 1
14 28 1
19 30 1
45 50 1
31 51 1
52 57 1
3 33 1
2 43 1
8 9 1
23 34 1
11 40 1
13 28 1
10 60 1
26 54 1
4 43 1
6 9 1
28 42 1
12 45 1
14 23 1
16 47 1
25 42 1
37 60 1
33 43 1
28 31 1
10 47 1
31 53 1
14 27 1
14 44 1
16 46 1
11 18 1
3 57 1
2 24 1
17 48 1
9 27 1
49 56 1
41 48 1
36 57 1
15 40 1
42 48 1
15 36 1
5 7 1
15 60 1
1 3 1
11 21 1
32 33 1
47 60 1
21 32 1
47 54 1
7 27 1
2 19 1
15 23 1
10 31 1
10 43 1
21 26 1
22 24 1
40 56 1
2 37 1
3 17 1
22 55 1
40 42 1
18 28 1
20 37 1
29 55 1
1 24 1
39 55 1
2 21 1
52 58 1
1 51 1
46 58 1
3 37 1
44 49 1
30 42 1
12 37 1
5 22 1
4 12 1
6 15 1
19 31 1
32 41 1
17 41 1
12 43 1
2 60 1
36 47 1
47 52 1
46 54 1
12 14 1
19 58 1
9 28 1
3 5 1
37 57 1
15 48 1
4 42 1
2 16 1
10 53 1
39 59 1
5 33 1
36 52 1
6 12 1
8 18 1
4 33 1
38 55 1
18 51 1
35 45 1
21 56 1
10 23 1
52 54 1
12 19 1
21 55 1
17 44 1
38 42 1
24 53 1
37 44 1
31 50 1
20 33 1
31 36 1
33 53 1
19 41 1
35 47 1
43 55 1
6 50 1
20 50 1
12 20 1
18 26 1
17 22 1
25 48 1
25 29 1
10 21 1
5 55 1
6 34 1
19 26 1
14 46 1
36 55 1
19 60 1
4 38 1
10 14 1
35 37 1
10 18 1
33 46 1
40 51 1
27 42 1
1 55 1
30 55 1
2 23 1
21 59 1
35 42 1
23 24 1
3 45 1
8 27 1
47 55 1
47 59 1
1 26 1
14 53 1
11 58 1
45 58 1
27 55 1
31 47 1
4 23 1
54 57 1
7 41 1
26 49 1
29 42 1
19 43 1
21 38 1
5 23 1
21 22 1
33 40 1
11 25 1
11 53 1
8 11 1
22 56 1
29 40 1
15 22 1
11 45 1
37 38 1
34 37 1
15 17 1
13 49 1
33 48 1
37 49 1
20 22 1
18 30 1
1 22 1
9 10 1
47 50 1
32 54 1
14 42 1
10 41 1
13 48 1
23 42 1
3 34 1
5 59 1
31 45 1
15 56 1
26 42 1
9 51 1
13 56 1
2 55 1
1 53 1
15 55 1
31 40 1
17 54 1
6 10 1
11 38 1
20 25 1
1 16 1
12 56 1
7 15 1
6 53 1
27 31 1
26 40 1
34 45 1
31 32 1
39 53 1
18 58 1
17 39 1
26 39 1
1 14 1
1 36 1
39 51 1
8 56 1
28 46 1
35 48 1
54 56 1
4 14 1
32 50 1
46 53 1
8 46 1
27 41 1
19 53 1
41 47 1
31 44 1
6 43 1
23 38 1
17 51 1
9 18 1
15 57 1
28 39 1
32 49 1
30 53 1
4 46 1
50 52 1
16 54 1
11 39 1
24 37 1
7 33 1
30 43 1
36 45 1
31 38 1
33 54 1
1 4 1
3 48 1
1 52 1
23 57 1
44 59 1
32 42 1
5 24 1
26 33 1
25 51 1
4 59 1
53 58 1
37 53 1
31 59 1
1 49 1
51 58 1
8 15 1
6 29 1
42 44 1
20 27 1
21 40 1
45 56 1
21 37 1
3 30 1
28 32 1
26 55 1
8 51 1
19 27 1
37 58 1
9 11 1
34 40 1
6 33 1
11 48 1
9 34 1
1 45 1
50 54 1
6 51 1
14 58 1
53 60 1
11 50 1
9 45 1
9 21 1
15 46 1
15 32 1
18 47 1
1 9 1
2 31 1
16 25 1
48 56 1
23 54 1
13 34 1
8 36 1
40 49 1
47 57 1
15 16 1
15 21 1
38 41 1
2 22 1
56 57 1
9 35 1
8 44 1
17 27 1
12 42 1
1 17 1
6 52 1
23 36 1
7 29 1
8 45 1
2 40 1
3 24 1
50 56 1
43 54 1
16 24 1
11 46 1
16 37 1
49 53 1
8 21 1
6 45 1
2 53 1
37 41 1
8 34 1
19 57 1
25 39 1
13 26 1
45 47 1
18 33 1
48 51 1
19 45 1
11 26 1
29 35 1
47 48 1
29 45 1
14 17 1
48 52 1
34 50 1
2 54 1
12 34 1
16 41 1
22 27 1
28 34 1
33 60 1
13 55 1
8 54 1
25 36 1
9 14 1
21 33 1
34 43 1
6 38 1
11 27 1
19 52 1
9 33 1
18 45 1
13 32 1
29 33 1
11 33 1
31 43 1
7 25 1
33 59 1
30 31 1
8 38 1
5 27 1
12 25 1
52 53 1
20 29 1
26 36 1
39 49 1
29 38 1
50 58 1
9 53 1
41 49 1
10 55 1
55 59 1
22 50 1
13 16 1
6 27 1
41 42 1
38 48 1
3 16 1
39 60 1
12 30 1
8 26 1
2 45 1
27 32 1
15 42 1
34 48 1
7 9 1
12 50 1
49 58 1
40 47 1
43 46 1
33 37 1
12 57 1
11 16 1
10 48 1
46 55 1
31 35 1
29 44 1
28 33 1
28 29 1
35 38 1
19 34 1
34 56 1
34 59 1
20 35 1
17 33 1
20 31 1
51 59 1
23 28 1
18 60 1
20 59 1
28 57 1
27 59 1
9 60 1
10 32 1
23 27 1
35 49 1
13 21 1
24 26 1
47 49 1
45 48 1
34 42 1
9 12 1
23 46 1
3 21 1
26 46 1
38 56 1
2 7 1
8 25 1
18 52 1
30 57 1
7 39 1
9 50 1
36 39 1
17 37 1
5 40 1
8 13 1
51 56 1
16 51 1
4 47 1
20 58 1
4 48 1
16 28 1
49 54 1
9 36 1
20 53 1
24 42 1
12 16 1
10 20 1
31 57 1
37 56 1
36 49 1
25 52 1
15 45 1
1 34 1
29 52 1
7 60 1
36 43 1
13 35 1
4 21 1
3 40 1
43 49 1
43 59 1
2 13 1
26 44 1
30 39 1
45 54 1
22 30 1
41 51 1
13 17 1
34 54 1
22 45 1
18 22 1
28 54 1
25 28 1
4 18 1
28 47 1
5 12 1
40 50 1
32 36 1
46 48 1
10 34 1
15 19 1
3 14 1
15 44 1
3 38 1
3 9 1
28 40 1
51 52 1
8 37 1
40 57 1
24 38 1
6 32 1
26 28 1
12 33 1
22 28 1
7 42 1
48 57 1
1 28 1
14 32 1
41 54 1
3 28 1
24 59 1
7 37 1
2 50 1
13 45 1
14 15 1
15 25 1
5 50 1
39 47 1
1 39 1
17 20 1
20 48 1
4 8 1
16 49 1
19 56 1
41 55 1
7 57 1
33 47 1
30 35 1
2 26 1
29 57 1
4 24 1
5 15 1
26 57 1
22 34 1
30 32 1
27 36 1
36 37 1
48 53 1
10 54 1
34 35 1
33 55 1
48 59 1
13 58 1
6 57 1
37 39 1
7 46 1
23 35 1
3 59 1
5 28 1
5 10 1
39 44 1
1 18 1
50 59 1
41 50 1
27 38 1
16 30 1
29 50 1
28 50 1
1 54 1
24 39 1
6 55 1
12 54 1
35 58 1
24 29 1
17 52 1
23 56 1
41 60 1
16 60 1
34 58 1
11 17 1
9 55 1
1 15 1
33 50 1
34 52 1
25 60 1
39 54 1
9 29 1
39 43 1
29 31 1
17 26 1
4 32 1
21 25 1
12 21 1
7 40 1
18 48 1
12 36 1
2 30 1
9 24 1
19 50 1
42 50 1
15 34 1
27 56 1
26 38 1
15 52 1
15 50 1
24 31 1
20 23 1
39 52 1
4 54 1
2 25 1
13 31 1
46 60 1
31 55 1
12 17 1
29 49 1
21 45 1
10 42 1
39 42 1
23 52 1
7 58 1
30 34 1
4 13 1
36 44 1
43 58 1
24 56 1
21 47 1
8 41 1
6 22 1
5 21 1
36 40 1
46 59 1
16 32 1
25 53 1
35 51 1
9 46 1
32 44 1
37 43 1
14 22 1
34 39 1
15 31 1
16 27 1
38 47 1
21 35 1
17 18 1
26 51 1
24 43 1
15 28 1
44 48 1
22 44 1
12 55 1
6 49 1
14 49 1
27 43 1
27 57 1
4 27 1
44 47 1
29 47 1
14 60 1
35 57 1
42 58 1
5 45 1
8 49 1
4 29 1
28 58 1
1 44 1
14 47 1
53 57 1
34 47 1
17 50 1
57 58 1
7 11 1
8 42 1
20 45 1
1 20 1
20 41 1
33 35 1
9 32 1
29 48 1
35 54 1
9 26 1
4 50 1
40 52 1
9 41 1
36 59 1
18 55 1
24 33 1
26 32 1
4 5 1
39 46 1
9 19 1
5 42 1
23 26 1
54 55 1
17 19 1
27 60 1
30 40 1
46 49 1
41 57 1
5 37 1
8 31 1
45 53 1
1 31 1
7 23 1
50 53 1
16 36 1
23 47 1
16 56 1
6 26 1
30 50 1
15 18 1
14 26 1
43 45 1
29 34 1
3 44 1
11 12 1
13 20 1
13 43 1
5 8 1
48 60 1
4 34 1
33 52 1
32 43 1
19 36 1
18 43 1
7 55 1
35 52 1
39 48 1
6 16 1
10 30 1
12 35 1
2 39 1
18 38 1
30 54 1
24 34 1
7 31 1
27 49 1
20 54 1
21 52 1
11 51 1
1 10 1
24 45 1
2 9 1
14 18 1
1 29 1
22 39 1
37 54 1
7 21 1
13 24 1
23 55 1
10 26 1
13 22 1
35 56 1
11 54 1
34 49 1
10 37 1
9 48 1
41 56 1
8 23 1
25 30 1
16 53 1
46 50 1
11 37 1
19 28 1
34 60 1
17 58 1
3 29 1
4 55 1
25 31 1
4 17 1
2 56 1
19 24 1
10 35 1
4 20 1
4 16 1
11 44 1
7 51 1
26 59 1
55 57 1
3 19 1
24 48 1
2 42 1
20 44 1
30 59 1
22 60 1
8 60 1
26 45 1
2 46 1
27 54 1
45 49 1
20 43 1
13 52 1
26 35 1
5 16 1
11 28 1
22 59 1
33 58 1
2 33 1
14 19 1
32 34 1
24 50 1
24 54 1
26 43 1
25 34 1
30 33 1
21 58 1
13 27 1
10 15 1
25 33 1
34 41 1
21 43 1
28 48 1
10 16 1
11 19 1
13 33 1
1 56 1
10 22 1
20 26 1
42 46 1
14 36 1
35 59 1
6 19 1
1 35 1
8 47 1
21 44 1
6 24 1
49 60 1
6 14 1
20 40 1
37 45 1
24 32 1
23 58 1
23 31 1
6 42 1
32 53 1
14 45 1
25 38 1
1 48 1
2 44 1
16 50 1
44 45 1
11 32 1
6 58 1
11 30 1
3 7 1
6 44 1
10 28 1
22 32 1
10 19 1
33 38 1
2 11 1
14 43 1
3 8 1
17 45 1
29 58 1
43 44 1
32 55 1
44 50 1
19 54 1
21 57 1
7 18 1
23 33 1
28 37 1
3 35 1
40 60 1
11 52 1
27 33 1
23 40 1
19 49 1
3 41 1
10 52 1
11 29 1
17 55 1
44 58 1
23 41 1
22 26 1
24 35 1
20 55 1
11 24 1
3 42 1
16 23 1
26 53 1
28 56 1
51 57 1
5 25 1
15 33 1
12 46 1
14 29 1
5 36 1
20 28 1
31 60 1
42 55 1
2 34 1
56 59 1
41 58 1
26 60 1
15 29 1
28 41 1
32 52 1
29 41 1
20 46 1
8 35 1
18 29 1
15 39 1
57 60 1
23 51 1
13 41 1
8 19 1
10 40 1
36 60 1
45 52 1
56 60 1
4 57 1
13 46 1
14 39 1
20 34 1
8 32 1
22 37 1
31 42 1
30 45 1
22 52 1
27 53 1
39 41 1
20 38 1
38 44 1
17 56 1
38 49 1
11 15 1
17 32 1
6 39 1
30 49 1
19 44 1
10 36 1
13 40 1
7 26 1
17 21 1
12 28 1
6 41 1
7 48 1
1 57 1
23 39 1
9 43 1
50 60 1
28 55 1
18 44 1
13 54 1
27 48 1
39 40 1
7 52 1
14 54 1
11 20 1
32 47 1
31 49 1
10 39 1
41 43 1
38 39 1
24 46 1
8 48 1
27 51 1
41 45 1
15 37 1
34 55 1
2 35 1
22 47 1
49 50 1
20 60 1
5 44 1
43 47 1
4 22 1
45 51 1
3 53 1
21 39 1
5 51 1
7 24 1
4 11 1
15 26 1
17 47 1
18 41 1
15 30 1
4 53 1
5 39 1
10 27 1
27 40 1
13 59 1
2 49 1
40 54 1
19 25 1
1 13 1
