100 4950
4456 7633 3937 262 3564 1379 7969 2343 5068 7120 3126 5634 8307 2323 6531 5306 937 6573 7719 6652 9102 7882 8484 2592 8344 5795 9135 1897 3346 7899 1731 8904 2324 5389 5671 8824 9490 6968 4553 9450 138 158 7237 1694 2819 6347 1166 9741 1181 1370 3659 4583 8088 5780 2986 1342 413 1658 7264 9071 7938 6125 9621 9040 4335 8313 4756 5558 1087 2995 7278 4193 2909 4201 2951 3520 5772 2693 7754 5932 7330 2395 2296 2504 9195 4029 861 9072 7989 6421 8474 7137 5771 1529 8145 9931 1495 6223 5186 3126
1 2 8242 9453
1 3 4935 8246
1 4 3989 9507
1 5 6300 7740
1 6 797 623
1 7 3638 7780
1 8 283 3620
1 9 9801 4426
1 10 8787 4288
1 11 5003 5818
1 12 7420 9877
1 13 567 2031
1 14 6764 1853
1 15 8814 6682
1 16 9402 3177
1 17 9642 7677
1 18 5488 4077
1 19 9455 1714
1 20 4999 1129
1 21 2599 4602
1 22 2224 5802
1 23 5441 731
1 24 6986 4307
1 25 6757 2273
1 26 1196 3989
1 27 2238 2996
1 28 5932 3333
1 29 3402 1193
1 30 709 421
1 31 4059 65
1 32 280 7266
1 33 9693 5543
1 34 9433 5390
1 35 8101 7488
1 36 2497 9472
1 37 8487 8201
1 38 5546 4411
1 39 925 5417
1 40 9121 3918
1 41 9618 2921
1 42 4902 8262
1 43 631 814
1 44 8143 2107
1 45 7565 7730
1 46 5493 8992
1 47 8424 2285
1 48 9925 670
1 49 7840 2460
1 50 7774 2463
1 51 1844 5198
1 52 5380 5832
1 53 7450 1092
1 54 886 8255
1 55 1838 9744
1 56 2059 7459
1 57 3780 3120
1 58 9739 6206
1 59 2876 1882
1 60 7655 9833
1 61 4281 8024
1 62 1357 2599
1 63 4286 6257
1 64 8309 1145
1 65 3838 5952
1 66 1116 4420
1 67 361 883
1 68 3104 6007
1 69 6562 5198
1 70 5171 8560
1 71 1663 3457
1 72 3016 3633
1 73 6088 9726
1 74 8972 1231
1 75 9758 3371
1 76 9857 7556
1 77 8010 9582
1 78 5386 8715
1 79 5614 1278
1 80 6013 8027
1 81 5108 9567
1 82 6380 751
1 83 3287 8395
1 84 8921 1267
1 85 9379 6343
1 86 631 8794
1 87 5510 3486
1 88 9860 936
1 89 8722 9950
1 90 813 2655
1 91 6280 9919
1 92 3849 2570
1 93 8603 1252
1 94 2079 1226
1 95 7522 7219
1 96 9042 5011
1 97 2626 1335
1 98 2117 9321
1 99 3867 5652
1 100 1040 4137
2 3 8718 6793
2 4 9372 9668
2 5 3300 4699
2 6 954 2230
2 7 3896 4448
2 8 3791 3023
2 9 6906 4892
2 10 9308 3238
2 11 7864 4363
2 12 848 7047
2 13 3394 8327
2 14 7268 6671
2 15 7292 2643
2 16 4040 5350
2 17 1936 6490
2 18 998 7752
2 19 5253 2500
2 20 295 1947
2 21 4206 8839
2 22 583 5098
2 23 4138 5595
2 24 7873 5665
2 25 6080 5526
2 26 7995 3426
2 27 8252 2402
2 28 8906 4321
2 29 6348 8911
2 30 1217 4114
2 31 4410 4648
2 32 7346 2197
2 33 7111 4372
2 34 7306 6423
2 35 1556 8199
2 36 4609 7041
2 37 6084 6884
2 38 1887 375
2 39 7659 7163
2 40 6125 2092
2 41 9570 8718
2 42 5056 3427
2 43 3031 6886
2 44 8234 2237
2 45 4184 5884
2 46 9170 3637
2 47 3495 2206
2 48 5039 3151
2 49 3379 6687
2 50 6049 5713
2 51 5107 3630
2 52 1845 2388
2 53 2111 6303
2 54 779 4851
2 55 3070 3404
2 56 4760 2265
2 57 3524 9375
2 58 4633 5444
2 59 7527 8491
2 60 3937 9782
2 61 3763 7128
2 62 9330 3008
2 63 7124 6314
2 64 6331 9404
2 65 4306 3163
2 66 2306 487
2 67 1661 1241
2 68 1331 6495
2 69 9214 5732
2 70 7587 8299
2 71 1449 2017
2 72 6671 2747
2 73 9887 9959
2 74 7005 3009
2 75 4937 4185
2 76 5759 2742
2 77 2213 6435
2 78 4326 5075
2 79 2772 4860
2 80 8108 1681
2 81 8710 2968
2 82 1453 1061
2 83 7055 3565
2 84 7585 2220
2 85 5284 64
2 86 9062 4723
2 87 694 6824
2 88 724 8707
2 89 988 6522
2 90 9376 910
2 91 2382 3911
2 92 4579 9883
2 93 5788 5842
2 94 7271 4310
2 95 9291 5864
2 96 6438 3665
2 97 1475 6607
2 98 2081 1704
2 99 4766 5664
2 100 5640 9324
3 4 3238 8281
3 5 3964 5994
3 6 8048 95
3 7 5253 6648
3 8 3443 8315
3 9 7375 4261
3 10 9537 6172
3 11 659 2317
3 12 7639 8829
3 13 2787 892
3 14 4125 7815
3 15 1971 2999
3 16 7037 3113
3 17 2722 9138
3 18 6284 3188
3 19 5309 1892
3 20 7484 2545
3 21 8697 5082
3 22 7548 6638
3 23 4664 4017
3 24 3745 5894
3 25 769 1046
3 26 9477 9164
3 27 6773 7028
3 28 839 8258
3 29 211 5131
3 30 6332 1713
3 31 7025 828
3 32 4677 2581
3 33 5116 9746
3 34 6120 2070
3 35 9597 7763
3 36 9538 2884
3 37 6291 6993
3 38 6971 3479
3 39 7146 8635
3 40 8234 2940
3 41 9614 9983
3 42 1842 2690
3 43 5861 7019
3 44 7914 1625
3 45 6561 4284
3 46 7240 3775
3 47 4949 7512
3 48 6520 1155
3 49 8419 6002
3 50 5272 9799
3 51 9203 2766
3 52 1674 3187
3 53 8741 5426
3 54 4547 5683
3 55 1025 5017
3 56 6902 2785
3 57 6573 3817
3 58 5124 3830
3 59 3372 9278
3 60 5015 4258
3 61 2415 7435
3 62 4470 1096
3 63 5185 4250
3 64 5737 8575
3 65 9634 6833
3 66 5868 4852
3 67 1768 1463
3 68 8240 8264
3 69 1120 3616
3 70 231 6904
3 71 2348 7949
3 72 8491 7704
3 73 4238 7929
3 74 8517 9642
3 75 4016 5296
3 76 8906 9187
3 77 9646 4372
3 78 2970 1973
3 79 7418 6977
3 80 8380 1859
3 81 2230 5975
3 82 2867 1694
3 83 7841 2897
3 84 9738 1915
3 85 2949 6041
3 86 8256 23
3 87 7003 2775
3 88 8571 9551
3 89 2764 2844
3 90 140 1877
3 91 9579 8084
3 92 1122 6319
3 93 7735 145
3 94 4276 2319
3 95 7413 8315
3 96 4288 4499
3 97 2146 3936
3 98 321 2608
3 99 3554 5225
3 100 5729 8362
4 5 984 8430
4 6 8769 5368
4 7 9051 7200
4 8 4297 9375
4 9 6397 815
4 10 2005 4096
4 11 8411 7912
4 12 9378 4202
4 13 3579 90
4 14 258 7904
4 15 3849 8054
4 16 9821 2848
4 17 3673 8395
4 18 816 7834
4 19 4773 8947
4 20 3849 8711
4 21 6325 2944
4 22 8145 9723
4 23 2647 8488
4 24 3927 4205
4 25 8007 9652
4 26 4608 398
4 27 3575 2443
4 28 3407 1199
4 29 2503 3141
4 30 3645 9646
4 31 2017 7060
4 32 9878 8422
4 33 8484 7555
4 34 5957 6990
4 35 4847 2137
4 36 6376 4538
4 37 6606 5244
4 38 8737 9227
4 39 3987 2757
4 40 8633 4470
4 41 6910 8296
4 42 153 4544
4 43 7451 4584
4 44 3129 8436
4 45 3408 522
4 46 8465 4660
4 47 9791 8057
4 48 860 8867
4 49 9246 9185
4 50 3209 2209
4 51 9859 7442
4 52 8140 3578
4 53 7377 9870
4 54 60 9459
4 55 8227 2889
4 56 4612 6354
4 57 2093 7036
4 58 5089 8674
4 59 648 9841
4 60 102 9191
4 61 4658 6928
4 62 473 2031
4 63 2533 4572
4 64 3960 3691
4 65 8909 1268
4 66 4414 6116
4 67 4626 6082
4 68 199 609
4 69 6373 2402
4 70 6756 3343
4 71 1879 1937
4 72 9322 3431
4 73 5382 5243
4 74 4450 5121
4 75 203 8015
4 76 7306 4355
4 77 8566 4345
4 78 4362 2628
4 79 3805 8583
4 80 2548 2981
4 81 2046 8148
4 82 8022 8937
4 83 2822 1491
4 84 866 6460
4 85 3477 6474
4 86 7143 7359
4 87 7541 5623
4 88 7268 8507
4 89 3259 8645
4 90 3049 2478
4 91 9592 1544
4 92 5728 3077
4 93 3227 3138
4 94 3093 1458
4 95 5384 9770
4 96 1751 4760
4 97 9935 3297
4 98 3393 2274
4 99 9244 7193
4 100 5267 5010
5 6 4068 685
5 7 9085 1985
5 8 6362 2030
5 9 9858 3769
5 10 8256 523
5 11 3168 2578
5 12 6335 8749
5 13 8335 108
5 14 5534 1760
5 15 7057 3305
5 16 6439 1635
5 17 1021 2734
5 18 2774 5902
5 19 7304 4031
5 20 7779 8198
5 21 9935 3716
5 22 6261 2614
5 23 7563 4080
5 24 1181 7146
5 25 1304 4897
5 26 9675 1757
5 27 7983 9671
5 28 1870 1096
5 29 2415 4085
5 30 4896 9069
5 31 3870 8521
5 32 559 4085
5 33 3607 2034
5 34 6402 7978
5 35 7497 3505
5 36 1498 9043
5 37 4711 3591
5 38 7686 9647
5 39 5907 163
5 40 716 831
5 41 5557 3079
5 42 4626 6011
5 43 2322 1901
5 44 1760 7641
5 45 7735 6459
5 46 1664 4008
5 47 3112 3865
5 48 24 1150
5 49 7236 2633
5 50 4021 5026
5 51 2521 4950
5 52 1393 7968
5 53 7787 8616
5 54 9994 9856
5 55 2320 259
5 56 2274 5837
5 57 1737 2772
5 58 74 74
5 59 9454 5180
5 60 2731 4891
5 61 2113 2541
5 62 6600 5923
5 63 4219 2861
5 64 6649 8148
5 65 6575 1178
5 66 5344 6500
5 67 6078 2196
5 68 2207 3735
5 69 492 1887
5 70 5420 4583
5 71 3674 5595
5 72 1342 1784
5 73 855 5127
5 74 5868 5127
5 75 5714 1178
5 76 8338 4377
5 77 4939 1928
5 78 7555 8936
5 79 9919 7192
5 80 6111 8706
5 81 947 6030
5 82 1685 1090
5 83 4122 5829
5 84 3087 9544
5 85 6985 5328
5 86 1028 9694
5 87 3609 5492
5 88 7579 9641
5 89 5003 9586
5 90 5105 3145
5 91 2085 320
5 92 8175 4517
5 93 7493 1443
5 94 6416 3745
5 95 3185 1966
5 96 6891 6961
5 97 2026 1839
5 98 18 5606
5 99 6075 7745
5 100 4131 799
6 7 788 9527
6 8 4536 2053
6 9 2254 8229
6 10 6321 9261
6 11 62 7233
6 12 7993 9961
6 13 6355 674
6 14 4373 4742
6 15 127 233
6 16 6704 4784
6 17 7548 2945
6 18 5685 999
6 19 9438 4579
6 20 7810 7180
6 21 6457 8560
6 22 2685 4268
6 23 9659 6960
6 24 131 8071
6 25 5098 6002
6 26 7029 1408
6 27 3718 453
6 28 8342 4110
6 29 1877 8632
6 30 9631 9369
6 31 5196 1957
6 32 8979 3127
6 33 7565 4779
6 34 5115 7171
6 35 4265 8339
6 36 2645 9234
6 37 4833 5870
6 38 6930 105
6 39 9411 1678
6 40 9742 9773
6 41 886 5624
6 42 6928 8551
6 43 9212 8600
6 44 3491 8009
6 45 7315 6056
6 46 9192 4485
6 47 9831 6631
6 48 2021 7455
6 49 5261 4620
6 50 7892 5483
6 51 3101 301
6 52 1057 5742
6 53 962 269
6 54 7481 5742
6 55 746 7339
6 56 3345 7845
6 57 8225 6741
6 58 5880 8908
6 59 7378 1431
6 60 4934 9622
6 61 4708 5466
6 62 7476 9205
6 63 7325 3379
6 64 5303 1494
6 65 1329 9839
6 66 8105 7875
6 67 8872 212
6 68 7343 6872
6 69 1225 8437
6 70 925 9872
6 71 1912 4055
6 72 2645 5593
6 73 2125 761
6 74 4905 2746
6 75 3994 8973
6 76 3250 6203
6 77 6225 2667
6 78 5293 2368
6 79 4531 5994
6 80 405 5778
6 81 5056 2646
6 82 429 1022
6 83 599 9970
6 84 2267 4420
6 85 8710 8042
6 86 924 2859
6 87 7177 4431
6 88 2262 2548
6 89 2344 6195
6 90 2286 4125
6 91 1680 3996
6 92 1187 5093
6 93 6678 1414
6 94 4210 313
6 95 9432 8379
6 96 8585 117
6 97 2086 9887
6 98 484 6442
6 99 1990 5581
6 100 4263 4369
7 8 1764 8440
7 9 7262 9181
7 10 3709 1788
7 11 2296 6459
7 12 6409 4485
7 13 7568 7448
7 14 7826 1601
7 15 6905 2377
7 16 1288 1005
7 17 2166 3241
7 18 1524 4059
7 19 4395 7219
7 20 7874 9960
7 21 4886 7312
7 22 7578 3950
7 23 7135 6438
7 24 3826 3561
7 25 9580 6789
7 26 6590 3292
7 27 3010 9689
7 28 1479 9962
7 29 446 2019
7 30 2949 8503
7 31 3050 1927
7 32 1928 8810
7 33 4583 3327
7 34 7368 6014
7 35 3858 5363
7 36 697 3157
7 37 4455 6908
7 38 3495 7481
7 39 9430 3512
7 40 4049 8902
7 41 1973 4355
7 42 3591 934
7 43 2928 6457
7 44 4167 8944
7 45 8642 6114
7 46 7037 6056
7 47 5455 2202
7 48 5018 9598
7 49 7716 6076
7 50 1951 445
7 51 938 5257
7 52 8024 2484
7 53 4522 5427
7 54 3200 1972
7 55 2467 1923
7 56 1638 1068
7 57 5724 6284
7 58 8728 838
7 59 4002 7183
7 60 3561 6719
7 61 2374 6351
7 62 3322 2984
7 63 3434 4257
7 64 2006 8165
7 65 8931 204
7 66 8636 5889
7 67 1652 3476
7 68 2337 8925
7 69 4647 4977
7 70 6147 9434
7 71 3187 4900
7 72 7379 5033
7 73 3196 6402
7 74 5393 9917
7 75 1336 7214
7 76 2029 3651
7 77 8695 4498
7 78 7089 4638
7 79 4671 1953
7 80 8750 4184
7 81 5393 8586
7 82 4987 572
7 83 7480 4092
7 84 2376 6025
7 85 3838 701
7 86 5571 8209
7 87 6856 8262
7 88 4028 7554
7 89 5113 5618
7 90 8261 7047
7 91 3676 4988
7 92 9929 6466
7 93 6978 2726
7 94 1863 352
7 95 1389 3471
7 96 1358 1653
7 97 1242 8162
7 98 1454 4531
7 99 4572 4134
7 100 3436 9748
8 9 309 2473
8 10 6982 3650
8 11 5156 4032
8 12 1892 1424
8 13 6093 1417
8 14 6989 1485
8 15 1320 8145
8 16 1219 8476
8 17 8532 9360
8 18 3162 7073
8 19 1646 7879
8 20 3402 4496
8 21 9265 8983
8 22 1523 3464
8 23 6872 7024
8 24 7659 9457
8 25 6512 2588
8 26 5678 717
8 27 895 6226
8 28 3475 8929
8 29 8537 1243
8 30 8660 2943
8 31 4769 8740
8 32 4687 2748
8 33 2271 9066
8 34 7479 1605
8 35 1448 8365
8 36 9451 7007
8 37 6082 4814
8 38 4448 1364
8 39 8957 2579
8 40 8569 9396
8 41 6009 9534
8 42 9854 6503
8 43 1579 7555
8 44 8042 8731
8 45 9118 1026
8 46 6750 7299
8 47 5683 8589
8 48 3835 1244
8 49 1783 9396
8 50 5841 9538
8 51 4395 6723
8 52 5231 329
8 53 6837 3694
8 54 6778 2510
8 55 7858 2505
8 56 5375 3118
8 57 1683 6175
8 58 7613 1551
8 59 162 3783
8 60 7231 3494
8 61 815 1592
8 62 3450 6381
8 63 4325 8911
8 64 3128 4705
8 65 7052 808
8 66 3532 2981
8 67 7188 6504
8 68 3885 4657
8 69 3369 9924
8 70 9376 4206
8 71 4666 8765
8 72 5741 4844
8 73 6594 3240
8 74 76 2158
8 75 1466 8997
8 76 1011 9238
8 77 1781 3867
8 78 3943 2586
8 79 8461 5465
8 80 123 2661
8 81 8958 6970
8 82 166 3940
8 83 5916 6605
8 84 6971 2546
8 85 1778 2104
8 86 7791 8958
8 87 4474 415
8 88 7053 3656
8 89 8305 8389
8 90 5161 6570
8 91 6836 4347
8 92 9958 1231
8 93 5695 9522
8 94 5442 1910
8 95 3070 7998
8 96 610 764
8 97 3594 8617
8 98 9049 7421
8 99 4184 8878
8 100 7027 2349
9 10 9559 6899
9 11 5518 1190
9 12 4373 6513
9 13 3532 2404
9 14 3178 1447
9 15 5414 8453
9 16 1947 6409
9 17 5055 3875
9 18 8129 1319
9 19 2060 3162
9 20 9939 8840
9 21 771 4764
9 22 6953 8554
9 23 7542 1374
9 24 996 6269
9 25 8711 2725
9 26 5317 3178
9 27 8535 1264
9 28 2210 2883
9 29 5649 8351
9 30 9538 1447
9 31 2556 1816
9 32 5421 8429
9 33 6392 1460
9 34 5687 4399
9 35 1595 777
9 36 8331 6066
9 37 8219 5076
9 38 6892 1326
9 39 8735 1389
9 40 4033 2405
9 41 3055 5870
9 42 1766 7234
9 43 8925 6743
9 44 112 6739
9 45 5627 5317
9 46 9763 4985
9 47 772 1770
9 48 3629 4983
9 49 2633 1462
9 50 8131 4316
9 51 1585 1167
9 52 2735 303
9 53 9549 8077
9 54 4713 7094
9 55 7768 8834
9 56 9389 5116
9 57 4977 3251
9 58 9307 5360
9 59 4357 3121
9 60 7960 1657
9 61 2388 2003
9 62 1281 4688
9 63 8031 449
9 64 3999 2570
9 65 8707 8474
9 66 465 973
9 67 1505 5501
9 68 6982 4776
9 69 5711 6179
9 70 2545 8739
9 71 102 7095
9 72 5536 1555
9 73 8945 9251
9 74 3713 9962
9 75 9765 6869
9 76 129 1191
9 77 2861 9299
9 78 2692 3643
9 79 3127 9867
9 80 2470 4499
9 81 5525 9909
9 82 4886 8390
9 83 3703 4619
9 84 6309 4100
9 85 5363 90
9 86 9493 4236
9 87 8232 9556
9 88 5616 868
9 89 2373 7299
9 90 1465 9398
9 91 7164 732
9 92 283 6791
9 93 375 8750
9 94 588 322
9 95 1653 5547
9 96 125 6066
9 97 4003 3017
9 98 6951 3655
9 99 9232 1193
9 100 8652 5095
10 11 7688 914
10 12 9678 9981
10 13 8782 1125
10 14 1474 9479
10 15 5995 8550
10 16 2108 6954
10 17 2772 5937
10 18 8768 3214
10 19 5430 6154
10 20 6834 8060
10 21 6297 5321
10 22 2440 2330
10 23 1882 7050
10 24 1128 1220
10 25 8876 4705
10 26 4017 3032
10 27 1181 8199
10 28 3326 5744
10 29 7151 1819
10 30 4062 2964
10 31 9216 5040
10 32 2403 3603
10 33 303 6795
10 34 8069 8393
10 35 5089 9084
10 36 3664 2776
10 37 3967 8669
10 38 2615 5369
10 39 5795 6251
10 40 2676 2135
10 41 6943 5782
10 42 1030 4541
10 43 6386 1253
10 44 9374 6499
10 45 1886 3795
10 46 4865 5887
10 47 5815 4930
10 48 7227 9831
10 49 9162 5425
10 50 3675 2147
10 51 8847 5245
10 52 6176 83
10 53 7486 604
10 54 8220 1967
10 55 9250 2567
10 56 3966 8291
10 57 1714 4840
10 58 5691 9716
10 59 4235 6919
10 60 3078 2171
10 61 609 1708
10 62 4995 7615
10 63 8612 4933
10 64 8034 7599
10 65 8887 35
10 66 6406 5777
10 67 5704 4676
10 68 2142 6539
10 69 6716 7897
10 70 1950 1921
10 71 6153 3039
10 72 1869 1110
10 73 2158 473
10 74 8426 3477
10 75 9125 7506
10 76 8227 8802
10 77 1609 7611
10 78 1933 1824
10 79 195 2838
10 80 220 8422
10 81 3773 6253
10 82 8903 6737
10 83 4061 3514
10 84 555 7515
10 85 6767 6810
10 86 8011 9145
10 87 257 9442
10 88 6303 8764
10 89 4408 352
10 90 8893 4919
10 91 7256 6213
10 92 2057 1047
10 93 4801 754
10 94 9230 6
10 95 1299 5167
10 96 7509 6747
10 97 4802 6371
10 98 1646 9182
10 99 2164 2802
10 100 5778 4123
11 12 6648 6050
11 13 5072 7632
11 14 3662 1119
11 15 1591 6849
11 16 326 4566
11 17 1190 2531
11 18 9093 382
11 19 1489 5274
11 20 1469 851
11 21 7284 9597
11 22 8454 9628
11 23 1203 5359
11 24 844 8510
11 25 4498 5829
11 26 5928 9725
11 27 9058 6758
11 28 9536 7674
11 29 2102 9596
11 30 7595 9437
11 31 880 6229
11 32 199 257
11 33 6706 6632
11 34 6048 1912
11 35 5912 2325
11 36 8608 979
11 37 6327 9371
11 38 5683 3454
11 39 2152 1010
11 40 4765 5021
11 41 3562 830
11 42 9146 3835
11 43 4487 4801
11 44 7896 423
11 45 9051 6445
11 46 5607 5150
11 47 7566 6077
11 48 1276 9800
11 49 1738 1237
11 50 9235 7162
11 51 4688 3670
11 52 3095 2274
11 53 8615 5378
11 54 5799 6352
11 55 6415 8454
11 56 4264 5699
11 57 5037 5569
11 58 3620 6706
11 59 7173 1757
11 60 3105 6803
11 61 1811 54
11 62 2292 9050
11 63 3299 4866
11 64 2276 7601
11 65 5297 173
11 66 4412 1248
11 67 4336 5974
11 68 8574 5922
11 69 1226 9605
11 70 8256 9997
11 71 9380 7511
11 72 2939 4453
11 73 8599 2902
11 74 2939 7520
11 75 6128 8983
11 76 8000 2028
11 77 8645 6588
11 78 6731 1023
11 79 7770 5655
11 80 2110 3385
11 81 5382 4811
11 82 7691 1937
11 83 8291 6695
11 84 4752 9844
11 85 4064 790
11 86 2774 5102
11 87 9667 7381
11 88 9182 6167
11 89 1361 4705
11 90 596 3961
11 91 8246 390
11 92 7683 467
11 93 6773 3117
11 94 8771 2794
11 95 4368 6861
11 96 4226 5148
11 97 4454 1117
11 98 9736 4156
11 99 6826 2106
11 100 6810 646
12 13 5229 7702
12 14 890 624
12 15 7901 1071
12 16 1401 2457
12 17 9923 4317
12 18 9497 7815
12 19 110 2152
12 20 7624 4327
12 21 882 411
12 22 3354 7195
12 23 8737 9915
12 24 4338 7069
12 25 3262 7977
12 26 1626 5406
12 27 3010 3919
12 28 2846 3962
12 29 3776 5174
12 30 1139 7358
12 31 1977 9401
12 32 1547 6881
12 33 9805 2094
12 34 8802 4148
12 35 2501 5401
12 36 7408 1200
12 37 1086 8159
12 38 4897 9879
12 39 1400 7794
12 40 306 6805
12 41 8643 4745
12 42 3533 6429
12 43 1021 3653
12 44 6882 6049
12 45 4275 142
12 46 9534 1883
12 47 2805 832
12 48 545 5070
12 49 5872 482
12 50 8896 4664
12 51 5594 1161
12 52 1362 6090
12 53 4304 6660
12 54 4898 4674
12 55 2464 268
12 56 5819 4325
12 57 2878 1160
12 58 5746 5028
12 59 8389 9211
12 60 2275 5094
12 61 3866 770
12 62 1320 5623
12 63 6784 1020
12 64 4529 3751
12 65 7331 8699
12 66 5331 914
12 67 4232 2980
12 68 3843 8075
12 69 3295 1557
12 70 3670 8436
12 71 811 2558
12 72 4441 8708
12 73 4672 277
12 74 3671 2404
12 75 7764 3374
12 76 1752 197
12 77 7323 3103
12 78 7092 5479
12 79 179 5685
12 80 1598 9344
12 81 4292 3532
12 82 1913 4241
12 83 3772 4137
12 84 5668 8648
12 85 2985 8110
12 86 6083 9787
12 87 4458 6799
12 88 9481 6211
12 89 3935 6159
12 90 790 9042
12 91 9085 2070
12 92 4985 8065
12 93 1683 9038
12 94 2498 3952
12 95 5020 8646
12 96 9416 5223
12 97 2233 9194
12 98 6506 9815
12 99 1439 7972
12 100 8441 7772
13 14 6667 4996
13 15 3350 8197
13 16 2614 2382
13 17 6630 2193
13 18 7120 4483
13 19 7628 7999
13 20 6124 4704
13 21 2005 4885
13 22 9770 8721
13 23 1299 8110
13 24 4776 1849
13 25 6999 9937
13 26 4039 8877
13 27 832 5043
13 28 2274 3073
13 29 9938 2955
13 30 6180 9629
13 31 3263 356
13 32 5826 6704
13 33 3579 8211
13 34 8623 7140
13 35 5455 7529
13 36 1722 1645
13 37 1967 7789
13 38 7300 1744
13 39 902 8245
13 40 8170 9254
13 41 2430 3911
13 42 3632 9885
13 43 6351 9304
13 44 3590 9824
13 45 9431 551
13 46 2404 5963
13 47 7984 3015
13 48 646 4509
13 49 2061 3696
13 50 2365 9036
13 51 8816 2400
13 52 6616 9700
13 53 6399 9950
13 54 1721 6067
13 55 177 1899
13 56 637 3581
13 57 5307 6766
13 58 5114 4085
13 59 2828 6179
13 60 6074 1438
13 61 7171 9416
13 62 4774 1175
13 63 165 2348
13 64 4024 9677
13 65 3065 9386
13 66 9101 4114
13 67 3331 3958
13 68 3591 1674
13 69 9582 210
13 70 6412 3946
13 71 8381 7513
13 72 8317 8431
13 73 9759 2687
13 74 6946 6448
13 75 7151 9759
13 76 2071 358
13 77 1218 2612
13 78 7937 6423
13 79 2598 9292
13 80 2333 4344
13 81 3829 108
13 82 3818 3427
13 83 1839 4474
13 84 5396 5311
13 85 6447 9214
13 86 9580 2097
13 87 2386 2449
13 88 1529 6943
13 89 8808 3584
13 90 4509 8058
13 91 7746 1891
13 92 1338 1042
13 93 6508 2834
13 94 3064 7275
13 95 1395 7020
13 96 8234 2033
13 97 6372 2645
13 98 8730 3141
13 99 595 61
13 100 455 4409
14 15 239 6959
14 16 8539 6488
14 17 5235 3410
14 18 4870 2338
14 19 770 4054
14 20 8572 9670
14 21 5745 436
14 22 3587 4201
14 23 1889 109
14 24 7577 8790
14 25 3262 8861
14 26 8276 2146
14 27 2525 1683
14 28 9617 9647
14 29 2571 8480
14 30 6577 2831
14 31 5489 5856
14 32 484 7320
14 33 4704 9097
14 34 7940 1499
14 35 5138 860
14 36 4786 3598
14 37 9654 6494
14 38 1974 9306
14 39 750 8876
14 40 4343 459
14 41 2562 5568
14 42 2059 4365
14 43 1255 5042
14 44 3790 428
14 45 9856 1282
14 46 11 3992
14 47 6261 8860
14 48 6658 8238
14 49 163 4255
14 50 727 4722
14 51 2663 2870
14 52 2413 130
14 53 7352 9437
14 54 8143 4352
14 55 10 2387
14 56 8008 9251
14 57 59 6646
14 58 6494 7251
14 59 2342 1015
14 60 9064 8446
14 61 5064 9646
14 62 3885 5998
14 63 5611 3088
14 64 627 4667
14 65 8603 1478
14 66 6512 4874
14 67 787 25
14 68 4748 9643
14 69 4861 1497
14 70 947 6552
14 71 2985 2911
14 72 7326 2270
14 73 7562 416
14 74 1513 3642
14 75 1268 9444
14 76 7806 2071
14 77 4284 5628
14 78 2499 2136
14 79 6661 823
14 80 9040 4684
14 81 1463 6532
14 82 131 612
14 83 4457 5004
14 84 7584 1706
14 85 7066 3864
14 86 7013 1648
14 87 4694 940
14 88 7973 2331
14 89 8670 1053
14 90 1058 9081
14 91 4940 6108
14 92 124 9165
14 93 2045 3262
14 94 7502 6821
14 95 9805 2500
14 96 6598 4272
14 97 9908 9907
14 98 3806 8670
14 99 3758 9224
14 100 1986 8232
15 16 926 5301
15 17 9162 8767
15 18 4599 3620
15 19 9509 4751
15 20 4559 5081
15 21 1808 5195
15 22 7621 5595
15 23 7347 3017
15 24 635 5982
15 25 5017 9978
15 26 5190 2148
15 27 3004 6978
15 28 8169 9601
15 29 69 5192
15 30 2809 8942
15 31 4992 2049
15 32 7600 7787
15 33 9206 2683
15 34 244 6652
15 35 6792 8209
15 36 4561 17
15 37 1307 3802
15 38 5654 6198
15 39 9709 4114
15 40 5948 2084
15 41 5833 866
15 42 4199 5879
15 43 4132 7704
15 44 2279 4972
15 45 2486 793
15 46 8112 6111
15 47 3788 7521
15 48 6083 7045
15 49 6078 9458
15 50 1101 7663
15 51 4771 7646
15 52 9899 1144
15 53 8582 8349
15 54 2929 597
15 55 1433 1161
15 56 5467 9404
15 57 4149 7003
15 58 2039 5342
15 59 9411 1659
15 60 4565 7487
15 61 233 9172
15 62 5763 2651
15 63 4528 5886
15 64 7345 7408
15 65 9406 5885
15 66 2220 6201
15 67 4894 6655
15 68 3938 2414
15 69 3914 7611
15 70 527 5763
15 71 6764 3572
15 72 6537 6586
15 73 9594 3140
15 74 6932 4024
15 75 3829 743
15 76 3737 6390
15 77 3285 5233
15 78 1252 5325
15 79 7679 2871
15 80 635 4953
15 81 7322 5166
15 82 7332 2332
15 83 2492 9748
15 84 9604 6535
15 85 9550 1376
15 86 3906 5846
15 87 4460 9221
15 88 9941 9867
15 89 4994 8454
15 90 1316 1119
15 91 1518 490
15 92 1129 4472
15 93 6717 7462
15 94 9606 3307
15 95 5986 1310
15 96 9638 5315
15 97 4102 3492
15 98 265 1107
15 99 4798 6432
15 100 1130 9740
16 17 1207 2569
16 18 9369 5289
16 19 2872 2428
16 20 3082 3011
16 21 755 6501
16 22 4745 7356
16 23 6538 457
16 24 9341 368
16 25 8713 8247
16 26 5151 8698
16 27 3195 6818
16 28 8066 2980
16 29 5986 6739
16 30 3980 5700
16 31 1365 4453
16 32 5929 1608
16 33 3803 4007
16 34 9231 8321
16 35 8412 3064
16 36 6084 3557
16 37 4582 2380
16 38 3656 911
16 39 7697 320
16 40 2904 6530
16 41 6813 4367
16 42 1556 1340
16 43 6334 6202
16 44 3382 6956
16 45 4923 4928
16 46 7059 5201
16 47 6921 5041
16 48 5777 4801
16 49 1163 6635
16 50 8388 455
16 51 4853 9770
16 52 9452 8217
16 53 6008 4119
16 54 2243 4240
16 55 252 2417
16 56 2897 9482
16 57 5369 8300
16 58 9917 2134
16 59 3611 6701
16 60 4678 3522
16 61 5265 8170
16 62 8767 9822
16 63 2181 2428
16 64 8772 2593
16 65 4427 8744
16 66 6442 4321
16 67 4036 9157
16 68 5706 3131
16 69 66 4385
16 70 4258 7603
16 71 7802 1476
16 72 4572 214
16 73 8902 7033
16 74 7553 242
16 75 1954 8935
16 76 7636 9392
16 77 7425 3244
16 78 56 6228
16 79 5809 1274
16 80 1109 4135
16 81 8137 9752
16 82 7436 5087
16 83 4880 8361
16 84 1543 8384
16 85 2527 2263
16 86 1814 1286
16 87 2512 8423
16 88 5177 641
16 89 5436 6056
16 90 5517 1835
16 91 6742 1518
16 92 7957 4903
16 93 6014 2671
16 94 371 7185
16 95 5646 1033
16 96 5808 6861
16 97 9000 8783
16 98 5702 3275
16 99 166 8163
16 100 2335 6845
17 18 7211 2246
17 19 4541 1436
17 20 8115 2895
17 21 6251 3922
17 22 4612 5525
17 23 1967 142
17 24 6079 5265
17 25 6011 4652
17 26 9732 2923
17 27 1138 4125
17 28 6191 3892
17 29 5876 9090
17 30 8914 8605
17 31 4422 7731
17 32 8454 3065
17 33 3953 9262
17 34 6547 2177
17 35 5570 1427
17 36 2552 5276
17 37 8941 1863
17 38 1560 2026
17 39 7963 1284
17 40 5751 9464
17 41 9489 6710
17 42 6821 2055
17 43 9038 8280
17 44 8719 202
17 45 3613 3354
17 46 5799 8289
17 47 5250 5790
17 48 2147 8638
17 49 6159 1328
17 50 7526 5602
17 51 5020 4229
17 52 8538 2427
17 53 6264 5215
17 54 7047 4659
17 55 6393 1667
17 56 5151 1612
17 57 8321 8032
17 58 5052 1932
17 59 6823 9103
17 60 917 8408
17 61 2948 8839
17 62 4638 9663
17 63 2650 7431
17 64 2903 9619
17 65 4301 6103
17 66 5185 4658
17 67 9487 9436
17 68 3019 3587
17 69 3404 2741
17 70 1664 4940
17 71 3808 873
17 72 5710 8209
17 73 3801 9806
17 74 7106 5925
17 75 31 7227
17 76 6906 2232
17 77 9386 2876
17 78 4193 6338
17 79 5101 1432
17 80 3578 608
17 81 7780 995
17 82 2996 4591
17 83 1679 9600
17 84 8668 1835
17 85 5476 3250
17 86 792 7108
17 87 5040 1542
17 88 5569 7154
17 89 4040 1026
17 90 4484 8442
17 91 4006 1764
17 92 3037 4263
17 93 5544 1792
17 94 2340 4387
17 95 762 7716
17 96 1320 1030
17 97 1747 6883
17 98 1456 8604
17 99 4639 1810
17 100 4661 1535
18 19 7019 279
18 20 1763 52
18 21 3539 1640
18 22 8255 7726
18 23 9300 4332
18 24 234 225
18 25 3020 9069
18 26 7771 61
18 27 5030 3992
18 28 773 1707
18 29 7351 7192
18 30 1713 6422
18 31 9846 1436
18 32 9560 5379
18 33 3923 7890
18 34 8907 2785
18 35 481 9158
18 36 5501 8128
18 37 2245 8853
18 38 884 3300
18 39 3316 575
18 40 2913 914
18 41 7140 6708
18 42 8425 5566
18 43 1503 5814
18 44 1534 5273
18 45 8679 1045
18 46 6153 9418
18 47 4790 4975
18 48 2720 5433
18 49 6513 3645
18 50 7401 8875
18 51 8530 6938
18 52 277 5707
18 53 1098 1719
18 54 7899 5552
18 55 8751 3137
18 56 5146 6815
18 57 6302 6610
18 58 8188 4852
18 59 4582 9264
18 60 2891 5404
18 61 2656 2667
18 62 9716 1009
18 63 6964 1989
18 64 7861 6142
18 65 3551 5621
18 66 1633 7607
18 67 3228 7208
18 68 2456 1145
18 69 6345 2389
18 70 8611 146
18 71 1375 7167
18 72 1226 310
18 73 8748 1007
18 74 2509 3640
18 75 8425 9807
18 76 7457 2382
18 77 3476 5236
18 78 3213 1600
18 79 6406 8899
18 80 4842 1956
18 81 2355 2549
18 82 8741 6305
18 83 3569 2638
18 84 6414 477
18 85 7645 3529
18 86 9231 2183
18 87 8816 508
18 88 5487 106
18 89 7231 6696
18 90 2158 6292
18 91 3770 9729
18 92 1334 7264
18 93 5326 2221
18 94 7262 2914
18 95 6018 8618
18 96 2457 7560
18 97 1025 3138
18 98 2453 3449
18 99 2535 1858
18 100 4434 5671
19 20 4477 7306
19 21 3890 4001
19 22 6864 5174
19 23 2521 8122
19 24 1467 6430
19 25 6557 2519
19 26 3528 5312
19 27 8408 7718
19 28 5039 2712
19 29 8541 1578
19 30 6602 3036
19 31 1452 5429
19 32 470 2414
19 33 4678 5332
19 34 1055 3487
19 35 3128 91
19 36 6975 6459
19 37 3571 4711
19 38 7521 1718
19 39 1491 2667
19 40 2026 7153
19 41 1247 7521
19 42 8467 2015
19 43 534 9305
19 44 8122 1579
19 45 1397 5479
19 46 593 9459
19 47 1141 6779
19 48 1837 684
19 49 6545 6855
19 50 3262 1695
19 51 1918 8306
19 52 6819 9110
19 53 8085 317
19 54 1852 9264
19 55 2219 8422
19 56 7427 7362
19 57 4491 306
19 58 7369 3965
19 59 6619 855
19 60 1499 9941
19 61 5517 6656
19 62 3794 7264
19 63 569 9895
19 64 6350 214
19 65 2901 8350
19 66 2781 2060
19 67 8314 2791
19 68 2647 1871
19 69 9601 9576
19 70 7665 6744
19 71 8829 3271
19 72 7986 9448
19 73 6935 2731
19 74 3682 6953
19 75 5621 7937
19 76 3236 5542
19 77 5529 1332
19 78 6699 6704
19 79 8307 8669
19 80 5879 4876
19 81 8016 3826
19 82 9787 2887
19 83 7638 1874
19 84 2715 9296
19 85 7627 1628
19 86 5759 3741
19 87 5141 1241
19 88 9154 1223
19 89 1115 9308
19 90 424 5975
19 91 6080 9654
19 92 8401 8906
19 93 8491 9709
19 94 2857 2400
19 95 688 1535
19 96 232 2491
19 97 5388 6789
19 98 7671 4579
19 99 7910 4841
19 100 3514 8979
20 21 6691 1869
20 22 8248 4708
20 23 5647 2128
20 24 3758 7393
20 25 250 4247
20 26 3545 9624
20 27 3928 4079
20 28 9452 8610
20 29 571 2162
20 30 5198 4714
20 31 1991 6148
20 32 9535 405
20 33 1427 7655
20 34 5013 5474
20 35 740 5144
20 36 4638 498
20 37 4240 8487
20 38 6894 4173
20 39 761 6314
20 40 9371 2058
20 41 8882 3316
20 42 1212 6279
20 43 5587 6717
20 44 3377 4128
20 45 3451 8246
20 46 4344 5142
20 47 1636 6623
20 48 4038 2275
20 49 9820 1733
20 50 5593 5398
20 51 3153 6217
20 52 6896 4475
20 53 6110 1857
20 54 8200 9722
20 55 8627 5612
20 56 7410 5636
20 57 7075 7281
20 58 3755 737
20 59 9168 4088
20 60 8633 2859
20 61 9285 8647
20 62 1722 1973
20 63 4677 3590
20 64 7433 784
20 65 9460 603
20 66 8773 572
20 67 5448 5247
20 68 2818 7175
20 69 4443 4551
20 70 7449 3432
20 71 2893 790
20 72 7232 3569
20 73 565 6444
20 74 5738 4742
20 75 5934 4212
20 76 7443 5708
20 77 614 5365
20 78 3041 7167
20 79 6983 4732
20 80 7340 3269
20 81 8857 6603
20 82 6395 8896
20 83 4152 4299
20 84 7603 4138
20 85 356 8777
20 86 537 7989
20 87 8270 5970
20 88 8927 1446
20 89 1982 9290
20 90 3981 5943
20 91 1945 5672
20 92 7870 9485
20 93 9799 604
20 94 2483 315
20 95 5181 7306
20 96 2863 6122
20 97 6210 65
20 98 6471 9104
20 99 2048 5015
20 100 1677 6705
21 22 335 5717
21 23 4484 636
21 24 8236 7431
21 25 1820 5720
21 26 3694 8368
21 27 5110 678
21 28 5158 3446
21 29 3178 2783
21 30 2858 4123
21 31 7360 5455
21 32 9280 2686
21 33 1892 3184
21 34 3054 6340
21 35 8059 7241
21 36 1654 7505
21 37 7363 5072
21 38 5468 3641
21 39 6175 2640
21 40 1663 5068
21 41 1027 316
21 42 916 1641
21 43 9137 269
21 44 6772 2964
21 45 3689 2378
21 46 3894 1575
21 47 3428 7872
21 48 1023 5666
21 49 9157 1809
21 50 8501 6598
21 51 3783 7847
21 52 3073 6711
21 53 8719 3128
21 54 3241 7113
21 55 472 3657
21 56 1099 4614
21 57 2550 327
21 58 9910 6322
21 59 5059 5772
21 60 543 6663
21 61 6327 3205
21 62 8703 7749
21 63 5929 4786
21 64 5644 9557
21 65 3546 4590
21 66 7955 1382
21 67 1868 1583
21 68 9378 3164
21 69 3893 6306
21 70 8275 3584
21 71 3778 6413
21 72 2574 1267
21 73 4437 7037
21 74 5072 1720
21 75 7821 2025
21 76 473 3505
21 77 5839 6934
21 78 5325 4532
21 79 66 3185
21 80 8442 3280
21 81 6971 3614
21 82 2358 6670
21 83 8648 2281
21 84 3112 8847
21 85 6511 2122
21 86 8300 3346
21 87 9293 5428
21 88 3128 7888
21 89 5700 1505
21 90 6012 2581
21 91 3942 8403
21 92 5253 2329
21 93 3814 725
21 94 3962 8998
21 95 4139 3081
21 96 838 8824
21 97 9561 9854
21 98 443 9413
21 99 1879 1957
21 100 910 2090
22 23 1682 1454
22 24 1343 8092
22 25 7704 6211
22 26 4805 8792
22 27 5017 5375
22 28 5887 7690
22 29 5914 8700
22 30 5817 2334
22 31 5554 5438
22 32 1947 7041
22 33 2448 3973
22 34 4722 5472
22 35 2051 6504
22 36 2007 1681
22 37 7980 3483
22 38 5783 6818
22 39 8063 5681
22 40 4982 2909
22 41 1064 1625
22 42 4417 6339
22 43 6801 7600
22 44 6268 4081
22 45 8132 1615
22 46 8551 4845
22 47 4067 8945
22 48 1373 5699
22 49 8413 3759
22 50 1537 3575
22 51 9414 1597
22 52 8671 9274
22 53 3286 8575
22 54 6789 5642
22 55 7573 1505
22 56 4306 7680
22 57 5668 4001
22 58 562 6103
22 59 6652 9987
22 60 5335 5882
22 61 9101 6093
22 62 3617 84
22 63 7046 2502
22 64 9404 8936
22 65 4003 7896
22 66 8056 4001
22 67 7225 2368
22 68 2425 7061
22 69 6236 3986
22 70 2659 7228
22 71 9979 732
22 72 5125 7652
22 73 830 6
22 74 9010 742
22 75 7006 6087
22 76 2337 5941
22 77 5161 2996
22 78 5720 2595
22 79 7691 10000
22 80 5049 471
22 81 9553 4136
22 82 7804 9796
22 83 8906 2828
22 84 7954 6865
22 85 6350 9136
22 86 477 6770
22 87 3447 5262
22 88 8711 4608
22 89 2133 9936
22 90 5523 3721
22 91 4748 2775
22 92 2031 4760
22 93 3376 4036
22 94 3036 9620
22 95 3638 5477
22 96 977 8273
22 97 9661 490
22 98 8572 2547
22 99 5557 1840
22 100 7172 5637
23 24 3044 141
23 25 1283 9264
23 26 7449 1482
23 27 1430 1347
23 28 8778 8755
23 29 3053 3687
23 30 3587 5344
23 31 9201 9406
23 32 9043 4246
23 33 7225 7858
23 34 2814 361
23 35 7956 1635
23 36 5676 5582
23 37 9583 1073
23 38 6745 3323
23 39 9346 5119
23 40 9844 1752
23 41 2123 7896
23 42 6287 9850
23 43 9098 1090
23 44 8622 1938
23 45 4684 9245
23 46 4883 7691
23 47 6115 3017
23 48 7554 3385
23 49 912 9135
23 50 7101 9711
23 51 6635 9634
23 52 548 3254
23 53 5328 6390
23 54 5413 8746
23 55 5277 8041
23 56 1881 4711
23 57 8915 2237
23 58 3523 3937
23 59 5514 7811
23 60 9481 9031
23 61 9197 9513
23 62 2287 3105
23 63 6691 3516
23 64 1815 3465
23 65 6911 885
23 66 6391 3737
23 67 8192 3072
23 68 3854 9711
23 69 4119 4740
23 70 1206 1252
23 71 4013 9008
23 72 3308 2789
23 73 8574 7921
23 74 3181 6058
23 75 2775 4792
23 76 3955 6373
23 77 1745 5017
23 78 2867 1752
23 79 843 5918
23 80 4454 6851
23 81 9850 79
23 82 3307 4573
23 83 7766 8401
23 84 6934 8717
23 85 1181 2586
23 86 2842 8484
23 87 7638 6181
23 88 1863 2398
23 89 1556 353
23 90 9996 5651
23 91 966 9568
23 92 4205 8037
23 93 6202 5235
23 94 6664 9096
23 95 4387 5448
23 96 4507 5528
23 97 5633 9998
23 98 2866 5641
23 99 3120 720
23 100 682 9390
24 25 3798 3691
24 26 6659 9912
24 27 2049 1177
24 28 4829 4422
24 29 9921 2466
24 30 2060 8652
24 31 3256 9042
24 32 6730 167
24 33 2182 9561
24 34 3555 872
24 35 8566 1954
24 36 3304 945
24 37 9582 9415
24 38 7682 2494
24 39 4908 5741
24 40 3868 2580
24 41 7964 2211
24 42 6563 8438
24 43 1745 9954
24 44 9636 4741
24 45 4420 4114
24 46 4523 8678
24 47 8133 6957
24 48 2409 9013
24 49 5241 1748
24 50 2320 6604
24 51 1129 7040
24 52 9179 4552
24 53 5147 4288
24 54 5195 3418
24 55 8883 781
24 56 6562 7829
24 57 6894 5098
24 58 6587 7248
24 59 7941 7707
24 60 7253 6833
24 61 1121 2253
24 62 9644 2668
24 63 5461 8872
24 64 9472 527
24 65 2529 6547
24 66 3436 5538
24 67 5049 7018
24 68 7220 2016
24 69 9849 2658
24 70 3114 2767
24 71 4412 1204
24 72 1987 5266
24 73 3354 6387
24 74 7839 881
24 75 9683 2390
24 76 9257 9978
24 77 4972 5629
24 78 149 4855
24 79 2701 3936
24 80 2412 2508
24 81 8243 6023
24 82 877 8127
24 83 2467 6167
24 84 9806 6094
24 85 281 691
24 86 6820 844
24 87 6901 2384
24 88 9166 8487
24 89 2316 8108
24 90 1599 3821
24 91 4103 9749
24 92 256 831
24 93 8867 1667
24 94 998 9274
24 95 1987 5379
24 96 4924 588
24 97 6621 4463
24 98 357 9249
24 99 6381 5553
24 100 4850 8905
25 26 5854 1596
25 27 5309 1607
25 28 1843 4101
25 29 8204 5771
25 30 1731 1108
25 31 2074 3099
25 32 4018 6949
25 33 2422 887
25 34 2654 6007
25 35 7797 4487
25 36 8547 3149
25 37 4614 4764
25 38 1053 1042
25 39 3958 2019
25 40 7470 1440
25 41 2091 9818
25 42 6997 9208
25 43 6503 9482
25 44 1492 8589
25 45 1888 5464
25 46 3676 5459
25 47 5206 1572
25 48 4609 3060
25 49 4078 5216
25 50 6353 3902
25 51 9876 7424
25 52 4363 8178
25 53 9790 5110
25 54 1554 6140
25 55 4474 5074
25 56 4328 6732
25 57 4184 812
25 58 3117 8181
25 59 5966 9374
25 60 3966 8793
25 61 8682 4918
25 62 3121 5290
25 63 4721 6065
25 64 2872 7159
25 65 708 3133
25 66 9310 9422
25 67 281 5950
25 68 6226 8484
25 69 2900 7570
25 70 3218 9730
25 71 1596 4699
25 72 2912 7890
25 73 8516 5448
25 74 2853 8747
25 75 3631 5841
25 76 5555 3081
25 77 4262 6829
25 78 2448 8715
25 79 6321 2863
25 80 3127 4578
25 81 7760 33
25 82 6628 8474
25 83 3839 7856
25 84 4506 3740
25 85 9323 1546
25 86 9124 2575
25 87 9113 4913
25 88 4893 648
25 89 2142 1003
25 90 1086 1976
25 91 9475 3194
25 92 7726 6065
25 93 7110 5728
25 94 1949 7429
25 95 2771 7940
25 96 6594 1325
25 97 3202 709
25 98 3402 8906
25 99 4255 2009
25 100 3475 7080
26 27 6480 1729
26 28 4862 4836
26 29 9971 7115
26 30 9960 9538
26 31 5435 3567
26 32 5275 8673
26 33 441 3703
26 34 503 8465
26 35 9541 2225
26 36 8470 1498
26 37 1585 3925
26 38 2542 8826
26 39 5401 1270
26 40 2028 9404
26 41 747 2510
26 42 8513 6772
26 43 9112 3872
26 44 5134 8847
26 45 7041 8376
26 46 7826 2359
26 47 4632 9162
26 48 4372 6500
26 49 4058 8039
26 50 8864 5829
26 51 1132 9062
26 52 4776 2859
26 53 2340 9982
26 54 3510 8371
26 55 8805 3823
26 56 36 4729
26 57 7316 7665
26 58 5190 3289
26 59 1867 9558
26 60 3589 6113
26 61 8047 9437
26 62 6060 3634
26 63 9906 1742
26 64 345 6762
26 65 1251 9602
26 66 2541 7287
26 67 4537 4731
26 68 6379 982
26 69 4340 5205
26 70 7638 2034
26 71 8026 6144
26 72 5121 48
26 73 5187 4183
26 74 2940 5556
26 75 782 271
26 76 7556 6182
26 77 2048 6036
26 78 4527 6479
26 79 3961 2963
26 80 7839 4086
26 81 7069 1409
26 82 8385 7245
26 83 3825 7776
26 84 7063 2114
26 85 6543 4241
26 86 7767 9695
26 87 9585 9675
26 88 362 3114
26 89 1303 5565
26 90 7116 3666
26 91 9397 4698
26 92 8637 9564
26 93 3242 4599
26 94 5526 2534
26 95 9689 6070
26 96 4624 1796
26 97 6785 2886
26 98 1484 440
26 99 1094 2392
26 100 4742 2823
27 28 8728 1261
27 29 7697 7174
27 30 3819 48
27 31 7871 1786
27 32 6974 6943
27 33 5068 5726
27 34 2500 3978
27 35 5756 8195
27 36 9673 5905
27 37 9392 4850
27 38 2410 6518
27 39 980 7644
27 40 8875 6533
27 41 930 4588
27 42 5334 7974
27 43 1676 3316
27 44 9397 1750
27 45 3131 6971
27 46 2696 6384
27 47 7978 9226
27 48 9326 3002
27 49 3688 325
27 50 6821 9341
27 51 8653 6085
27 52 9787 7189
27 53 1409 8063
27 54 2240 842
27 55 4198 7998
27 56 9261 2636
27 57 8270 8117
27 58 4545 755
27 59 9327 791
27 60 9331 1499
27 61 6963 7347
27 62 3591 4128
27 63 7922 8254
27 64 3206 9827
27 65 8722 9256
27 66 5590 8651
27 67 4319 9862
27 68 6163 7291
27 69 4767 1015
27 70 866 3798
27 71 4757 6848
27 72 1708 4989
27 73 9829 6332
27 74 2574 8399
27 75 8785 2260
27 76 8080 6574
27 77 536 965
27 78 3537 1099
27 79 9891 7948
27 80 2125 4389
27 81 7198 4667
27 82 7474 8952
27 83 9447 1873
27 84 9999 1281
27 85 6760 5467
27 86 3760 7532
27 87 1994 5296
27 88 9789 5533
27 89 6910 7125
27 90 3290 1805
27 91 9395 9029
27 92 3651 7662
27 93 8634 4972
27 94 5846 3033
27 95 9762 2380
27 96 7948 9879
27 97 2295 2494
27 98 1498 9170
27 99 6923 3126
27 100 5829 2736
28 29 3616 7203
28 30 7043 3262
28 31 3188 5116
28 32 5658 2225
28 33 6371 8769
28 34 8309 3965
28 35 3871 2445
28 36 3887 5471
28 37 4574 2721
28 38 6234 2751
28 39 7382 1285
28 40 775 8451
28 41 5657 4958
28 42 6047 6310
28 43 8691 3981
28 44 1890 1162
28 45 464 5552
28 46 2792 3823
28 47 4521 8224
28 48 702 5927
28 49 1211 5175
28 50 6179 7561
28 51 5607 6660
28 52 6660 9000
28 53 7748 4161
28 54 3955 3693
28 55 8160 944
28 56 9877 7226
28 57 3490 8159
28 58 3880 3725
28 59 604 5332
28 60 7477 3253
28 61 6264 3849
28 62 175 8411
28 63 5297 8549
28 64 7021 4068
28 65 8871 6445
28 66 3573 3153
28 67 8272 2194
28 68 2950 8691
28 69 7318 3405
28 70 7691 9268
28 71 2894 6590
28 72 9758 3161
28 73 3823 6237
28 74 7055 9332
28 75 9694 1518
28 76 6317 175
28 77 1665 5152
28 78 6915 1037
28 79 195 4819
28 80 4194 4953
28 81 9541 2446
28 82 5806 4727
28 83 3295 252
28 84 3464 778
28 85 3943 9692
28 86 3458 622
28 87 1866 8847
28 88 6154 2057
28 89 2217 9211
28 90 4722 7875
28 91 8086 6088
28 92 676 396
28 93 270 5841
28 94 897 1318
28 95 608 7093
28 96 2307 4970
28 97 5945 1712
28 98 2036 5779
28 99 6115 8345
28 100 543 4861
29 30 2808 9569
29 31 1217 3615
29 32 65 2669
29 33 5622 7859
29 34 847 4818
29 35 7346 2491
29 36 4437 6947
29 37 9421 1850
29 38 5356 8735
29 39 3291 9954
29 40 3643 9919
29 41 9357 160
29 42 6079 420
29 43 565 459
29 44 139 8000
29 45 8944 4674
29 46 3791 505
29 47 8050 9085
29 48 634 7986
29 49 6355 1811
29 50 1129 4880
29 51 2334 9751
29 52 9582 7183
29 53 6633 1864
29 54 2205 6269
29 55 8050 2373
29 56 8048 8205
29 57 578 5613
29 58 5994 7658
29 59 7936 9867
29 60 1491 1458
29 61 5339 5462
29 62 2780 5208
29 63 5404 7499
29 64 8450 4111
29 65 303 312
29 66 2958 8510
29 67 6486 3927
29 68 1027 6545
29 69 589 6939
29 70 6962 4989
29 71 4383 4957
29 72 5879 7072
29 73 5810 3070
29 74 1795 6649
29 75 1044 2755
29 76 1725 6447
29 77 1999 1875
29 78 7428 9315
29 79 2140 6388
29 80 3002 4658
29 81 155 1295
29 82 3559 6373
29 83 126 8255
29 84 9051 122
29 85 6859 9178
29 86 6196 8695
29 87 4471 113
29 88 4792 7714
29 89 7528 4379
29 90 7255 899
29 91 1254 7516
29 92 8693 1805
29 93 4521 8545
29 94 1334 6687
29 95 2597 1591
29 96 5888 1736
29 97 9600 2734
29 98 6146 1837
29 99 2816 9497
29 100 6221 7938
30 31 2042 656
30 32 1252 3729
30 33 6256 5493
30 34 8247 4543
30 35 4168 3103
30 36 6546 7456
30 37 3639 5087
30 38 6859 9017
30 39 3742 5115
30 40 4427 3960
30 41 7200 1234
30 42 8800 3004
30 43 6347 1312
30 44 5832 2364
30 45 6893 4465
30 46 1872 2303
30 47 3815 478
30 48 9565 5364
30 49 133 8055
30 50 6621 956
30 51 8272 6914
30 52 4877 822
30 53 8832 497
30 54 4537 9286
30 55 6998 2212
30 56 1495 3197
30 57 4096 3666
30 58 1055 6295
30 59 7151 1671
30 60 9156 3214
30 61 2167 800
30 62 6208 9858
30 63 6339 4566
30 64 3742 3092
30 65 5552 8851
30 66 825 3820
30 67 447 7477
30 68 6323 7906
30 69 4223 4022
30 70 9747 3986
30 71 6375 5706
30 72 47 3773
30 73 3822 4363
30 74 8028 3774
30 75 7083 5327
30 76 5895 8589
30 77 7916 8988
30 78 5249 4375
30 79 7738 4633
30 80 3541 773
30 81 7311 8865
30 82 6238 6668
30 83 9252 7062
30 84 4775 6532
30 85 7278 7718
30 86 6005 9885
30 87 9300 8863
30 88 4189 8794
30 89 2311 7695
30 90 9758 8527
30 91 8413 364
30 92 8874 253
30 93 1488 2950
30 94 9933 7374
30 95 8857 9478
30 96 6449 689
30 97 7634 6950
30 98 9330 9810
30 99 9448 5647
30 100 655 5261
31 32 8268 2828
31 33 5730 8554
31 34 8561 3308
31 35 6113 4155
31 36 8322 4440
31 37 1017 2306
31 38 1219 6482
31 39 9463 8487
31 40 373 6072
31 41 9884 9756
31 42 33 9540
31 43 9592 1998
31 44 9595 3741
31 45 5349 6146
31 46 5354 2591
31 47 4137 4418
31 48 3333 1979
31 49 1121 3473
31 50 406 1710
31 51 8156 4951
31 52 7808 2070
31 53 2484 3376
31 54 4830 7817
31 55 4975 2717
31 56 1497 8357
31 57 3324 2651
31 58 6328 9667
31 59 5653 5922
31 60 1858 5291
31 61 2296 8361
31 62 1425 7632
31 63 3031 8110
31 64 1451 7774
31 65 6873 3206
31 66 7900 9760
31 67 4381 3400
31 68 4829 9112
31 69 9211 5648
31 70 1185 9738
31 71 857 4335
31 72 4216 809
31 73 5025 5536
31 74 6930 68
31 75 7824 2492
31 76 9321 7643
31 77 8516 3502
31 78 2349 6238
31 79 3315 460
31 80 5427 3432
31 81 3595 9891
31 82 5207 3943
31 83 3718 596
31 84 5949 9195
31 85 9346 7298
31 86 2926 6526
31 87 5984 9695
31 88 9098 1263
31 89 7604 11
31 90 9678 5262
31 91 3284 4026
31 92 2700 7143
31 93 1479 5750
31 94 7117 7917
31 95 7088 3289
31 96 384 8220
31 97 2356 5301
31 98 8196 7984
31 99 9478 19
31 100 4896 5412
32 33 8860 8184
32 34 8061 6096
32 35 6701 6733
32 36 2595 7180
32 37 9336 5009
32 38 7882 4679
32 39 4447 7848
32 40 3886 7596
32 41 3533 7631
32 42 7721 7227
32 43 8224 5824
32 44 6301 6989
32 45 3671 139
32 46 2821 4920
32 47 9384 6742
32 48 4381 7897
32 49 1027 4541
32 50 7820 8203
32 51 9535 7157
32 52 3119 8378
32 53 7326 17
32 54 8146 2570
32 55 110 5149
32 56 5970 4913
32 57 1832 6890
32 58 4567 9480
32 59 9428 1453
32 60 899 2177
32 61 616 2016
32 62 2591 2248
32 63 4472 8686
32 64 4380 4620
32 65 6054 2133
32 66 6167 3586
32 67 4968 9438
32 68 4090 9059
32 69 6802 7666
32 70 5317 9853
32 71 5344 1014
32 72 5715 3889
32 73 7973 8074
32 74 2544 8978
32 75 9908 8622
32 76 7142 4980
32 77 1169 8090
32 78 3912 4136
32 79 6763 8215
32 80 8359 1754
32 81 4103 5834
32 82 1928 4206
32 83 4424 4690
32 84 7788 2112
32 85 6980 7122
32 86 3019 2207
32 87 1654 7366
32 88 2117 8898
32 89 7264 4080
32 90 4395 5580
32 91 3842 292
32 92 2877 3933
32 93 715 6518
32 94 1856 199
32 95 9754 5687
32 96 7243 4061
32 97 7325 1972
32 98 5271 3983
32 99 9406 9964
32 100 888 5055
33 34 2929 7167
33 35 489 3823
33 36 5079 9961
33 37 6739 2011
33 38 5620 6452
33 39 3722 5819
33 40 6865 7160
33 41 542 637
33 42 1199 6502
33 43 3483 4409
33 44 1960 1910
33 45 1746 392
33 46 4632 124
33 47 1294 6574
33 48 6005 8573
33 49 5875 46
33 50 9251 9308
33 51 7376 8020
33 52 9348 1291
33 53 5016 1210
33 54 2466 4397
33 55 6205 3166
33 56 3496 8206
33 57 8307 6094
33 58 8656 5010
33 59 1096 9134
33 60 1966 3645
33 61 6544 1016
33 62 8651 2878
33 63 6239 5776
33 64 7866 4283
33 65 4113 3487
33 66 2114 5435
33 67 9985 3616
33 68 7687 7088
33 69 4538 7128
33 70 8536 6370
33 71 5445 3841
33 72 1462 2374
33 73 3073 6630
33 74 8750 4950
33 75 4051 9865
33 76 7293 4074
33 77 9379 2501
33 78 2277 1412
33 79 2643 6005
33 80 1008 1992
33 81 2906 6138
33 82 7251 3092
33 83 8554 8014
33 84 1868 7080
33 85 6109 2865
33 86 3968 4287
33 87 7054 7539
33 88 7454 2706
33 89 8992 7392
33 90 7556 461
33 91 2209 2668
33 92 2382 2898
33 93 2451 8898
33 94 4912 8715
33 95 3264 174
33 96 499 232
33 97 3355 8064
33 98 5021 727
33 99 9878 3217
33 100 8754 1356
34 35 3595 1331
34 36 7433 8660
34 37 8001 5816
34 38 45 3549
34 39 8673 2582
34 40 5785 5300
34 41 9921 815
34 42 3514 4903
34 43 3756 2492
34 44 1877 9850
34 45 372 2569
34 46 5673 5103
34 47 5666 9821
34 48 6591 3916
34 49 4106 5839
34 50 862 2551
34 51 446 8681
34 52 5885 7359
34 53 1325 8863
34 54 6759 8932
34 55 6642 7458
34 56 9819 8006
34 57 1486 9339
34 58 8474 9258
34 59 3062 4361
34 60 863 5538
34 61 3059 9856
34 62 2909 7728
34 63 8287 7428
34 64 631 7501
34 65 8534 5230
34 66 3697 3889
34 67 7116 3032
34 68 7665 7403
34 69 7613 3044
34 70 2447 4337
34 71 7745 9741
34 72 9776 7947
34 73 4327 8455
34 74 7308 6922
34 75 2050 1070
34 76 6954 8862
34 77 1217 2620
34 78 2186 3000
34 79 7152 555
34 80 4253 5719
34 81 1737 4336
34 82 8882 323
34 83 8718 3371
34 84 3155 9918
34 85 1923 5612
34 86 9225 7627
34 87 8491 6629
34 88 8908 5529
34 89 1057 5305
34 90 2039 2231
34 91 5694 5351
34 92 3215 5577
34 93 1269 8623
34 94 1378 8901
34 95 3290 9370
34 96 9824 8574
34 97 9846 7066
34 98 8765 2081
34 99 3000 2091
34 100 5888 3831
35 36 1202 5874
35 37 4631 4866
35 38 5225 8074
35 39 6212 8198
35 40 4941 8474
35 41 7122 7303
35 42 6532 7528
35 43 4 4646
35 44 8196 4717
35 45 7339 3378
35 46 128 440
35 47 2038 4030
35 48 7244 4212
35 49 1738 8264
35 50 5210 8247
35 51 5593 4018
35 52 6770 8507
35 53 8828 9971
35 54 1265 7615
35 55 920 1004
35 56 3007 5027
35 57 7777 261
35 58 9222 599
35 59 1348 5538
35 60 8132 3030
35 61 6993 9792
35 62 2699 9579
35 63 3836 3709
35 64 8252 519
35 65 1390 3579
35 66 6911 2181
35 67 9757 9162
35 68 8601 5210
35 69 5194 4395
35 70 4387 5407
35 71 8925 3753
35 72 294 146
35 73 2083 8555
35 74 2202 5356
35 75 1330 8988
35 76 4337 4597
35 77 4336 7458
35 78 10000 6117
35 79 9680 8556
35 80 7486 5009
35 81 5514 3084
35 82 8713 6863
35 83 5044 4193
35 84 1883 8538
35 85 1954 1709
35 86 1364 8165
35 87 5564 4440
35 88 8036 3066
35 89 3017 5291
35 90 7711 937
35 91 772 1647
35 92 18 2534
35 93 8620 5376
35 94 4166 146
35 95 3981 1263
35 96 9505 3300
35 97 7463 309
35 98 6703 4294
35 99 5490 2972
35 100 8204 1870
36 37 8689 6532
36 38 3933 5567
36 39 3943 9532
36 40 735 5294
36 41 9669 1097
36 42 1087 7530
36 43 8581 29
36 44 8564 844
36 45 8460 3717
36 46 4094 6266
36 47 6332 7742
36 48 224 9155
36 49 9740 8869
36 50 3687 3079
36 51 1748 5883
36 52 8462 4889
36 53 8317 9482
36 54 1721 6352
36 55 118 7483
36 56 1070 3977
36 57 6368 8752
36 58 3075 2041
36 59 1880 3153
36 60 5778 9350
36 61 1667 3787
36 62 5338 4198
36 63 2875 8891
36 64 3909 9152
36 65 5420 7676
36 66 3258 4651
36 67 6367 3165
36 68 6173 2197
36 69 4653 3518
36 70 6078 6874
36 71 2836 5668
36 72 3021 7834
36 73 5635 699
36 74 1631 1421
36 75 4577 3316
36 76 2721 8899
36 77 4171 3999
36 78 813 8595
36 79 1121 4852
36 80 9087 4341
36 81 9647 444
36 82 3955 3510
36 83 440 1088
36 84 6409 5386
36 85 3878 4977
36 86 4865 8747
36 87 4067 524
36 88 1729 5855
36 89 2010 5901
36 90 426 1358
36 91 8502 6286
36 92 7843 6838
36 93 1954 10000
36 94 5852 5732
36 95 2662 7324
36 96 8305 1437
36 97 4029 3323
36 98 1897 6397
36 99 5726 4142
36 100 5279 9147
37 38 9974 1295
37 39 6409 6028
37 40 238 2650
37 41 7260 4740
37 42 6047 6357
37 43 3968 9659
37 44 3086 8032
37 45 1774 3544
37 46 9449 223
37 47 3797 466
37 48 2194 4972
37 49 1307 9872
37 50 7915 6308
37 51 908 6647
37 52 6405 9150
37 53 5423 7009
37 54 4550 5615
37 55 6702 5279
37 56 4849 4651
37 57 4178 3188
37 58 6315 2950
37 59 51 1304
37 60 1625 7276
37 61 566 8368
37 62 8392 5125
37 63 3689 9327
37 64 8366 3089
37 65 8172 4648
37 66 973 902
37 67 7235 5617
37 68 1067 7034
37 69 724 4934
37 70 8113 6125
37 71 2731 4603
37 72 1487 663
37 73 9605 7975
37 74 7878 487
37 75 259 6392
37 76 9344 1470
37 77 7303 7787
37 78 3494 1024
37 79 2907 4904
37 80 4505 6471
37 81 1495 6763
37 82 4564 4362
37 83 2663 8766
37 84 9116 6981
37 85 5576 6242
37 86 7252 9610
37 87 7959 2268
37 88 5283 4476
37 89 755 2529
37 90 6623 3774
37 91 8719 3237
37 92 644 4181
37 93 172 2244
37 94 5264 4276
37 95 2108 9705
37 96 1894 1125
37 97 3097 9028
37 98 3804 2920
37 99 953 7147
37 100 4671 2283
38 39 2224 45
38 40 584 2545
38 41 2415 346
38 42 3598 7636
38 43 3023 955
38 44 6931 4036
38 45 3768 2988
38 46 3282 3142
38 47 5107 4783
38 48 7366 3406
38 49 6220 3357
38 50 939 2594
38 51 7708 9904
38 52 9605 2937
38 53 4740 7144
38 54 7482 7951
38 55 7864 3279
38 56 3165 8542
38 57 5934 9776
38 58 7115 7324
38 59 2288 3320
38 60 3149 7214
38 61 4691 9588
38 62 1171 5707
38 63 613 5913
38 64 6819 8632
38 65 280 2250
38 66 5101 1989
38 67 4760 8790
38 68 2024 6070
38 69 7073 368
38 70 8427 6726
38 71 9280 7906
38 72 8971 6823
38 73 8521 5253
38 74 4423 8982
38 75 2733 9392
38 76 3722 5432
38 77 1112 3451
38 78 1479 5843
38 79 2559 1275
38 80 3229 6108
38 81 4522 4721
38 82 2378 2616
38 83 111 7015
38 84 4015 5155
38 85 459 1160
38 86 335 6033
38 87 8684 8774
38 88 1630 4620
38 89 3496 7335
38 90 7782 2605
38 91 393 1390
38 92 6974 6728
38 93 8508 5998
38 94 9165 5707
38 95 5519 1145
38 96 5958 9288
38 97 2909 2827
38 98 8775 3360
38 99 2404 5178
38 100 8770 4461
39 40 3554 4836
39 41 4270 8854
39 42 5406 8440
39 43 7727 6
39 44 4247 7365
39 45 8735 8809
39 46 8888 5840
39 47 5923 7443
39 48 7947 2975
39 49 7256 6014
39 50 2984 5010
39 51 6769 125
39 52 9225 7007
39 53 501 175
39 54 429 3220
39 55 2072 5344
39 56 7602 4725
39 57 6010 5462
39 58 4372 5728
39 59 5881 8033
39 60 3194 9714
39 61 9666 7758
39 62 6111 9567
39 63 6464 4391
39 64 5667 2615
39 65 2259 6311
39 66 2290 7488
39 67 7922 3074
39 68 3926 1077
39 69 7773 6219
39 70 4613 5962
39 71 1608 7726
39 72 3773 5859
39 73 9136 4809
39 74 8696 7559
39 75 151 4175
39 76 3349 667
39 77 5832 9415
39 78 3815 9315
39 79 7658 2880
39 80 5121 1816
39 81 3513 772
39 82 9749 1338
39 83 2562 1335
39 84 1021 582
39 85 8340 7073
39 86 5753 8264
39 87 8941 6663
39 88 4650 537
39 89 727 7548
39 90 538 5341
39 91 3036 9758
39 92 4145 9942
39 93 5070 7815
39 94 2019 9860
39 95 2478 8813
39 96 1445 4407
39 97 2328 2705
39 98 9590 3590
39 99 8545 930
39 100 4918 7326
40 41 7840 8384
40 42 6937 7252
40 43 5027 3070
40 44 6557 3681
40 45 8286 7535
40 46 5884 8421
40 47 3574 625
40 48 9111 6935
40 49 160 7652
40 50 7949 7585
40 51 789 1539
40 52 7606 4285
40 53 7735 6757
40 54 2166 4836
40 55 1820 1664
40 56 6470 8914
40 57 5962 6021
40 58 6290 6269
40 59 3039 4994
40 60 7164 5067
40 61 1382 589
40 62 9822 2774
40 63 558 5336
40 64 6498 6860
40 65 2024 9748
40 66 3210 8822
40 67 2536 2589
40 68 9526 276
40 69 353 1695
40 70 470 6564
40 71 6302 1047
40 72 4444 1022
40 73 8374 8867
40 74 4358 6489
40 75 2540 9592
40 76 8069 4869
40 77 3956 3033
40 78 5625 3428
40 79 7967 2339
40 80 8983 9180
40 81 8643 3962
40 82 359 5299
40 83 5215 9131
40 84 5089 6447
40 85 6825 1170
40 86 7456 4911
40 87 6213 133
40 88 5154 589
40 89 6032 5096
40 90 7177 1561
40 91 7099 3047
40 92 5617 4811
40 93 2600 6530
40 94 9664 5574
40 95 9150 250
40 96 8687 8924
40 97 8570 7400
40 98 5682 3519
40 99 7733 7168
40 100 1442 7210
41 42 3936 4900
41 43 6424 8957
41 44 9693 342
41 45 9925 7905
41 46 7172 1660
41 47 8223 9607
41 48 2330 7737
41 49 3830 2845
41 50 5384 2806
41 51 8902 1068
41 52 8713 8653
41 53 4962 7000
41 54 7903 8597
41 55 7687 7530
41 56 7896 901
41 57 1771 9590
41 58 731 1874
41 59 1501 6567
41 60 2277 1267
41 61 784 1226
41 62 6555 2904
41 63 4717 3569
41 64 7064 5074
41 65 812 486
41 66 447 8729
41 67 4494 8272
41 68 5830 6416
41 69 4916 4536
41 70 8416 9347
41 71 9411 4719
41 72 8897 3435
41 73 2314 6763
41 74 2447 7356
41 75 7383 5557
41 76 5458 7698
41 77 514 5397
41 78 9659 9255
41 79 1080 923
41 80 4215 1140
41 81 2673 4842
41 82 8170 1495
41 83 1178 3081
41 84 5182 3994
41 85 1269 7347
41 86 2066 2082
41 87 2591 6944
41 88 3522 1620
41 89 4132 7603
41 90 4204 6026
41 91 1699 8644
41 92 4419 7540
41 93 2815 8374
41 94 3103 8993
41 95 489 9919
41 96 3014 5207
41 97 2570 3194
41 98 3575 5377
41 99 7964 4684
41 100 5650 691
42 43 5354 9883
42 44 9924 2844
42 45 1896 7797
42 46 3466 611
42 47 129 549
42 48 1153 2697
42 49 811 3031
42 50 5395 3293
42 51 1555 9651
42 52 4793 2408
42 53 7736 3367
42 54 6115 106
42 55 2917 6285
42 56 4805 6800
42 57 7257 8556
42 58 7203 3513
42 59 8831 3906
42 60 5376 4808
42 61 6824 5903
42 62 4224 4809
42 63 8606 158
42 64 7601 6927
42 65 5290 1736
42 66 9331 49
42 67 7518 1821
42 68 5422 865
42 69 6763 5578
42 70 3310 401
42 71 8805 1545
42 72 660 7591
42 73 7257 4686
42 74 7628 5956
42 75 1596 3306
42 76 7431 200
42 77 7665 1684
42 78 8432 3414
42 79 2685 6342
42 80 2513 9297
42 81 6859 1722
42 82 4035 7742
42 83 658 9246
42 84 1152 8467
42 85 1316 2968
42 86 8174 8278
42 87 5940 2331
42 88 1607 2695
42 89 6816 1128
42 90 8081 3733
42 91 7079 6998
42 92 3068 9204
42 93 2257 667
42 94 1548 3740
42 95 2983 2976
42 96 858 8446
42 97 1113 8663
42 98 7732 8611
42 99 3997 3023
42 100 6686 7504
43 44 5823 8454
43 45 8476 1246
43 46 6652 5810
43 47 7819 5850
43 48 6086 2602
43 49 5765 5775
43 50 3287 110
43 51 1849 8891
43 52 6929 969
43 53 3443 5228
43 54 3039 677
43 55 3580 4059
43 56 525 3693
43 57 1722 7168
43 58 7657 8123
43 59 6478 5757
43 60 3374 6053
43 61 1781 9306
43 62 4024 1953
43 63 8102 6139
43 64 9912 2599
43 65 7844 7593
43 66 4980 2253
43 67 3331 9274
43 68 2765 2319
43 69 9761 6129
43 70 461 5421
43 71 5179 8066
43 72 6807 7817
43 73 7934 3061
43 74 8722 3245
43 75 8929 7220
43 76 5496 1565
43 77 1976 9918
43 78 5329 9742
43 79 2525 6665
43 80 3866 4699
43 81 1284 393
43 82 8012 8766
43 83 114 1220
43 84 2481 2663
43 85 9646 8694
43 86 9109 1842
43 87 8110 7513
43 88 5099 2245
43 89 6298 6414
43 90 3744 6924
43 91 3835 5943
43 92 1740 7780
43 93 7900 3564
43 94 3020 4125
43 95 8670 2097
43 96 8444 4913
43 97 6134 6792
43 98 6919 1146
43 99 9458 2530
43 100 8311 611
44 45 6011 1
44 46 1939 4229
44 47 1286 6143
44 48 3458 7669
44 49 2057 5019
44 50 1725 7620
44 51 4727 3537
44 52 9635 4197
44 53 4579 834
44 54 309 6111
44 55 4202 9066
44 56 2418 6784
44 57 3189 6657
44 58 3592 2258
44 59 4966 7124
44 60 5268 627
44 61 9482 2515
44 62 9018 2593
44 63 7340 8241
44 64 3407 3155
44 65 4513 4330
44 66 6900 2953
44 67 7964 1340
44 68 7651 4695
44 69 5616 6116
44 70 9525 7033
44 71 3842 7806
44 72 8331 8613
44 73 6896 4156
44 74 2312 4970
44 75 9828 885
44 76 9413 5252
44 77 802 5431
44 78 7694 5944
44 79 3575 3807
44 80 1095 9315
44 81 45 3141
44 82 1037 9036
44 83 6833 4069
44 84 4026 6950
44 85 1645 5795
44 86 4141 8198
44 87 4130 564
44 88 5566 7328
44 89 1168 3590
44 90 177 9910
44 91 2943 9156
44 92 645 347
44 93 3698 84
44 94 729 9271
44 95 7906 1091
44 96 9374 7016
44 97 3566 2499
44 98 3636 8912
44 99 6024 9529
44 100 7358 9856
45 46 4963 2516
45 47 5716 7037
45 48 8705 8997
45 49 1073 1676
45 50 7671 547
45 51 6316 7443
45 52 9698 7056
45 53 9239 2322
45 54 8088 8631
45 55 998 7941
45 56 1443 572
45 57 8030 3118
45 58 4447 3834
45 59 7861 9858
45 60 5529 4363
45 61 9029 9392
45 62 6408 6935
45 63 9774 2676
45 64 3003 6267
45 65 6520 1825
45 66 3628 4111
45 67 4684 7673
45 68 7434 5134
45 69 9789 8787
45 70 2614 9095
45 71 1912 6442
45 72 7230 2327
45 73 8421 1789
45 74 1032 6673
45 75 2437 9767
45 76 2385 4240
45 77 6823 1600
45 78 1203 5092
45 79 2094 4010
45 80 1627 7494
45 81 9889 349
45 82 6350 6992
45 83 2178 3413
45 84 8935 2410
45 85 1584 4734
45 86 2730 3581
45 87 658 532
45 88 9842 2122
45 89 3897 995
45 90 4751 8158
45 91 2697 1717
45 92 4565 3991
45 93 2209 1611
45 94 9598 4043
45 95 5350 8849
45 96 7268 6287
45 97 3021 3385
45 98 6364 6996
45 99 6665 476
45 100 3819 6722
46 47 4581 5314
46 48 2553 25
46 49 5620 4104
46 50 1176 1114
46 51 6726 7124
46 52 3198 5757
46 53 6930 3707
46 54 7628 9554
46 55 23 9389
46 56 6696 277
46 57 5271 1943
46 58 5246 9625
46 59 8132 1314
46 60 5660 3436
46 61 3152 3809
46 62 7518 1303
46 63 4621 8433
46 64 1695 686
46 65 1551 6548
46 66 3870 6901
46 67 4720 4553
46 68 8228 1970
46 69 9 1573
46 70 8879 2793
46 71 7801 7175
46 72 3988 8752
46 73 834 1528
46 74 4290 7119
46 75 4730 9256
46 76 7922 4380
46 77 8472 5963
46 78 9323 3714
46 79 1986 8201
46 80 6347 9774
46 81 3102 1032
46 82 3563 9213
46 83 3792 7545
46 84 3122 3298
46 85 1098 104
46 86 4368 3318
46 87 3747 1325
46 88 5158 4110
46 89 9723 8285
46 90 5949 6262
46 91 9860 7845
46 92 5953 5258
46 93 2512 8473
46 94 3356 2742
46 95 5032 689
46 96 2168 5861
46 97 5345 8898
46 98 6844 6286
46 99 7246 2268
46 100 171 8341
47 48 5372 292
47 49 8137 2278
47 50 6041 2951
47 51 3218 4316
47 52 4154 2214
47 53 8466 4236
47 54 3863 6722
47 55 5197 8643
47 56 932 4143
47 57 4365 3963
47 58 9968 8094
47 59 8086 1395
47 60 4177 3700
47 61 1650 951
47 62 3199 9158
47 63 9251 1271
47 64 8264 8972
47 65 7752 1381
47 66 2952 1277
47 67 9362 2168
47 68 3962 4460
47 69 1436 299
47 70 3522 7404
47 71 727 634
47 72 4655 9062
47 73 8917 8262
47 74 5825 94
47 75 4196 6054
47 76 9833 1922
47 77 481 9904
47 78 9006 5219
47 79 7843 9437
47 80 9248 255
47 81 8885 6853
47 82 3220 6325
47 83 1549 6629
47 84 5351 866
47 85 6795 4443
47 86 6090 2686
47 87 5944 9533
47 88 6219 3303
47 89 5518 4995
47 90 9453 143
47 91 4983 4988
47 92 6269 3091
47 93 3920 3346
47 94 9991 6074
47 95 1528 736
47 96 2635 2200
47 97 8192 486
47 98 4941 8145
47 99 7939 2781
47 100 6773 6256
48 49 7788 7336
48 50 8319 2756
48 51 381 9382
48 52 9086 1616
48 53 5734 4485
48 54 9320 7941
48 55 6985 5568
48 56 1221 1705
48 57 9169 2393
48 58 8057 6499
48 59 5883 8401
48 60 3504 4178
48 61 2889 3291
48 62 9863 6921
48 63 4277 3915
48 64 449 4511
48 65 3643 9288
48 66 6455 8638
48 67 7941 1551
48 68 8098 4875
48 69 7214 3430
48 70 926 5989
48 71 9800 7637
48 72 2724 3361
48 73 1963 1808
48 74 9980 1220
48 75 3316 2120
48 76 6338 1471
48 77 7600 6333
48 78 8501 9932
48 79 1041 1069
48 80 5837 3356
48 81 999 6294
48 82 272 5441
48 83 9509 1016
48 84 9215 886
48 85 3346 2044
48 86 8452 5643
48 87 4297 9971
48 88 9755 1069
48 89 2916 15
48 90 4063 2069
48 91 2409 8670
48 92 9133 9007
48 93 2280 3103
48 94 4443 1255
48 95 6428 7608
48 96 343 8814
48 97 89 7284
48 98 996 2508
48 99 2889 3534
48 100 183 756
49 50 2768 9955
49 51 5471 6489
49 52 3828 8317
49 53 612 4387
49 54 656 2584
49 55 4346 2008
49 56 3297 5705
49 57 8894 5913
49 58 2092 893
49 59 4145 8540
49 60 4241 9661
49 61 872 7176
49 62 8383 752
49 63 6433 20
49 64 9591 559
49 65 793 8458
49 66 2310 5975
49 67 9603 5668
49 68 8508 9963
49 69 2622 9021
49 70 1308 299
49 71 3771 8553
49 72 3130 1815
49 73 6998 9184
49 74 3552 6183
49 75 3088 7959
49 76 731 3184
49 77 9788 630
49 78 6494 4683
49 79 9513 7827
49 80 7242 6180
49 81 2687 4701
49 82 1979 5405
49 83 9860 9084
49 84 6508 6718
49 85 3080 4155
49 86 8069 4823
49 87 6346 577
49 88 565 7199
49 89 7373 2053
49 90 5302 235
49 91 36 5418
49 92 8123 3031
49 93 7702 9712
49 94 6198 9638
49 95 1491 7849
49 96 7850 2598
49 97 6547 9759
49 98 9216 8779
49 99 8132 9923
49 100 8742 4859
50 51 4449 8890
50 52 9376 443
50 53 436 6944
50 54 3767 957
50 55 5318 6923
50 56 184 4551
50 57 2691 9073
50 58 9805 418
50 59 7404 9573
50 60 4125 8865
50 61 8655 2634
50 62 2155 7505
50 63 2597 1299
50 64 1986 6144
50 65 7246 3563
50 66 8297 406
50 67 8210 5849
50 68 6090 6409
50 69 8009 8496
50 70 1524 5662
50 71 1198 2384
50 72 7853 4953
50 73 843 6075
50 74 4186 260
50 75 5266 5462
50 76 3825 8328
50 77 8771 2504
50 78 7422 5471
50 79 7995 5271
50 80 7496 3048
50 81 6695 9054
50 82 9012 2548
50 83 9227 8531
50 84 2842 5323
50 85 214 9289
50 86 7738 7256
50 87 2478 7962
50 88 8889 7784
50 89 4494 6057
50 90 6128 3990
50 91 1557 6465
50 92 5746 4858
50 93 738 7841
50 94 1156 3718
50 95 1823 4015
50 96 8437 6585
50 97 519 1810
50 98 5572 9110
50 99 7367 4459
50 100 1279 5774
51 52 3167 320
51 53 6866 1249
51 54 6176 4101
51 55 1969 5906
51 56 2468 6072
51 57 2569 3592
51 58 5440 6507
51 59 1041 6504
51 60 2727 3513
51 61 1485 7164
51 62 7104 930
51 63 5908 4376
51 64 5198 4088
51 65 4191 284
51 66 444 1854
51 67 5673 9181
51 68 500 3469
51 69 7133 7005
51 70 9807 5683
51 71 9346 1975
51 72 5890 6251
51 73 9137 1624
51 74 5138 2525
51 75 1836 3421
51 76 6132 2075
51 77 2649 9545
51 78 2710 982
51 79 7489 4820
51 80 679 9916
51 81 6390 5864
51 82 5701 4271
51 83 4905 9148
51 84 9257 4251
51 85 2305 9864
51 86 5311 1140
51 87 6211 7620
51 88 2650 8295
51 89 6041 7359
51 90 6612 8606
51 91 1894 7691
51 92 7657 3700
51 93 7231 7895
51 94 2360 7955
51 95 6999 339
51 96 7540 1716
51 97 78 7146
51 98 7853 5605
51 99 8811 3612
51 100 9782 1148
52 53 2767 4091
52 54 8499 8453
52 55 6985 9332
52 56 824 8750
52 57 6234 2921
52 58 115 8362
52 59 645 793
52 60 2559 3900
52 61 7398 8833
52 62 9789 9297
52 63 4071 545
52 64 1341 4814
52 65 7522 9463
52 66 2478 4640
52 67 7697 1689
52 68 7071 7290
52 69 660 2185
52 70 498 2177
52 71 9603 8774
52 72 454 9472
52 73 1540 600
52 74 3300 2734
52 75 9835 7985
52 76 7985 3550
52 77 227 9354
52 78 3669 2093
52 79 6136 6684
52 80 3785 7095
52 81 441 9123
52 82 6403 5056
52 83 6403 4130
52 84 9807 2235
52 85 3723 5940
52 86 1393 7613
52 87 7064 7500
52 88 2203 3783
52 89 5692 3834
52 90 2985 4378
52 91 3825 1257
52 92 8986 8208
52 93 2280 2361
52 94 4965 7705
52 95 9343 8466
52 96 4789 1527
52 97 3308 5111
52 98 8993 8257
52 99 7039 7553
52 100 3131 4938
53 54 5482 7323
53 55 8056 4962
53 56 8082 5948
53 57 3510 531
53 58 3023 7886
53 59 3381 7991
53 60 3981 6284
53 61 9820 5253
53 62 7372 7716
53 63 8371 947
53 64 8705 2234
53 65 9438 9512
53 66 8817 8250
53 67 7164 8571
53 68 7553 4994
53 69 3949 4205
53 70 4870 9576
53 71 5864 3356
53 72 4238 3919
53 73 9187 4285
53 74 3908 7632
53 75 2671 7381
53 76 5451 7132
53 77 2412 8824
53 78 2938 419
53 79 6204 473
53 80 4002 9480
53 81 626 5213
53 82 4175 5885
53 83 7002 2927
53 84 2860 852
53 85 1837 7478
53 86 6746 4579
53 87 5987 2427
53 88 4224 1974
53 89 2476 5787
53 90 7185 4921
53 91 8554 8357
53 92 7184 1687
53 93 4871 1021
53 94 9892 2433
53 95 9697 4209
53 96 4033 9734
53 97 2225 3949
53 98 3361 6223
53 99 33 6272
53 100 5861 1281
54 55 7505 2430
54 56 6093 7783
54 57 6630 2997
54 58 6686 4563
54 59 3076 4860
54 60 2766 8825
54 61 7268 9246
54 62 4362 6591
54 63 895 930
54 64 2075 8147
54 65 2597 1873
54 66 4649 9141
54 67 57 9235
54 68 6560 1629
54 69 678 3018
54 70 9991 4055
54 71 1758 4513
54 72 2996 6100
54 73 2074 70
54 74 1567 9249
54 75 6361 3329
54 76 9237 7020
54 77 6924 534
54 78 1201 7823
54 79 5442 2664
54 80 5454 1710
54 81 7231 7015
54 82 7256 6871
54 83 8294 1340
54 84 5128 4640
54 85 380 2635
54 86 9128 5558
54 87 7313 8492
54 88 5674 9373
54 89 4303 9608
54 90 8921 1777
54 91 9892 9889
54 92 7528 6923
54 93 8377 6224
54 94 5517 4443
54 95 8088 713
54 96 4233 1369
54 97 6181 8029
54 98 7156 8059
54 99 3502 5602
54 100 2588 4312
55 56 828 328
55 57 7045 1851
55 58 6738 3594
55 59 1480 4962
55 60 4606 5820
55 61 3026 4158
55 62 3522 6175
55 63 9880 6803
55 64 109 6517
55 65 3876 1093
55 66 8185 6487
55 67 2404 2036
55 68 4789 3416
55 69 7280 395
55 70 2926 8222
55 71 7393 2680
55 72 5505 2801
55 73 7694 4690
55 74 543 4962
55 75 4519 5137
55 76 2347 6889
55 77 9378 3398
55 78 7005 1242
55 79 9990 9782
55 80 1747 4218
55 81 9573 3
55 82 1942 3519
55 83 482 9312
55 84 5906 7980
55 85 1061 6451
55 86 7008 3255
55 87 4458 972
55 88 489 683
55 89 8407 5553
55 90 3249 8064
55 91 6023 6661
55 92 3917 9880
55 93 493 5296
55 94 6655 5957
55 95 6156 5071
55 96 5770 2810
55 97 9341 8466
55 98 5897 9961
55 99 4054 3000
55 100 1123 9029
56 57 6606 8994
56 58 6002 2068
56 59 6597 6558
56 60 3472 2302
56 61 169 2036
56 62 3271 258
56 63 3186 6411
56 64 7534 4302
56 65 7142 3591
56 66 4396 3963
56 67 247 329
56 68 5618 8980
56 69 2916 9157
56 70 8754 9579
56 71 6672 4687
56 72 7747 6461
56 73 5691 1692
56 74 9752 5267
56 75 3700 356
56 76 1904 591
56 77 8710 6033
56 78 8000 8307
56 79 913 7205
56 80 7674 2938
56 81 7854 2387
56 82 4504 1592
56 83 5457 7733
56 84 946 8564
56 85 3358 2174
56 86 1784 1261
56 87 9400 4807
56 88 2779 5621
56 89 7624 2205
56 90 6605 5106
56 91 3637 2445
56 92 1416 4037
56 93 4082 6136
56 94 2400 4690
56 95 5072 2644
56 96 6518 8906
56 97 8912 2494
56 98 3325 6718
56 99 7012 9517
56 100 9106 3646
57 58 7012 119
57 59 884 8553
57 60 2938 752
57 61 1504 195
57 62 9093 4643
57 63 9796 2487
57 64 7628 1604
57 65 8091 3392
57 66 2182 7665
57 67 3654 472
57 68 8788 9840
57 69 1623 488
57 70 3658 5079
57 71 5770 6347
57 72 8076 6403
57 73 9410 5465
57 74 6309 3315
57 75 384 6002
57 76 3219 1520
57 77 7957 321
57 78 996 5994
57 79 6629 4701
57 80 2353 6036
57 81 302 7473
57 82 208 3967
57 83 7582 5899
57 84 33 8950
57 85 1888 2517
57 86 3129 5767
57 87 3971 3926
57 88 3244 1538
57 89 8301 9312
57 90 8129 2534
57 91 7159 4362
57 92 3032 1510
57 93 2006 3018
57 94 6237 4430
57 95 7802 7035
57 96 7276 6794
57 97 9897 9490
57 98 7842 2188
57 99 4749 9005
57 100 2528 732
58 59 3603 2252
58 60 327 6690
58 61 8375 8019
58 62 5340 9058
58 63 5194 3691
58 64 2016 9179
58 65 6364 2748
58 66 8660 6308
58 67 949 5272
58 68 5841 1824
58 69 2775 8591
58 70 4640 3660
58 71 7738 658
58 72 8149 6824
58 73 4637 1769
58 74 6671 6750
58 75 151 1409
58 76 1857 1694
58 77 8205 3960
58 78 9224 8632
58 79 9862 9559
58 80 6874 9627
58 81 8138 1169
58 82 791 5643
58 83 5569 5823
58 84 3094 9631
58 85 3867 7117
58 86 3384 4089
58 87 4380 1584
58 88 4243 163
58 89 3651 5642
58 90 9382 6775
58 91 9831 5557
58 92 7716 1484
58 93 2203 681
58 94 8032 9275
58 95 6655 6188
58 96 4709 8536
58 97 4548 903
58 98 6553 6311
58 99 8282 2184
58 100 6876 1908
59 60 717 5480
59 61 7329 8187
59 62 9198 3596
59 63 834 7186
59 64 2061 89
59 65 7148 6315
59 66 1025 1998
59 67 1433 7492
59 68 5111 5378
59 69 1161 8167
59 70 7961 8000
59 71 4490 2953
59 72 860 2320
59 73 4428 1740
59 74 2619 4891
59 75 8936 4006
59 76 7478 2270
59 77 7074 3674
59 78 2964 7730
59 79 6487 8981
59 80 973 8745
59 81 3833 1455
59 82 8281 1849
59 83 1639 8269
59 84 6967 1226
59 85 1360 2201
59 86 8925 6683
59 87 9857 7719
59 88 9849 1066
59 89 9876 3515
59 90 655 9746
59 91 7785 7391
59 92 7204 3920
59 93 8095 7100
59 94 4011 2894
59 95 8617 1897
59 96 8902 5584
59 97 9488 7621
59 98 3083 521
59 99 1062 5578
59 100 2840 435
60 61 9133 4036
60 62 2692 8831
60 63 2686 6458
60 64 3301 1412
60 65 8498 8599
60 66 2186 370
60 67 7073 8474
60 68 3868 8587
60 69 9261 5114
60 70 79 5340
60 71 34 552
60 72 7313 8012
60 73 584 968
60 74 4904 7060
60 75 976 9442
60 76 7519 3238
60 77 9037 9992
60 78 7018 9120
60 79 1602 7798
60 80 1363 399
60 81 9744 9343
60 82 843 8897
60 83 9923 4617
60 84 7330 7540
60 85 3293 5275
60 86 3307 3973
60 87 4734 9771
60 88 5220 819
60 89 4466 3908
60 90 2441 1116
60 91 2373 8659
60 92 17 9782
60 93 7837 7962
60 94 7292 7066
60 95 3384 7291
60 96 3163 4689
60 97 5639 4541
60 98 5662 4570
60 99 8628 5332
60 100 4078 6908
61 62 6970 3178
61 63 424 6632
61 64 1311 9365
61 65 9144 3781
61 66 3183 2550
61 67 3772 5870
61 68 325 5441
61 69 5961 4000
61 70 3745 7264
61 71 7563 9737
61 72 6147 2546
61 73 869 7183
61 74 3177 9734
61 75 7516 9695
61 76 5864 6530
61 77 2347 2393
61 78 6942 9014
61 79 1495 6072
61 80 7376 9604
61 81 8509 2396
61 82 2085 8338
61 83 5288 9331
61 84 3570 2020
61 85 7137 3450
61 86 9857 8997
61 87 1794 7729
61 88 4845 8924
61 89 1180 6096
61 90 9354 3467
61 91 1765 7457
61 92 1457 6209
61 93 6626 3735
61 94 2508 7483
61 95 455 6627
61 96 1548 3708
61 97 8528 6798
61 98 738 4322
61 99 2189 9415
61 100 5649 4662
62 63 7652 6144
62 64 1274 2110
62 65 81 9594
62 66 7473 6964
62 67 9863 2675
62 68 9458 4541
62 69 8618 7798
62 70 7704 104
62 71 5571 310
62 72 9537 6921
62 73 8208 9052
62 74 9740 7902
62 75 4322 2422
62 76 2357 7770
62 77 6967 6617
62 78 3116 2209
62 79 4234 5206
62 80 7146 8631
62 81 955 3752
62 82 6715 5028
62 83 2089 3708
62 84 6142 3059
62 85 2782 1929
62 86 3244 1930
62 87 3456 6455
62 88 9751 5246
62 89 4516 6085
62 90 377 7353
62 91 312 3632
62 92 3403 9061
62 93 3724 7187
62 94 7286 9978
62 95 7340 7344
62 96 9767 3419
62 97 3480 553
62 98 6497 3472
62 99 7016 2001
62 100 1644 295
63 64 5008 3665
63 65 3159 3818
63 66 3628 6155
63 67 612 5957
63 68 133 7087
63 69 1359 2481
63 70 1322 9116
63 71 8005 2688
63 72 4824 5893
63 73 220 1995
63 74 1639 1123
63 75 9728 6734
63 76 6042 6642
63 77 1187 6245
63 78 6736 6948
63 79 2160 3011
63 80 6460 2797
63 81 5228 8681
63 82 866 9852
63 83 1623 9787
63 84 897 2919
63 85 4014 5411
63 86 1976 1907
63 87 4597 5467
63 88 9662 5249
63 89 682 6286
63 90 4514 6066
63 91 9174 6619
63 92 2521 1040
63 93 3433 3589
63 94 2340 853
63 95 8083 4847
63 96 867 3255
63 97 4864 7376
63 98 1352 6609
63 99 6689 2845
63 100 2359 7293
64 65 1549 9696
64 66 1470 8452
64 67 3347 7476
64 68 7749 4909
64 69 3648 8623
64 70 3845 7385
64 71 8490 1563
64 72 5247 2400
64 73 3297 8969
64 74 6089 3729
64 75 5636 4903
64 76 1836 6054
64 77 6033 7224
64 78 5933 9751
64 79 103 2726
64 80 6646 7846
64 81 4685 2935
64 82 6548 5978
64 83 2043 8399
64 84 429 2899
64 85 2722 3319
64 86 1944 8226
64 87 9830 512
64 88 9679 760
64 89 7311 6955
64 90 8285 4236
64 91 9402 8084
64 92 3521 102
64 93 9141 278
64 94 7737 2759
64 95 9166 1968
64 96 4555 3173
64 97 7899 4480
64 98 683 5395
64 99 4279 9541
64 100 9206 8115
65 66 6864 9
65 67 8695 9316
65 68 6735 182
65 69 8385 909
65 70 7700 3119
65 71 8130 5905
65 72 1821 1105
65 73 7910 8155
65 74 4336 1248
65 75 9595 5764
65 76 7230 325
65 77 5538 3652
65 78 2768 1083
65 79 327 4007
65 80 3062 6595
65 81 3392 3972
65 82 2386 6318
65 83 4073 3411
65 84 1164 8220
65 85 2753 2317
65 86 4813 3118
65 87 4859 6482
65 88 299 3402
65 89 8481 4437
65 90 2034 2200
65 91 1714 8483
65 92 2418 4469
65 93 1128 136
65 94 9901 8393
65 95 5919 8850
65 96 4217 8720
65 97 10 8021
65 98 2037 6283
65 99 474 7645
65 100 1287 8325
66 67 9473 646
66 68 9856 780
66 69 1365 738
66 70 4049 3984
66 71 5413 2065
66 72 3812 9035
66 73 2198 3333
66 74 4924 6203
66 75 6064 4265
66 76 5951 7499
66 77 7570 1344
66 78 6645 6204
66 79 7516 8188
66 80 7797 6820
66 81 8039 2058
66 82 9012 8855
66 83 1349 8495
66 84 7910 3979
66 85 6165 6486
66 86 5285 8534
66 87 5281 8870
66 88 7118 3908
66 89 9480 4097
66 90 3664 5205
66 91 4621 5175
66 92 8206 1391
66 93 6688 4354
66 94 3548 3662
66 95 1927 5465
66 96 9779 414
66 97 7587 9102
66 98 7255 9939
66 99 9076 5835
66 100 5803 3833
67 68 4074 2102
67 69 4269 3276
67 70 3615 9839
67 71 9244 3404
67 72 7771 147
67 73 3525 2068
67 74 4597 3970
67 75 4564 9473
67 76 3181 7691
67 77 5479 2112
67 78 3560 4176
67 79 7327 1782
67 80 2736 2056
67 81 5815 6492
67 82 4127 6289
67 83 7058 3178
67 84 9051 9072
67 85 4058 958
67 86 4951 468
67 87 2023 7992
67 88 1782 4228
67 89 119 7481
67 90 8578 1961
67 91 4928 1741
67 92 8416 2653
67 93 4539 5303
67 94 5138 117
67 95 7337 3009
67 96 1966 2577
67 97 454 9900
67 98 1811 5751
67 99 4830 1238
67 100 6926 4263
68 69 2184 4586
68 70 8963 8884
68 71 8746 3454
68 72 6237 9199
68 73 5101 801
68 74 4182 8787
68 75 8353 3261
68 76 2957 982
68 77 2452 2077
68 78 7733 9809
68 79 6635 4603
68 80 403 5688
68 81 8763 2126
68 82 6588 3393
68 83 4470 2024
68 84 4484 9271
68 85 6747 1653
68 86 7349 5576
68 87 2643 5340
68 88 3127 9714
68 89 1212 9949
68 90 7783 596
68 91 9645 7545
68 92 9436 7890
68 93 5323 2827
68 94 3586 4728
68 95 6761 2285
68 96 6457 6554
68 97 3873 6188
68 98 5692 315
68 99 7342 9416
68 100 2249 2522
69 70 8655 4336
69 71 652 2498
69 72 8805 5649
69 73 3914 4961
69 74 2664 1264
69 75 4922 8940
69 76 2313 277
69 77 5315 8721
69 78 1271 6846
69 79 3916 902
69 80 6447 4367
69 81 5939 4328
69 82 5578 4494
69 83 1049 7357
69 84 1785 9036
69 85 5724 5741
69 86 2852 1013
69 87 3210 6417
69 88 2908 8313
69 89 3637 1768
69 90 5812 4401
69 91 2975 9135
69 92 5799 5278
69 93 7612 4587
69 94 1429 993
69 95 2129 7425
69 96 8197 132
69 97 1003 2625
69 98 629 7688
69 99 7065 2263
69 100 6866 4686
70 71 2531 3225
70 72 2843 1906
70 73 8540 6048
70 74 6606 6998
70 75 5474 3252
70 76 3155 8793
70 77 7311 347
70 78 5332 7549
70 79 9219 8923
70 80 2240 1555
70 81 4359 6308
70 82 1106 7469
70 83 6198 6759
70 84 4725 2032
70 85 288 2729
70 86 1358 9483
70 87 3196 675
70 88 2041 9819
70 89 3951 7519
70 90 9549 5328
70 91 2914 8398
70 92 4371 2076
70 93 920 384
70 94 9364 9403
70 95 7182 6202
70 96 6935 197
70 97 2119 5038
70 98 3658 5837
70 99 7230 8467
70 100 3363 5524
71 72 259 8831
71 73 9660 9872
71 74 6232 5650
71 75 732 5476
71 76 7593 9077
71 77 8406 6412
71 78 3130 9922
71 79 5155 1037
71 80 4717 3826
71 81 5296 4720
71 82 8388 1133
71 83 867 1206
71 84 6032 3185
71 85 8235 2183
71 86 3251 5491
71 87 4324 9172
71 88 3691 1528
71 89 2249 3612
71 90 1486 1399
71 91 6347 7720
71 92 5822 4803
71 93 2500 459
71 94 2378 251
71 95 654 2465
71 96 7377 2063
71 97 8682 9515
71 98 5004 8508
71 99 1209 8718
71 100 2888 4718
72 73 1099 78
72 74 6099 282
72 75 3815 6256
72 76 3742 8231
72 77 8507 460
72 78 8675 5932
72 79 2101 2911
72 80 6223 2672
72 81 9358 8615
72 82 950 5483
72 83 538 6449
72 84 1865 4843
72 85 2572 7967
72 86 4992 2917
72 87 2741 8598
72 88 1732 9074
72 89 995 414
72 90 7377 9584
72 91 8587 5451
72 92 8961 8145
72 93 1411 8581
72 94 5622 1876
72 95 1939 7632
72 96 6904 6349
72 97 1036 490
72 98 3995 7321
72 99 5197 7339
72 100 6545 5309
73 74 9318 5904
73 75 1915 4593
73 76 1873 2458
73 77 8048 7336
73 78 3785 8860
73 79 9337 6598
73 80 5066 930
73 81 9895 7169
73 82 523 2852
73 83 2127 8535
73 84 1033 7562
73 85 1864 1382
73 86 5280 4523
73 87 9499 7932
73 88 96 1942
73 89 4685 3757
73 90 9911 7784
73 91 9402 8236
73 92 9606 490
73 93 222 9178
73 94 6715 9291
73 95 6818 3112
73 96 5954 2154
73 97 4343 8799
73 98 6137 1021
73 99 9186 1598
73 100 1883 4461
74 75 6122 153
74 76 7682 2992
74 77 227 7973
74 78 7181 2963
74 79 3865 1291
74 80 4035 5727
74 81 6742 4032
74 82 3927 4511
74 83 8468 3486
74 84 6648 913
74 85 7463 1197
74 86 1083 3295
74 87 5340 9157
74 88 8027 7968
74 89 6121 6534
74 90 9481 1319
74 91 9760 9292
74 92 5734 5655
74 93 6597 9626
74 94 5625 7827
74 95 6280 8647
74 96 3256 243
74 97 6112 9600
74 98 458 7750
74 99 2335 6377
74 100 7582 1995
75 76 974 9019
75 77 4623 931
75 78 97 6620
75 79 7110 3697
75 80 4557 9622
75 81 8771 4739
75 82 229 9894
75 83 9084 460
75 84 8986 6050
75 85 9977 9322
75 86 4989 5874
75 87 4790 6633
75 88 6419 5496
75 89 7219 1823
75 90 4387 7654
75 91 826 9608
75 92 1645 6324
75 93 2014 274
75 94 5232 8484
75 95 860 9480
75 96 8860 8425
75 97 822 3590
75 98 4928 4553
75 99 1989 5406
75 100 6274 187
76 77 596 147
76 78 1713 1558
76 79 5452 1331
76 80 7451 4841
76 81 8590 4141
76 82 1014 7103
76 83 6658 9790
76 84 8774 6313
76 85 7592 7853
76 86 3766 5542
76 87 8401 1898
76 88 4622 9440
76 89 4738 1287
76 90 5019 3423
76 91 1071 545
76 92 4427 1334
76 93 945 4173
76 94 5024 1803
76 95 8262 7222
76 96 7540 2702
76 97 3696 8697
76 98 2145 8091
76 99 905 7477
76 100 9274 8168
77 78 6687 5773
77 79 2420 5906
77 80 1674 3300
77 81 6211 2101
77 82 2359 9919
77 83 7916 1673
77 84 7544 7740
77 85 7549 5416
77 86 8648 6099
77 87 8943 9605
77 88 4415 7507
77 89 8936 9813
77 90 7573 6679
77 91 1636 7044
77 92 971 5840
77 93 5284 5112
77 94 1594 253
77 95 617 6452
77 96 1488 2922
77 97 2246 6993
77 98 6158 1733
77 99 8776 571
77 100 8267 6432
78 79 1954 8375
78 80 4069 648
78 81 4348 5025
78 82 7105 5293
78 83 7763 3678
78 84 6210 9004
78 85 2652 6215
78 86 6783 686
78 87 4052 9120
78 88 312 4814
78 89 785 6440
78 90 6912 4419
78 91 9643 5944
78 92 60 3793
78 93 6966 7807
78 94 7276 8387
78 95 4313 2501
78 96 4895 9615
78 97 5482 6795
78 98 438 9946
78 99 8486 464
78 100 3094 8127
79 80 6268 4538
79 81 8948 9769
79 82 4110 38
79 83 7722 2779
79 84 118 1389
79 85 2606 5239
79 86 6372 2849
79 87 592 7811
79 88 1877 1795
79 89 5725 6693
79 90 2880 6508
79 91 1395 3873
79 92 7892 8915
79 93 6926 620
79 94 8752 3698
79 95 5089 9428
79 96 6913 3414
79 97 596 8737
79 98 9235 647
79 99 5849 6876
79 100 2051 4231
80 81 5823 3115
80 82 4957 7371
80 83 7578 3409
80 84 4812 8027
80 85 4072 4854
80 86 7647 6184
80 87 1818 3824
80 88 7044 3301
80 89 6295 4732
80 90 8103 7934
80 91 3797 971
80 92 7277 913
80 93 4600 8859
80 94 3617 8575
80 95 71 9156
80 96 8381 5026
80 97 4034 1444
80 98 8610 2020
80 99 8825 4165
80 100 6204 1706
81 82 4029 1366
81 83 615 1094
81 84 4772 8482
81 85 5317 7731
81 86 5391 8845
81 87 5825 8666
81 88 134 9817
81 89 5441 8808
81 90 3952 6908
81 91 5907 390
81 92 8225 3319
81 93 8290 229
81 94 8892 8683
81 95 562 949
81 96 9988 640
81 97 8182 7071
81 98 2690 3613
81 99 932 6272
81 100 2587 7058
82 83 3604 3856
82 84 2065 5206
82 85 2753 8797
82 86 3374 3624
82 87 6718 6783
82 88 1849 7007
82 89 6869 8179
82 90 6937 8256
82 91 7327 4751
82 92 8950 5180
82 93 8152 1296
82 94 4314 1676
82 95 1214 9672
82 96 9592 1024
82 97 9965 4423
82 98 1540 2143
82 99 2260 6522
82 100 2413 4440
83 84 5537 9832
83 85 7801 9945
83 86 763 1750
83 87 4078 7817
83 88 2539 7508
83 89 4136 1972
83 90 9943 7828
83 91 7225 9121
83 92 5795 6070
83 93 455 5128
83 94 255 498
83 95 5052 6668
83 96 4921 11
83 97 4072 7887
83 98 9560 819
83 99 2701 4230
83 100 875 8130
84 85 9937 3244
84 86 9923 1705
84 87 5594 7163
84 88 8964 9229
84 89 1448 821
84 90 3 8405
84 91 9227 9254
84 92 4058 959
84 93 93 717
84 94 8772 6941
84 95 7903 8919
84 96 7598 154
84 97 4062 9179
84 98 6432 393
84 99 8563 6200
84 100 2773 7515
85 86 6781 2406
85 87 1809 8155
85 88 6105 1488
85 89 8034 4996
85 90 5018 9406
85 91 5101 7369
85 92 4776 2688
85 93 7947 5662
85 94 9779 612
85 95 6517 1185
85 96 4144 5397
85 97 1923 1310
85 98 6366 1438
85 99 570 9893
85 100 5359 7494
86 87 9287 2233
86 88 7484 3269
86 89 3906 57
86 90 5386 1221
86 91 150 7450
86 92 9867 3363
86 93 4035 4468
86 94 6835 3267
86 95 4632 3637
86 96 9388 5567
86 97 6448 2002
86 98 8491 8953
86 99 2226 9746
86 100 9930 5868
87 88 134 4302
87 89 5826 8714
87 90 3473 6007
87 91 9799 1243
87 92 531 6859
87 93 3456 8581
87 94 3354 1205
87 95 3521 2980
87 96 8794 4314
87 97 7319 4066
87 98 2371 3345
87 99 4532 9157
87 100 7838 2427
88 89 3193 6644
88 90 4230 7354
88 91 6704 5478
88 92 6294 8081
88 93 5270 212
88 94 3562 4587
88 95 3105 8165
88 96 2924 136
88 97 2806 8392
88 98 3451 5918
88 99 8211 1764
88 100 5057 4078
89 90 2533 7483
89 91 7897 5969
89 92 347 9159
89 93 36 3538
89 94 4427 2169
89 95 4360 2940
89 96 5807 2465
89 97 7416 765
89 98 4236 8068
89 99 1457 9188
89 100 23 6763
90 91 1767 1545
90 92 986 2730
90 93 6452 7376
90 94 1446 4722
90 95 89 1330
90 96 237 4737
90 97 9565 801
90 98 3702 8435
90 99 4408 8979
90 100 4764 8440
91 92 9376 5407
91 93 1976 2543
91 94 7036 9951
91 95 1829 8660
91 96 8746 6458
91 97 17 8004
91 98 2397 3800
91 99 570 1654
91 100 4946 8764
92 93 9753 608
92 94 4584 315
92 95 3391 4093
92 96 8388 2610
92 97 752 6321
92 98 5176 3448
92 99 8321 3471
92 100 9397 2953
93 94 786 3028
93 95 3583 4502
93 96 5100 8114
93 97 4410 2922
93 98 4166 8978
93 99 8715 2704
93 100 6007 8158
94 95 872 2442
94 96 3341 4267
94 97 8710 4700
94 98 4206 3805
94 99 1805 9381
94 100 5530 4906
95 96 7100 590
95 97 319 8264
95 98 2702 7598
95 99 4786 6195
95 100 6961 9506
96 97 3810 7013
96 98 9247 7677
96 99 6065 7713
96 100 7125 7167
97 98 4552 8124
97 99 8076 2495
97 100 4756 2818
98 99 5369 933
98 100 7138 8572
99 100 1593 3490
