100 2532
9006 1343 5487 4702 5212 9192 1098 5896 8773 3483 8311 1574 6233 2375 7895 8274 2352 8474 5012 8266 744 4812 587 8843 8919 1150 5909 2630 3430 8460 6332 7914 7836 1368 7597 8282 4463 3952 4013 2999 3198 2891 8137 2230 1893 3107 2946 2706 2693 517 8986 6809 2987 6617 4426 5361 9258 2173 3992 7829 8017 9056 6891 2574 2580 8622 3811 3176 1559 6483 2373 2133 1898 7863 22 2566 9019 3884 2997 73 8567 943 6155 676 1613 8437 1538 4530 407 5963 5571 2612 425 2382 7514 4083 8174 4773 305 4991
67 29 3084 3740
70 39 8143 6587
29 70 9456 9511
97 100 3470 3020
97 71 724 9710
70 97 8769 4201
47 53 4407 8559
53 99 2646 7085
83 48 6531 1340
83 93 7999 9384
47 83 3670 690
97 99 1739 268
74 81 4892 13
74 86 4375 8080
52 35 4243 1860
35 16 4084 9525
81 52 4895 7430
92 33 5531 1737
92 94 8537 6265
63 40 427 6141
40 31 9712 738
94 63 6817 7300
52 94 5237 7126
53 52 5081 3879
20 82 7262 5755
79 22 9974 3315
20 79 1417 4130
55 21 3512 1496
55 69 4643 7212
82 69 9247 7492
37 5 9738 2819
37 73 649 7179
96 19 8333 8831
96 54 5705 5104
5 96 3891 513
69 19 5365 9891
38 2 1867 5519
38 45 260 550
7 10 582 8437
7 44 4652 3393
2 44 9646 565
64 65 7575 8258
65 84 6890 9490
89 66 5580 7757
89 26 7997 621
65 89 2984 4660
2 64 3202 1720
96 26 8787 8950
99 21 6493 45
90 88 343 9048
77 50 4130 592
88 50 2639 5540
15 23 2053 153
15 98 288 182
77 15 282 2080
34 51 129 6633
34 46 1404 2559
91 85 9602 6477
91 72 1917 8815
34 85 2431 1144
15 72 1323 3819
59 9 6657 8739
9 32 9487 8813
68 18 3106 8043
68 49 7908 1120
59 68 3150 3889
27 58 2159 7786
58 8 2853 5893
25 43 7636 542
25 28 931 6732
58 28 980 6105
49 43 616 7537
88 58 3778 5287
14 30 14 4583
11 13 4426 715
30 11 8011 7759
56 62 2226 2774
62 76 7287 3539
13 76 7684 2194
41 36 8109 9836
41 60 534 9766
4 17 8201 2348
17 42 1394 3205
41 4 7215 735
56 36 6844 2201
78 57 2160 7835
78 95 4259 9499
12 61 6286 6550
12 1 1498 4387
57 1 5095 3194
3 75 4845 4878
3 87 9490 6779
6 80 20 3311
6 24 6212 3828
87 80 7384 3087
61 80 2888 7208
60 12 7830 6190
88 30 2768 3744
22 51 5362 5040
34 92 2480 9200
39 54 8303 7293
4 63 7553 6058
29 45 8937 5952
61 79 4636 1920
83 99 7691 4346
6 33 4569 9840
20 34 9545 3022
33 41 1962 7168
65 78 8472 2239
23 46 2998 7504
30 32 7395 7275
6 32 1595 8422
7 92 3890 1529
63 68 4641 3397
51 99 9852 4313
35 98 6160 8291
35 97 1941 8515
28 52 2917 8744
80 95 31 9439
20 97 9098 7853
25 40 3751 825
75 87 5508 8479
30 35 6883 9342
32 40 457 6058
2 50 5546 544
3 46 9820 1292
91 97 3218 8373
26 30 6182 7349
2 23 1832 6582
38 98 5754 8122
57 99 5047 6374
13 86 7938 1805
79 91 1232 4791
12 19 8549 182
7 97 4781 6792
24 34 8075 4530
16 80 362 7837
77 86 7638 8439
32 98 5060 3332
47 71 1118 8556
88 97 7481 3190
8 61 2006 5691
9 69 8349 310
63 82 870 7222
2 88 5352 300
44 68 5341 749
1 35 9358 2298
83 86 1998 7473
84 99 6078 3158
13 26 2306 2813
7 25 8588 7674
62 67 3749 466
43 90 5639 5876
87 99 9551 5553
3 54 3385 5607
6 46 9435 2275
41 100 144 9174
11 86 5831 400
70 98 7735 7950
42 50 9136 9476
52 80 723 4838
29 53 4635 6617
60 96 5408 8096
57 64 3012 3293
55 77 6 9208
24 74 3642 4368
64 80 1053 136
21 73 8923 7593
18 22 4271 2699
49 65 5224 3904
22 44 2562 7187
19 89 361 7986
49 67 1256 8798
7 9 733 9810
11 69 5552 8236
13 40 8728 7021
85 96 2631 1963
62 91 8013 4955
33 55 1709 9626
37 71 1818 3855
59 92 568 8082
21 29 6620 4899
46 50 5185 3524
24 29 8214 5181
21 63 91 6758
59 85 2764 9698
4 34 5145 2939
32 79 278 912
37 53 8639 37
6 79 9006 6001
11 32 3449 5073
8 51 304 9718
60 89 5224 8122
38 40 3794 1842
1 84 1465 2969
33 34 3450 391
16 43 8152 3378
72 85 4553 8790
12 16 1412 7498
77 100 4772 1025
74 85 3543 1490
29 30 8797 2327
56 86 3415 8251
34 77 9958 3613
58 72 7798 6174
29 63 7661 8912
43 54 2464 8314
47 73 5241 7003
7 38 4531 9365
25 65 8002 1235
1 88 7239 2108
52 88 4140 7261
21 66 13 5426
12 85 8687 2854
44 49 7139 6547
14 56 2539 666
20 66 3909 3686
7 83 8725 2451
69 75 9268 8004
61 86 5935 9818
17 85 8774 5692
47 61 4341 8016
45 48 3712 7031
42 99 595 3310
51 78 4352 9412
2 95 5753 5203
6 50 7692 1444
2 74 1816 7221
5 7 2098 6234
26 84 9089 9550
69 94 272 2100
9 44 3957 8327
5 92 7124 2869
9 54 2378 7880
71 75 3894 4251
67 79 8923 9694
38 80 6746 6842
41 88 7244 1272
54 75 2756 744
10 76 363 2117
92 96 7545 8305
86 97 6170 9777
26 38 7566 8601
78 92 6304 3961
24 89 9840 3845
25 63 3823 242
5 82 2029 4970
8 63 4692 8021
9 77 7562 900
37 55 4192 7476
27 44 2613 5903
1 19 409 6999
3 76 5514 1217
66 67 8084 3826
64 97 3645 6828
39 68 8975 8949
18 49 5000 8413
82 88 1571 9953
4 42 6490 8295
74 78 1233 8611
41 50 7502 5974
43 81 9446 2530
2 59 1535 408
19 91 3131 2109
20 26 6321 2280
57 90 426 9675
40 56 2825 384
45 95 549 6971
49 94 755 3153
73 80 1788 1541
44 81 699 6186
51 87 7989 2831
14 43 4823 9100
37 58 9373 6223
60 87 4028 3058
12 68 2374 8243
76 95 7984 7964
56 91 5220 8004
32 54 4932 8927
12 70 6755 805
11 78 7616 6252
44 51 7804 7230
6 60 646 7977
1 37 4051 5520
37 69 4044 5804
65 87 7505 741
43 64 5528 5753
41 91 5954 7801
3 29 328 7435
44 98 3503 8631
71 73 2314 2625
58 96 1287 8181
13 56 5879 8654
8 11 6769 5197
4 32 2175 2358
33 51 8806 6441
53 78 5951 6153
3 16 1086 1348
4 57 1950 3559
11 50 9453 9160
15 49 5875 8
10 54 4232 1488
32 91 9025 3858
18 30 5712 4007
21 91 6834 9856
12 72 6485 5560
27 59 6519 5065
66 69 9400 3175
54 76 4085 1022
8 90 2388 5391
43 45 8818 4164
13 16 5021 6266
67 89 7757 2486
59 81 3610 2945
60 83 2372 7430
33 59 1655 3876
43 94 3264 594
65 93 2252 611
16 100 3002 8411
24 51 4989 2758
51 92 4141 312
46 69 240 981
5 17 6672 4115
7 43 4213 1621
19 63 9396 6516
55 84 518 8590
43 72 4370 2837
58 90 7157 3400
5 57 730 6506
66 82 513 5722
23 79 8338 3519
52 63 3426 3616
34 73 6509 7002
74 84 6206 2228
4 89 8065 6271
84 90 9251 5194
13 72 7448 4488
36 98 9442 2291
67 71 7539 1982
32 52 120 2266
53 88 6241 1191
9 15 4348 2867
49 91 9810 1496
70 88 3931 2707
18 28 7168 857
12 59 3357 5521
22 80 9988 4941
1 41 3656 4534
20 69 4942 6695
29 80 734 3108
43 44 3493 807
4 71 8460 794
18 31 7720 1687
18 38 4973 7943
64 88 870 3913
55 78 476 1048
6 54 9141 4858
2 60 7277 4952
50 71 6591 8544
36 60 6042 4337
30 86 8414 3332
39 61 1316 6177
3 97 2289 1025
5 51 5492 3603
15 25 9194 9431
27 72 3682 7894
36 45 9746 2604
75 86 5570 2061
27 82 2961 9489
44 78 4844 2237
16 37 8961 6496
46 55 5656 8409
32 99 630 6005
16 71 8943 990
47 57 1199 1245
69 70 8514 1192
3 57 5262 7319
4 62 6201 9379
10 49 4629 206
11 84 1079 6701
2 30 5572 4988
84 100 4459 8244
37 76 653 7616
11 33 7242 4923
58 79 1489 6614
7 100 5153 2703
33 96 5498 8475
31 65 963 2309
5 58 8133 5227
39 67 3856 5523
64 90 3582 1323
6 19 9673 5587
27 46 6309 3704
15 50 1714 1817
55 73 6605 6684
84 86 557 9103
31 100 6312 1012
73 90 5306 5014
52 77 5532 4809
46 58 4205 6981
21 53 8448 1046
33 86 6069 9759
28 93 9071 468
32 95 2628 4511
21 35 3385 8850
56 57 4673 9862
55 71 7841 2169
38 76 4884 8742
23 69 22 884
40 71 7564 5377
5 93 7111 161
63 73 9040 2860
14 96 4254 3798
10 60 2914 3174
68 78 4607 8110
4 22 9258 4248
72 73 2867 4812
66 86 9885 3203
17 83 6720 1648
71 74 5297 7462
51 62 5351 2531
35 72 1610 8829
45 93 5139 8283
52 66 7227 784
8 49 9872 4641
3 40 481 989
16 60 8590 1473
53 63 7624 4073
61 66 6054 5360
24 62 6098 3003
61 84 2088 208
69 72 3289 8516
30 73 2481 7960
72 93 9335 9422
43 74 1282 6770
28 63 6836 9917
10 93 7156 9129
10 86 4908 2554
29 57 8622 5246
10 56 6631 6235
46 61 4839 2383
67 93 2993 5498
10 55 3773 1808
57 92 9327 6644
15 61 3446 5429
12 62 8632 7338
55 75 3618 8377
26 85 9988 4794
12 21 4111 7272
6 89 4461 7360
26 62 854 8759
92 95 1716 1231
65 66 9988 2143
77 83 9534 2047
50 73 439 4105
26 54 1914 959
37 90 6489 8576
29 87 1543 5717
81 90 8216 4611
46 47 4623 5517
4 51 220 7981
13 88 5367 4383
17 100 4404 2778
29 49 1089 8384
29 36 7122 5089
54 95 5855 4381
19 100 8918 6313
24 42 7337 1705
38 86 4630 9268
14 36 4182 3579
60 63 4695 3428
6 26 4503 4174
32 41 3982 9685
4 77 7949 628
56 74 6539 153
23 52 3278 5649
42 93 5330 3255
2 4 1259 91
80 81 6037 5840
30 77 2160 1671
76 77 4959 3102
7 71 2686 313
50 51 4565 2989
36 76 4598 4209
42 45 7127 1293
60 84 9054 8082
10 21 9538 2879
48 51 9415 1789
13 66 5243 7998
4 93 92 2781
68 95 1023 4630
8 17 3216 1689
7 34 1613 6780
19 65 2514 5470
13 61 8996 7047
24 79 8001 313
76 94 4490 358
64 74 9889 83
8 35 9827 7900
73 74 1899 9624
55 100 7163 6431
8 70 3072 5823
8 80 631 1172
2 52 4501 4471
7 36 6532 5235
63 90 7614 4397
30 81 8007 6367
16 69 6234 6617
31 99 4306 748
37 47 9035 8248
6 28 4308 9688
36 84 2159 9569
34 36 8467 5414
46 87 8011 6274
89 92 2903 5894
71 99 883 4905
19 51 4420 7925
13 29 966 5334
77 88 8765 460
43 50 4272 2501
52 59 1565 9558
18 46 3599 6101
21 93 8796 7399
44 71 9026 3412
67 90 8003 1410
65 96 9174 2920
12 45 3340 1287
12 88 2278 1266
63 95 1536 7864
42 47 9607 52
22 41 8075 142
7 81 4066 7557
62 72 2849 7260
1 31 2916 9069
27 47 8949 5435
67 72 9329 4025
24 72 5505 1287
28 49 7440 7213
68 72 6000 1535
62 86 4810 3024
27 77 9720 5667
67 87 7068 5060
67 95 4789 2958
89 99 1347 6714
65 95 3766 1376
40 99 6683 843
58 92 1708 9320
49 53 8044 4802
22 40 8417 7803
21 48 5044 4580
1 48 6304 753
4 15 5638 783
65 76 4350 1499
12 74 1676 5149
78 93 9702 3292
62 71 318 1538
68 84 9876 710
23 40 6624 3502
47 89 1701 6765
36 47 4711 4024
20 64 2127 3674
16 87 3385 6315
5 84 4941 3730
48 52 6642 1985
33 85 4498 4198
21 33 1934 8435
35 99 8650 5358
4 69 8021 8647
65 81 7788 2358
49 76 3797 2210
63 80 4732 5503
30 93 3496 5595
61 91 1985 7032
45 57 779 7095
42 89 5078 3668
52 65 9894 3246
11 56 2704 9133
5 67 3776 4335
38 54 2089 1198
49 86 511 382
1 97 8930 1018
7 53 541 7818
7 50 7857 1616
29 72 967 1346
1 79 4802 5392
12 18 5257 5578
8 45 9110 5542
54 79 751 5173
34 68 1220 3576
2 25 4225 7768
45 46 1168 2703
7 35 2207 9454
10 36 7022 6403
33 36 5153 6541
41 69 7379 5000
9 97 7799 417
10 87 3584 5088
14 21 1367 5948
63 85 714 5301
38 78 456 2630
2 100 277 5961
27 93 4346 9970
86 94 9543 9131
1 30 9729 6566
33 79 8027 5232
15 80 1913 7256
68 97 8090 6592
52 57 5709 9888
57 100 4532 2136
9 52 86 6317
8 94 4693 1131
49 61 6599 8733
30 79 7881 2955
86 90 6907 4287
25 80 2866 4320
59 78 4928 6059
49 99 2312 6027
12 30 5600 4636
19 85 756 2046
48 50 8429 517
22 91 7020 2205
30 91 2573 2806
66 94 5272 5676
27 75 5328 9632
85 93 3685 2383
14 50 6936 1790
90 96 206 8567
79 96 5920 9549
15 30 1371 4896
47 69 5544 1059
27 57 2248 9729
30 96 5711 7380
36 64 3352 1925
69 87 1495 4435
19 99 5013 5733
8 79 9903 8277
22 82 7917 3910
44 77 4802 3565
40 97 1879 6577
17 24 7719 6312
12 91 8820 444
1 83 9183 105
45 84 2699 3634
23 39 8325 436
86 87 2031 4979
77 82 2159 3118
12 79 4096 619
46 82 4446 5189
63 83 7615 2886
34 70 2309 6784
39 48 6999 1752
94 97 8877 289
39 99 9680 362
13 60 7228 6665
30 48 2053 8425
17 37 7987 2033
2 63 2138 5237
36 95 9934 1044
59 79 4486 6196
27 86 4159 6392
56 72 2957 9461
30 55 7939 4438
22 74 5279 1325
15 93 8594 5339
26 29 916 7237
59 88 8008 5584
5 25 8410 3783
37 51 5968 5231
38 83 2526 2702
54 62 811 9714
43 60 889 9453
8 87 4140 7984
92 99 6532 6589
14 20 3869 5025
64 91 5099 7442
76 96 7970 4518
46 91 6813 7786
43 88 3589 6878
63 84 2783 9403
65 85 2299 9418
75 82 6826 4360
13 20 2594 6376
11 96 2757 4634
61 64 5803 8678
12 57 9893 6012
46 78 934 4237
71 84 167 2958
20 94 4726 4086
45 80 9039 2319
19 86 2815 8966
12 25 5440 216
66 76 1468 5545
13 96 1506 1749
29 69 6296 2022
2 57 5295 2297
45 67 1045 9414
2 18 3662 3213
19 75 5298 4110
47 64 2104 5829
10 57 9883 7521
21 56 5906 8962
97 98 4145 9254
17 94 6828 4349
83 96 9812 7255
30 42 9445 239
11 75 5235 4543
25 86 6084 4561
9 86 4692 7334
67 96 9124 3416
3 79 8771 191
77 79 9778 7513
3 17 3017 1610
3 43 1468 8312
13 38 3131 3009
6 42 2936 2811
12 34 9451 2252
8 97 8055 3838
3 31 662 168
27 33 5219 6094
29 99 9521 8577
24 100 1065 9198
14 52 1321 8716
11 95 3295 597
21 81 9545 3100
1 89 6157 1588
21 76 3110 2847
12 75 9785 6034
23 96 8939 9158
15 91 451 9925
39 74 1834 6271
13 59 8290 6736
27 78 5153 7627
9 93 9107 5447
74 98 8846 4219
20 72 8075 7676
11 25 751 5911
80 91 416 7020
40 50 6401 8192
21 64 8248 998
1 32 2034 5411
59 80 7351 1387
18 100 9834 4187
54 94 5917 1365
35 90 1949 3733
51 69 768 7114
30 66 384 5904
82 87 9041 4921
39 46 6889 8149
38 67 8456 5067
12 17 6644 3796
28 65 1471 4224
31 78 6772 6314
31 80 2932 7610
8 100 1074 7375
91 99 1350 7733
4 33 2227 6313
63 76 1566 5833
45 76 5931 2615
12 93 142 3670
7 66 8659 4928
67 74 8812 8550
25 81 4072 8419
33 70 1150 5997
6 27 8299 5134
20 92 9926 9099
70 94 4896 7704
10 85 6145 9749
72 79 6024 2471
75 99 7542 8106
21 82 7981 7475
14 35 8630 7953
28 33 9047 7377
67 81 9940 652
6 53 4991 8577
68 94 3057 2690
34 50 2870 2478
5 32 2591 1920
59 61 6583 5346
55 88 3278 9306
16 61 9044 9866
93 96 5641 4365
2 36 7986 1367
26 82 8768 2871
13 87 8840 647
39 66 9681 6694
14 62 3002 6487
5 72 9145 8886
52 84 1568 9078
52 91 4825 646
14 64 5066 2292
46 74 3649 9900
10 67 4075 688
16 92 1172 8970
38 62 9258 3228
6 69 8003 7038
15 28 6031 9686
54 87 3871 4655
1 44 9860 607
13 22 2409 5875
11 42 188 5111
64 81 3332 5995
6 31 3079 612
78 83 205 9380
45 64 6145 6262
13 58 7061 4719
20 56 3475 79
18 93 5826 5701
27 89 3190 6784
62 79 9135 1584
21 72 7960 6048
30 60 9457 1449
51 74 2999 8083
13 42 9699 998
17 23 3069 6087
9 63 2484 9942
64 66 9577 181
10 84 8996 9321
15 52 9391 4644
88 98 5370 9775
75 83 3737 738
27 99 3981 2286
23 55 6800 8862
7 60 4242 207
88 96 7382 8163
20 30 1055 9617
32 57 4136 2496
5 65 6159 5507
63 77 4588 7160
4 100 9840 1296
50 70 8898 2405
8 29 1207 8735
24 75 5438 6197
50 79 638 1796
39 52 8704 269
23 45 8587 4693
19 22 7078 313
69 85 765 3213
23 91 8737 1344
81 97 2389 2271
17 68 4839 3592
61 76 1556 4186
76 97 6720 3777
61 68 4151 6889
9 73 3129 7214
83 94 1044 8813
42 48 2835 9138
11 90 7838 7065
30 76 6897 6232
14 76 8542 3572
11 55 9346 360
13 62 743 3756
13 81 274 8870
50 95 5409 203
37 94 3849 7406
32 55 892 1513
10 89 9502 666
2 34 3155 9484
6 36 5259 2183
74 88 9841 8317
46 92 2001 2731
25 88 5702 3707
23 64 743 1887
20 87 3054 6305
34 61 2049 9212
22 31 4746 9061
91 92 8057 7303
22 67 902 4935
70 71 9898 9794
6 14 7005 1476
55 91 834 5641
41 53 4796 954
5 33 3666 4494
17 51 3745 5079
18 98 9008 7972
73 92 6455 9063
24 50 1632 4428
51 94 7293 3601
3 85 1207 1113
1 99 3519 4034
74 89 289 6214
51 100 179 140
57 89 5997 9705
91 98 3804 9275
10 99 2966 2628
33 39 7227 1386
22 56 1357 7552
37 82 4879 8845
9 70 4181 9085
54 100 9119 5308
15 40 2384 8687
3 7 3410 1530
43 80 7117 2557
13 85 1661 3508
11 98 4573 9754
43 77 3772 2323
5 11 1647 3765
33 45 9678 3649
44 64 7614 6668
32 38 2957 2760
50 97 5238 9181
59 87 6897 4329
14 58 7517 7150
52 71 5467 2107
39 82 2395 2297
74 94 62 232
52 90 4906 6471
28 55 8120 2486
12 41 9224 5601
63 64 923 7
31 55 9023 8814
49 83 273 9560
44 86 9153 5091
8 78 1307 4180
15 97 1089 3278
64 99 2436 7730
56 88 6273 2414
58 76 8695 6955
2 17 5319 7142
32 90 1871 8093
73 99 7638 2150
68 76 8034 6926
10 70 8548 9769
53 65 239 5103
25 94 6747 2799
25 29 7556 3348
8 12 3745 4517
28 72 6968 5906
9 85 8034 7604
16 23 3476 7755
29 43 7018 4859
70 90 3091 6481
38 74 8916 5456
53 68 8642 3004
56 69 3983 5654
7 14 588 9097
20 71 1519 6385
1 65 6632 8115
2 86 552 8043
66 80 5908 2469
44 67 476 2608
25 96 1809 2186
56 64 5 8420
7 98 8031 7738
47 63 8532 432
4 39 859 8260
62 90 8374 4975
7 85 3262 8155
11 57 7267 4784
16 59 5276 4206
31 38 506 4850
58 81 9310 6447
4 94 7846 1648
69 77 5077 316
54 73 3178 5738
87 93 9056 8254
19 83 5335 8679
92 98 1783 3530
28 98 5746 8120
6 95 9881 9402
21 22 2938 7119
26 88 2208 5572
7 56 9098 5553
8 65 7016 8828
19 20 2012 2918
32 73 5942 3164
42 96 4618 7849
48 72 6415 8625
5 68 2794 8822
24 59 6169 9171
50 72 6766 1168
53 93 3909 7401
20 77 1849 8161
2 68 8373 2612
56 84 7099 7585
36 93 8589 8415
22 72 397 736
23 61 5822 5930
71 80 254 8721
54 92 978 5108
44 57 1548 945
75 76 29 9616
25 83 9445 2478
17 54 7925 165
53 76 2384 4789
89 90 7515 4897
6 20 3349 6949
31 52 2608 6671
30 64 4190 3274
46 100 6435 7034
10 27 7028 8782
15 92 5635 4874
3 70 1082 4172
39 49 2539 439
32 58 8724 6836
80 88 906 4844
24 55 7813 8102
38 68 594 7052
53 70 11 6838
4 45 5177 5708
25 82 4120 8398
20 43 1768 2587
3 55 7408 9595
31 88 3271 9820
25 95 8152 2859
6 9 9874 1383
20 80 902 9999
17 26 661 8891
23 98 3106 3093
98 99 838 6557
58 94 2877 3045
70 87 5783 5845
82 93 6960 5293
53 75 6693 2999
48 76 2018 5442
25 53 5308 8899
18 39 8407 2262
30 31 2614 4567
9 74 7095 7054
39 93 3622 8416
33 43 4372 9810
11 64 6623 2364
38 77 1668 1341
3 98 872 2961
58 86 1091 1284
69 84 5866 3258
22 68 4131 7128
12 23 7606 1192
6 21 9274 1261
42 81 4454 9030
71 82 6212 6372
38 42 7812 9834
38 44 8092 1490
20 51 3630 2211
15 19 5475 4062
76 82 5124 327
19 52 7192 5119
23 81 9903 2375
41 42 2487 6950
30 90 8685 4565
41 70 4795 817
60 99 66 4143
3 96 7921 4970
4 90 6004 4371
37 85 9047 6809
27 34 9973 1155
3 39 8945 2715
43 73 769 6345
27 100 1603 1707
36 69 6299 2809
25 51 6759 3795
26 32 8140 8765
1 43 2422 3700
2 37 3356 4692
68 83 636 1032
52 100 139 281
23 87 8787 6101
14 17 1611 3056
5 24 8434 7587
6 30 7845 1286
4 61 637 219
10 78 1145 3067
55 79 7102 1958
21 77 1328 3050
17 93 6047 1121
27 52 1990 662
86 88 4206 5092
5 79 1107 31
63 93 3951 3836
26 87 3597 6916
22 70 9398 1856
26 74 1424 1144
37 74 2378 8794
1 45 916 5442
35 74 3696 3675
62 78 5632 1089
9 34 9680 3427
47 68 4836 1884
36 85 6788 5379
67 75 9309 7017
53 89 4080 6670
43 65 8535 7853
10 79 8205 4585
28 71 2532 3888
9 71 5612 6546
3 30 8207 2131
74 79 7689 6782
12 22 1264 2761
32 68 7517 6988
45 69 622 3445
11 39 9261 3136
11 72 6077 9880
23 89 241 7424
13 100 1701 7340
1 70 3638 354
14 41 8450 7736
31 70 8254 7238
95 98 2028 1529
18 25 4951 3149
48 56 6844 4693
76 100 9344 818
49 98 1921 3265
16 34 6598 9942
19 87 1944 2413
9 16 3752 6869
10 20 348 7840
9 67 1639 1950
12 55 9708 349
2 91 3120 5127
35 49 1435 1433
40 59 2822 2299
22 45 5143 8032
34 56 273 1328
7 64 6791 912
49 78 9797 4923
18 92 2833 7470
65 77 2151 3445
21 61 3402 3786
67 97 2471 1461
23 74 6590 5516
77 80 1912 5612
52 89 8057 8979
33 50 9849 6150
48 66 9767 7598
2 21 5099 7956
51 53 3935 3356
31 75 1075 4281
22 63 8854 405
45 90 1721 4157
63 99 8617 6932
34 59 8930 5508
34 45 1638 325
17 64 5305 3164
30 78 2636 6493
29 39 1704 9276
77 89 5599 5751
60 75 9796 2541
4 59 4927 3225
29 59 5006 104
78 96 2051 5773
38 96 9673 579
16 54 4118 2931
2 26 4348 9281
65 86 5010 6179
51 98 3005 5281
76 84 8486 6259
24 41 2446 6482
31 64 5553 538
42 85 4456 9191
15 99 6066 1860
21 39 3010 8195
66 74 1216 6043
33 78 9232 1217
25 38 6904 5106
45 82 6871 9742
9 81 8997 1361
36 92 9988 9275
35 54 1078 8289
12 47 5379 5803
6 88 1829 9322
44 74 280 6444
23 85 8773 3949
81 94 3576 2165
4 46 8259 7979
52 76 8238 5451
9 19 9898 4586
1 26 2431 8612
74 99 7665 3165
11 52 1546 7810
37 45 2371 437
80 83 9611 3429
51 83 2781 5262
13 34 4243 1505
5 59 1600 6801
35 44 9464 3631
7 17 5488 1893
78 87 4298 320
44 72 2116 9181
22 52 3546 6236
50 57 1388 2626
51 93 526 3654
14 59 8869 9140
57 84 1006 694
29 42 1732 2546
53 96 321 1334
30 47 2999 4974
11 53 1063 4739
19 45 5956 8062
13 17 2791 1079
31 54 5597 5775
23 44 3206 7101
49 71 3345 6662
54 81 7517 7354
12 90 1361 5812
68 99 5497 1207
44 53 670 7092
3 71 4636 5310
84 88 3547 4667
80 85 8054 8123
24 49 8225 4329
26 95 8815 1911
31 46 9575 3685
23 57 8944 4851
25 64 5900 6581
90 92 1712 6584
32 49 295 9616
40 93 9256 5998
28 54 8836 8799
16 17 9266 573
60 68 5509 2504
19 59 5544 3609
79 86 4381 1165
90 94 2888 7326
19 25 4868 2853
81 96 4887 9196
37 80 3690 1601
28 59 6043 571
17 21 9964 9213
25 49 8561 283
40 87 5011 5389
41 97 62 7194
62 94 1277 9352
45 86 8234 9153
20 62 1422 2919
60 61 4251 5446
8 38 9385 547
4 65 3271 9853
6 43 6113 4678
28 90 317 435
49 82 1390 1670
58 67 5909 6668
8 41 458 8122
67 70 1252 1880
12 27 3731 2569
24 97 6500 9303
9 30 7642 6173
17 28 3082 8875
34 71 4696 545
30 71 1465 5538
36 40 6948 5175
24 45 1969 1970
14 84 604 6285
40 88 7677 8855
20 28 3565 1210
33 94 4784 3627
25 92 8714 1269
15 21 9890 2210
44 94 8006 9525
51 58 7702 957
20 78 534 8746
26 34 1407 7241
6 82 4400 9250
70 81 7102 8734
31 89 3506 5799
27 80 3930 4973
16 89 5350 807
65 68 8461 805
21 60 4334 9350
63 88 8168 8922
42 95 7199 4151
84 85 5318 963
66 79 2053 4548
10 96 2070 5504
76 83 1410 9165
30 70 4592 597
32 48 6275 5898
55 70 4496 9071
35 75 3426 1501
23 62 9018 6137
15 83 329 6707
20 47 7154 2926
28 97 3747 1
42 64 4408 5539
41 80 7235 5297
35 78 2587 5
35 82 2640 2994
51 59 8882 1731
14 95 3138 2099
75 95 4379 6361
58 61 3990 9031
27 31 3308 4300
7 74 2247 8060
4 26 9954 7415
45 58 2183 668
9 68 4373 2562
23 67 2858 2220
79 83 4452 707
44 88 1112 5012
56 78 7161 772
73 95 2541 8962
55 94 2428 3590
7 91 7139 4943
26 31 899 31
34 100 5664 8813
56 71 5703 9677
36 100 6484 394
5 23 1248 193
3 68 6591 4711
66 83 175 8576
51 63 9140 8080
11 62 7999 9318
51 57 5809 630
53 100 3219 7001
25 69 1230 945
83 89 416 3516
31 73 9447 7595
31 36 4202 6589
56 82 125 5724
8 52 9090 7809
38 73 8997 6336
29 98 9881 5729
65 90 2260 8515
68 91 7967 6579
72 92 9495 1167
44 61 1336 6953
1 58 4099 6301
7 13 8362 3139
10 69 5155 8256
91 94 8319 1616
37 49 7153 5123
4 13 5185 3093
9 57 6843 4528
4 30 7377 3098
18 20 4595 8252
73 91 6934 716
17 96 7896 6999
16 48 6517 4197
54 80 7210 9434
22 84 2376 8167
63 79 3028 4317
25 97 8035 2278
72 94 2541 6416
65 97 2850 8469
19 71 125 2091
34 66 7613 5665
40 44 3962 8599
3 47 3943 2062
63 70 2530 4418
83 92 9024 6337
38 56 8941 6819
7 49 9673 288
43 70 2185 7702
48 85 2215 2120
27 96 1375 2606
43 66 795 8012
6 38 3404 3590
15 44 1219 6713
28 42 6173 9037
7 96 1849 3655
34 90 688 6760
4 8 8406 7528
35 95 88 2866
41 84 2622 4084
16 70 6257 2435
38 57 760 8547
2 35 5021 8777
8 14 4795 7528
47 56 4498 3181
2 99 7218 3000
46 84 994 3402
48 60 2805 9399
41 55 6201 4780
12 38 1805 9700
40 74 7009 1928
38 66 8129 6756
32 53 2483 4885
6 65 543 744
90 98 5403 2829
8 60 7433 2538
7 62 7840 3374
66 81 5181 2294
19 97 7630 9601
54 58 3931 2013
41 73 1579 7592
36 99 4909 6455
17 48 3600 3041
42 100 9505 8074
10 50 823 4568
35 46 9790 7253
78 94 8723 7160
96 100 3198 7310
43 56 3607 3169
69 89 5124 4786
36 38 7886 9631
40 90 5612 3881
41 77 8094 1616
29 93 8943 7376
18 72 5255 9545
37 75 5748 3536
67 80 8001 1017
27 42 9853 2375
15 38 4275 6443
2 46 1675 4584
10 97 9493 6775
18 73 3575 7834
16 64 7056 2600
3 45 8786 1233
34 63 9722 6655
31 42 7444 1493
1 67 3418 5498
21 32 4217 3792
4 58 5953 8605
44 60 2163 4793
42 54 631 9883
49 84 4737 9436
36 94 9997 3918
50 91 8062 4331
78 91 5108 9313
40 46 9823 8283
49 72 892 3487
52 95 6111 2137
53 97 9720 8328
20 95 5736 270
20 35 8612 8619
9 50 3059 3431
53 81 7923 2859
5 89 8701 31
62 84 6102 5037
32 45 105 5257
49 74 6139 5037
9 27 8040 8756
25 98 5022 7822
47 62 360 54
51 52 3163 2231
60 91 4344 8869
79 94 6531 2772
51 66 9772 2119
79 93 4256 3623
29 90 7050 2319
14 68 807 1449
5 22 8050 9337
29 94 8688 4608
22 59 7365 9927
66 87 568 9541
72 98 743 3729
46 99 8030 9038
47 50 2405 4265
49 52 77 5608
28 86 6966 2942
62 69 2371 1784
10 47 5050 585
25 39 1424 9162
2 61 2592 5245
24 60 1303 9152
13 21 1767 8309
33 76 6195 8123
4 99 3699 562
32 85 8768 8977
40 70 407 2535
48 94 1048 5264
8 69 1361 4164
26 60 4942 1450
29 35 6516 2103
76 86 8030 719
16 91 1399 8575
64 96 5464 4976
22 94 7958 9422
57 97 3772 6254
21 50 7455 3481
8 48 8816 9577
11 20 9066 9221
54 99 5127 59
25 70 212 2382
21 96 2749 6575
55 96 8171 1439
18 52 4833 5837
4 21 9603 3303
3 52 5736 6348
8 39 9869 9508
6 16 6820 2660
40 81 6903 9635
19 88 9092 5848
71 89 763 9497
47 58 7663 5065
20 48 3258 6328
51 81 4470 6181
24 69 3414 2128
56 97 13 3513
58 63 4097 8005
27 79 7835 5194
38 50 1361 4256
72 95 5133 6133
14 71 4872 5357
20 73 7022 4095
36 46 7376 3776
31 83 2482 4157
62 89 3211 343
60 81 9823 7932
21 51 6397 2850
23 90 2499 2389
10 90 8853 8666
40 77 3722 1130
5 34 6116 9346
29 44 6318 94
34 84 3720 9245
54 84 8072 4374
27 56 9604 7149
76 92 7013 6936
23 49 2949 8443
5 54 6194 2718
11 82 2059 1915
23 29 3439 4014
5 62 4748 9919
9 36 3880 3710
38 59 4360 8930
32 59 2744 4293
28 47 546 4376
5 56 248 7136
8 71 5917 5046
28 36 1664 2093
28 46 4858 8737
4 91 6074 4385
15 68 9551 2780
10 63 9375 4830
53 73 3371 4738
3 78 903 9849
24 52 1340 7824
58 82 3616 1688
50 74 1555 1942
6 52 2920 4852
56 66 3066 601
1 98 3838 8809
60 85 992 4300
65 91 1793 5921
5 69 810 429
25 34 2846 1756
22 75 8627 6462
41 62 7060 1222
61 92 1615 4457
32 78 5256 1328
61 77 5037 2309
7 61 6845 7904
41 43 2964 8454
33 64 7497 9113
34 75 6461 5924
71 90 6670 8618
38 89 6838 3645
11 85 2985 4393
5 18 276 4232
87 92 3419 1678
9 12 6258 7877
34 80 8333 5687
45 94 5822 670
65 74 4672 2143
56 67 7958 7412
61 83 938 8401
32 39 3686 970
33 38 1078 566
34 57 4688 2885
48 63 1062 3133
43 55 7291 4513
46 83 8087 3937
70 77 8763 6180
9 80 397 9557
27 81 8163 8122
46 94 4404 356
2 27 4315 7960
18 88 4059 6579
18 78 1056 7296
50 83 5960 9448
2 6 4199 8641
24 98 8483 3236
73 83 6247 1046
24 54 3054 7821
56 80 9903 4574
33 77 7514 2493
17 52 6102 864
73 93 4671 330
17 98 195 8628
45 73 928 1949
21 79 1511 8660
60 64 6092 3796
61 85 4434 2845
4 7 6665 9505
31 66 388 4430
53 61 2044 8722
61 63 721 8556
50 92 2573 8549
55 60 9614 768
20 23 9867 2385
51 84 1016 1064
70 95 8980 5358
46 54 1930 5059
25 44 6342 4003
29 31 452 8324
28 75 1431 4193
48 73 8945 5758
37 93 4480 7439
45 96 8176 6171
10 13 7764 6551
50 82 3264 5224
10 15 5172 4502
38 88 4146 2631
55 81 2768 6389
5 53 9049 3694
63 86 2423 1679
7 31 786 167
47 77 9723 812
14 78 7204 1055
43 67 215 4361
66 98 4205 7500
22 66 7947 9085
9 10 2850 3080
47 70 5367 2695
96 97 4370 2198
16 27 4636 5100
31 82 9098 6351
52 93 1766 8382
58 97 7485 3778
17 56 4317 5201
32 43 8303 7304
47 94 9408 2996
11 48 6815 803
4 83 9041 9639
3 9 3873 5206
30 36 8755 9013
1 52 2503 350
56 94 4684 8463
59 100 1550 8617
45 88 7718 1283
47 91 4000 4968
17 79 1527 4523
23 41 8915 430
17 80 7726 9270
33 93 8415 6341
9 46 6536 3194
59 90 1172 728
11 34 578 4924
14 55 9049 2669
12 80 4768 8716
27 54 2330 6728
29 34 6736 1636
10 68 9678 7400
23 75 7231 5541
24 46 1169 68
61 78 4190 8198
16 93 3697 9025
26 69 6465 1653
35 83 6842 1536
5 49 1717 316
4 97 6177 2820
41 78 1418 3685
38 46 6660 1129
82 85 4607 7140
28 61 1824 5124
3 95 2382 5871
13 82 5349 6250
23 37 9093 9984
41 54 866 2898
52 58 6532 6580
28 69 5367 7271
6 23 1096 9729
30 52 1570 7644
43 78 6549 303
29 100 9375 2756
11 19 6196 1822
41 44 852 1457
16 56 2614 5434
65 99 1031 9606
5 28 9236 1344
14 69 4781 3956
18 50 8655 730
41 57 8821 1099
21 92 2231 8659
2 9 842 722
6 76 3157 3342
47 81 1349 4384
65 67 5025 9793
28 29 1070 2619
55 97 1695 3452
7 94 8124 4880
78 98 9638 8416
74 80 1193 955
28 53 6579 87
4 31 7579 6208
77 92 5452 1227
23 53 9066 8379
28 84 97 2865
29 51 1863 4625
50 75 7805 2315
35 100 5695 3926
43 76 4388 9714
56 76 402 6141
46 67 9192 2172
13 50 3154 9029
46 59 9990 7129
70 74 6894 863
76 88 5655 9456
16 30 3936 5358
5 61 519 2378
58 66 6113 4090
43 96 9951 3664
55 95 1262 2933
11 17 1931 9121
5 20 4095 6842
2 20 7080 1108
41 76 6569 3589
33 66 1083 1145
81 100 2856 5524
75 81 1928 970
16 62 5537 5114
35 93 5013 4705
65 100 6956 3936
33 35 4049 6236
71 98 9268 5935
10 66 6444 8593
16 78 6669 5467
69 97 8005 1970
4 75 8795 2862
23 92 7518 7150
12 95 7676 6936
44 85 1052 9371
4 56 1566 7709
20 100 3490 6198
2 77 4099 9035
9 58 8039 679
5 73 2480 5689
4 40 8815 6276
46 96 4284 2396
43 89 9807 1246
37 72 5767 8613
20 59 818 2452
9 90 8743 2186
2 72 3410 6136
37 61 2592 4343
29 48 465 65
4 10 2360 6726
85 90 9177 1401
24 68 4987 4928
51 82 7628 8964
34 37 8768 7949
2 97 9372 9797
23 38 5456 4802
6 29 1227 6234
39 81 2939 5785
17 90 1316 2712
8 76 3301 1854
85 86 6856 6531
43 93 6076 5324
46 70 8095 9348
1 74 2724 9125
4 37 2368 4866
31 81 6074 4377
14 33 7075 4251
32 64 3753 1945
24 96 6092 7252
8 72 4568 808
19 56 7051 5531
14 51 9800 6817
49 56 2768 8798
18 69 2051 3327
21 26 4010 3830
14 91 3554 2390
6 96 7460 908
51 60 447 8848
79 89 4732 3832
27 66 8458 5582
88 93 6642 9229
91 96 9899 6605
66 88 3555 5960
54 85 7734 5107
69 80 9200 3849
49 92 7628 9374
15 41 8804 4360
21 49 3162 7921
41 83 8929 4289
55 61 926 7880
32 69 4605 8273
22 27 4363 1191
57 62 4513 583
31 90 5565 3501
48 55 2762 6161
11 88 5214 2912
17 73 5754 520
18 43 262 9579
36 90 7311 6583
9 38 5623 1160
16 50 7364 1978
17 58 6685 5614
27 49 2963 1550
40 61 7798 401
4 50 4983 8095
56 98 2902 6938
32 63 6175 9449
27 95 9319 3366
44 66 5321 6586
7 52 4887 6437
84 87 2260 1547
41 52 786 7614
25 73 9370 4515
7 22 7717 3605
87 91 5747 1908
59 89 3711 1700
2 83 2473 5900
14 100 8469 7876
37 59 6156 6267
30 98 1725 6416
23 54 242 3147
60 92 3420 9858
32 34 5544 3857
51 97 7929 2911
6 35 3049 3409
71 88 8576 6499
27 73 2075 696
35 86 5964 5756
24 43 3735 7032
21 25 408 4801
8 31 4662 8638
13 47 2669 411
18 19 6535 2165
8 47 7674 5717
42 90 5888 4130
50 58 3325 8215
32 33 437 6656
86 100 441 9384
8 59 50 3374
46 80 2943 6770
20 55 2577 8794
23 63 7715 3678
3 61 85 9612
75 96 9306 6856
40 91 853 825
33 42 3576 3097
43 91 1395 2385
9 53 2252 3288
16 19 197 6397
72 81 2406 3761
88 89 3218 5620
49 62 7499 1145
53 64 13 1390
3 92 1570 5665
6 37 7576 8874
26 81 8374 554
77 95 5561 4426
13 97 5672 3251
7 90 4185 5804
14 42 4363 7108
69 74 1478 4183
40 73 9127 3027
9 87 5591 2620
18 36 5638 4134
58 98 3468 3401
84 89 6249 3836
14 90 9534 141
25 87 3119 1538
49 90 7908 3651
30 84 5256 2668
46 73 4206 207
2 66 5439 4330
52 78 5230 4395
21 80 7523 8451
3 77 6810 2742
27 97 1156 6701
49 95 9382 9820
53 79 3159 877
32 76 3571 4193
67 82 4023 3938
9 94 7633 8939
21 31 9689 8102
41 75 1168 4238
25 76 6269 9216
53 55 3915 1208
18 67 4502 1093
66 73 9323 1723
59 96 5609 4596
16 95 6116 5609
15 58 966 8350
14 80 6155 8013
4 29 2520 3060
7 63 2206 8688
11 60 5077 4491
26 50 9055 9553
23 56 4275 1913
21 74 661 9696
2 16 6038 3305
77 97 2790 3216
1 76 903 6811
13 31 1638 1367
71 96 9499 4380
18 84 5943 6220
24 88 8401 5322
3 100 560 894
14 25 8107 4578
75 89 7382 7357
3 19 6143 9121
32 83 5561 8077
10 28 6301 5597
12 20 9680 9580
15 47 2818 6431
77 87 8835 8604
7 65 3839 534
73 96 9994 1719
50 93 361 3911
12 78 9764 2808
5 64 9471 3275
16 58 2919 3751
4 60 9373 9129
15 71 6957 302
71 83 2067 4331
3 65 1939 2337
6 61 181 2795
59 77 1665 2555
39 80 1676 5270
16 28 6625 9344
5 36 6534 6408
18 83 242 5487
21 70 9809 724
5 13 736 2132
9 61 1896 4231
24 35 3546 9204
13 28 3092 2157
16 99 9257 9632
76 87 6693 3971
61 95 7824 1711
42 52 6061 6433
2 69 6297 8390
28 92 2424 4578
28 50 1594 1696
11 15 114 2756
17 65 6390 6566
69 79 6430 2872
18 34 4090 660
47 59 5821 9431
20 96 8732 4972
32 87 3471 4858
65 72 7943 8043
63 97 9241 4569
22 89 182 803
3 35 9660 3695
1 56 4905 561
4 6 8847 1462
39 84 8176 624
23 27 1087 7314
45 52 8793 4041
30 63 8556 7393
21 84 2113 6959
90 99 8343 900
18 29 4774 5157
52 82 4038 7242
61 72 9043 5817
69 78 1356 3090
52 54 5588 6098
71 92 6325 6200
3 36 8550 5055
32 88 2059 1284
52 73 7659 6298
4 78 2171 7546
17 40 1436 3911
77 85 291 4895
32 50 6679 8396
13 32 8635 6419
36 67 9918 8042
12 51 3383 1224
57 75 3888 2707
56 70 6008 7622
69 95 4993 7490
14 19 8183 763
45 91 9461 6596
54 89 5399 2141
15 96 865 3097
15 54 1284 2320
49 88 9955 1624
51 91 8483 595
4 25 105 1207
11 35 105 3675
72 88 1252 3215
10 46 2645 5843
11 14 3833 8268
2 14 7871 2040
49 51 5673 5009
29 88 7485 7201
64 71 3973 7413
16 46 1850 7778
21 97 5488 2540
38 91 3200 1116
27 41 279 2143
26 100 9916 7247
55 58 116 4371
81 89 9076 9265
13 25 6153 2271
28 51 6131 1690
26 40 9209 818
22 48 8172 4583
42 76 7845 4900
56 87 4543 5652
39 51 1581 9763
4 81 4901 5459
74 100 4368 5571
37 43 4911 7034
24 85 1607 9239
18 77 2151 2573
74 91 4821 3111
23 71 5394 2229
48 88 7235 5286
54 65 4397 6958
68 88 5356 3889
10 17 696 5522
53 85 4859 6728
49 89 34 4950
32 67 76 4247
35 66 664 4993
28 99 557 9659
18 87 5734 5316
21 43 345 1757
11 66 1300 1350
28 39 7838 441
60 97 2934 5130
45 70 2438 214
8 18 4141 572
24 61 9569 6448
7 88 8859 8127
23 100 1840 959
1 25 3131 7352
79 99 6430 1927
6 44 3151 4900
47 79 9607 7197
44 96 1896 3404
35 70 555 8007
1 9 5207 6389
33 47 8657 4132
8 82 7630 5771
13 71 7187 1611
36 86 5119 8033
41 65 603 50
55 59 1395 5872
54 93 6346 1924
26 75 9938 2551
14 31 6377 7528
26 61 7506 586
7 37 9086 305
57 61 1046 3573
25 67 6443 3522
56 100 7101 8032
18 45 7300 7159
12 31 4015 8808
1 94 7455 6222
23 43 3668 2799
61 70 8928 2244
54 72 8929 7916
57 67 652 4607
47 48 664 9732
5 46 9366 3736
89 96 6183 3186
34 44 5517 3169
7 73 2097 5072
48 70 6274 9130
72 89 8863 2055
16 96 9822 1735
35 42 3742 5407
22 86 2577 2208
37 39 2609 3556
60 62 2082 2991
16 63 1994 366
35 61 2870 4525
8 57 5052 7368
40 45 9290 1509
13 90 7813 1536
24 95 9841 5753
56 99 6955 4964
19 79 8248 8722
22 28 1386 6696
58 69 3792 3814
32 61 1491 3172
4 85 9216 8699
5 31 4051 6757
30 54 2919 3452
13 53 5237 3431
43 71 8569 7356
39 63 5977 837
73 89 677 2082
82 94 3082 5637
27 43 9988 8668
11 87 4337 1627
44 95 3192 2135
47 74 6448 3355
31 50 3553 3480
40 41 954 7373
53 94 2790 629
51 65 298 2291
43 48 2101 5721
14 67 1076 6996
48 96 6946 6496
47 90 3880 512
16 49 6766 5517
16 65 8987 8271
6 57 6327 1964
70 80 6425 8446
3 64 8808 7259
58 65 3119 6196
7 78 3094 8088
88 91 7108 4486
37 52 1446 1954
26 93 8196 8248
56 95 4885 6100
36 70 5975 3857
81 99 3220 4436
68 96 5517 1080
67 100 8653 2798
1 3 552 8309
86 91 7026 3295
58 84 8978 2831
26 48 9535 3049
36 75 4669 1316
45 59 9460 6532
24 36 8837 8294
61 82 4798 2486
29 66 4626 3923
7 51 5771 7805
14 47 266 8832
23 65 5523 6360
11 100 9343 2639
32 56 5300 1488
39 41 482 2260
3 28 8226 2028
8 22 161 8739
28 95 7517 3322
1 5 9006 2052
28 30 9660 9935
7 15 3440 7584
24 83 1033 6213
5 6 1484 1457
44 99 1533 5238
7 32 1263 4363
25 27 6489 9262
42 61 3883 5281
20 67 975 2351
35 62 8477 9310
62 68 7275 6735
42 60 5513 446
20 91 6696 1615
2 40 7608 7551
4 72 8297 4658
2 39 5876 7181
34 39 4380 398
82 95 3089 9568
22 29 6680 2595
10 42 7687 2100
4 36 5698 2197
29 64 4216 8566
17 32 4471 6921
52 69 1340 5155
3 41 8047 6812
16 79 152 6368
94 100 5560 7905
19 81 7669 7426
8 33 4908 2516
21 75 8980 9636
42 78 2838 2203
65 94 520 1706
23 72 1677 5081
10 95 8395 8038
55 83 3285 3633
6 68 3460 5232
52 70 2915 8215
54 71 9330 6321
53 72 1785 2941
48 75 5912 7189
6 48 8217 7577
68 80 487 4045
32 100 9747 8958
34 43 5692 3345
25 48 640 2435
63 81 6898 8176
72 84 4962 5020
18 97 3699 9169
50 76 8100 1216
83 95 4127 6389
48 81 7433 1788
15 31 682 1454
42 57 3925 8562
39 92 4168 5394
71 86 1172 8117
1 77 6298 2237
60 94 6865 5960
79 80 8729 3194
38 75 8219 1586
11 97 7671 1991
36 61 2061 7904
3 21 4942 5214
34 69 9582 130
19 23 6466 6213
25 90 7065 4408
73 79 9484 5243
7 95 5270 2020
54 86 1089 5727
80 93 5578 5111
15 74 4643 2779
55 62 8494 2734
78 81 1301 7029
66 71 2454 3864
27 35 18 2452
22 69 6150 8580
48 95 4014 8974
44 52 1211 2848
55 65 4996 8572
55 98 8024 673
87 98 4973 7742
61 71 2999 3326
25 68 8181 2776
25 79 3084 7953
79 100 8041 9972
88 99 3130 968
6 18 8095 4581
3 8 4201 7135
34 79 1329 3607
32 46 3684 8071
24 67 3315 9815
41 71 4901 2940
10 12 6805 4147
3 59 4514 2852
18 75 503 6758
1 51 6737 7364
4 79 7240 4087
15 32 950 7552
27 37 4700 6903
4 43 8375 6435
6 15 5257 7634
14 86 5754 1298
35 94 4250 428
57 74 2765 5935
15 62 8051 6752
6 58 2164 165
38 63 4380 6177
56 65 4208 1507
1 20 1159 9188
11 27 4184 2374
1 95 8991 3462
30 99 8360 1084
50 68 7539 8944
14 34 5205 9354
4 87 2250 4378
24 99 857 8463
60 71 7326 4311
12 97 9621 3499
8 81 2870 1152
79 85 8095 1776
21 89 6272 343
59 70 8139 1428
62 65 4571 3193
25 100 2437 1673
26 42 1946 4344
15 67 2495 5156
45 87 9257 113
66 96 9127 5386
12 13 3258 556
17 89 6845 9184
38 52 7821 7066
9 39 1518 3536
20 27 8820 4974
12 24 4471 6308
56 60 7864 6971
12 43 4021 4111
42 43 2309 6461
2 84 6017 9086
70 100 8926 4919
37 70 8651 6145
57 91 1567 9987
98 100 2611 5215
73 81 5864 1223
41 95 942 297
15 16 1068 1104
20 49 9144 5878
23 26 8217 8941
74 83 6482 63
16 36 8773 4799
62 100 750 16
51 72 9022 5282
1 21 3574 9029
11 43 5479 7162
46 75 7845 7672
53 95 6567 6920
15 56 3297 5946
75 93 8212 6961
67 94 702 6251
18 51 2986 8408
31 69 4635 8973
15 36 1902 5257
42 74 3435 9254
34 72 223 5457
82 83 1830 7988
80 96 9803 1249
40 67 1332 5974
26 68 6325 5765
30 56 4501 615
39 94 9706 1862
4 49 3970 2114
62 82 9882 7333
15 88 7956 3218
85 94 5184 2827
44 55 5403 750
40 60 9813 5642
17 47 3346 3333
25 75 2077 956
31 79 4454 2136
64 87 4226 2003
57 95 5633 631
23 80 4877 7597
22 39 9199 1108
16 52 5455 5082
85 97 4870 3521
27 53 5895 5481
44 79 168 4048
6 34 3704 5896
8 84 4144 4506
69 90 10 7043
23 95 6792 9186
12 100 2280 882
53 83 5447 6588
68 73 9682 7122
5 52 1593 89
1 55 4649 4724
15 46 800 148
17 43 9639 3552
8 34 4711 2900
10 35 6041 1683
6 99 9352 6547
65 98 6329 6743
89 95 4199 1118
33 98 9218 3283
66 70 8754 8337
71 72 8773 5141
93 94 3349 7460
29 85 85 7652
3 50 6475 767
58 99 1199 5466
8 30 9605 6804
80 97 7901 287
23 48 4646 915
10 74 1479 4866
12 87 8270 3857
10 100 2505 7154
3 60 8561 6470
32 51 5782 213
87 100 7021 7209
11 58 8136 7786
13 43 6291 2317
21 58 9797 3902
36 42 8332 3995
2 47 1264 366
15 66 7302 8902
10 11 1805 2996
64 75 3590 864
33 71 753 8740
80 100 742 5615
19 36 9513 4710
16 32 5753 2558
6 84 7594 4206
16 97 6223 8484
43 46 6303 9788
39 100 8233 7096
59 83 530 8239
44 76 3126 2966
19 49 1038 1887
54 97 6980 6820
25 26 3326 5255
15 55 6159 4581
44 84 6847 6368
5 94 7129 3170
41 99 374 8475
26 98 6186 4114
37 89 2329 5040
25 74 3898 3215
31 35 1463 9460
43 79 1265 1050
9 18 1226 1845
64 98 4729 5083
17 45 371 1402
16 44 9900 456
40 76 4851 8997
61 74 1224 2405
33 48 4552 5746
43 98 3871 9595
26 45 6065 9027
48 74 2895 7103
22 58 7071 7022
69 99 9738 8336
36 63 9222 6708
21 57 223 1912
15 87 4943 184
22 77 6174 15
44 45 5925 9177
19 21 4338 6546
37 42 8681 4352
9 92 7623 911
77 96 673 6294
59 65 6507 2892
31 87 9020 4349
15 51 4792 5541
8 67 3010 5137
72 100 6821 6492
33 89 1734 2511
8 83 6158 791
15 22 4743 8965
14 48 8732 6487
6 49 3769 2308
14 24 3801 537
30 75 3591 3023
31 51 5881 6162
22 99 824 7649
48 89 9149 5139
3 4 1459 1022
42 55 614 2103
20 45 7370 9450
4 73 1756 1989
30 59 3448 8626
22 81 3112 6415
90 93 5078 3328
21 88 1282 7306
30 33 3574 4006
11 31 393 3788
38 87 6369 160
65 75 6059 9964
64 76 3755 1347
26 63 3477 6520
39 98 7592 140
22 33 2560 4282
4 52 8236 1990
66 95 2822 3929
9 60 8600 7513
39 53 7056 4621
56 77 4465 565
49 96 7549 478
52 85 5768 7142
28 96 6744 2054
1 85 5828 7467
19 68 8305 7211
19 30 3905 9926
14 18 268 8984
4 98 4235 1500
54 77 5147 6234
29 78 3211 8861
39 65 6079 6754
20 38 7639 3021
2 56 6470 8151
9 42 3052 5946
87 94 1333 3066
6 17 7826 7031
74 75 2705 8564
5 71 3614 6760
65 92 5212 1014
25 72 2012 4425
3 22 672 976
26 65 433 8638
52 96 8117 7080
35 45 2275 964
43 84 1365 9922
76 78 8245 9559
35 55 5094 1830
13 24 7936 7916
25 31 5077 1507
43 68 2918 9804
20 63 5211 6364
33 91 705 4396
38 81 6067 6824
23 47 892 6998
20 84 1846 5256
82 97 8724 3280
1 16 6277 9715
37 54 4872 5460
23 68 8463 8803
25 46 3690 2856
11 29 5674 3357
37 95 8260 2373
29 95 9063 9182
14 94 6551 692
63 67 2978 867
64 72 8081 7293
67 78 3242 9574
18 57 9410 7222
8 21 6838 2788
16 57 5849 1791
38 47 7439 7615
36 44 1958 6373
3 24 7150 4128
50 66 8571 750
12 35 6228 2182
24 56 5930 1230
18 94 2928 8561
33 58 2197 5299
49 79 2086 2746
23 33 5055 3056
14 70 6826 9695
74 77 1190 3399
45 54 2033 5300
27 65 2229 6738
17 44 271 9461
53 98 4162 7338
35 37 632 8006
50 56 7764 1082
72 74 2167 707
9 14 408 417
13 15 5177 9888
77 93 273 9741
11 71 219 8410
26 86 2335 5186
24 78 3752 6107
14 28 1901 4735
52 72 2645 2041
48 80 7333 7162
87 95 3340 6340
34 91 2869 2798
32 66 6566 2877
51 76 2938 4588
4 86 1978 9638
40 43 9556 4983
12 99 6704 6531
28 82 6687 2519
32 94 3931 953
19 44 1646 8419
6 11 6452 5111
52 55 5736 7053
61 98 307 2540
43 58 7437 8036
87 89 9771 5412
31 32 2453 413
49 81 7554 4619
17 78 8969 2784
36 81 3108 2641
9 76 9040 4775
3 83 2268 9779
44 91 3370 5520
4 88 8500 7639
21 27 9407 4798
30 67 544 793
76 91 1913 1126
6 83 2678 5264
10 88 1557 1826
31 97 5765 7583
54 55 6806 6715
30 46 7609 7474
9 56 7474 459
57 96 2587 3002
10 61 7101 7330
