100 3934
810 4120 6066 5126 1560 7792 4627 9374 1775 7941 1551 7828 8501 3614 9062 6735 5308 4952 5784 2427 6343 4902 9397 7605 5042 2042 7532 6499 783 2830 6070 2173 1338 9440 6273 9294 4973 5795 4892 5634 7540 3267 3269 1251 1723 1952 4464 836 5241 7690 8389 4252 9334 1988 3365 8058 3298 726 8350 2448 1013 1653 1415 9209 827 3042 382 4316 6416 3799 9446 6179 61 7246 9158 3263 1000 8384 2242 3504 1843 842 9069 1387 8131 9217 7684 8014 5932 9681 71 8121 4908 2093 7300 2979 4120 8032 1125 562
13 83 902 2373
99 85 7203 3106
83 85 6778 6297
37 36 7588 5244
36 78 7777 1631
99 78 2715 7489
29 10 5518 302
10 11 631 1085
75 42 9666 2008
75 65 8033 3740
10 65 9031 9366
37 65 3294 3095
92 59 3127 7965
59 84 8849 1084
88 40 5770 2082
88 81 9093 8430
84 88 5619 8181
98 27 6322 7488
98 14 1755 4714
34 74 6495 9003
34 87 8935 2232
27 34 4649 1125
59 14 8579 1024
37 92 9940 7818
64 52 9637 8645
97 50 8689 6137
52 50 2303 103
76 16 1108 6755
16 57 2770 1863
50 76 5933 5360
41 39 3561 7522
41 31 5671 1407
6 94 6042 5754
94 30 8363 8243
41 94 6784 7829
50 41 9443 1047
86 54 140 5061
54 71 9484 5405
47 24 1593 9344
47 79 8499 2645
86 79 948 4280
43 91 4955 5644
43 45 9596 7603
44 38 4223 6158
44 48 1606 1018
91 38 8081 9482
54 48 9673 2939
52 24 9842 2101
36 41 7872 1231
25 49 7557 7698
63 62 4692 7328
49 63 5427 6154
9 26 1702 2669
9 80 5836 1647
25 26 7097 136
69 68 3469 4852
68 66 719 7421
3 72 2201 7130
3 46 7266 7385
68 46 7073 3548
80 3 7806 6071
35 96 7312 55
35 51 6040 2534
58 4 3031 4970
4 60 6455 5446
51 4 5659 9338
8 67 934 9404
67 90 7105 118
28 23 4134 4134
23 2 7593 1463
90 2 6457 7873
51 2 4947 5104
25 67 878 6156
77 12 7150 1866
20 1 6087 4676
77 20 8912 6709
82 61 7667 3941
82 21 6081 427
20 21 3412 4808
73 32 4808 7358
32 89 1356 2409
70 93 7868 6968
70 19 5229 652
32 19 9307 5244
82 70 7255 5241
5 15 3479 5048
15 55 3802 4640
7 17 126 8054
7 100 9168 9619
55 100 6623 9983
53 18 6306 9121
53 33 8477 9744
56 22 7209 8444
56 95 5306 6443
33 22 4660 1788
15 18 7172 4441
70 33 5825 6198
9 32 4302 2127
94 8 1355 7613
33 81 5659 3607
70 100 4185 9205
5 87 6357 8236
29 49 7886 9462
28 53 4897 8620
23 35 6518 6680
20 45 2075 8803
18 91 9252 5556
35 92 9303 4468
44 56 813 1066
85 96 6077 1487
10 57 5093 9106
60 99 5367 3293
8 9 1991 1909
49 89 30 700
71 84 6924 8399
16 52 4858 9367
38 74 5997 5075
55 58 8540 1985
13 92 301 7640
34 58 9449 8466
49 91 9798 4052
79 99 3089 6720
86 100 420 8231
47 54 3989 2736
50 86 2275 3460
52 67 6824 3295
50 51 9678 3056
36 39 6025 7992
56 66 7812 8736
31 57 5410 2455
76 96 6972 3096
48 82 5700 8857
79 93 8883 6066
4 16 1579 6439
36 92 345 8264
40 75 4700 2551
20 85 3624 6369
17 59 6528 5318
36 40 5756 2630
11 42 5937 138
30 82 5382 1311
27 41 8000 3327
58 70 1732 2918
36 49 2102 9574
4 54 4792 338
16 85 4639 5694
66 97 3800 2746
20 28 4473 3123
38 46 716 7171
6 29 4140 7514
15 70 1667 4081
38 56 260 5181
64 76 7895 8599
5 82 4512 5319
40 94 4224 5788
43 58 9329 937
15 16 1284 3794
78 96 9903 2116
14 75 3520 6227
22 35 7528 9636
16 31 1222 7826
27 59 1888 619
53 82 9783 2554
17 31 4747 7606
12 63 8951 4962
52 60 6237 5235
66 100 3072 256
11 27 7661 6152
41 77 7356 86
62 81 2026 8633
90 99 7587 2309
62 68 5790 3920
39 68 9105 4398
22 72 6603 5238
26 70 7410 7878
26 75 1247 7861
69 100 2569 2893
78 86 5271 7658
4 7 3898 7265
88 94 3979 7357
14 34 1811 7900
89 96 8799 565
24 64 9270 4374
16 32 8875 5316
57 67 8862 943
90 97 3424 8322
6 13 1193 9785
7 58 5302 4845
10 59 3967 6972
70 95 9412 6005
7 25 8509 7981
7 14 980 3809
10 36 6756 3253
10 72 7465 7271
18 100 7445 7066
83 87 1856 6805
29 39 6135 3203
1 21 7446 3941
5 18 7931 3214
9 46 2132 7870
80 84 9212 5577
47 83 9314 4717
60 74 2424 5336
17 97 8076 2669
35 72 1959 9951
28 91 4257 8623
80 86 6961 9022
62 95 2730 6249
39 57 1311 2390
15 86 1487 1657
22 53 462 1066
7 83 6442 1739
27 96 9006 997
9 61 2039 2959
58 84 3681 6388
10 52 3867 6727
49 73 3626 8446
36 79 9191 3477
44 93 7304 2440
66 90 3529 6698
92 96 4481 7854
4 45 9734 2380
7 32 7438 6715
53 71 7180 3720
19 44 4851 1841
16 90 2551 4285
50 56 5231 6430
8 43 7097 6276
35 99 3986 5790
20 31 1948 3866
34 91 2475 6917
58 88 8531 9958
23 98 5418 1086
1 14 5051 5899
21 46 7653 2120
11 32 5276 8684
34 36 523 2344
26 39 9258 9479
28 65 6229 6797
72 75 6369 8847
43 63 5262 7184
13 75 2696 4538
33 69 2238 9361
70 81 9592 8279
41 82 521 332
31 85 2481 8562
29 95 8997 685
32 48 3671 4583
10 19 7587 5445
29 34 5954 5567
48 83 6371 6185
57 89 5787 3541
24 68 4888 2712
42 95 8625 9801
83 95 3505 2225
1 69 9293 5737
89 100 9840 138
12 91 5408 1681
16 30 2200 7505
12 40 6364 5557
89 99 967 92
30 33 6305 7617
89 94 7347 1807
55 91 2922 364
3 98 2116 5083
6 98 1588 4893
26 100 418 3871
23 80 1195 5444
14 100 5469 7704
8 41 9756 7857
19 26 1696 2267
41 88 4712 6654
16 77 5412 3216
58 61 6420 2986
29 87 2678 2628
7 28 5573 337
69 97 296 693
61 99 4002 9266
34 53 4278 2636
6 100 7795 6359
1 89 4902 2474
78 83 9241 8970
2 20 9917 2015
17 35 6947 6976
35 57 6969 3168
36 98 5311 2646
19 94 8497 1658
16 95 1706 1532
76 85 3922 4379
35 71 3324 3793
18 65 9396 129
87 92 3675 9975
38 45 7471 2956
72 76 8387 5814
22 26 4828 8413
8 34 3972 860
61 98 4644 995
42 61 6643 2623
68 80 7219 4590
42 46 936 1635
28 98 7733 1185
1 63 4588 5913
86 94 4970 6931
16 81 9550 8910
19 28 1051 7676
20 90 615 2922
33 52 4409 7089
22 58 5669 5775
25 57 9166 5486
4 56 258 191
11 98 840 5943
61 84 2842 488
8 22 8448 3322
10 92 911 4300
14 67 6438 5890
17 95 1702 1830
2 41 7679 2425
35 86 2918 9427
59 83 1422 8149
13 57 1507 3308
19 21 5845 8612
67 84 7711 7022
13 62 9112 4496
39 50 4279 6293
9 44 9511 6723
14 40 1249 5969
10 74 3870 1437
37 97 2568 4669
28 95 1629 9690
6 77 4666 7713
10 13 6876 1054
10 32 4794 9957
19 56 80 6493
8 15 7769 6662
29 92 6756 7364
26 48 2644 732
59 70 5650 9169
20 100 175 7024
6 52 573 8560
29 77 7483 3233
46 97 3061 1576
74 78 943 7307
43 96 5072 3019
60 82 9202 5018
68 84 3173 2402
51 64 1395 5696
58 64 9631 5785
49 57 3316 5176
4 88 2709 1260
20 79 6753 6544
14 63 7148 2140
27 80 9799 9927
12 31 5590 4705
50 99 231 3843
13 22 7300 319
79 94 4536 8054
66 94 413 251
35 44 6580 7811
2 97 6933 548
28 61 3703 883
9 36 3619 964
23 31 7506 6134
82 88 3116 8038
62 71 7278 2571
9 91 1501 554
30 62 1027 8810
5 99 4308 7916
34 50 6353 4527
38 53 3473 3425
66 99 1575 9433
20 65 4734 4875
77 90 6636 9285
31 36 4497 9771
9 48 5612 6539
68 93 1165 8817
43 85 4684 5798
23 70 5653 4406
4 81 2540 2820
34 80 1032 75
6 36 5532 9856
31 96 7147 1077
61 73 8945 5692
17 71 8815 6473
25 82 8906 404
12 43 5909 8337
32 56 5227 4833
13 67 7112 6599
62 76 4495 6390
23 43 3939 881
52 58 7722 963
55 85 572 8209
35 53 3526 1996
39 81 9604 2782
2 53 2125 9344
36 43 9101 6230
21 23 1174 5361
10 58 7844 552
69 75 4912 9270
6 87 3596 6662
69 88 2292 4470
81 86 8897 9904
51 77 5437 9925
41 56 2703 4487
2 69 1420 3311
38 65 6514 8367
19 29 7738 3171
63 85 529 8834
79 91 1643 5768
4 77 4735 7937
47 68 7814 8305
86 97 3633 6074
65 98 4737 3758
22 25 8875 3015
80 83 3746 5309
4 25 5671 8284
14 55 9313 5644
6 51 3841 7374
42 68 9311 6113
55 64 8086 6525
12 50 73 8385
7 8 8237 8292
75 90 5039 8929
11 60 2800 4409
47 52 5120 9951
1 74 2501 9364
18 27 7101 888
43 59 3160 6159
44 67 9362 9505
25 29 6857 1178
53 89 1885 7650
75 96 357 2744
20 73 3614 9960
49 83 9234 3804
64 91 9175 391
42 51 1047 3004
39 94 4948 9045
32 70 6299 1586
53 90 8691 6130
68 75 7222 3746
65 99 841 1792
1 73 9209 1434
17 91 3223 3496
24 78 8802 5038
3 85 8121 5763
46 48 1864 6137
28 50 788 769
33 75 5714 1853
8 54 6249 7041
36 66 5297 872
44 65 3384 9752
6 38 786 4328
21 76 2490 6582
27 85 7699 8185
36 75 1380 1515
5 7 222 7282
72 87 6184 763
27 82 3548 1990
38 78 2358 9514
39 63 6026 4772
10 16 4148 2626
21 36 4241 8272
1 13 8813 5456
10 50 8337 4010
2 12 7795 7002
57 92 2032 6190
35 64 2241 9827
33 48 9823 4939
40 85 9405 3407
23 46 4844 543
37 75 2654 8811
36 58 8047 7626
48 61 2996 7979
19 67 6363 7184
20 95 2556 1652
38 80 3809 1576
45 53 3467 3003
82 85 4997 302
13 61 6449 9761
16 35 4045 2170
67 98 5247 4479
14 27 1323 1681
50 75 7453 644
30 37 6022 7445
7 70 4920 8727
46 60 5031 494
26 92 375 6570
47 75 7879 715
53 60 6111 401
54 83 6567 8277
17 25 8987 492
1 29 7156 4207
62 92 1135 223
87 100 3359 4733
4 71 7404 3611
10 43 6326 682
1 26 5849 9576
31 33 5057 2573
38 57 4816 4488
66 87 6562 5393
60 76 9335 8850
30 90 2668 6538
11 28 8492 6506
37 79 3592 2101
22 95 3307 8152
13 97 4288 9736
52 96 4792 8413
71 74 5610 8302
25 94 4647 5216
13 49 4860 9432
47 53 1109 492
49 84 914 9474
61 90 8981 7956
29 73 7561 869
74 75 1881 6968
44 92 5639 5458
40 100 143 2387
43 55 4330 9621
17 76 2399 7177
54 57 5097 1503
67 72 5835 6454
28 49 3298 9020
20 54 923 7678
4 50 2102 46
47 90 7986 3323
68 100 4469 2460
57 98 1214 4312
18 55 3327 8420
91 98 1888 6896
68 92 3773 9779
62 91 3250 4374
21 85 1380 3547
41 78 3120 7369
15 38 1088 5558
61 76 3947 681
62 67 8489 8978
35 49 5759 1096
13 79 1640 2983
54 97 5707 2693
9 40 5887 5775
22 66 1868 8347
18 95 2615 8321
56 77 1584 4146
42 83 6621 8989
8 49 9522 3703
51 68 2782 4287
15 64 3609 601
25 79 2317 6466
46 62 6386 6410
35 91 2872 8767
12 41 5564 3986
41 79 9451 6186
4 30 4019 1116
66 84 5669 9423
17 49 3760 4030
5 53 2403 5980
4 19 3220 6035
23 90 4998 3381
16 98 9938 5609
39 96 3129 1845
51 86 8755 7862
29 38 4468 8897
49 65 4597 7140
74 88 7432 3648
6 97 8092 8467
3 100 8813 8942
20 44 8139 9255
41 52 9331 7304
75 87 2067 5311
19 75 2243 2643
34 97 7986 9088
33 90 741 3650
70 99 8229 7286
7 19 3152 7600
16 36 4894 7146
44 73 1928 6011
50 80 1824 172
35 58 4444 7907
8 53 7395 9221
68 94 7980 4486
14 38 5318 2657
60 70 8878 8289
11 84 8816 2185
3 18 7833 733
2 76 9787 141
46 74 4670 9591
25 72 1186 2380
23 76 9218 9920
1 56 335 3228
35 84 8633 7093
52 80 430 3107
85 98 2589 4372
33 35 4863 7760
27 62 1154 2986
67 69 9262 2378
28 56 5947 2686
11 68 8860 8644
1 48 2332 9967
5 77 107 2314
21 95 5457 4634
63 83 5733 6591
4 86 1286 2823
4 35 3024 4812
38 97 1001 4265
46 71 9297 4926
58 67 4091 9190
14 89 8315 6897
1 35 4286 876
50 74 1798 5750
48 59 1904 3681
67 80 8677 9417
70 72 8554 8167
55 81 3640 3426
68 89 1925 6958
33 88 999 5771
25 91 2320 6896
58 63 1416 4447
27 81 9718 2211
23 67 6090 6213
40 61 3075 4766
70 73 1560 2565
54 60 4648 3469
8 33 9566 8895
67 95 4779 8108
43 84 1700 2522
3 53 5794 9882
75 78 1894 4581
71 99 9270 8419
19 45 4622 4019
14 42 4638 2902
9 38 466 8583
19 85 6068 455
88 99 7180 3574
31 92 159 6131
17 96 9486 8758
14 36 3097 1986
58 80 1661 1509
44 85 1929 904
9 74 9222 284
23 48 873 3812
50 62 9503 3666
57 76 1963 9887
19 69 5345 3419
12 47 5004 6938
24 49 5400 5910
51 66 7642 1105
79 84 7826 9648
68 83 9154 110
54 59 3660 9796
56 72 2925 5414
20 75 3810 6136
24 36 1900 7639
9 93 5348 3355
59 60 4767 6142
31 62 6992 7737
36 82 8841 2057
78 85 2510 6197
5 57 9977 4177
19 22 1459 8014
14 93 174 2963
19 27 7188 6757
46 49 4757 5974
13 31 7182 3414
2 73 2422 6969
62 85 1658 2368
64 95 9097 6621
12 84 83 9127
84 93 5723 7110
22 78 7895 656
26 60 2883 4164
27 95 2015 121
55 59 1536 8118
1 61 4307 3825
59 79 9453 6019
7 92 5372 5159
24 66 9532 7895
66 67 996 2480
8 13 5433 213
9 68 1156 3034
10 94 1988 9322
11 62 9016 9535
71 83 9425 4349
4 48 4889 7291
34 47 4415 6606
9 52 4464 5475
36 38 8181 9026
5 13 2065 2696
16 48 6029 6642
65 67 2971 7585
12 67 1913 8096
23 54 8829 5088
76 97 8078 4913
13 71 3726 1784
67 78 8346 2209
11 24 7185 2895
13 78 2088 1611
2 28 6796 2112
10 23 17 7883
4 61 1689 9448
55 79 9003 8435
73 76 3532 5929
91 95 6850 5245
17 36 3322 359
10 30 796 6861
83 90 3543 2854
17 44 1485 1183
52 89 2504 3763
55 68 6631 3223
7 73 4131 5864
81 89 5873 5648
24 79 9844 8751
3 6 7270 801
73 77 3342 6553
3 16 6948 8939
18 39 860 8212
35 40 1120 8075
17 82 8707 2284
75 94 1987 90
42 53 8339 1989
63 81 1814 9142
26 38 6435 3688
14 41 2340 2904
32 71 1308 8215
39 95 4808 9573
11 54 3142 3156
6 93 5602 4675
3 68 6830 1903
23 83 7675 1491
45 95 997 9581
60 64 2929 9150
48 70 9217 4543
22 93 6463 656
29 30 5621 9952
12 59 3956 1393
23 50 2671 9984
13 34 8160 1026
18 72 1913 2564
62 73 1443 6144
11 57 553 1354
23 77 6942 5401
15 52 4419 5545
31 69 1733 4061
12 56 657 8278
87 89 2112 4371
23 38 7281 3682
1 43 4975 768
43 44 5412 7946
5 21 579 3221
38 43 7260 3897
20 42 1292 8000
38 52 8921 639
70 80 8778 9527
3 45 3434 461
11 58 5229 5573
83 100 2950 9994
65 81 3294 2476
31 93 3772 8611
29 86 7392 4734
19 87 8803 5996
5 38 9841 3406
1 40 2697 6598
1 25 4116 4725
45 90 5352 8418
50 100 2719 5280
83 86 222 2397
1 52 6616 1727
64 77 7451 7261
47 94 7070 7496
10 54 9052 320
46 99 2749 9712
17 99 2791 1277
86 98 9440 9624
46 79 4273 4622
73 75 8682 3380
13 81 5611 2887
61 88 7612 1720
81 96 7906 9490
14 22 8174 8646
22 79 564 1964
7 9 18 6967
35 66 3973 223
41 100 815 3876
30 100 6733 9349
54 79 1736 7961
22 62 389 9328
2 10 5821 3156
69 93 7605 917
11 78 3501 898
41 74 5389 6545
57 69 6872 5915
52 79 9416 3615
18 31 2623 6863
43 71 4207 561
27 87 7857 4254
70 89 5327 4298
55 72 6996 9569
13 99 2287 2252
63 94 5892 4983
7 48 9607 5558
29 57 883 4209
69 92 61 2535
62 70 7190 4563
81 93 3379 6738
8 40 2500 2722
61 66 7528 159
2 11 3936 8579
9 33 2639 2152
49 82 3514 2052
3 7 2153 8948
79 80 4033 3088
6 82 6983 3130
25 92 4472 4970
15 53 2649 4090
54 64 2750 4573
42 74 3137 6037
33 100 5695 1023
29 46 1689 6207
25 28 1730 6518
47 72 3003 1957
67 73 3912 2619
1 7 9868 8025
17 63 781 1470
2 43 8644 3571
47 70 7010 6237
21 81 9324 8407
57 82 6354 7868
24 44 6663 9890
72 92 1507 2937
59 71 9094 5280
9 73 5330 3938
23 56 8427 7015
32 86 1826 2165
18 30 4680 4364
3 61 5336 6040
65 93 1471 7075
99 100 493 2903
54 98 8193 5785
24 65 6132 9323
87 97 9163 1248
33 45 8435 8590
19 90 4201 7765
37 56 6707 7656
51 71 4805 3894
27 30 8371 7634
51 72 8963 6372
48 67 4250 4407
70 84 7193 5088
49 67 3764 4576
5 83 8046 7344
40 81 1279 7967
40 66 2488 2260
18 76 2317 735
9 54 7537 11
11 71 4369 8944
51 92 8521 3680
39 45 3515 2557
26 40 434 6370
16 20 5743 7611
65 74 7262 971
82 83 8475 5355
59 69 4362 9775
18 61 2672 6493
38 88 6556 7680
22 46 9283 7692
52 56 2213 9114
60 97 5331 6920
7 24 7499 2920
12 51 6100 7125
57 94 2258 165
1 9 8459 8102
35 38 2838 1541
49 81 6412 6807
5 86 3095 7972
3 89 5423 6222
12 29 3242 2548
36 71 4705 7429
47 67 3515 8047
19 100 6647 3556
40 84 64 1672
13 54 5708 4508
40 82 1288 66
8 69 4754 9562
55 67 3296 6601
44 64 9531 9936
5 30 3490 4374
43 68 9186 8223
46 57 3562 8027
1 11 1817 1589
3 32 1417 7790
68 99 60 4974
54 75 8864 6563
3 58 3429 6953
74 96 7578 5902
51 84 7686 7174
2 54 3858 249
48 81 7751 1198
56 97 4638 8680
40 62 3012 6671
77 96 5704 8155
41 62 6493 7299
6 85 9912 663
23 33 3586 2242
64 83 6910 4075
73 88 5894 9418
44 96 5699 7374
1 42 3720 9901
28 85 3762 3179
51 94 4790 2874
39 91 3988 1802
45 60 3741 7777
58 87 5682 2770
47 95 9394 8343
44 80 2783 643
22 69 2003 2997
26 56 7934 829
23 27 6121 1434
61 100 4981 7580
3 31 4511 5298
38 72 6708 4472
27 67 1849 1317
22 89 6469 5071
40 49 3742 4660
22 34 4930 6457
36 51 3179 4224
10 60 5405 9308
9 66 7527 5108
59 81 8139 9042
43 94 3216 8017
64 74 9386 3868
5 78 8997 9071
34 54 1614 4862
83 84 6858 5295
38 70 3659 3083
21 35 390 3367
36 100 3072 4613
14 48 6501 2592
12 18 7246 9952
64 93 8420 5040
26 37 4155 6690
42 82 6470 2575
3 73 1105 2838
4 57 1128 2179
18 22 1484 4592
38 64 4114 853
50 94 5315 4599
3 74 4334 6828
84 99 2462 2335
21 72 8065 5914
58 100 5114 5187
60 96 5115 1570
66 70 5592 6897
4 46 1278 8078
22 88 3796 5431
29 60 1637 1140
71 94 4995 4896
13 27 7326 5322
28 63 5566 2893
40 55 6516 6579
22 60 5743 4955
21 26 9373 3140
13 35 2383 5616
74 83 2401 8080
38 39 1965 4180
56 62 9875 7117
39 85 484 7762
23 55 9884 4619
47 55 4372 7085
19 91 4231 6532
48 51 5572 6225
79 90 4786 3990
13 87 261 4018
9 64 8548 4937
16 59 3222 5950
21 40 1598 7395
6 14 6443 4198
36 97 9593 8066
18 47 9528 8214
19 77 9787 9728
58 86 8376 9084
27 46 4414 1835
67 79 384 5449
31 83 7908 9540
32 55 6966 6760
74 85 5161 5504
7 41 2236 8332
24 56 9131 1351
51 97 7042 9279
54 61 6543 3640
29 66 3181 4346
75 98 2722 8253
10 31 8666 5681
8 98 9864 9940
93 96 9248 7770
29 41 4940 3258
54 80 1099 7043
91 92 9195 9966
13 65 4046 580
5 37 1302 9970
25 63 470 4001
20 69 941 569
31 51 4280 2108
7 11 1085 466
30 78 7372 7833
41 72 1577 9074
61 63 9448 9597
6 19 3473 1990
33 39 4181 9895
24 74 4980 492
15 67 7936 5780
14 17 7128 3996
6 84 7013 4464
66 77 5547 7531
85 95 5060 405
27 66 3881 4816
31 64 2442 6425
7 90 8567 5602
9 50 8966 8082
30 84 7444 8660
88 100 8582 7834
22 65 8875 6750
2 49 8279 6499
5 19 425 5086
3 99 9415 9978
30 63 9527 1249
19 46 2228 1402
34 95 2545 199
13 90 5430 4286
25 27 3104 622
39 73 415 8545
40 79 2421 2992
5 56 9426 3523
36 61 4361 8017
19 43 4879 4371
37 39 7450 7782
29 75 4738 5723
1 85 6553 6015
11 95 8016 1746
48 77 8091 9469
71 75 4102 3845
6 75 7168 127
57 90 2700 2395
53 95 67 524
56 92 4489 8138
44 74 7884 6788
8 93 8397 2913
28 76 7111 3220
19 57 6032 6480
17 26 2587 3792
21 44 6606 8679
30 99 8221 3977
61 94 96 8298
37 96 5369 1939
33 54 436 431
33 73 1332 2044
34 79 3907 1316
38 67 122 469
58 72 8764 3610
4 38 8773 8843
23 85 7000 9683
7 57 1763 4420
11 12 9025 3328
1 22 8007 1642
13 73 3342 4170
75 82 7273 5890
63 86 2847 7422
26 74 6197 2571
48 88 2346 6789
45 99 2011 5567
43 74 4246 3829
7 46 4173 4861
37 100 5801 3874
13 88 6647 7872
44 71 9360 4446
12 35 8414 7195
66 78 69 3347
38 100 2672 6469
49 59 7627 9569
25 93 2874 5821
14 28 5193 4553
21 51 2546 3663
84 89 2930 9848
31 39 3152 219
35 59 8925 6727
37 45 3589 9621
39 62 5530 9176
22 44 4642 487
28 90 549 1746
9 13 2896 9847
45 74 7002 6243
58 76 1127 652
68 90 2228 5250
96 98 6219 1943
76 95 7001 5185
24 29 596 8979
59 91 2512 1158
53 100 4752 452
33 65 7850 3216
5 55 901 4865
19 35 769 5560
24 55 6643 3376
16 54 105 1059
51 75 2367 4511
41 96 1770 7885
34 68 7279 1611
77 100 2525 7141
63 67 8974 3905
40 90 4613 2035
28 54 4132 7711
17 53 8338 2469
50 71 3268 8993
28 93 9267 1697
5 98 5385 8547
1 17 8218 1941
3 77 9734 852
7 47 3398 3442
40 93 2193 4871
66 91 7306 8846
17 21 8656 2935
11 30 3399 1863
18 33 6325 2458
59 61 6687 7455
62 84 8673 4916
1 30 21 2740
1 37 3906 6332
70 86 8751 6079
3 50 5268 439
62 64 9724 3276
30 88 5922 7556
34 38 5079 3740
32 41 9029 2013
76 93 2102 2529
21 31 5123 8262
55 99 5039 1399
12 14 5958 359
24 35 1829 3688
27 38 7022 8825
56 99 7430 1703
6 67 1044 3526
32 87 4651 9171
11 66 532 6651
32 91 2207 7911
17 30 3333 8439
11 16 7716 1869
14 51 9976 7332
61 68 3468 7986
31 97 1978 1616
9 69 602 7133
54 90 5114 5102
61 70 352 5116
47 84 581 8138
5 93 7848 5003
11 82 4572 904
73 90 1296 9842
29 32 4397 8031
32 34 1346 6467
52 69 7371 2852
39 88 1321 6657
31 73 2091 9978
15 65 3098 3281
47 49 1880 2588
59 90 8764 9828
58 92 5763 8772
44 76 8450 9282
23 42 5557 8495
15 66 1343 5584
46 72 1269 4162
53 61 2078 6330
25 33 9885 1509
29 81 6871 4237
13 42 8833 1735
30 80 8008 2704
57 60 5839 3382
72 73 1054 7872
27 28 2766 3054
27 92 5299 1221
54 100 341 5030
18 37 7451 9456
23 96 5564 8291
9 27 4608 2637
7 60 7652 6148
19 65 8580 7040
73 94 212 2675
18 20 3959 9451
20 55 6410 1473
26 77 5035 9885
33 79 1217 8627
3 27 5484 8796
16 39 9596 9079
68 74 9731 3183
2 81 9990 5585
25 99 195 3352
64 88 5391 4292
7 76 4902 5439
16 94 7352 5569
14 57 7874 9847
74 95 2221 624
40 54 243 9628
73 97 2207 3759
52 86 9905 5974
34 84 2262 7900
31 52 2622 5315
33 62 8815 1477
20 59 4387 2581
30 74 4953 9463
64 81 719 3424
49 50 3137 8333
38 54 5106 8634
13 40 1008 3425
62 83 5246 1705
36 83 7736 1070
4 83 7789 1075
82 86 346 2067
5 72 2685 651
62 93 7998 5935
20 87 8077 2088
36 46 8582 7202
87 91 6142 4825
73 74 2317 3745
35 56 7182 2257
24 53 6447 712
24 34 7239 4655
81 94 2721 9482
5 36 9013 3764
30 79 5681 9279
69 95 1645 9791
53 54 3037 1227
27 29 5416 8124
27 36 148 9049
83 89 7272 402
15 83 851 7667
9 17 4651 427
3 62 2183 667
74 76 1042 608
25 48 8556 9653
67 70 6184 3653
27 63 1160 5015
31 87 9328 9794
3 5 456 8901
4 67 5688 8316
81 92 8908 9959
34 41 2897 364
32 60 6899 3773
48 64 1336 6136
3 39 322 2923
52 100 3151 3549
25 81 1366 2156
6 74 5487 9774
4 31 3100 9387
10 27 1838 5824
5 43 9551 2596
58 77 9256 2712
14 72 4419 294
62 96 7284 8518
57 93 8503 4533
2 45 577 6798
27 84 9687 167
14 43 7062 5357
39 47 2305 6359
53 76 7558 5420
47 91 7186 5684
42 91 375 7815
44 69 5126 8812
70 96 9792 3414
22 49 4647 3833
39 40 3553 6477
91 96 17 9355
45 71 3477 3207
44 78 5119 7607
78 88 2924 5929
26 97 1843 4017
33 94 3656 1328
9 63 569 4824
14 64 7369 4026
3 71 3412 4219
43 87 5249 5034
84 100 9565 6815
10 44 9390 4727
12 55 7032 1452
46 67 1614 2190
79 81 4071 7634
2 94 4637 5185
68 86 6296 4881
67 71 2447 3278
36 63 4089 1504
24 43 6376 2213
56 98 6553 5549
16 87 2281 7946
17 94 6022 1441
43 49 9986 104
22 100 6534 6990
49 75 1818 6924
1 97 9250 767
11 94 7227 8363
75 93 4438 9152
7 81 9830 8027
39 54 1461 2776
67 86 9705 7834
29 63 5194 5501
43 93 2410 6079
2 92 8279 2065
6 8 2763 3394
50 60 9768 1329
21 69 5035 82
2 30 5078 3249
41 58 5208 5999
17 28 9607 5242
15 94 8996 6687
7 35 8360 2709
23 47 229 3786
24 63 5856 8492
7 86 1369 5955
55 76 7968 5193
40 83 441 3093
76 98 2798 2147
11 51 8345 5199
9 71 1068 8018
20 30 8848 2769
20 60 1813 9967
45 67 202 1005
9 92 7145 9010
20 93 77 5441
56 64 8670 2987
48 76 4898 8964
43 51 3227 7347
15 17 4892 8630
50 67 8421 4537
53 58 6091 6793
26 66 2341 8733
47 73 4605 3122
7 21 7152 4795
40 98 9804 1030
26 43 5156 6511
79 96 1576 88
3 91 6162 2465
61 77 8969 3498
49 61 2506 1866
33 84 1544 5977
32 64 381 159
64 71 6932 2668
48 94 1483 2747
5 14 7235 9285
79 98 3369 8132
35 54 5530 1793
54 84 1237 5453
49 93 4438 4513
24 67 7444 1798
19 98 9305 3352
14 25 6059 7257
2 68 7814 7057
72 81 5120 5327
26 54 6513 8980
20 49 8893 2298
37 58 1702 8759
37 81 4212 9545
61 69 5211 4751
15 69 5209 8153
44 99 6703 1404
75 80 7895 7298
23 79 9314 5704
40 41 6240 5900
10 45 9404 123
6 47 4805 2172
1 24 8501 7896
62 74 6380 1319
14 80 7028 6548
13 100 4568 5258
83 98 2479 9115
49 58 9285 7598
53 83 7050 325
1 39 8546 6132
29 93 6092 5874
27 68 6860 1039
45 64 8942 5231
59 94 8040 1447
41 60 7269 674
32 59 6827 5635
16 93 4876 790
67 96 1235 7587
56 84 6484 6249
48 87 701 1788
52 85 6079 3567
31 53 614 7903
80 92 9729 151
13 89 9668 1520
26 84 279 627
47 98 2485 9349
15 50 3295 5720
17 29 4483 1770
2 62 9879 9368
17 83 4689 9109
40 59 7697 1174
66 72 2771 3366
42 48 58 8188
44 68 766 3308
59 62 7409 3796
7 85 1085 3931
19 64 9310 5296
46 50 220 2354
19 73 2195 700
15 56 8526 3838
4 44 2162 4347
44 88 1110 6037
44 53 2199 7665
17 61 8533 8709
13 91 6459 6762
46 59 377 9787
4 37 3446 2273
76 80 5893 5520
4 55 392 8674
32 62 4579 9865
76 91 3796 1759
46 69 5804 2293
7 51 141 3260
73 99 6136 6695
20 23 1754 7242
29 47 1140 8589
26 42 7728 690
40 91 5570 8834
38 81 8180 8339
8 38 5977 3481
37 90 3229 3348
81 100 2227 5808
5 31 9979 483
57 91 9925 7167
10 24 1626 1930
45 76 7192 3663
33 49 8299 9194
17 34 6608 3559
10 67 8035 6954
10 37 5721 8220
37 60 122 1482
46 63 3529 1954
49 77 7742 4216
72 84 1756 3202
65 96 2007 7741
84 91 4940 3945
1 16 1158 1047
57 73 4695 3184
55 90 4912 5922
45 75 9251 5139
8 64 5661 8825
51 88 8908 7953
21 41 7134 6726
36 88 1709 9509
2 100 2971 3516
24 87 9426 2516
62 98 8906 2788
4 43 1517 1555
46 58 3763 6576
9 28 5908 1638
53 62 2221 7543
29 61 8611 5390
32 96 428 6766
69 74 2358 7137
6 23 4120 7026
8 79 3689 6692
65 80 1484 8445
41 89 8834 9641
22 84 6393 5832
45 80 8598 5887
34 70 875 4043
18 57 9604 816
57 68 3584 1883
35 88 1314 4939
26 72 7005 2369
34 93 5361 2724
27 74 1925 7617
1 54 708 411
15 78 3116 5288
3 64 8173 8875
56 81 3671 7574
32 43 1527 3534
15 99 5543 157
4 68 5212 2386
67 100 7587 4025
21 48 4514 3035
10 55 1367 3706
32 99 6239 9684
56 67 2463 8185
53 74 1498 8369
9 34 3277 3848
69 91 9015 1545
9 22 7241 4114
7 50 4179 2168
14 74 7225 2623
73 100 3718 6062
63 79 3140 5832
37 40 7093 3067
37 68 4294 3616
69 71 2058 983
2 6 9188 8836
51 55 8881 4798
83 97 4275 5984
58 69 1997 5769
3 94 8787 4827
4 40 5143 5879
72 79 6726 1332
19 61 1395 5766
14 16 3036 9591
6 21 5374 3149
6 33 5635 1847
67 75 9193 749
27 40 5634 1992
34 61 6394 1484
34 99 2617 9151
29 82 9871 5972
31 34 553 8070
76 94 9181 3172
12 48 5443 7151
15 21 5191 1448
43 79 9985 9165
28 58 4745 6866
38 58 1465 43
34 75 5770 656
39 79 2865 570
8 45 654 9868
72 83 7035 9962
77 95 7249 6867
2 40 1166 314
47 74 6803 7807
48 98 9138 1263
29 43 9444 6915
12 42 2847 1660
8 100 637 1838
61 80 8388 4771
3 26 8646 5145
80 88 1037 417
61 67 7038 1357
87 94 2990 2113
14 88 4907 1664
35 63 9850 7759
74 90 2762 5579
51 69 8781 8842
21 57 7976 8857
87 90 1382 8357
59 78 2677 950
38 59 6452 58
37 73 6382 2676
5 6 2045 8779
43 52 5712 270
54 68 5229 3623
11 47 4689 775
28 34 6527 5954
3 47 9913 844
26 61 6849 4064
23 95 2603 6963
20 48 7550 6284
60 84 8084 7772
22 42 2792 525
24 40 166 626
5 76 8720 4611
52 98 7503 9283
25 74 2681 5720
17 41 9573 1047
42 70 8313 1021
1 15 6777 3682
68 73 7350 1396
61 86 3975 112
60 65 1951 4583
13 74 7653 8759
65 70 7516 9745
38 90 9171 8259
57 59 7316 4805
57 88 4256 8908
57 83 8612 2729
3 86 1808 9633
57 72 1411 9278
75 91 9205 526
21 50 6978 2421
59 100 6029 6028
60 72 9220 508
20 53 6858 3154
65 76 4065 3593
70 74 4026 4924
13 59 4250 8173
24 54 3595 9684
5 33 6452 481
70 90 9212 2005
52 95 2653 844
54 70 5035 4400
3 90 6682 5015
26 89 9726 7686
21 83 6075 4591
4 65 7879 4149
61 96 3174 1349
12 86 5501 6492
6 53 3941 3957
79 95 3929 81
21 88 3152 1225
5 73 3345 8209
71 77 2060 3041
7 18 2217 8163
51 62 8848 8683
26 44 3457 6659
59 96 5957 3987
70 85 1779 2247
30 34 9198 7821
71 89 6424 359
13 76 1857 2965
55 66 617 1908
1 81 949 165
41 69 1814 1166
34 55 5576 7567
23 91 1894 9505
3 65 6188 5398
55 96 2178 3816
64 89 4365 2280
3 12 73 9679
15 80 5881 9012
12 87 8432 7285
15 39 8848 1317
35 65 9490 3057
79 87 9824 4388
58 96 4614 869
5 49 6354 5978
11 50 2405 5800
72 91 7418 4200
11 14 8646 1537
23 64 7351 7640
10 48 7329 1764
14 85 6352 7749
15 79 4792 1399
18 87 9409 3191
28 79 9488 1985
32 44 1997 2678
40 73 5657 5145
49 52 5387 9715
34 57 3408 9546
42 77 5694 1065
9 45 1373 4999
66 89 5096 4757
11 39 6791 1472
15 100 932 8037
22 83 7961 612
47 64 4444 839
46 70 8878 7113
37 44 74 9623
24 94 3808 1461
21 96 8527 4005
11 86 4983 4452
4 64 6403 236
41 64 1380 922
22 41 651 661
8 92 8355 2535
1 76 4395 8319
88 95 211 6605
27 39 8314 3348
54 69 9324 6041
9 94 5532 8706
28 75 7480 2053
33 77 5503 157
3 78 4817 8840
18 75 7811 442
44 87 8917 1440
34 85 6288 220
43 92 5018 1715
36 48 4183 251
85 93 419 6349
19 30 7577 7068
17 37 972 8423
93 95 5931 7789
33 92 7874 3537
53 87 9989 7612
55 86 3602 5462
54 94 8443 4931
7 55 942 5662
20 58 7483 9709
34 83 2738 3018
16 66 2481 2014
13 25 6800 677
3 33 662 5742
28 46 4151 7085
47 71 8821 1334
88 96 8707 3679
11 34 2897 5500
17 79 6570 8624
30 58 3883 1330
39 59 951 676
45 82 6362 9646
7 30 8186 7716
7 75 4381 7669
7 27 1219 7181
1 28 9676 6019
9 89 9314 1820
12 94 876 1138
32 80 3333 158
92 99 1852 7573
51 78 9867 4823
20 26 5355 3049
30 77 8569 7662
7 40 9723 8270
17 98 6104 5714
9 60 4236 1477
39 84 4188 5695
24 93 3627 3252
10 91 7660 9518
13 55 1361 1119
57 99 1272 7567
57 95 7970 4086
29 33 4460 228
50 55 4073 7234
57 64 4854 2670
78 97 1694 7932
27 50 897 2856
38 79 2404 9666
16 41 2201 2200
69 70 9991 4073
50 81 8278 1973
56 90 8596 4144
59 87 8983 1914
24 80 1333 8298
76 90 591 9469
25 54 4329 9847
15 89 1911 6803
73 86 750 8836
53 98 5673 5019
19 36 3428 1974
84 90 5584 273
8 32 8243 8173
4 33 4813 5558
37 86 2243 6403
67 93 6193 4708
8 39 2690 2782
76 88 4231 3981
50 89 3024 8705
43 50 1704 5296
47 66 9431 8894
58 94 4110 1453
40 97 6842 2798
28 80 9172 4500
17 45 3740 8265
37 51 748 243
73 82 2625 8064
19 33 8318 8304
10 21 6057 2600
79 83 1522 2813
11 65 7055 4146
15 45 7382 9128
28 82 250 3032
16 26 2871 9865
18 81 4675 8006
45 63 9546 6937
52 84 155 5616
8 90 854 547
9 21 2627 3775
18 74 1074 4450
39 100 2013 408
15 93 751 3732
46 61 8363 3338
13 63 2590 99
28 97 2947 782
34 39 4097 1794
8 10 1948 8693
21 28 6240 9683
31 89 9434 3223
15 25 5671 5427
22 45 1534 7303
71 92 9012 6388
29 72 1896 8924
37 67 1334 4808
37 78 6637 2944
61 74 9430 1037
94 98 5157 8197
13 95 1599 5142
26 62 7547 5546
35 60 2701 4714
4 36 115 2862
5 64 3041 4993
12 16 3710 2736
72 99 6240 3240
37 83 7265 7478
34 65 7566 3613
17 92 5119 3848
11 72 5819 7633
31 63 797 3615
29 99 3934 9353
34 66 3637 7740
28 41 252 5817
17 50 7145 7690
55 71 2622 3977
38 84 6925 5308
76 99 8026 7434
8 16 5354 2219
19 68 3824 7219
35 85 1720 1222
24 26 9355 630
25 61 9509 4793
25 62 3628 8739
53 77 3841 8085
41 68 192 3041
94 99 2447 2867
21 55 1489 5238
48 58 6555 8003
6 18 3915 8298
1 82 8035 9569
18 97 2316 2270
91 97 7024 1859
33 74 2001 7260
1 92 830 7807
47 86 4569 9434
13 39 3324 8991
13 69 417 4636
25 55 7507 9240
3 92 7272 8585
73 96 3541 5855
58 81 9834 6235
3 35 3117 3614
63 90 2057 1525
18 62 2965 5422
51 80 7342 4081
84 98 7840 3651
46 96 6711 7215
18 48 8039 6850
2 95 6435 3837
54 78 1798 8396
28 78 2157 6730
34 42 3650 959
11 52 4308 3398
13 45 4198 3073
20 32 7833 1819
46 95 6364 905
25 43 9611 2679
66 95 1435 4177
13 36 3634 2476
65 86 6274 7114
34 88 3821 3354
11 45 3929 4553
12 32 2529 618
26 45 9845 3609
6 95 4765 9485
5 8 894 8163
11 17 4646 4876
53 88 2217 4005
19 51 4741 9339
63 92 5713 5560
19 83 8309 4626
4 99 716 8575
93 98 6627 96
45 58 6291 4669
33 51 9673 6652
52 82 1473 418
10 14 8371 4043
12 30 6809 5225
57 74 1831 6667
77 98 2181 5171
40 44 1228 5422
38 62 8878 8365
70 78 7592 8474
14 31 7500 7984
69 84 7791 6166
35 76 6337 1721
33 55 6457 4156
45 73 4806 7813
27 89 9682 9989
52 93 4178 1311
15 97 5237 3464
5 11 2712 7066
38 60 7777 9053
37 99 9836 2820
45 62 4868 889
45 52 2069 7377
7 89 2584 5974
18 34 6163 9803
50 87 2495 9269
48 100 4541 1842
26 29 8544 215
43 75 5346 4195
40 53 6417 3377
60 63 3154 2615
45 68 1037 8966
3 60 9367 3722
39 56 7629 1405
14 96 1434 9879
30 49 256 3635
21 59 2494 5184
19 97 7017 1296
31 55 2678 1155
86 96 3745 2553
69 83 2349 6572
90 100 3406 8433
43 100 6593 4872
5 40 3304 3440
27 64 6911 8938
10 70 6133 2525
54 65 8473 7601
18 40 3759 2097
52 54 3724 7656
27 57 1272 2927
37 46 4562 1045
42 92 6228 5121
56 85 741 9851
77 83 9419 245
19 38 7496 1100
41 46 3519 126
69 98 4422 7908
44 47 5666 4703
21 56 793 1053
38 86 8550 1989
28 69 7505 6928
1 23 1838 4441
1 10 7332 7235
10 99 7674 1113
49 99 5213 1102
78 90 2644 4458
56 59 3045 6272
24 41 7833 4776
56 75 7294 9118
86 87 1248 4867
8 87 2856 2260
42 94 2086 9424
53 59 9772 2792
2 33 5743 9631
15 27 6198 3320
52 81 171 9926
57 86 7484 863
17 38 2803 238
70 79 7 2973
62 77 3589 9833
71 80 763 3188
1 57 4611 8603
27 33 4639 9810
15 90 2329 8094
45 55 9723 131
5 100 6994 706
4 29 6765 2774
16 42 5670 8148
2 56 8412 6599
20 40 5639 5012
2 17 9277 2194
21 42 6137 3973
18 69 8713 5942
96 97 7027 2214
27 97 6243 3573
63 93 9299 2428
52 92 2790 4514
90 93 5844 1213
59 72 8701 2986
32 49 589 2354
5 54 373 5391
18 41 1226 8166
66 80 8157 3082
26 78 208 1995
21 64 3499 1754
29 74 3692 7303
35 93 1578 5285
44 62 4680 1551
12 21 3133 7877
60 87 5010 1575
19 86 9931 9982
29 97 6330 4150
25 69 913 7168
60 69 8340 5963
32 93 349 469
64 90 7066 2456
32 66 6613 278
15 96 6231 5827
43 76 5372 858
8 97 7484 1569
43 90 9495 4824
23 88 3269 1589
67 92 6810 6226
39 86 5322 7734
17 80 5274 5732
13 29 3392 1615
25 98 3107 106
2 63 9161 3416
82 98 4386 4763
4 94 6522 5984
37 48 6064 9370
59 97 4105 7080
26 85 3029 7126
33 43 2437 3837
2 37 8901 5905
17 62 2073 3326
30 43 3449 9456
80 82 4952 2002
25 97 4155 2870
17 78 8000 9379
40 96 2955 2202
35 100 1611 3619
23 63 5112 371
46 75 9764 3803
11 100 4875 7386
15 41 9634 9813
38 82 7496 8941
45 69 9642 7983
47 82 7208 8360
2 15 1356 4303
7 84 9820 7824
17 66 32 9867
8 42 7859 3917
28 94 8654 4401
22 77 4712 4082
64 100 7765 2177
90 95 8614 6889
16 37 1309 6435
8 57 7901 3623
5 96 6315 3103
2 96 3162 2437
11 21 8721 261
30 48 7321 5047
51 100 8594 8492
11 74 7987 4728
97 99 896 3622
64 68 4611 96
28 35 1332 882
7 95 2738 4477
44 86 6727 2163
3 51 9258 9754
7 72 6777 2063
22 39 1533 8905
2 87 4768 8457
2 29 1249 5378
2 91 6305 7942
41 75 161 5203
5 90 1168 6877
64 92 2110 3906
71 90 7162 8238
87 95 8954 3570
6 61 3072 1433
5 84 6216 5453
8 62 8088 3287
36 68 8211 6761
56 74 989 2328
18 90 2000 4389
7 67 8475 7456
68 96 2586 4856
77 99 1718 8550
16 97 8380 6391
23 89 5727 9765
35 55 3927 2650
33 50 196 9386
16 46 8015 5999
10 98 3133 4090
36 90 2928 1179
21 71 1850 6124
45 49 1833 1160
9 75 34 7472
41 71 3548 3550
26 51 6138 3572
71 82 7203 9376
82 100 5487 271
10 39 4221 6363
75 95 7023 3777
34 51 1309 9254
25 58 4117 9767
82 93 5930 9838
39 87 276 470
25 90 2522 2427
2 60 211 8634
6 80 4797 6317
50 66 164 3127
7 16 3414 5886
38 71 2868 2797
1 100 3243 1220
47 57 3126 8134
40 74 3733 2380
43 48 1648 8652
63 82 9751 9688
36 84 2627 298
12 97 6987 4346
12 60 7114 9733
58 93 439 6
38 69 3565 5793
46 94 2261 9094
48 91 2207 5463
1 36 1254 1506
89 91 847 1590
63 95 6674 3411
12 89 8081 2511
24 31 2840 9979
6 43 2972 8904
8 25 7959 2298
3 56 8184 8778
72 82 3775 7880
71 73 6611 6944
51 87 4901 5630
16 75 9292 8275
3 13 88 4532
23 100 4979 5604
18 88 841 1587
32 78 3582 9870
10 26 3470 9954
22 71 8949 5614
25 51 8713 7656
63 74 5307 4679
45 54 9982 8651
18 44 5709 4386
69 76 7518 9356
52 99 8601 1844
22 81 7232 6334
11 23 1184 6607
58 85 8425 6860
2 88 2915 907
66 79 8451 8985
67 83 1478 4160
35 94 5723 8363
2 66 8957 2508
28 57 8001 817
24 45 9782 3562
30 72 9081 708
11 46 2419 4143
14 58 6779 7714
55 88 2775 8298
10 40 5884 71
6 56 9579 1642
56 78 7221 7567
92 93 8579 9604
12 98 9237 7314
4 95 523 6369
27 86 5140 8129
28 73 297 7208
69 79 4943 976
23 37 5582 3305
17 19 1721 6608
7 97 1205 9831
19 53 7377 8473
60 100 8922 5054
29 94 4574 2809
66 93 1514 6700
31 68 5581 3985
20 68 6745 6938
67 89 8506 8934
4 62 8732 8435
59 95 9514 2212
47 48 9213 4405
19 34 3973 8249
53 79 9234 5916
74 80 8817 9349
20 71 8313 8854
42 55 3280 5216
28 87 6829 2719
11 83 8438 5903
92 94 4175 614
51 57 3449 9440
22 37 7226 9122
7 10 8656 7946
22 29 5359 4513
42 78 8956 5413
80 93 8490 4936
39 70 142 2886
86 99 7539 613
26 53 7778 1112
26 91 9243 1758
34 56 9067 2924
92 97 481 7395
48 63 9398 2905
2 57 4209 468
34 92 9646 2030
30 87 1342 2998
19 40 1734 1898
27 56 5339 3333
9 16 1887 4579
21 97 6630 3287
98 99 5851 1816
23 40 5704 2187
13 41 4335 1885
16 73 2706 2711
35 37 9430 7504
24 89 4681 9421
54 62 5686 4274
7 87 9111 5609
54 96 4639 2807
57 80 8452 8521
13 94 7020 6976
47 61 4108 1573
85 91 6874 8546
46 78 4852 48
81 97 9446 10
25 76 7799 3900
48 68 803 7441
55 70 859 7807
23 58 9827 3561
21 24 2652 623
14 76 3712 1850
40 46 2247 776
39 65 344 1406
58 82 4503 6415
26 88 1927 4782
61 75 210 8064
44 84 5908 4205
27 60 9158 9638
9 79 7351 1170
42 73 1182 6968
22 28 9345 4128
16 18 1005 2688
39 75 7950 2189
46 87 1504 4853
9 14 1223 6566
97 98 8970 4236
14 24 8491 5520
16 44 9931 7230
32 74 7928 5783
50 57 8424 1425
45 65 9931 8876
45 89 4887 3619
78 95 9892 5078
25 39 8082 4423
56 82 1645 6352
9 24 1304 784
74 99 7921 8179
18 83 6610 1561
21 65 6444 617
29 76 4784 9777
50 73 2945 5923
22 61 3516 154
44 72 6073 8349
19 92 8061 2870
16 92 8968 3106
47 77 2071 5312
10 100 542 8548
30 85 7674 3170
88 93 1859 6491
25 32 9121 52
44 54 8991 2563
2 52 7533 6084
27 58 5370 1954
16 89 6861 8614
32 79 2589 2499
10 95 3856 7496
44 70 8077 3308
94 97 7503 9380
54 58 1019 5027
12 96 255 5631
86 88 5490 7542
55 95 1854 5778
3 23 6576 238
26 95 7824 2180
17 68 7000 7286
10 33 434 5637
5 66 2843 5624
4 79 7198 7523
23 59 8713 1625
21 89 2001 3260
16 50 5028 679
59 99 9518 6483
1 12 184 8733
32 75 1382 290
30 91 3871 2832
8 72 6421 200
47 97 1422 9443
43 80 1739 6560
40 57 2320 7870
13 77 7388 1386
60 90 9816 3834
51 91 1338 8862
3 11 993 1445
31 91 4359 8927
34 73 1767 1618
64 66 1748 4436
34 81 9281 734
4 23 6262 361
6 99 2200 803
33 59 8561 8476
67 77 1212 110
30 75 3006 2300
27 69 16 9011
5 29 2232 9350
23 60 6403 8395
45 46 2086 4230
13 18 3573 658
9 76 9344 3542
51 93 4711 3656
6 45 7887 4687
45 92 3556 1909
47 69 4637 3543
55 83 9 7564
30 96 6246 9281
19 49 5995 2995
11 48 3616 5391
20 57 2619 7756
55 74 5 9257
78 98 8898 6692
12 36 2699 5718
9 62 7557 1778
44 79 8261 3125
14 23 3076 4955
66 73 973 4275
68 71 795 6034
16 88 1531 1493
62 94 3750 2642
25 86 5857 4328
3 44 6885 4597
33 89 7513 7657
39 61 6613 2394
9 70 7961 9330
35 79 9677 4790
9 55 5997 7853
72 93 4455 5309
9 86 8108 4856
93 100 8598 789
2 26 6940 2928
38 55 3876 1186
85 89 273 1316
63 99 166 7330
21 47 268 4404
17 88 4464 2364
18 63 2730 3371
21 100 3521 8716
17 22 2843 1478
3 30 3942 9035
51 65 9529 7032
60 94 1631 2710
31 82 1207 8258
37 80 5160 4286
41 99 998 7329
6 69 9096 58
66 69 847 898
25 96 8216 3288
52 66 6759 5986
22 70 7019 1289
27 83 4007 817
28 40 9215 2148
14 73 7458 5332
73 81 9544 17
29 83 6702 4553
15 37 8522 6262
36 52 4667 2584
9 10 5172 487
86 93 4650 4807
12 81 4160 9530
31 77 1377 9785
85 90 4223 6392
25 47 7752 7490
3 75 4045 4997
72 85 9377 4721
73 92 7017 2778
17 48 5791 8081
23 94 4433 758
13 23 4302 4047
72 74 8785 7876
24 96 5494 6905
48 97 4605 9604
52 87 2385 3084
28 81 5535 5875
62 97 181 7679
60 81 6071 6226
45 57 2391 3222
39 74 5331 2404
60 86 3706 9679
62 79 3565 5593
78 87 573 2696
87 93 4230 4579
35 41 8931 6068
37 38 8852 1120
10 73 272 712
44 100 8405 9914
28 29 6016 8501
35 89 5831 2753
32 45 2679 2815
78 80 7018 9539
56 63 3706 6446
23 72 7223 3136
16 63 5605 332
69 86 1482 8678
66 82 239 3250
35 69 8378 385
56 71 9065 5453
47 88 5553 1561
10 22 1666 2347
33 64 2671 314
23 29 4643 5991
21 25 1136 2560
52 68 3530 4979
46 80 9872 9106
15 74 767 4412
65 85 4339 6685
41 73 5694 2208
58 79 4784 9654
74 87 6973 470
27 99 1489 5429
19 42 6917 7079
68 98 1733 2644
17 27 2128 3746
21 34 2744 3020
63 78 7766 4509
10 81 1304 495
93 97 5279 4464
83 91 8329 6116
94 96 8265 59
10 80 8595 6623
28 59 6859 2492
41 98 3296 5724
9 58 7258 8824
17 52 1747 6456
16 86 4102 5443
10 77 7253 9254
68 77 7116 3846
39 48 761 1632
25 84 3377 1594
7 26 6051 7363
83 94 130 7783
18 43 4254 7619
28 66 4676 5349
20 70 8611 979
30 73 8074 3939
9 82 1043 2981
2 19 1710 5485
2 4 359 2376
8 80 9641 2990
25 65 3022 4716
45 51 3680 1048
50 96 5816 7904
19 82 3131 1298
28 84 9541 8576
3 25 9538 6712
35 75 8121 4982
29 55 2558 543
3 41 8453 7565
63 77 9841 8138
53 56 16 5193
42 87 738 2845
57 77 9712 5137
10 84 9866 8123
6 20 784 6441
33 71 6302 3812
55 57 8878 936
26 90 9289 4822
16 79 472 7450
18 89 7164 4799
31 99 6902 992
22 73 2309 9389
51 59 3446 3644
31 86 4146 4262
9 72 9402 3864
30 70 4389 4344
89 95 2713 8627
37 63 4856 769
7 23 7594 1989
11 49 7408 2082
36 87 1630 7300
35 50 5989 6124
53 85 8504 6631
3 87 6881 7965
29 40 5924 6053
20 39 4310 2137
35 47 8785 5087
18 29 6194 9127
15 24 7862 8870
20 63 9493 4348
77 84 2034 6185
50 64 4566 5684
51 96 6878 8116
39 53 4507 1576
34 64 3451 968
55 62 1793 3058
56 87 3971 3113
1 49 5256 4967
64 85 1241 2140
58 74 5926 1337
3 29 2952 9367
21 93 4294 5932
13 70 6447 1763
52 88 9986 4717
43 70 707 4822
4 20 8131 7674
48 89 5383 3062
10 86 6259 8226
50 78 2826 2560
51 90 3545 2278
51 73 1121 5449
29 70 9677 1938
39 51 3469 2704
32 98 7789 1236
75 83 3112 5047
80 96 7520 7346
9 88 4588 4150
60 75 8887 5758
25 30 6250 3073
20 86 8119 7796
45 48 1736 2119
42 85 4977 9317
53 84 7997 6300
36 56 299 1439
1 38 5392 1259
36 42 5869 2489
21 27 8142 9021
38 99 6913 352
16 40 8031 8021
32 69 2898 7807
1 50 8075 2080
8 46 1428 1108
74 100 3906 8485
4 52 9788 9431
23 92 1584 6188
61 97 1238 8466
10 20 9835 8871
24 58 8409 8806
1 47 8323 7138
64 96 5433 6004
31 81 8180 1791
4 59 4028 8738
84 94 2944 8266
34 67 4273 8077
64 82 8189 4970
23 26 3220 5006
48 49 8781 1347
80 98 1937 8906
32 37 5756 89
16 43 7150 6780
45 91 490 9952
79 85 7195 9102
12 76 2057 9562
66 71 3718 814
17 74 958 5874
9 29 5749 735
11 44 4362 7690
47 60 4408 1307
42 76 8249 6157
53 64 382 5086
9 41 2792 9506
52 90 1098 5251
5 62 9127 5002
37 72 1502 4796
54 55 1105 2672
14 39 8341 4566
45 70 5311 4944
38 76 8612 8724
55 75 5010 7957
6 58 4551 8595
22 43 3220 2630
5 74 1137 353
40 45 2745 5827
14 47 649 6847
29 44 9066 8101
19 74 2981 8016
30 67 4748 1416
44 61 5330 4823
16 70 9776 8640
45 72 8027 4926
23 93 2569 2387
56 60 9795 3460
4 84 6202 9989
32 51 20 6006
25 50 8098 1539
57 100 9748 5019
37 94 710 9336
2 38 3570 6223
48 73 8910 4922
14 81 686 2202
10 34 2460 9704
2 5 7245 2201
59 65 9606 4031
21 90 7025 4687
1 62 8360 5154
16 19 5321 6649
42 49 4647 5594
7 94 5420 6921
19 59 5198 7982
58 73 2913 6178
29 100 240 3795
35 39 6577 2305
3 21 3153 9899
35 87 8369 527
73 80 6818 8946
35 90 9825 7526
12 38 4190 9322
12 65 1170 9015
12 25 5950 2573
31 48 8523 893
17 89 4701 6111
8 11 4147 2745
12 33 710 9983
1 5 2647 1987
13 68 2797 8522
14 29 9486 3519
32 46 4382 4229
33 36 2851 5958
7 62 1407 5675
16 78 8629 3446
62 78 8169 3457
9 30 6526 5195
87 96 3172 4022
14 68 6967 8287
73 95 5606 9826
37 93 2724 5736
8 51 4694 7099
51 79 7946 4368
5 67 4985 2725
26 64 8873 9896
43 57 9505 9898
50 61 695 1876
22 76 7662 6595
22 24 5223 3887
18 85 3995 8049
37 41 3953 2681
14 84 468 3174
43 97 1400 1378
4 90 1506 882
3 48 403 4457
15 71 6615 6205
43 62 9133 818
14 71 1214 8980
12 75 8243 7652
20 76 1631 2971
34 60 8822 8817
22 30 9807 398
17 93 579 2416
33 82 7685 1765
73 83 9113 1967
58 99 6035 7866
2 9 9319 4824
16 45 3523 2705
55 65 5845 1227
8 19 981 1640
75 92 3254 126
45 61 6080 1813
30 45 8509 2130
5 41 8696 4342
45 97 4594 2803
59 75 5452 9369
11 75 9047 7538
30 61 6157 5031
54 92 620 8287
67 94 1432 2943
7 61 8994 591
2 24 6418 5796
8 27 7383 9322
68 79 4673 7656
34 96 4389 9323
9 99 2092 6958
41 53 2307 6467
20 51 3545 6410
1 44 9194 4141
90 96 3699 4869
28 38 2323 6788
29 42 2069 5795
21 68 9944 6731
68 72 893 7701
25 70 9110 8756
3 42 8278 9442
36 76 73 2770
25 40 628 1531
62 72 3510 6933
44 49 2501 9616
26 36 6877 3755
63 69 9389 1598
67 87 3096 430
47 59 667 2693
54 82 1112 5189
65 78 9904 7025
19 50 217 4050
53 94 3989 4584
25 36 9245 3137
1 75 9986 6709
20 62 4469 2794
10 71 2843 6805
81 84 4325 184
65 100 7851 2286
8 66 4649 4720
64 84 2674 7433
20 94 2372 5027
20 27 5950 1264
31 88 3916 3993
40 76 8529 5149
34 71 75 8721
41 42 2088 6861
4 9 6924 9274
30 47 887 8666
6 34 2586 8996
6 65 1207 8468
71 72 7774 2473
39 64 2341 7675
34 63 4754 9740
9 42 6495 2214
52 76 3581 2086
19 48 4676 954
59 64 7986 3836
35 81 5124 3035
33 38 2869 474
22 75 2619 87
52 53 4891 4428
53 91 8850 2564
22 47 2790 4022
2 8 98 5413
66 86 4859 1949
1 84 2263 6640
74 79 5301 3814
4 98 9879 1084
30 53 8166 6514
53 99 7820 9810
20 80 5767 6404
20 92 6003 9199
8 56 1851 822
38 47 6469 2330
8 84 8036 9039
56 88 6511 2502
45 47 2371 4180
24 62 3815 4967
6 92 6623 391
20 89 904 4827
3 57 2344 3703
60 61 5718 9289
24 72 7204 1127
21 62 8261 3530
97 100 6216 1324
39 77 6677 106
35 98 4186 1435
52 94 8263 7540
34 89 3621 5816
21 70 1143 654
6 64 3206 6950
22 67 6060 8352
88 98 6333 1482
48 92 1175 8764
13 98 4964 8771
74 82 3280 8797
79 100 8638 6250
65 77 497 7264
19 47 7743 7172
18 54 3286 3478
29 62 7299 5182
2 67 8817 1343
8 28 9239 5971
4 74 2261 700
3 15 7043 4916
49 95 7018 2038
94 100 8737 2233
38 49 4782 3061
37 71 6028 6885
23 66 5052 6840
98 100 3724 7746
18 50 9365 8277
42 98 4371 8027
19 60 2643 8776
46 47 6149 8309
25 37 2295 6519
2 64 5589 754
6 12 9873 990
53 73 2007 6333
4 91 4388 8611
36 93 8143 9034
20 82 266 6624
32 72 7034 5242
41 51 4610 4708
30 86 6375 6917
35 97 7938 6944
72 95 508 5932
41 47 485 3726
35 82 6020 5015
2 71 1657 6577
4 24 1458 9395
95 96 869 6714
76 77 4186 1701
17 20 9995 2919
25 80 4712 3105
85 87 2212 6651
8 81 9191 299
58 97 4746 2295
6 7 1472 8840
1 66 8222 2182
18 46 9930 1427
91 99 6108 9604
27 93 1566 3230
14 91 2579 7103
44 52 5844 8625
39 60 4603 8896
65 66 3767 4924
35 67 3944 1477
14 82 363 7542
24 59 2922 5971
11 22 9665 81
66 85 2586 8464
10 61 7068 5857
3 84 3697 7035
23 61 6944 7083
30 36 5324 5279
44 95 8282 7148
19 76 2298 7994
14 94 4496 9985
33 97 9697 674
6 55 8624 6448
5 52 7374 4062
46 85 7202 1842
80 87 8062 9518
12 62 7336 4280
14 62 991 7240
19 41 1855 7993
58 95 9622 4073
15 44 478 8420
15 34 5287 5632
46 56 6486 7840
42 66 8975 8343
24 84 1284 3232
15 62 5209 4974
9 97 8056 483
39 44 3459 7029
27 70 7149 1503
2 55 5917 8651
58 75 8815 9005
24 33 2672 7932
43 69 7553 2972
55 87 8928 124
14 53 2796 7676
95 99 3510 932
21 38 7764 7719
13 96 2121 4075
47 100 2674 7776
5 22 6141 2999
38 41 9807 8531
7 34 1420 1305
42 81 2636 2078
50 63 8925 954
61 64 9741 2546
42 97 7458 3491
32 84 7385 9846
18 59 4728 7092
14 15 5180 5512
22 55 6645 1253
3 20 1090 6485
61 89 6048 4391
55 63 9626 3251
18 49 622 2666
79 88 7361 5632
24 60 5650 8554
33 98 6043 6482
45 78 9437 23
31 67 4275 9207
41 76 1013 6739
15 58 8334 6398
20 47 339 4226
45 93 3866 2780
11 90 6870 3619
30 89 2074 2737
76 87 7251 7721
31 42 5002 308
20 83 8354 5150
33 34 3379 8698
12 93 9888 7757
44 59 7592 6174
83 92 4364 1690
4 13 1041 8783
30 44 8266 3878
4 26 8512 6931
31 49 2819 1957
43 72 966 3186
26 93 1046 9036
68 95 1156 2954
26 82 5279 4142
5 32 7308 6785
69 89 5955 1825
12 34 7218 7946
7 44 2898 6042
33 83 3730 1468
30 52 9107 8472
34 62 3027 1948
36 74 702 8278
37 62 7347 471
49 60 6967 3668
71 100 4413 4459
67 88 1528 9167
22 38 2731 1084
30 81 3384 5087
67 76 1820 8941
49 55 1388 3475
28 77 5289 9505
21 98 6215 9404
25 85 168 772
46 55 1492 7790
28 30 9709 9718
85 88 1857 976
31 43 4107 4748
32 92 3300 6511
16 60 2970 1939
11 18 6492 7529
24 48 5147 6732
56 65 6846 8080
32 100 8510 2550
53 72 8085 83
14 83 137 1753
86 95 2094 8638
12 24 4529 8313
10 87 386 6643
2 50 6485 4465
69 81 2867 1133
42 86 2114 4034
1 6 6795 1900
77 85 7929 3187
75 88 9913 6977
5 59 7280 3727
52 73 9562 1353
28 89 7907 439
28 31 118 857
63 73 1016 6016
3 95 1825 6605
14 52 5205 8234
60 83 7801 9484
29 64 8562 3174
64 65 7654 5925
56 70 8651 4530
3 55 8851 6745
7 99 3105 4215
24 75 7541 9375
33 87 232 7216
5 70 4716 5357
56 80 9734 4819
23 41 5340 6957
18 77 5969 3297
50 58 2858 4220
6 41 6497 6039
25 31 7532 4251
14 19 3534 8621
54 77 2995 5690
17 75 2549 6405
61 93 4347 1066
7 15 6518 80
64 70 6409 8888
48 69 629 1911
5 16 2773 4975
3 82 2846 5088
63 66 6233 6330
26 94 4006 4220
4 80 5684 6876
18 99 3022 2178
70 83 995 7491
8 96 9042 7320
7 91 5193 1641
17 46 7374 2121
70 76 3444 320
20 37 9233 7121
30 35 4246 7341
16 17 7969 4511
59 74 8280 1117
22 87 2416 4108
25 35 5509 2490
12 68 6799 827
7 53 6716 2324
5 39 2915 309
8 23 247 4008
5 79 7025 2032
71 76 4706 7149
27 43 4892 1478
26 65 1325 214
1 3 3514 6099
84 96 855 8259
55 56 6943 93
26 57 1238 8304
8 61 1861 7568
49 68 1601 8795
28 37 5016 4662
12 39 9971 6181
1 4 2170 7684
9 67 523 5412
29 78 1387 4268
16 74 1269 1378
24 30 3652 7138
72 86 1991 2910
87 88 1876 2668
26 80 1537 231
74 77 1658 4791
39 92 1003 1949
8 77 8969 5439
13 47 5451 2482
75 77 4280 8968
4 70 8061 6076
61 92 5505 9528
61 78 7633 4469
28 88 6456 8106
67 91 9615 1869
7 37 4504 2941
57 84 2261 8472
42 79 2847 1593
6 37 2749 8931
81 98 9157 2351
9 49 8466 8061
58 68 3219 1768
22 48 777 9423
15 36 3514 7199
56 93 1878 7678
35 36 7738 4391
5 12 1609 1569
51 99 3448 1765
52 65 9623 3071
42 45 6981 464
89 97 6167 5928
79 97 8028 3511
41 44 6553 8558
48 66 1366 8789
49 86 8062 9492
11 25 465 3139
39 72 8798 2717
14 20 8652 9976
15 98 6504 6340
62 87 2969 1526
62 100 1904 364
37 82 6091 5684
48 84 278 5754
32 39 6665 6285
51 89 2737 8536
21 54 5946 5190
67 81 8111 1843
9 11 5061 5151
39 52 8648 1587
5 47 6798 1715
92 95 3152 116
53 65 4785 5914
27 49 9355 7147
10 89 504 5772
5 81 3976 9565
3 24 773 3586
5 26 970 836
2 39 7035 1421
7 12 1683 6666
49 87 7593 9169
50 84 9925 2288
36 86 3407 9716
47 81 3010 1885
96 99 2362 8556
43 53 205 8273
35 80 2850 7180
3 17 2716 9345
30 65 7839 2681
4 47 6531 2175
14 79 5449 7621
12 49 7613 5978
19 78 1298 4429
10 93 8378 6204
13 52 7384 6111
84 95 7965 2643
4 49 4340 327
17 64 8022 2070
15 72 8286 8545
5 35 5496 5950
28 48 7126 2388
34 78 1270 5347
31 37 5801 7562
8 82 6142 8976
19 55 4506 5687
24 25 1288 7821
51 82 1054 5779
53 66 6850 8918
65 92 772 830
45 98 566 6329
49 56 7831 9769
8 59 2989 7720
35 74 8994 2903
42 47 12 1478
50 54 3336 2676
7 13 8002 4583
51 81 6585 5596
16 62 2478 3988
41 92 5834 6914
42 54 2813 4301
61 65 9002 2237
43 83 7429 2727
76 86 6033 2817
37 98 7349 6302
8 91 1434 9332
68 97 7020 462
23 82 3418 8582
30 54 5826 1948
40 80 8533 6990
26 79 8790 4311
47 92 2446 8249
8 95 6068 6373
5 60 7479 3432
39 89 8117 630
7 63 449 8159
31 90 5444 5879
18 42 2274 2539
82 97 555 5994
27 91 7067 9667
39 93 7249 6303
36 89 2170 5332
31 65 7339 7163
52 97 8118 3377
46 92 1097 7264
8 76 2554 6173
13 86 6942 7872
6 44 5407 8722
8 70 1959 2538
4 82 4180 3153
44 75 5843 8446
46 66 5282 9557
52 59 7644 8668
12 71 8556 4884
38 98 6826 298
12 53 1206 4224
23 84 6289 8770
25 95 7717 8627
48 75 43 7154
16 58 330 7408
4 41 1208 4496
48 86 9999 2154
8 24 5296 491
77 89 22 5609
43 82 4194 1426
12 20 6101 6533
65 83 5128 1932
3 9 6601 5872
63 87 8708 5722
58 59 5039 580
30 51 4710 3088
57 79 6700 9851
46 82 6578 7413
39 82 20 3617
57 71 9124 8712
17 47 5880 978
48 53 9321 4651
43 61 6221 9223
32 76 1833 6516
48 50 5501 1156
18 96 5539 2897
75 84 3659 6659
13 44 8290 7014
27 76 7620 3367
16 83 7247 3853
11 26 5157 5915
2 80 1072 4824
15 51 4163 9963
37 89 9510 417
37 52 3356 4401
8 50 7539 4983
6 89 5722 5073
3 54 9235 4765
23 65 8361 3626
58 78 4550 3003
22 51 2281 2148
5 97 3863 799
65 94 4672 4448
12 100 9513 4236
11 91 6552 8787
46 76 3827 5994
4 39 2769 31
57 58 2127 7399
78 81 403 8547
28 62 6969 8216
49 94 240 6064
23 34 7709 4731
14 35 1704 5137
79 82 893 9289
5 45 5222 2504
55 80 7791 789
6 88 5441 5868
30 59 4200 4395
47 58 3806 3679
44 94 9694 4696
24 100 1102 5559
37 57 4597 5995
69 87 7664 739
15 60 780 3245
18 52 8172 6961
80 99 3243 5095
59 85 5251 9439
26 67 1999 8574
6 86 7265 75
48 96 7350 5467
21 84 3888 574
45 50 4718 2170
34 59 4830 4492
15 30 8531 1827
28 96 870 4510
54 99 4109 3665
13 60 2468 1635
6 73 3198 1697
48 60 8285 2410
44 55 8374 6269
30 64 1304 4207
42 69 6363 7669
1 77 6298 4106
22 23 4209 5094
56 76 3909 2803
11 64 3690 9571
15 81 2214 5468
32 36 2266 276
16 24 9328 3795
2 65 9214 8555
90 94 6430 5954
49 74 4088 1045
14 56 9322 9701
33 80 5098 4880
60 68 8851 2122
54 95 2295 3895
24 46 9911 8918
12 92 8501 5232
17 39 2540 2887
10 78 9201 1311
43 98 9213 7748
18 56 6556 4735
5 75 730 5712
52 74 9388 7427
43 89 7186 1502
57 75 9628 3826
62 89 998 1995
16 67 4133 7947
43 81 9131 8562
10 18 2818 5451
42 64 8251 5902
36 55 789 4374
33 66 785 558
30 41 9476 1048
70 87 3496 6398
44 60 4129 7738
28 44 4814 5493
92 98 1987 3997
42 84 5516 6716
51 63 1903 1709
93 94 7521 9366
89 98 8129 1820
66 76 2961 6119
60 78 7722 5200
13 72 6045 3510
22 57 2382 5300
2 42 5480 6366
48 99 1702 6999
33 78 1730 1016
14 60 6290 4442
51 53 6438 4462
2 35 9522 7240
81 83 7055 9495
19 72 4950 1744
13 48 1183 7441
52 63 6299 5207
45 94 1868 6390
25 73 9683 2198
13 66 2452 8987
56 61 1348 6085
24 70 2725 6224
47 63 4368 7768
29 53 5980 3349
57 78 1301 1724
50 92 372 7744
31 71 743 5265
63 100 9387 2984
43 73 7867 6188
18 67 5507 527
4 8 6405 2108
42 71 5753 8363
41 63 5367 5545
32 94 2599 6996
2 61 1652 9907
68 70 9994 7725
3 38 8702 2691
77 87 8816 1539
75 79 4012 9123
62 69 9982 8609
31 40 9115 6055
42 89 9195 3280
4 75 6777 818
48 85 4421 2113
23 36 2959 9617
64 67 7539 7719
14 97 7307 8867
53 70 7195 3987
47 96 291 2960
31 35 7568 8317
52 78 9914 7566
65 71 7399 560
54 93 5969 4298
52 62 6622 273
12 26 9745 1651
42 65 2082 4738
11 15 9051 7512
50 85 7637 3458
88 91 5194 2756
63 88 1140 2914
3 63 5951 5742
22 64 5295 7898
65 69 2313 4090
18 79 9878 4751
58 89 7567 3681
2 82 7310 2738
44 77 2982 4851
10 83 847 957
13 20 3235 7512
29 45 7133 1260
28 39 5786 1814
88 89 8388 5214
24 90 1052 2355
40 78 8292 2138
31 45 5220 1674
17 72 4851 5626
7 54 5161 1230
24 76 8383 7407
23 30 1460 4572
34 77 6096 2723
3 10 9080 2813
20 43 1116 7155
12 19 7588 7878
12 27 3167 1303
38 48 9962 8916
74 84 4407 2783
8 18 6146 8274
1 91 7461 9241
9 78 5249 7129
22 99 9740 2341
95 98 1468 351
51 76 3386 7025
36 70 6119 6756
5 25 6750 7920
77 79 5586 8942
15 46 550 1083
9 77 2026 3667
38 50 6197 988
48 55 647 5871
35 62 3309 5636
57 85 5960 969
55 61 9498 8080
5 34 222 5091
14 78 5637 3665
69 85 9947 4680
24 97 2075 3649
26 58 7344 5387
15 61 4068 7189
2 85 6494 5206
33 96 4191 5045
9 47 2558 8191
15 31 977 2408
84 87 1779 6298
6 40 9873 4556
60 79 5637 2808
86 92 4231 1436
55 78 154 9520
3 69 3223 6984
11 56 4526 9106
24 51 9974 1704
29 68 3072 1203
23 78 5798 9512
29 71 9780 1669
33 95 4140 406
82 99 1654 3715
39 78 7891 8177
10 38 7446 7826
44 57 3232 2503
65 72 5132 3072
43 54 251 7748
20 52 6582 8787
12 82 2822 4819
21 53 4126 8082
5 63 2055 2948
13 33 8088 8942
83 93 6165 8418
27 88 3611 264
10 12 8603 2795
19 24 6224 6637
45 83 4747 8792
78 89 352 8909
29 36 1031 4931
37 54 7177 4015
81 95 4054 5872
37 66 3209 4155
21 77 156 324
9 18 5727 38
41 45 3881 2811
3 34 5395 5383
10 68 8010 1088
90 92 3040 9148
22 92 8830 9188
6 42 9005 6707
2 79 185 6612
8 36 152 1781
8 74 7735 5932
36 45 3094 9494
71 91 4615 4066
14 50 4307 5112
81 99 3438 3471
73 85 9866 9387
41 49 9071 3948
20 64 9758 4590
30 46 7868 7648
20 24 9657 5528
24 37 2699 8595
55 77 7067 293
76 92 9020 8472
9 20 808 7242
73 91 2758 2175
78 91 504 3805
21 79 53 6325
9 43 7547 8619
69 82 9913 7188
54 63 2162 4825
9 31 267 1261
15 22 4413 3772
40 65 2368 9458
15 49 4293 7437
15 32 7618 4817
79 92 1972 2152
70 71 1728 6758
20 33 3463 1996
27 72 1658 8446
49 100 124 3402
12 46 6808 1789
56 100 8238 7403
8 75 4789 9175
68 91 1936 123
1 64 3088 4536
1 34 9515 4009
17 33 9952 8540
77 92 7178 4792
56 91 272 5026
36 47 6316 8284
14 45 5025 27
38 83 9413 294
27 32 8803 6178
28 72 8928 8110
34 45 9494 7724
23 68 2930 8883
3 22 3734 1397
74 86 1421 1292
90 91 2395 7994
72 96 9382 4520
60 73 4891 1605
86 91 3118 1011
56 68 376 4711
9 15 7248 6228
46 98 4246 6015
13 32 4388 3285
18 73 4584 5187
60 62 780 596
75 85 2378 6791
93 99 3838 4032
77 93 452 2522
68 76 2807 5598
17 73 7185 3585
15 33 1945 4509
77 88 3137 9517
51 58 4380 9423
19 31 6605 8984
29 88 4802 1343
42 59 5036 1379
27 35 7291 7446
24 50 2182 910
72 88 3272 269
71 93 6310 9902
80 90 4761 3351
31 79 6231 290
51 70 7493 7033
82 84 5245 1229
16 34 4761 3920
12 64 6559 8734
29 50 2115 7729
1 60 4279 4053
59 67 1414 2321
46 53 4054 7039
23 97 4697 9898
23 45 4748 5616
51 61 1310 8030
76 84 1898 1288
15 87 8888 1084
19 62 1812 1215
4 17 2604 1035
10 53 662 5619
27 90 1572 215
49 76 235 314
28 60 1114 3462
5 51 8845 2554
20 29 1009 9279
29 79 1048 691
30 92 7321 5639
40 70 485 3406
17 81 4005 4728
60 71 125 1144
19 80 9093 9122
49 88 5334 9007
29 51 8592 8148
49 96 9803 3676
5 42 6917 5982
50 82 6573 7191
27 78 2833 585
4 78 222 5425
6 71 4385 7813
24 61 3238 9914
33 63 5131 6971
45 66 5757 661
19 88 485 5275
82 92 7025 6968
21 39 9972 8538
11 53 5292 2497
16 65 8853 1550
36 44 8820 5522
26 68 1260 7200
40 69 777 3400
6 22 6148 1625
77 78 3062 3405
77 80 1537 8133
34 90 1036 5549
29 96 691 2870
7 49 1283 5854
12 13 8796 5007
6 90 6528 9542
38 85 4091 4751
26 31 2802 1274
18 86 606 4082
11 99 2540 9715
26 34 1631 650
32 95 3513 6150
26 46 7260 1653
3 52 7456 6153
74 94 9772 374
11 19 8069 5101
40 50 117 1957
17 23 9344 3959
38 77 3954 248
10 90 3293 226
6 39 6996 8720
10 15 7577 5012
2 34 9830 8464
26 47 7938 699
6 25 3301 3745
40 92 5192 6242
4 32 9605 3640
14 26 4479 8710
17 32 9129 7244
47 56 8852 2665
51 54 2165 4289
83 96 1485 8621
12 28 6690 4459
44 97 1557 9297
59 89 9131 3443
9 53 1010 4381
9 83 2226 999
20 88 8130 5462
63 89 2114 7609
13 30 9523 4994
21 32 5490 7858
58 91 9707 8621
76 79 4773 2261
5 89 7337 7407
16 56 4934 7740
85 86 3174 9780
16 72 6209 8319
54 76 468 4010
9 35 4788 5608
1 27 4116 2168
65 91 8869 9859
29 54 283 6030
81 82 5464 285
50 83 3609 2104
10 46 6823 6841
37 61 5157 8360
33 47 9714 6061
37 87 5041 38
5 95 5982 267
49 79 6273 5865
69 96 2848 3847
56 58 4683 6043
76 89 7905 371
74 98 2249 9586
30 38 8507 1396
11 96 9164 7453
14 65 5743 7267
7 59 1599 4182
11 80 2096 7317
45 96 9137 9816
11 85 7107 5136
78 100 7950 2383
51 85 1778 4859
63 70 8978 7987
29 80 2057 4876
27 54 9296 8714
26 86 8103 6949
55 93 6402 2870
33 41 6444 5680
74 89 8270 7199
10 63 6211 9509
43 56 8859 3890
76 82 4800 3988
7 33 3962 5258
13 26 2401 8658
6 72 9947 3084
23 62 6943 7792
7 39 1130 8977
30 56 5363 593
13 93 1002 6221
70 77 7737 5822
25 88 7265 4282
22 54 8665 9511
20 34 5765 2636
69 99 107 203
3 76 835 5206
28 33 165 8128
32 68 8000 6635
53 97 845 8603
45 85 1728 7406
12 79 1130 8439
8 73 9003 1725
39 67 1586 5040
90 98 6254 8213
29 52 2214 8024
16 25 8973 8524
18 24 1953 786
49 66 3449 6127
27 47 4098 2633
42 88 9163 628
11 40 7661 6905
60 85 1040 5477
12 57 4539 708
39 80 1850 6076
28 36 642 498
26 27 550 4179
26 98 9 842
64 86 5396 7196
4 72 4483 7856
26 69 5969 9084
17 87 2981 1022
48 71 3751 9986
32 38 6507 5812
36 67 195 2062
44 82 5547 9591
86 90 1625 748
39 83 3817 5900
65 90 787 3774
10 62 4169 5687
5 46 9090 1333
45 59 7051 2688
40 89 1307 7132
14 66 3980 7848
33 40 2747 5593
58 65 3060 6151
62 99 2442 9538
1 80 702 3723
25 38 1753 7080
17 40 6713 457
12 99 2550 7370
25 60 6759 403
40 51 1180 26
46 86 6759 9171
54 87 8975 3580
20 25 9824 796
2 36 5139 6286
3 67 4121 3953
8 26 1880 8581
1 83 4149 3041
73 98 6592 6954
27 31 1470 3609
27 42 5061 9416
8 85 2478 5931
68 81 5745 9183
10 96 5085 6225
12 23 718 3947
66 83 4139 1059
33 46 3106 1777
39 90 3561 3547
53 92 5335 9856
52 83 6462 7265
6 17 6493 9206
22 80 3470 5108
33 56 1288 3683
75 89 1762 891
1 78 4729 836
20 96 833 6343
61 81 8007 9673
28 52 6985 8194
55 84 7547 1090
21 58 6976 4604
46 54 7139 5399
19 52 4983 8645
25 52 2247 2486
38 40 5857 9131
20 41 1856 6755
49 53 1081 760
56 94 330 7857
7 77 3096 4090
57 97 5830 7095
18 35 3410 2331
18 32 7607 7404
4 11 85 7748
38 51 3080 8498
26 50 9219 2306
48 90 7804 365
40 95 1572 4321
53 93 6023 301
8 29 678 1257
9 25 6870 5033
35 52 2980 6511
52 61 9212 6782
42 90 5656 4229
17 43 7874 5283
41 95 4225 7597
69 73 264 8885
19 25 4197 8681
27 51 8333 9525
4 6 4119 8545
16 99 4558 6796
18 82 8353 5523
91 93 13 6428
3 81 1260 785
11 67 7499 2320
67 82 9988 5484
49 72 4455 8504
45 81 4109 4026
58 66 1909 9700
15 95 7810 6407
71 79 6456 1231
55 92 9444 7677
40 67 7354 8630
37 50 3638 6702
15 82 4253 1561
55 60 4694 7862
8 58 7505 5143
36 95 7487 3082
53 55 4145 6513
11 31 3709 2948
14 70 7826 2140
1 72 3644 7378
17 90 7899 3572
58 90 5774 4790
49 69 6843 7412
8 86 4006 3136
12 73 4267 3063
85 100 2473 1919
6 59 4306 8870
50 79 3936 2695
12 45 342 9549
26 33 6690 1616
84 97 383 9198
63 96 8547 807
8 78 3077 4342
14 18 7213 9743
73 89 9458 7928
78 93 131 1311
5 10 3385 1060
14 95 4176 8658
4 69 857 4970
73 84 261 5631
18 60 4020 7477
7 45 5133 9571
42 99 6539 8731
13 37 6827 6890
75 99 6043 1475
43 78 9335 8345
15 73 239 4842
2 21 7423 4188
71 86 7709 7983
7 56 1932 8723
74 93 2957 784
83 88 8843 6988
27 44 9670 4442
33 61 7843 5729
7 78 2122 3009
16 22 8526 6978
4 87 4634 4463
28 83 6562 2800
14 90 7328 2015
48 79 6495 7474
8 55 777 3586
30 31 1338 1524
10 41 4432 8834
53 80 8172 440
8 83 3155 4769
37 59 2862 7839
36 96 3 6650
50 95 376 4370
6 66 2302 3030
60 88 6940 9727
28 43 8953 9942
24 32 4458 5198
26 63 6853 6109
29 31 4364 345
35 46 9119 4284
32 47 9571 9093
3 28 5123 6010
96 100 9917 2387
11 13 1718 6096
78 94 2508 2286
12 15 2600 9096
37 84 3620 535
37 47 2074 4549
46 88 410 9602
33 37 8532 1421
17 57 951 8898
3 83 8938 8075
43 66 7314 1776
14 46 1651 5973
11 73 3168 4759
23 69 9238 3528
10 79 4405 866
68 78 9143 5035
80 94 4823 5385
2 14 7430 5252
22 40 1629 1912
51 74 5617 4125
44 81 6532 8522
42 93 7839 3371
54 91 553 7015
18 26 2983 9512
4 14 1208 7096
10 88 7595 854
41 57 4077 9289
22 59 2883 7581
38 42 2226 4951
11 43 1009 9360
46 52 8181 6866
10 42 950 4284
60 67 7791 3333
35 70 7802 8796
56 57 8763 886
25 68 992 9499
33 76 5676 4817
22 50 7766 944
6 57 3837 3272
52 91 7107 7107
5 48 7167 358
53 67 9714 8274
71 98 1688 9032
6 30 6285 3402
17 58 4348 7443
41 80 1537 5840
72 77 1168 1763
37 49 1430 9333
31 59 9262 1849
24 98 6878 6415
25 66 6486 8912
56 96 3399 8697
1 99 9756 2534
41 84 756 1492
41 65 5114 9082
29 89 7053 3794
30 95 3277 4364
10 64 7047 9954
27 37 7613 1020
48 80 1278 5969
57 62 7059 8743
84 86 7656 5622
38 66 5131 3252
47 80 5722 4931
26 96 8900 9616
35 78 2472 4277
16 47 3021 4029
34 37 879 1216
22 36 5606 6922
8 52 6738 1094
54 56 7432 3542
30 32 9275 7219
48 56 7595 5904
65 89 8596 3358
42 57 3431 9125
17 42 3218 1354
35 77 2316 4544
24 28 4803 4227
23 74 5340 5037
24 88 9885 6986
15 63 9099 4066
68 88 1925 3858
22 82 3282 6641
21 22 7436 8315
13 53 6793 7129
35 42 9853 5761
73 78 7487 5789
80 85 4159 9074
8 60 2590 2556
21 49 6306 7082
17 55 8062 8752
27 55 4936 3653
64 87 3385 3364
22 85 6049 3559
14 32 289 389
72 78 7283 1976
18 45 6578 9860
37 95 149 6762
22 52 7542 1207
15 84 8643 1950
37 85 146 2786
46 83 721 9174
21 61 383 2986
29 98 3880 525
2 78 3615 1404
37 74 4151 1022
47 87 7617 1468
32 65 3948 8717
65 97 2594 487
1 98 9730 5859
41 97 6489 4100
46 81 5049 6826
48 74 7505 1864
6 50 7020 9749
19 20 7646 5751
2 47 4307 3732
30 97 4463 2829
7 66 774 5091
62 65 5875 2526
8 63 8661 9251
20 36 1488 3500
2 13 9534 2633
15 23 8903 6273
31 75 653 9706
1 96 3657 5083
30 93 8224 4818
60 66 7621 9235
38 68 4439 2532
7 88 8333 7969
51 67 2890 9510
44 45 1365 2314
41 67 1357 4221
59 82 5545 6285
4 22 6413 8676
15 91 189 1973
21 91 3628 3618
63 65 1229 1373
25 87 1870 4151
82 89 3855 2098
36 53 7210 2094
49 71 8900 1262
10 51 5667 1793
77 94 2039 6264
40 68 3445 1050
51 83 9619 2480
91 100 184 7786
46 77 5712 5119
1 59 2599 5629
9 100 2497 8507
54 66 8560 9290
48 57 3979 375
2 93 8082 5082
47 78 6658 6294
36 59 813 8200
63 75 1842 4416
17 70 4789 646
19 84 7808 7296
27 79 2315 4485
52 71 2641 544
45 87 5460 9187
2 83 3043 3048
34 82 264 8729
9 19 9277 7859
1 18 5759 1197
64 97 9224 9620
15 68 97 7759
48 78 7362 567
50 68 2329 8266
31 100 3527 7950
63 72 5409 7290
27 65 9472 6645
57 61 652 7707
74 97 6198 2235
23 51 693 2589
94 95 2501 1651
43 86 1020 2972
47 85 7684 4158
2 86 5731 8711
12 88 3425 4862
61 85 1285 6949
63 76 9014 9304
67 99 4220 1632
23 44 7091 6291
