766
197205 -822628 98903 -668779
608594 -555297 608569 -555310
-263592 357237 -270534 319835
-382140 879984 -371116 928409
-525848 930519 -408780 817697
628423 -392082 507445 -276818
594005 -759713 593323 -760102
-112046 -52975 -31553 -22619
158627 -913169 -87548 -335124
-291083 123735 -152356 214101
622210 639964 489287 611889
210722 -509205 241029 -463459
-478108 -302505 -477068 -297887
-845410 -569350 -835077 -565234
163949 -220896 163969 -220891
359943 -322558 126829 -90415
-560910 -714852 -545678 -707377
-61703 143302 -71396 130002
-962586 685164 -961494 685187
-423230 342991 -260157 314431
756701 -313912 751009 -314162
-923538 944855 -560057 797510
-889077 -141338 -642380 64748
-923214 598987 -922240 598388
501733 -151037 384456 -237957
-745241 -538239 -745037 -536514
-661478 598694 -646473 585736
719183 414429 240803 -62535
-583329 -665545 -472838 -572491
-364808 -405523 10915 -394471
522629 327354 469491 321464
188035 584815 280642 446115
-177637 491619 -171444 477228
327131 -647624 544149 416300
976814 318040 840799 23269
-951045 640159 -937279 621471
-27750 -894720 47410 -734977
-968146 476012 -834906 395812
453387 263963 459665 261884
-733253 741723 -692645 247033
-177613 514559 -130099 475302
-897804 -713430 -420687 -753415
-173778 -413323 -436117 -418300
-149403 -177972 -289573 -123564
-859823 565680 -859762 565739
-444483 -328538 -314956 -264789
-295486 -628681 -167309 -498037
133554 939442 73899 772827
-666124 -170902 -679136 -135027
193077 456853 20587 118072
-127857 -423135 -97996 -280541
966541 478807 954684 483218
-132465 -888541 -132929 -888316
-194235 -748967 -79175 -701869
-868441 -660087 -670138 404729
764657 878775 765341 868223
-430264 798540 -393145 733639
956984 -417966 513849 -298985
-805870 454107 -801748 447053
-629517 -283487 300879 93532
527869 652870 524435 649503
-147824 -756114 -178985 -706115
935787 -7339 934728 -7279
835013 622416 607121 643029
-584910 823720 -578660 815512
-421649 693354 -447288 704065
-790621 -856337 -672512 -221490
953322 343112 890688 438569
39604 472824 307943 619210
609279 533905 599160 511310
613008 -293958 57889 -479934
219212 -71601 218891 -71601
-927610 353168 -779653 235333
-728114 598837 -852170 -160088
519935 462109 285362 198643
-47553 731861 -44229 732658
889258 615946 888169 615867
314672 141285 329111 98304
-490374 -383729 -449051 -356384
-484651 -164882 -669404 -351947
345468 -972643 334843 -900642
638761 528901 537031 517193
642634 -753739 754128 -531075
390029 -185478 311026 -165034
-70989 -609117 -78718 -530027
-47859 -727387 -61662 -527495
656338 453574 561544 435412
-431063 54692 -528084 121555
261538 575532 242903 367129
-966546 832362 -931289 822326
71447 -223214 -71832 -141023
-205972 730439 -204033 686424
58872 686227 58869 686199
45717 -169063 -99294 -315341
-288484 781127 -258240 775011
-61829 41943 -61708 41450
-559412 -19787 -557766 -9387
-858500 -962908 -866058 -873080
-468096 -348944 -285314 -86570
-287803 -960084 -184353 -829301
692081 -123032 553355 -291068
742289 -604046 705885 -593230
25012 869982 292225 326883
76353 650187 407549 441070
-64202 -460450 435228 -473134
545387 19594 547652 9765
868668 875293 847343 845772
643038 -772932 631539 -685573
200145 -778509 200151 -778508
-239100 499962 -446901 19582
522264 -586463 428589 -467614
-322594 368587 -166703 488302
-914900 -96953 -797770 51582
867381 -549051 866165 -547455
130049 805485 222278 699
394880 606672 10070 402429
847527 527402 316224 726633
323178 267722 251807 287955
85269 -94580 132842 -81046
-213682 -893629 -31821 -839339
-129961 -640647 -129259 -637040
-69703 -51474 -70692 -51117
-564431 -370195 -372454 -62968
-817465 -561836 -228516 221611
-299669 758173 -297923 737941
363893 -573098 204881 -652176
832194 112093 501954 367664
670113 -333289 229912 59100
726092 -547556 530722 191329
-64155 576401 -70372 460773
-300574 680662 -156819 613591
-743877 -766280 -743801 -766224
733097 657090 718881 645123
378419 -662899 328427 -659076
-705447 815023 -705440 815102
-876225 954822 -899422 436306
-10155 -939937 -5030 -940020
-882257 112672 -738934 175949
269436 781782 291294 745759
-606174 403808 -606177 403806
463507 875263 354657 662907
582724 622407 581228 618303
522247 -838402 510342 -768329
-789284 453479 -714339 411827
551842 -802712 553291 -750777
-926240 360795 -926560 348490
404233 508389 536070 399701
-515617 479051 -497552 447488
659636 -771030 659696 -771133
-995917 -19510 -859783 47786
843985 -993084 778581 -966739
776337 -564959 -89923 -605030
938060 -191187 650921 -378365
46413 347258 -38026 499590
880525 776577 777757 336316
642957 -235754 642292 -234088
720549 -310772 526008 -161586
-41696 340298 -16128 358708
-801431 749914 -735821 713179
-785024 -332195 -785025 -332188
-718229 203172 -699998 206111
13122 360488 -22907 296753
285653 504503 308974 523501
-942204 469383 -704063 299733
-399117 -427444 -377648 -447198
-700016 309060 -716786 341643
470099 -544015 477308 -546643
922205 131550 769216 148947
-818256 908662 -587998 870526
66548 -117690 67962 -116120
194686 584033 194867 583163
-244862 700609 -23144 584181
-527268 721059 -527269 720847
936794 -291176 527246 -441451
-153157 -972793 -125163 -908777
-717285 -971872 -674639 -820965
-187575 -302236 -182807 -297660
335530 -652158 296076 -556369
-403974 -410152 -245046 282984
718609 -528163 717030 -515962
-259062 148911 -263277 156287
675200 79388 370446 399974
477055 -764966 -82632 -57547
331005 155549 373590 103571
39555 13980 247164 63951
194171 637831 267502 748717
-49251 -88638 126484 -125091
-834278 -597061 -780768 -604837
700210 -510747 142176 29882
-350768 -169608 -368782 -109232
910522 -723146 864479 -80214
346669 -520323 -29502 55417
78121 -5353 -186199 180635
-9792 121265 264078 155678
177310 79019 176994 78530
321480 670273 295387 538200
-405796 346816 -376878 485358
-611859 993553 -527049 519049
850618 -488823 851662 -464440
227451 -581403 227446 -581404
-517226 -283753 -319784 -494697
-115699 137449 -83599 108596
-280301 573792 -471308 816217
-972831 -271535 -967531 -268951
-396282 -163552 -396090 -163695
147648 176649 147229 177436
-750082 947061 -601823 776775
-422960 659628 -81074 749507
-466278 -320086 -578035 -424683
515559 741613 25246 156071
195285 -244641 214030 -230638
806038 402067 805777 401350
179914 832768 134843 762374
820437 -21653 695419 -71613
-942248 599515 -915450 604534
324317 -40841 309200 43373
-458476 843534 -458270 842562
222302 642188 221965 641782
-162843 905113 -189936 898516
-181524 -804620 -498254 -882707
-731128 704054 -710986 620802
-833851 -905965 -833849 -905964
572933 -959044 572822 -958977
-215468 -681793 -211710 -680773
15083 286603 418430 229432
-651166 -507574 -720869 -174404
-372392 612651 -368992 609130
-593504 226001 -577926 213465
-11043 195104 106504 75775
-790828 637245 -779272 669671
-97277 -745448 -265685 -584883
734070 -113929 -224244 592526
381699 -938269 381787 -935502
506060 -560557 447698 -443698
683582 -31684 792153 26025
-936311 874941 -895449 818730
833637 903516 692804 866268
-756902 799585 -833005 285538
227149 -103949 227619 -104830
-239317 -774245 -239259 -774182
-393233 -25348 -701795 142722
220152 695905 189849 560421
799287 824668 759190 622513
457799 -53096 163428 103776
-368704 -872692 -331644 -822083
202147 -328848 194193 -335502
341488 -931934 371700 -878219
701968 69260 701968 69259
-510748 -362172 -258729 -111746
-519925 728250 -515557 719499
17629 133758 23047 167673
914289 336101 912916 332578
256576 -75885 256575 -75885
627545 -637695 617647 -629328
-442349 182232 -442465 183897
-13998 -86382 -13721 -85778
431781 602972 514852 198834
-277361 -506401 -288889 -439310
-248716 -522209 -248667 -521778
420545 -927985 437009 -615953
62823 -815748 -18003 -650399
-9110 699283 -28756 678600
-885140 -823251 -849650 -767536
-894137 -499520 -813863 -440975
-183664 -283570 -203710 -249705
562681 203921 782627 182137
51759 -442253 -55201 -298473
692449 662474 494625 540855
864441 -694552 97718 27645
349320 674111 179896 451630
-600488 48135 -2816 122740
-610653 723935 -509686 482432
751201 -145147 739227 -131049
-154667 -260867 -188778 -231981
679899 968858 676722 967643
62726 846116 -221153 -374045
-712356 394879 -713171 298200
-381445 -161899 -295866 -155740
536223 534479 503679 459789
-890529 459172 -876525 456590
-224225 -508163 -224734 -504083
531802 255380 7272 -104620
405834 927974 411600 747581
16970 873537 -83599 907823
-439364 -905758 -517387 -286448
615018 675083 545638 -161690
842498 709005 -53559 130711
-837386 766276 -812274 700150
-607696 650313 -607373 650309
-246377 452194 -285673 168531
704830 -690771 696941 -682036
-759376 -894301 -710357 -752933
-336221 -791561 -339564 -778646
753295 -461309 95270 272560
-151514 -22147 -151500 -22146
734608 -461116 728428 -439282
-519581 -827348 194073 -326981
701038 334644 112037 759963
-447755 516711 -444631 518907
562906 -669471 538275 -435736
161099 -935829 50175 -761823
269359 -47423 269336 -47349
-284386 787814 -350635 692586
29072 -125830 13237 -131439
-770785 866556 -770768 866553
-400530 -239669 -404058 -229636
-456809 -667517 -457787 -665721
202074 -80336 68431 -199161
193472 896311 -62172 442491
-951769 718006 -857970 767140
274935 -166004 274908 -165992
-337664 -476762 -257321 -333417
559351 -816743 504904 -773363
-999289 -406030 -927177 -416044
-408870 -352661 -382392 -309516
74191 653438 410929 781106
-53548 -970562 -63824 -700490
-64003 -568554 -276405 -315055
-286662 -340352 -285088 -337766
-602762 -174201 -497626 165566
472024 443121 -185834 -505933
553903 20888 22090 398858
-895535 -914973 -690016 -827908
345418 793524 454340 115526
62412 62364 89682 92804
401070 -852894 65385 152592
42401 -133915 20406 -136023
-836630 706960 -738184 719417
64321 716292 92997 681064
-358074 -512448 14435 -302965
-368440 -682144 -367845 -681619
-535677 638513 -535955 630269
-822764 176162 -140469 -17835
-637818 -715245 -593409 -709940
-662938 958847 -667308 923694
-38363 781849 261392 -4083
-230739 -674832 -136671 -261791
-29097 -500754 -28119 -503707
-811315 496722 -450565 428886
828962 -583364 804832 -541058
464977 -227632 557631 160031
586639 -196708 409388 -240500
-244961 -146093 -296744 -66990
617851 772525 630235 780220
819842 526185 819070 526280
961718 -488647 595624 -514648
-192752 457303 -148650 434788
-856224 323483 -164095 -27562
-764456 987889 -563261 76491
-324352 136001 -550512 -225989
313424 -454963 203005 -475845
592483 246480 600718 237464
787068 609420 557898 135600
-305885 532349 -305879 532321
-504744 -583148 -258169 -509008
368183 -148849 20980 -407898
-643038 -151219 -642753 -130880
-674313 -217099 -653004 -113660
-36871 112874 466517 -412130
-827716 -861372 -827722 -807216
260686 -272131 333616 103557
569864 540687 -692 52246
-231159 40114 -230145 39076
-45107 -161438 -45055 -161674
938992 -740996 666202 -792686
270275 985686 247504 473772
-454610 775069 -454562 775014
-596146 918961 -426447 669681
-801364 -920284 -785928 -905651
380010 988790 385340 941404
688737 84037 679649 81297
685009 751795 683051 752018
954584 -15831 460813 142430
-447417 -887909 -447416 -887909
302741 -926012 302480 -925526
-273621 -542389 -209679 -490509
580732 500917 546621 476870
644195 -438556 616627 -420957
-105650 -82083 -105507 -80829
-118852 672378 -374369 217842
701450 961613 700433 959877
205445 593946 205439 593947
403604 412487 368784 375717
512705 -41462 140230 336239
-482463 725836 -581239 639622
806652 502692 568373 130004
737910 -646818 738305 -641124
-919855 871758 -890543 827542
866018 -821086 851426 -825790
860876 -491276 351270 -305460
283987 960116 283920 959849
-451918 250987 -455908 243761
-791881 767770 -208180 874778
815776 485150 -88328 -102077
-781627 84783 -617863 345592
795485 133773 781022 143948
-899103 352423 -859005 390698
-54230 -926450 40535 -876845
-870701 -505767 -745365 -103947
208809 71353 208820 71368
-543058 -631055 -70749 -525151
-227925 980407 -239927 899788
-402946 851 -402826 785
-571454 -654802 -571448 -654794
633972 372111 45681 665740
-54288 -42369 -54303 -42297
319188 872222 206306 777192
-488283 381239 -421991 366404
560841 -335247 89991 -294718
-201743 497811 -201744 497811
562215 238399 562213 238397
482890 658672 482909 658580
-718901 176837 -718897 176834
-208952 99454 -203877 161467
-654485 888665 -629687 875503
430633 413850 426218 417617
-245374 -856393 -245177 -855863
233899 -893996 221644 -884442
596950 650683 582795 635227
627571 480265 536687 494202
-376472 -497483 -292353 -500151
111549 750266 111363 749384
763718 -998616 340070 -132457
-792229 776240 -791905 775259
-546151 610403 -549840 600358
558714 -420463 559334 -364400
299756 -993904 298462 -993670
-816098 -96223 -871192 -362738
-857652 215524 -857613 215530
-741133 744729 -734013 380065
-624363 -473303 -79616 -492700
-481130 451723 -340029 437635
-877321 411925 -880509 393549
649231 -504526 625908 -477456
298268 729160 -278574 757188
260091 -362938 381152 -161528
371066 221278 225168 17016
-51473 114039 -395156 -80873
397366 -338818 678965 -106999
197791 -329020 190404 -334321
156814 -44705 156919 -44797
-540067 306992 -543459 227652
-580786 317309 -342860 473328
995723 179922 918554 150222
703295 446746 670802 428626
730154 -317906 727150 -318224
317261 -661324 -221573 -150496
412167 -908702 403337 -906477
445110 -897098 542985 -301890
-268055 329743 7304 157418
27658 469070 -243582 -59802
308393 -342851 106545 -351225
558416 22128 526619 28056
-744226 510534 -604979 451066
568121 47859 567845 46421
107320 336484 -151144 28151
-997839 285430 -261144 5481
232017 937012 193980 872984
-745158 748063 -803836 -234744
234483 -213610 233164 -203207
390311 896899 227053 332976
-6976 -387378 -231129 40837
-867877 -946738 -822468 -878317
-499699 966718 -472294 950939
-559233 -884678 -355068 -525890
390055 778841 671636 101778
521659 163641 475316 38087
636084 -385116 462233 184332
-554786 368484 -552038 338005
558955 253486 501148 249299
-597308 -416728 -472983 -270187
-964368 795478 -766344 606054
-733522 -141610 -354813 81904
645875 -792160 569450 -723559
551771 282432 436976 234928
-654445 265702 -552214 264178
650536 -72206 409116 -101886
-992578 461655 -552750 590622
-176794 42224 -166528 167130
557663 334508 552792 324454
781966 519453 685995 332215
-495008 107007 -310856 83892
-496693 -770875 231900 -846309
301748 -811942 579993 -537363
852427 248478 783140 327142
901452 482414 884371 497230
693245 -497750 724076 119952
990934 168913 711877 266605
214718 -449573 54261 -271379
-185346 -698885 -386939 -128180
-360703 527417 -360685 527393
-964119 -909242 -944775 -892367
-709746 507412 -409401 424644
233265 -364704 371662 130323
704548 725884 626559 683193
-393944 554968 -391730 546153
282477 861251 158800 828999
-289243 -72006 -261912 -63566
346928 -404966 247536 -182433
971287 -937593 868138 -872946
-187501 -801364 -138509 -713745
-243403 872548 -203191 647566
299350 659759 301114 658713
273908 832071 275516 831307
-3862 643287 -3471 643739
-443560 -49463 -482538 59637
862794 -835268 862584 -835112
298391 -143667 221030 -85231
197333 -857959 72597 -825674
-365246 42728 -365244 42728
-985390 751984 -705428 504276
-949322 525841 -257698 -181824
174331 -680726 174450 -680780
460320 -306831 415057 -121936
-701806 -708190 -687710 -209245
546410 234767 728234 454316
-324153 984855 126250 677845
-274289 -553759 -184678 -413213
798296 -337666 693081 -365431
577444 -278284 577868 -278861
-12456 724618 -6512 683404
-210297 -560809 -210257 -560800
403274 410895 403189 410776
288334 -249927 273681 -281589
728268 -659498 718545 -643102
922939 200261 578758 -70114
926635 545682 926572 545605
-233782 -526219 -56342 -308193
-156588 -192526 -156564 -192520
-114702 -434753 -171627 -327047
505028 269068 481291 252830
778378 -522710 777931 -522282
-519574 -190760 -502788 -195166
757514 741420 759706 739840
437547 828428 448473 727972
-278730 912723 -277826 908977
-420812 -599015 -431289 -608103
-655660 779497 -397210 177955
150611 -795238 695310 -182917
143060 577802 259711 135716
-45004 665597 -45618 665458
940622 395495 732353 341293
914748 -67028 736479 91907
-187509 -937582 -180103 -885595
674257 359363 857654 -63252
-859406 167638 -490634 -16980
290398 943294 290479 943157
-528570 582216 -527976 582329
-186823 714098 -20309 457119
516865 -775812 516791 -775779
137798 -983285 158156 -910751
75785 763345 77245 762895
-99847 57790 -91756 53531
-839232 162039 -788445 639429
-594226 -662711 -481211 -615819
302477 -752573 333062 -328320
670788 534917 670677 535022
-415714 79653 -409084 80066
-418867 -597503 -418464 -597011
-675509 456082 -674934 461211
-261302 538900 -488622 418413
-674028 -185338 121154 -369335
473087 -893074 452788 -831066
822302 -480954 801325 402125
-928665 68504 -729046 -173237
336326 74951 245197 -115546
979999 -802127 -284745 203446
126017 -753209 113609 -744434
-94682 -301305 -263666 -437108
-452432 -618114 -142636 -566798
839695 114859 815584 119672
620050 -161950 620050 -161947
-521658 803832 -521908 803744
-67074 388697 -66710 388104
-295677 -603465 -310586 -617014
-824199 457733 -824115 457461
-58256 701945 -60460 703094
-11652 916413 13901 891437
-544696 178285 -736487 -240704
733081 -93649 732216 -92943
-71179 -347312 -67031 -338542
992106 917058 972387 810828
-897413 982672 -895228 982430
142860 -211221 119747 94842
574022 -871331 763302 -520787
-649224 -594964 -562344 -541384
-461136 366784 -134265 269206
284003 970457 274739 967643
-674697 -627862 -526289 -615185
-24537 403542 -70723 422037
-799105 325845 -797450 322728
-669142 -224821 -351593 175459
740978 -867201 491394 -839204
703157 292437 650994 278648
-855558 577914 -670192 588204
-640385 32201 -556195 135079
-296663 -301786 -270055 -355492
-829949 -80494 -738088 -116136
-933251 866385 -898800 832473
834391 -506663 827543 -507318
394121 -318950 394563 -318617
168432 16181 168990 18683
144623 381849 145122 376733
-3062 -637255 -19211 -583118
590306 89791 576043 113223
-639095 702431 -661236 699964
-688244 56786 -679999 45439
-422029 51347 -416376 55677
98629 -494160 78409 -457422
409868 744109 83168 -66302
421269 961929 421252 961445
-708125 983863 -684794 959273
-516582 325026 -516586 325018
799755 -148088 741280 32339
848379 698054 847222 698788
481529 -223834 -26364 -474175
-730318 926568 -690847 915989
61934 527461 21609 546048
-774294 668600 -700720 448772
560268 -543519 473964 -413128
930041 484083 930058 483708
-497110 314587 -448448 381741
-130634 984498 -102654 972582
-917080 -825951 -537831 -334574
-823448 -336827 -705130 -370912
-674104 142098 -668810 370802
-357437 989606 -403387 261884
185532 -862585 204137 -836718
-416260 172772 -626507 -28648
102330 -656259 124756 -649315
604146 582741 604133 582734
-434712 836134 -375971 694253
316973 660053 -256748 486918
-88118 827298 -99123 822714
658912 338572 662357 339435
-923014 746698 -920495 744578
-739608 -547694 -869664 -463811
-283943 -347056 -266108 -360356
-996966 -935916 -994819 -933450
53270 77616 45454 69674
-439800 -775456 -439800 -775455
-194220 -85163 -197789 -80507
140132 61209 -64273 -227554
-778418 195766 -368880 236205
813601 873288 769899 811556
-406308 -107316 -182302 59233
590627 264223 94587 258441
466249 -15783 444477 -92336
483606 -603715 458156 -568115
-467073 -786969 -467052 -786960
-187795 -89052 -186292 -85533
684908 461765 762514 275080
866560 -168805 833404 -138892
-810012 878976 -810501 828913
-309534 31904 -102592 -313267
768916 -470972 766551 -431615
696062 648892 695224 648359
-657182 -963279 -654343 -960455
940583 955073 305600 885230
-413538 479029 -405467 446201
-103491 -352712 -173778 -195354
300939 -699559 265105 -709707
636921 213551 708223 42644
-345538 903918 -217321 237454
-388331 977523 -493383 930677
540720 -801634 493663 -828359
208452 559765 237601 513563
661730 -642757 616628 -649505
-731014 324687 -606553 440379
330364 -796343 -351284 20825
-334133 -481915 -314447 -422974
771377 -951014 747884 -921509
-366284 -340970 -336835 -347550
-14251 155237 -16361 116012
-276106 35827 -321488 158016
671754 -542135 665601 -538528
-368945 -131416 -368879 -131423
862192 -365512 854806 -351365
-359890 -997584 211604 218412
962842 -70396 926523 -73290
-172806 -774987 14864 -272091
-119564 384418 17916 198904
-982904 444929 -982376 444256
-494986 -40783 -468860 -61742
125812 905437 520390 134412
220807 279809 103863 394110
-977071 -802397 -942128 -807128
33683 5203 33623 5177
-738680 870158 -38635 147215
-674702 25454 -387057 407161
560961 -805116 551679 -700109
-665240 728568 -665223 728567
-666068 611321 -636266 617674
-292472 -370286 -283301 -354193
24677 246416 214483 -236076
-605124 976744 -600382 966747
896108 -379326 487916 571744
-998886 -362271 -518162 -446012
-572583 281268 -572582 281266
663634 483973 598184 507026
703364 888653 703321 888622
-401832 -40153 -738519 140616
-100412 -722694 -9101 -669607
-110488 -795134 -112247 -793823
674692 18227 663895 36034
-76906 952662 -43136 864485
377348 -921613 576347 -812766
-514983 387647 -389225 690834
93968 -587570 30207 -290061
-550289 -626323 -550614 -626534
544569 -614874 538612 -587893
-725726 197434 -524727 159512
-943008 -53728 -466276 -67774
346788 212975 338346 177919
-314226 413178 -410446 350305
-119305 -257629 243061 -87103
80210 913183 79965 912828
-659567 -43900 -109302 201715
-432383 308054 -435574 300384
709591 -960957 211269 -959181
827007 -299837 740113 -33802
709665 702827 676923 592362
236342 529060 236390 528976
-749097 341957 -620507 442622
-436983 -422318 -493149 -475867
760124 914259 760090 914251
-293926 -18320 -293350 -18248
137909 532084 137908 532083
-723657 -205136 -716965 -202403
-183619 168800 -131617 200599
272289 585029 272157 584982
140531 -728465 103808 -721236
-249143 -334435 -249496 -334209
921568 -651871 271317 -196756
920243 54986 917502 53805
723194 526919 531738 446337
-415565 67107 -416845 68983
-195429 -238283 -148220 -142525
68174 651960 347156 750489
-183723 632104 -254979 658601
-842243 662008 -842237 661997
212931 965059 202855 960967
-374406 633404 -147367 533277
78449 941561 -154194 27903
485762 -610790 118851 -435320
201367 234015 140013 179164
117821 -136417 -533355 99276
599215 728296 391977 763280
-217183 -150400 -263596 -255893
-354425 -471753 -354351 -471649
-728368 -924811 -626740 -822705
141810 -217037 471159 -462256
-399399 -98309 -460100 264526
-521005 -87193 -517436 -85935
496042 793054 88664 93432
-103248 -11107 -223214 120440
-113468 -626069 20391 -507816
764989 -90039 717906 -110332
483099 -221753 482324 -221429
725477 593683 649809 614620
-908837 758621 -902410 751725
-951263 114460 -951243 114347
-261032 -213082 -226088 -183960
885536 473181 350213 -283990
-210309 -178659 -263957 -234273
-24152 36079 8620 77204
