158
919181 796482 911064 793838
84989 -714043 108132 -580479
-564574 -560833 -328400 -348015
831274 -70782 831476 -70754
-200996 -34981 -123347 -41052
77033 -839666 78137 -822047
187528 927273 189939 923389
-906493 -655283 -879332 -154142
963324 215313 822776 245124
-194671 -537280 -195977 -533350
-744013 -223832 -265477 -484527
-480347 -627188 -480345 -627188
-345256 -950319 -274427 -803289
-162169 -524134 -59634 -444121
-76765 -753411 -76812 -753025
-405860 -938572 -407271 -899967
899014 561458 710497 488352
429259 728150 418547 666906
-680955 478346 -304305 198385
357701 -956891 350797 -948136
-732297 146596 -732529 145751
-835505 58796 -834024 58862
190232 -552745 190221 -552729
449176 811008 448507 809640
-505235 903028 -473244 826971
163040 187683 239579 44074
-272525 -226443 -339231 -142077
628651 -297587 628538 -297577
35116 -506726 39549 -512641
-697658 666747 -707617 620324
-311006 -459821 523 -396039
-736 -114808 354158 457198
-19262 -33076 -94765 -45856
325690 -272554 594103 -149622
267570 -268675 267567 -268676
662935 -742065 646365 -587936
305921 -456394 44263 -39829
-45740 247027 361129 704136
-555550 -707040 -354167 -341019
-119568 333308 -102320 327362
681426 -769793 -227622 191791
-363670 -627011 -363672 -627019
227603 260299 227031 271529
457732 -77859 468387 -45489
-781692 -637868 -337489 -335349
-671471 -150606 -671018 -150819
-923562 769516 -917058 768818
181570 397343 235721 -168351
-308419 394408 -308829 394777
-332290 -164736 -354740 514587
7220 -444529 -515981 68299
-822452 -242512 -806443 -184360
807009 -857089 807042 -856878
417415 -753405 279026 -448651
-504125 -370345 -495756 -367789
985620 661769 901659 609367
-264968 -4533 -168853 104031
-9332 711894 -4627 710436
891098 413390 891046 412970
-983324 -965382 -983199 -965298
284546 -966917 291271 -883212
436347 631396 427765 630691
20579 476470 19494 474465
-966970 -71 -450962 -86347
-101930 986773 -252480 459142
-121555 347412 -116180 354571
7229 -209154 -32691 -638912
-227817 -455180 -227871 -454984
195911 -990751 202106 -979402
272936 747087 304460 751499
190460 -62770 -72229 129534
-804591 786108 -781871 749668
-489571 351304 -551387 128692
-47101 688567 244328 228472
-8719 -676887 -4242 -677404
633206 145001 310998 255720
374090 -423090 376638 -415011
-682345 -21071 -675569 -25698
103702 855234 69424 794398
649480 -21816 564288 -25486
483602 459014 394231 396966
-263471 -150362 -263476 -150982
17711 -382400 -137416 423466
858992 141777 338889 315737
434931 -634458 413944 -586773
891206 -926821 625844 -585831
-599617 437887 -315783 85550
465697 -439108 466131 -437523
418535 -597988 418477 -597735
-216174 312881 -221752 315909
795008 908744 405715 727566
200500 224448 199449 225493
244496 -553895 244624 -552659
-327391 905912 -300876 904534
54315 736503 190443 601578
-36591 306877 -37471 306443
178541 440188 404833 -106391
-471280 -187346 -346134 -173971
-131029 -302701 -140754 -310950
-153107 -338278 -44907 -489167
-984680 391903 -788936 26571
-95042 195667 -110299 133742
111933 834334 112111 833912
-128392 421755 -128307 421569
-714212 399398 -712573 399484
830828 -25282 593376 -112733
-322810 91892 -385615 119822
41926 273678 -89131 99529
-702865 -824360 -698560 -822927
-153716 529744 -361425 78593
952322 -301394 951574 -300681
57131 671976 57124 671906
-687084 526515 -687163 524575
-121405 -274785 -121737 -275247
-593822 480494 -563085 491640
-626952 214371 -523656 326991
-902370 -383829 -902327 -383884
-472120 -251238 -691459 -191278
888870 293546 380993 67236
-675852 366655 -459408 354882
-280282 884233 -268091 832078
559313 502709 240080 -235766
892736 235140 883481 241049
452035 -909127 447289 -886672
995493 408576 929390 309317
373036 -691068 -16035 -310810
489559 -148386 520673 242135
165616 -2683 164900 -1304
-542462 -956127 -423545 -940918
894735 -221720 894615 -221580
-458634 -463476 -443053 -522159
149854 -178049 149872 -178303
591746 519368 704793 394446
-485345 -512868 -476226 -504013
-198988 -90612 -250414 -139648
-339150 336691 -98815 447066
-58150 -510357 -478725 -413994
-23999 -122980 -24080 -123524
811508 -964439 716275 -971879
988841 959266 415412 232255
-114702 -663217 -66716 -670857
-488023 893134 -485243 867859
-576666 -202917 -726416 164521
19149 -727806 -4599 -468638
-818791 414077 -821098 428811
762438 258763 -6180 88797
-741701 98552 -741274 98985
-578412 -906515 -491237 -759111
111273 408585 82465 431136
-413402 403497 -464389 303153
-83494 -239413 -74013 -246616
366268 -259885 392449 -345255
-44583 270602 -97143 204114
-574853 177879 -569910 176651
951222 -439721 830499 -356824
714727 462425 290505 17200
872115 -406772 744934 -419205
-60489 -888895 -62653 -847382
