359
-112173 -829100 -53702 -830176
-744539 -593771 -744524 -593865
-168235 -380132 -153755 -389975
-817546 787261 -792999 791004
-640619 -958346 382820 -348406
-202161 328141 -143302 321804
651814 984309 628329 978539
550856 427865 554484 296963
120336 423310 120396 422984
880758 -358220 741637 -226348
-504882 6032 84351 201489
-728096 -866039 -725360 -859238
720870 -40649 647079 12743
-30329 -73636 -20294 -67178
-722405 479742 -712704 477107
984520 810197 963187 797540
-88972 -467124 -60628 -478368
265305 158943 414831 128405
-46911 -195127 -73907 -235977
-8295 -264489 -9868 -261387
-241057 -626701 -241040 -626684
110781 -119120 -219147 -309488
-962159 687619 -762592 712342
259344 450052 277069 353982
415611 747922 335673 682351
357046 875949 553291 332892
-443462 454302 -441979 453807
-539659 86782 -539199 86833
615397 -886637 615370 -886631
124975 959141 104344 959008
-729091 751415 -707785 703122
801924 172392 552139 -111132
488683 -88364 488649 -87996
-802646 376916 -789305 225106
-103067 -45227 -90232 -48286
418221 69244 345091 169118
-459594 -909677 -460443 -908357
941747 65561 947184 37575
-238625 18370 59388 81354
-882559 -21055 -635015 38544
847523 -961157 840964 -955181
-248928 88162 78735 349242
-812032 969562 30208 14447
-857915 -24126 -843738 -23158
857472 26460 798112 -3571
312139 1842 440268 -99198
-549012 966526 -510098 857191
-525571 -23127 -512840 -21467
876909 -302814 871854 -305607
124672 -419616 124725 -419643
1576 -101768 118081 21918
474292 -129752 474284 -129743
-850750 982278 -843237 977754
613070 -651209 608900 -646686
509030 824683 508979 824297
192260 -344742 200613 -351121
155328 -717230 21410 194139
-827717 -424974 -806487 -379709
443357 106575 438117 104828
168054 280688 158070 333722
830009 524173 540300 769941
360336 -667878 223697 -528566
288107 -316321 214856 442831
-901888 68385 -885242 66922
-799292 549158 -798738 547016
-844516 -439914 -843959 -439905
669977 -766097 660644 -704444
-227132 -394020 -230752 -362590
613217 631466 430573 513965
-654359 737376 -654350 737369
-534240 -289461 -533459 -291574
583844 -869597 527275 -796282
-358950 -440900 -44698 -282164
65774 566504 90154 526342
-215433 -148678 -167054 -280150
253812 -304509 206680 -498927
-578298 615228 -545768 619826
-642833 469932 -643333 470268
673455 549787 569881 469284
722983 -926970 217593 8811
-229630 369806 -511918 -463809
635868 -696115 643936 -572535
-942579 -199348 -620747 -334230
747303 -204416 666361 -36153
259243 785900 130486 511877
-793099 853072 -775714 829370
-997159 -219342 -560 447740
-569435 964722 -533002 794999
-642469 972647 -267497 533161
-820233 -486764 -775310 -417549
805905 771174 806681 766478
-200904 959129 -208703 954026
-418669 -256110 111604 -418854
-292846 -411006 -29510 -55704
127078 447502 415849 -378802
-682999 -868569 -483045 -285039
906664 926435 893849 908381
-737200 694686 228978 217911
700167 -126389 714298 -147104
-776990 684981 -775738 684787
-938719 -409712 -153004 -825233
-908841 -142202 -908837 -142198
-524133 -177786 -350626 -217414
-445300 -39569 -156925 -51961
-903522 -844614 -903461 -844562
273250 979996 260911 748472
472575 575858 458455 509999
-528374 274566 -496918 440073
71454 25772 58705 14328
822043 -926582 824054 -926958
356142 -295028 356109 -295023
34871 -827235 254116 -811580
476152 978027 161478 -165352
822093 972929 821749 972651
908729 553890 904762 560071
-451186 81851 -451138 81859
-694574 -908050 -694557 -907999
42250 -318636 -282592 -519255
-442145 822602 -436245 768418
-629563 509402 -628918 507981
548190 944012 547661 943197
-29894 -444467 -350554 65144
557971 -833550 397979 -646486
-998943 799651 -956611 592487
-428075 580411 -452388 504831
963796 -656516 954194 -653440
-208018 -374755 -223269 -361978
96972 -485014 107165 -483333
-764567 -685077 -554584 -483990
-223903 -471849 -23058 -249208
750854 686597 750840 686602
-833035 570027 -798173 632858
166909 -94131 40604 -221728
606694 -663685 608877 -591450
986189 544009 833500 319911
-333868 -308936 -348893 -319065
782194 -727403 782193 -727402
-160688 -752374 -167350 -733979
-86008 145226 -86027 145498
196047 -543379 340336 -397428
743408 -180887 547885 -44283
-657840 -50282 -648578 -49288
-613428 -390933 -597669 -220016
-39010 -508672 -150047 -211355
-674040 -970650 -665243 -624785
194357 -382741 101468 -189044
-319098 -329716 -277690 -349787
-58759 215458 -4195 284092
927861 616512 852141 580780
438748 -122580 395421 -55593
229766 -879393 320693 -770780
439556 -16429 414036 -22604
-313073 -167132 -327921 -583530
803036 -372294 797090 -371629
261660 276123 261620 276135
-209405 624810 -72666 698921
-82856 -772558 -60053 -690417
-550286 941816 -606035 853412
-753322 -199885 -755582 -132993
-743814 -694428 -356843 -81412
-867415 376037 -867414 376036
928890 146224 928659 145870
-729339 -990628 -729311 -990459
706797 -975206 674203 -968973
216319 -27477 -350615 412873
-409431 -519222 -409138 -26068
757945 94010 568528 -312247
-599060 886729 -599021 886700
44199 -48372 63261 -262379
775919 995353 725298 576642
724832 789798 449510 650516
-618544 439371 -533886 349298
419401 -966454 419069 -965441
-754460 -780513 -718358 -757451
60167 -614324 133986 -628037
356461 89958 -105260 79117
866994 -763320 470068 -7226
-432058 -175450 -277970 -254863
962472 152707 959584 153342
-921022 -480708 -921011 -480698
-117064 -789572 118355 -427160
434867 -744257 434560 -744313
-609846 -499264 -450976 -388952
853439 -832827 -41188 -29233
-42928 -927328 -42940 -750166
878877 838849 520139 445773
-169064 796747 -181477 777930
187786 -713371 187784 -713369
-470764 714665 -497319 675233
215422 -231693 217208 -262147
-651450 672511 -514403 733245
116606 776557 225632 503732
120133 -594184 217342 -655144
66133 152135 66953 152932
967509 574696 781852 555763
517562 17576 361085 57934
-361793 875115 -392693 788721
-793081 -429476 -583693 -433987
-700012 707711 -698567 705406
-922516 -279259 -918736 -279262
970734 437410 871160 409064
172721 -821981 -33899 -434147
161384 -789862 227495 -664521
-999444 -764886 -995976 -764737
539779 408038 507216 438289
693308 842261 466432 662909
-904091 542386 -854752 495069
-929510 685600 -922401 670876
591554 -735850 564825 -724697
749682 -381059 364227 -197638
-117890 565571 -126666 481060
255297 -194975 586443 -525700
171717 -546180 171643 -546083
-790910 547432 -791666 534581
621226 -239665 539743 -251969
621006 308506 -86698 659794
-236805 873514 -170416 719152
-168529 -918794 -464364 -621205
113597 -586153 8006 -490648
-275310 -708211 -469113 -541334
971287 89524 964643 93154
719715 665834 681861 637555
-833554 128644 -757283 137869
97246 -109802 -11232 18881
672846 -215990 593567 -128492
848705 711924 627424 543360
-54715 422465 177269 316573
-461790 729049 -465600 722100
286135 201510 284043 199025
404993 416251 426873 350669
-495205 363945 -752689 -317176
919683 -678654 859145 -644059
202701 249013 202512 248391
332924 -474692 332903 -474650
-448704 461840 -608660 571586
-381025 -319719 -391325 -293746
-890115 -208071 -838564 -174888
137389 278849 241705 360513
-253636 -610873 -253873 -610998
444810 111070 444366 113357
674691 -386113 650201 -371239
-895449 -368031 -834315 -313085
-16418 802429 33415 824241
25686 407734 85882 610670
755564 902881 487821 837079
-443078 -321567 -449545 -332778
-602676 908709 -580283 813763
783088 -973320 511990 -685470
964651 -13821 964297 -13384
-418120 -687061 -408543 -662552
-895893 -452645 -88246 173113
238334 -857027 -68448 -857592
53474 -225582 57815 -210001
196702 -213033 200694 -196104
-964778 -515595 -964770 -515573
910650 818195 910246 817317
485679 -573047 597830 -558441
-939833 -147626 -945528 -201741
-866560 -14035 -868051 237073
-670327 -354216 -531967 -176807
558180 -47598 176369 -420188
-825249 638661 -566049 559577
-656008 -743214 -656989 -739391
-792474 480356 -808967 536701
-992794 968754 -992277 968737
-308008 763636 -459600 291309
520678 920797 514059 919030
-555853 296891 -419629 277848
897389 342630 897021 342712
-745497 -572627 -134719 -665941
964499 -990564 41775 -617474
474694 -283317 -266002 -637722
-631978 312724 -631939 312863
961357 -377007 917989 -356725
26855 -872831 26821 -872338
-301725 -107901 -175609 -60723
-830409 842275 -674256 744949
-679970 250202 -544046 333940
-438460 -682078 -270456 -534124
48650 465101 152755 206594
67292 971945 274761 506737
442426 648351 436809 643309
-177132 969301 85173 706094
85657 -888844 200591 -775084
-950536 -368882 -949482 -368809
784815 129035 760614 137782
-935614 -208837 -725934 25243
903602 671734 359638 142294
-700086 -335525 -644173 -370350
-508687 -622668 -508771 -622705
-600789 704725 -548874 652224
-415432 -791428 -341221 -812364
631118 598000 553450 559003
67486 375443 67492 375444
-398201 465634 -384240 471881
485760 -324929 710803 382079
856662 105060 853534 105347
-166806 -485057 -169243 -493745
726063 -553133 497711 -575417
747474 -411490 744161 -413683
597368 735670 542029 689895
-153945 614586 -185555 644022
47737 684391 47607 681668
-141425 -786385 -141445 -786255
338165 484254 311460 474775
-875983 782437 171497 522058
-239504 -127448 -230385 -118535
-445699 -956813 -445594 -956761
177721 481823 184274 474412
115474 -4211 61232 53355
-637476 365372 -608902 340554
856265 -786063 854679 -784283
504680 -171382 367871 -123302
741816 375931 736274 377969
452239 -828199 294073 -402340
698206 -500653 299314 -504064
-407513 197088 -407507 196952
448226 -344984 373768 -378982
510066 -110616 510076 -110770
-956680 -200030 -622258 -267917
795800 -226255 793380 -236066
802089 -338951 801597 -338066
-833334 -562822 -833178 -562453
692629 -208803 684368 -216764
-789343 -265188 -787981 -263625
339836 725889 344221 718706
-900133 -546397 -802660 -346180
-730507 968300 -6717 184385
651365 -899202 651401 -899183
-362457 -209719 -548180 -373544
197126 -320223 197053 -320142
-542411 526475 -534291 499450
335290 -833570 214339 -678262
188081 841593 146423 679746
960245 -941991 912535 -833406
-995125 557978 -790469 601927
839369 -250305 156622 -188301
-939832 -275122 -939862 -275625
972056 -899475 972029 -897467
-544662 314091 -300812 103606
-251930 632473 -228480 596745
744281 -738589 497918 -234808
763 -335331 246 -332935
686604 53001 644196 77134
-219370 -686089 -219719 -685289
605729 -746883 384754 -625249
391093 115558 390112 116191
701756 -575572 709279 -525180
640020 -458432 625099 -453107
867741 -639921 764705 -590083
-678839 -27794 -535181 20204
53143 892236 120393 783605
-216214 -948325 -269971 -920021
-385585 419516 -319024 402194
434591 40979 434776 39322
333333 -454708 353112 -414724
-689170 894947 -688177 855935
407615 122762 750731 399916
42226 -995002 78629 -942321
