493
-429152 657743 -378217 654664
985764 685797 597551 230595
913371 -591386 913360 -591385
386146 -468517 235187 -654463
-348261 990519 -424588 843732
217354 746228 -233847 243708
370883 -886228 366320 -822405
303240 -396993 301723 -396980
734789 -208173 358095 129353
786747 928251 786745 928246
-622282 197832 -484243 -15306
216953 272359 249093 221829
-974462 667938 -960013 658064
-494047 -122291 79446 -368949
-647989 -943749 -80474 -802272
-763473 105809 -662817 136453
119030 -205057 118217 -204189
878989 470058 877326 446678
-871046 811264 -71805 105775
-768935 788068 -696986 786767
-505152 751629 -504793 751385
-984987 -33540 -607515 -137004
644847 516701 641729 511781
953986 -687866 953987 -687841
-766311 781506 -753270 770552
-939446 834556 -939019 834772
-526777 316370 -525189 311406
-131823 613301 378632 -102483
-368776 -865869 -338667 -828957
-50803 689889 -221431 637701
-514873 620678 -525236 517150
-394098 933985 -394302 932665
918242 -709871 917215 -708971
-284677 418233 -257802 410591
717655 -553700 682777 -640957
-783661 -369954 -783358 -369947
-971273 232966 -182826 -119572
-943083 -262957 -817461 215034
485863 427295 83049 272259
-562666 -525829 -561343 -520467
-155783 -188183 -143537 -136824
-735687 713788 -542259 539004
-187102 442349 84254 303624
260253 -213405 500182 132274
-62978 603628 -62921 603647
-301379 -872304 -303642 -870872
-121999 -405169 -120909 -410999
-919274 -841395 -917393 -838610
277579 -327929 282363 -309402
-138857 326078 -150321 340938
567513 38914 539539 51283
431966 965610 425312 957762
-693771 -103402 -688066 -92561
456678 -87259 -292131 301619
-83265 -192622 -34990 -119749
-790134 -757357 -788444 -747398
250275 148656 126487 -11865
925159 -718965 762925 -569003
442182 300132 405982 290556
338600 484135 332579 493788
-357990 -604116 -201726 -341450
840526 241921 458158 61928
-278830 -459982 21610 444486
309190 -966904 306825 -958821
999919 -832931 999410 -830592
423474 -319058 432535 -350678
-650206 -923162 -642714 -911352
288705 -786147 284556 -783929
104910 -12238 106207 -17743
62911 -919458 73395 -899347
-707911 108653 -415966 5398
-184074 -710073 -180973 -704559
193414 663510 569328 -155812
41176 549415 39892 548593
874865 -176053 774577 -138164
65017 -347586 33622 -265137
-66084 543822 -154051 606138
-774200 570565 -774209 570582
-996132 -836351 -996084 -836114
415845 -497823 390506 -427323
170525 -668684 250267 -454666
-392885 573227 -375201 519409
366350 624261 368087 595113
64883 -135671 -252267 315643
-300535 -181370 -299969 -181632
-481685 -588471 -591124 -772264
884437 257873 678844 557275
-766111 646914 -686786 619105
423525 -510306 289623 -487127
-486128 475500 -691465 -91356
-662999 106388 -662615 105741
930772 816874 928244 812366
597406 -359468 542455 -342648
-133786 -853424 -133931 -853069
824008 858113 822165 856421
407061 -21296 794328 342740
-427973 959486 -426402 958565
576648 883894 345775 609196
-456800 516762 -150326 -24273
413496 927936 -61286 574276
816270 982619 815999 981724
-105161 -97791 -298177 91669
726822 -985360 726756 -985243
916289 -98787 821086 130115
883495 612044 883493 612046
-795802 379459 -760619 343509
-794348 365981 -502475 293239
638718 -940134 587120 -941851
60546 -159555 -132308 364767
893617 969868 893073 969760
-976564 228032 -905580 241463
153325 46037 136016 77758
501469 506506 491796 495668
186786 185909 161664 199821
-205007 -399493 -202016 -397299
-714544 843174 -705273 782355
-470341 -263083 -470343 -263088
-162074 -191533 -156525 -220608
-578504 -859322 -336383 -563468
-290271 362826 -273108 317994
-78283 561389 170873 316752
594017 356856 560604 -137949
-570217 998628 -385304 354767
926460 -749357 736791 -178999
-725814 804538 -693944 794059
-343291 -777032 -340640 -693062
403216 612833 400823 612660
353773 340874 353586 340873
-729558 279234 -631146 345938
566880 -177621 241058 33049
-894625 -35386 192477 -375905
873827 335155 879619 275815
-166046 248731 -167045 249321
72799 645003 170314 577947
-91748 -414063 -29324 -361291
-139104 326250 44746 31551
-128612 -542949 228172 339557
531908 -896298 529909 -896186
490032 683894 102339 516723
-914521 971564 -914685 970373
-751047 -890059 -748734 -886700
69007 -343633 99469 -356491
927890 9830 927822 10050
770661 192907 645231 41556
586833 -482990 543184 -469633
-804637 609056 -806525 614024
734633 114028 730240 112052
303026 -300807 -81811 -210447
-930670 -309743 -928404 -307957
377716 -63798 338198 -27093
-902492 -776427 -648855 -661464
680205 -301663 600032 -247888
-346615 -824329 -238573 -703579
-801046 -531288 -803968 -506535
590427 760675 355473 639184
-141283 -687083 -140869 -687061
-150663 -570861 -385920 -277438
-601968 580368 -602087 580429
-581545 -37973 -561371 -38446
-824049 585741 -17195 629475
-292707 -569818 167594 -284274
-88546 85735 -2658 200539
-347518 124296 -335601 91705
-155067 -456732 -700700 -129978
-512131 -848246 -512130 -848234
-199746 522637 -199813 523916
-828973 -60257 -822202 -56319
-293045 354246 -243451 87567
458284 513622 -12670 426255
672989 -952206 675424 -949869
6438 708682 -119875 451179
-681583 941871 -681695 941000
867462 878737 858337 873850
954008 253867 637705 481109
212018 -402043 444994 -300968
-33749 -528429 -55107 -492347
-827583 271671 -827429 271673
-450260 237385 -420354 218293
42156 -994245 499806 -782676
323072 642899 312859 631792
-15190 -16102 -15191 -16101
970058 -407173 456298 -591406
60645 -424832 498003 -123209
144895 797924 187077 432294
114826 14097 12635 76702
458771 -892945 476239 -838836
150345 516093 -146888 642611
-256143 -873007 -301507 -605486
347945 675476 346770 674487
-814327 -614362 -784879 -637873
-716868 460166 -716610 460750
-630368 8378 -660551 -2676
-63227 -188550 195019 -21290
-183177 57459 -216599 -115344
268120 186831 238843 207541
-859051 859107 -668628 827748
-55126 -466529 364989 -588112
-919931 -910563 -915855 -908189
-214020 -904599 -471592 -270490
-528842 -248151 -508927 -254841
-487847 762933 -458739 637256
259550 783249 164356 783152
787825 -253001 788554 -252576
692428 -880930 700776 -838850
-907321 -684517 -657239 -435089
803729 -415750 800648 -415201
-607424 629183 -408550 -288458
-469016 -769306 -370970 -707199
-617408 683743 -620316 684809
-22751 456839 -82491 641602
882519 347036 862323 108606
468276 -330164 447070 -348695
-678444 -53308 -676144 -61991
41207 603090 43719 510720
-646182 -674539 -646006 -673966
-462718 459310 -293387 443645
31873 -850791 72454 -765092
840891 -59909 851743 -38303
-403342 -812058 -431527 -817150
414831 691072 309685 578191
132199 201106 123125 194065
-414043 301048 -412807 298370
182697 -294003 42803 -209185
-467501 -858422 -441495 -799755
-848733 163338 -836877 124412
-228038 984835 -247219 814359
603975 -379536 603937 -379518
261112 172319 239882 165519
-915905 -622062 -637516 -577316
-608904 -265043 -440350 -271110
881000 -635651 878089 -633856
-803447 -726768 -727748 -218656
624744 -40666 611328 -47379
-268912 -725621 -260565 -719492
946790 205256 831266 132672
-34977 -230190 -420726 25523
412237 -990156 476012 -732590
-179241 489707 -184517 475805
-609080 822937 -267084 707299
570018 285245 555796 296315
463725 720004 556681 656277
-76215 -309395 65954 -402186
606703 400450 108747 320671
304603 329060 307572 321349
269010 -965445 268969 -965370
-357429 33145 -340067 34437
-279277 883300 -277609 882456
-595773 -572856 -641232 -473600
28388 915534 28075 913934
413670 -691592 484274 -358169
-641721 -8483 -601262 -316729
-260505 435963 -260389 548053
326027 426887 326195 284684
869280 486752 869277 486745
-280353 359519 -341908 350598
-8034 313272 -386819 568217
904422 412597 817905 378036
306355 -60842 309452 -60326
-301084 -991998 119839 -729199
627714 995856 657875 533839
-277562 610917 -294361 622940
-323099 786831 -408368 482347
335486 -652885 367382 -740462
412789 -414757 363724 -288508
-601234 -992552 -405513 -883628
618457 688679 170385 399972
608266 -576476 449477 -551259
-672743 873781 -673373 870795
280298 -954838 280077 -953328
561241 93249 624065 -126839
344098 551644 -209608 659951
187916 989348 53145 990398
307436 -604800 307371 -604785
62857 -265608 29375 -180116
909989 768230 783284 634254
-748242 806867 -225307 362402
856882 119516 852297 115753
38539 -337328 75112 -286002
673894 -24601 673778 -24542
-230958 -118748 -181389 -307831
673350 247744 668710 249111
668488 351323 667394 350783
-505261 -253959 -11751 -77613
-569655 667230 -607560 -49700
890723 472577 724751 348438
-160742 475352 -143253 389059
-140327 -387717 -121331 -386106
-455174 -759392 -452096 -758704
805437 -255154 802105 -240131
927761 -545098 912176 -543157
317064 -304664 332847 -276092
-609371 -966301 -428507 -778519
-422563 -881993 -443574 -745005
290154 -794727 344517 -531189
557975 -841731 269181 -656357
-678488 640757 -498792 260742
669774 -734377 668520 -733185
118063 -280771 115314 -278469
935025 890021 583123 564360
-439001 -805755 -355267 -762433
-877900 333098 -877546 324148
457597 480525 405692 413378
290451 186280 290476 185963
-787860 740949 -742391 575835
-842505 -439452 -842951 -435765
-832048 -140414 -819725 -2494
-706618 739985 -704638 739570
458798 -544303 456002 -543820
142418 378956 -70229 383167
-400930 -1516 -429601 372586
-362026 294352 -164885 -44987
-753266 -654278 -730275 -647898
-642666 234309 -442974 409368
453533 -880145 -96575 -537408
162421 201639 125781 237042
-838788 -427242 -776113 -443186
221690 214151 217966 215586
-661921 897101 -626077 854985
-346926 -68187 -313983 -138158
-608829 -825308 -598703 -722399
101394 366006 268293 501769
-9298 325149 -35230 269920
-381556 -171773 -335138 -435585
-100780 -250935 454665 -772379
668357 -88441 650930 -73750
704615 -758083 567776 -688270
579689 -675377 571044 -667576
-110814 622270 -156134 565869
522846 831653 542366 830714
845643 730076 576093 680001
598541 -72656 599104 -67156
-457449 752868 -441056 733270
-670124 -539153 -715381 -327640
410448 101052 353716 56371
-666825 -564586 -550110 -435710
-30347 935562 -12818 897581
-165322 120300 -87306 70416
503357 356164 506065 376050
113802 -357155 113520 -356417
-432370 1682 -425470 2928
-113133 -145308 -84195 168392
-431023 -896388 -429792 -895407
209425 -110154 205276 -112518
-770759 -527085 -752098 -507370
490830 -897368 433008 -896970
345709 -96501 540882 -343122
730493 -158626 699364 -198461
-618126 766904 -618107 766241
-417715 -4465 -307343 354141
244461 -829397 243360 -828781
-195470 296213 -195356 296373
-536138 -453720 -396589 -301984
169287 -461296 169256 -461279
242692 96497 504140 -133002
988838 840071 962375 840081
948274 -720005 932011 151889
-387038 -638711 -392424 -634102
439944 -837017 439958 -836994
-608919 -92195 -598767 -111070
975384 -55122 720840 -236961
-656497 -281447 -558493 -324131
796120 870628 563523 529192
-7303 44765 26689 110764
963467 797438 952482 797424
-778145 -527449 -778031 -527385
-1494 -579355 10814 -579838
181564 -405013 183554 -407125
-849600 479151 -752002 252257
18394 561580 18359 561529
-545160 -517833 -64773 -107248
-354765 353956 -114657 295280
-391932 992927 -274782 352054
674876 -573621 753665 61383
-417532 239341 -250913 239383
-122562 -344248 -117009 -348966
-92732 666801 -92443 660692
-547107 606801 -671996 506471
-540913 258603 -103653 -558075
209325 518981 91187 352335
451855 -765928 406219 -612946
760003 -973750 197590 -649029
343245 -27262 372090 -85574
406144 -677544 352488 -612571
822032 -501806 658843 -380765
981404 -571591 976039 -574611
-269434 655416 -409861 407307
-698578 247471 -503110 78093
217912 -78293 -121240 -126084
757679 519430 764415 451173
324913 -689985 320096 -685756
-363173 956295 -363176 956294
-403520 -670023 -349636 -579051
-901919 -998796 -898670 -996893
510559 -182926 409935 -36091
-624140 -461277 -559740 -421197
853368 594636 41490 -45830
418731 -343353 373001 388241
924903 683182 319987 837091
997767 -878194 967607 -886779
-504310 882226 -510458 835804
638429 311359 443221 353999
662365 572403 666038 581172
-126592 441641 -129114 218997
957721 -572224 837132 -440932
633516 847910 627426 840112
963847 496723 884946 328881
355344 817797 366171 800952
920286 855544 24665 431354
829291 515172 5837 730484
908285 -944192 941291 -676782
889941 -473885 725186 -462304
29367 253274 21196 264068
89587 759691 -30159 538306
-9803 535961 56219 525931
-384242 389933 -145171 329753
-253005 490978 -387557 684951
80496 -595405 -23078 -512660
-793405 -688513 -711553 -612905
-425694 983209 -425839 982707
5035 257278 527301 227887
50164 651997 48440 640207
209229 -143859 188666 -265682
-913435 361434 -626461 357420
-471654 -16753 -427251 -65033
142788 435183 -115374 466331
755129 123120 253374 134106
-552648 -552302 -375861 -423543
-538494 406074 -538787 405729
333140 -12110 333103 -12125
647157 -973014 624488 -956712
582486 764267 403177 682331
-396240 -593802 -49407 -171644
-775628 -834907 -793560 -714658
623353 -55754 444921 -80962
-644082 -140298 -582743 -132120
-285492 -873666 -283994 -872197
323586 501833 -163891 271134
774277 -647151 774318 -646868
798958 40410 801426 58854
277055 710712 -497653 -253038
680781 -173939 644530 -209390
-676471 -485830 -656324 -362236
124653 -87334 68279 -150797
-251649 817825 -248696 685154
26618 -784100 26630 -781446
-539976 290872 -231832 254742
23021 -508241 326417 -466879
216029 669122 205929 619100
-814128 842502 -777329 810117
-28680 860358 182309 824940
8032 740579 21888 760786
-215490 472217 -209925 312371
-994300 532671 -987090 223852
55383 383534 -128156 472231
77773 -255741 74609 -257084
99707 629880 89749 620792
-247426 308089 -247600 307981
-937723 -118473 -925776 -106328
-128099 549451 198282 697003
587899 -725392 528763 -717978
38883 -936114 -149799 131987
900261 751293 867729 668946
409336 -768993 177674 52211
833881 260347 623240 351585
906382 -251885 818991 -170726
421381 -423522 421521 -423391
-376613 -401361 -373951 -403568
737757 770786 737723 770146
461109 353677 464363 341024
918555 -824267 913354 -814690
801136 -100562 801131 -100567
663860 291197 669802 318201
-500562 -480277 -436522 -397947
-877710 -280268 -878356 -278547
333944 512135 611759 -155186
327178 577692 327178 576695
-185307 279202 -477280 -246149
-329724 191614 -327859 195587
-510610 -401105 -453807 -346037
674443 545898 587260 507046
160944 685025 158655 684327
878235 463585 727702 396551
971691 959197 970796 958699
-658225 -225160 -669418 -317579
-714061 -419479 -462753 -169177
-980734 -293500 -721392 -42050
720666 -927063 687927 -901839
152391 -8723 109261 159493
239296 292387 55610 -465102
438073 619241 501233 659147
-525971 19622 -491654 -283163
955500 574367 786606 -229746
254251 -588302 181283 -55486
