214
-597866 536456 -606933 433817
-738614 582554 -589477 484175
353284 -120301 130580 63848
-309907 221782 -280118 213114
-693470 -75087 -710148 -119866
-82866 95347 -93734 102012
212351 767949 103059 720610
-642154 -584478 -641769 -584450
456401 -417057 493347 -331924
289386 -804594 271462 -637253
-748000 -154735 -543712 -363078
-72355 3708 -73018 2542
-657745 213082 -301809 -9804
970758 454498 968649 454128
-715692 -541331 -688863 -626151
527016 574167 692036 341479
689070 523994 681900 446266
-688853 917256 -688850 917250
832346 178636 831730 178631
315946 384239 175662 254394
879933 993689 872509 978210
-299355 -734403 -299356 -734403
862412 679267 847083 559377
816270 823274 663596 706264
-750944 586450 -729508 570827
835190 -620381 725370 -707959
-957809 -875885 -765504 -385657
-179245 409428 -157989 385341
-870242 569530 -869636 569031
983172 -843383 974539 -808222
-959753 -771974 -559702 -851746
814449 669557 694458 650182
-970840 -345821 -372549 45209
788119 295534 131166 134143
-25519 459246 -6193 472575
224464 -767717 28753 -673585
304058 -248639 170855 -359220
-281334 561323 -12900 204734
-360469 55289 -360493 55276
195276 -737188 204712 -732874
918359 964082 840999 936781
-234446 971007 -224400 931905
-77053 675937 -179783 347078
-926293 206335 -921391 231479
-983924 824345 -781422 454653
-904933 68601 124213 235191
72654 -453496 -208941 -194233
590172 153216 593112 148840
-264950 72541 -264813 72819
-571085 -353940 -524436 -327519
-278330 -989074 419862 -749002
716635 -540382 716808 -539755
-217870 150522 -360470 451894
-882373 -378490 -880643 -378496
393241 -373797 383660 -377193
-366479 943614 -366405 943384
595854 -622702 -116800 -840273
756330 -300109 892987 -3286
254676 -859313 244883 -810152
-120886 385215 -132357 320750
751966 -514840 -83635 -159002
70006 -480231 133995 -432959
-369284 954163 -378907 908736
352138 -886500 373579 -799516
440578 -908559 166072 96329
-569348 -671749 -601039 -623585
712879 -531737 344740 -546089
-382501 -273972 -373743 -264210
836355 784668 826309 749252
180909 698171 -70635 704165
-685825 389153 -562839 96952
-348434 -181185 -348376 -180311
-438265 -517682 -348692 -425854
-742264 369723 -530659 -329928
-383367 -374565 243073 -186647
-214556 -96193 -204580 -94913
720515 -1879 320446 -91394
-167313 -193601 -167462 -193616
870732 -58073 597929 -171857
-636102 -172332 -742584 -296542
200293 821956 379727 299065
-853204 753247 -827685 745267
509782 -232650 501788 -246025
-851348 -759299 384592 -904936
354825 602639 33582 73625
-297863 -508532 -297933 -508518
-195786 577511 -411048 732162
277882 -55280 273252 -36214
46644 228124 25204 236616
522383 373642 490353 342511
498986 -71495 575724 -160681
686094 418226 574204 418415
380465 -84167 375518 -93638
972910 -154769 709441 -34106
-920082 -574567 -588294 -379560
803480 792207 60984 476802
953187 -123719 920376 -133691
564438 365303 563778 365703
990146 -742679 760049 -593560
-242700 107478 -204493 30273
997248 835683 914409 787130
885196 674804 836666 671218
204185 454611 202743 455084
-143182 393916 503437 -102061
-663104 -816969 -662342 -815836
-222786 633464 -285425 542665
405258 174916 382285 227334
-879305 -413074 -723934 -392257
302157 -514405 386935 -409679
874977 -738097 875108 -736889
-882078 -560705 -618117 -405576
-170792 -784752 -127342 -815821
-318175 -813533 -329029 -775317
780046 180892 779608 180371
-865094 383116 -307662 42510
855938 -521738 821133 -494914
-707872 -190611 -145020 256159
-177488 949946 13843 386523
730329 -401557 152608 71983
-978212 -601591 -958755 -631404
693348 -504842 328671 -283062
-408644 -755351 -408706 -751899
-415874 658783 -422483 548079
413985 -957953 182491 -719468
-937794 -405581 -936107 -392433
148845 -412961 143615 -415042
354642 40607 333138 26428
304526 917451 282459 913993
-462788 -730119 -462590 -729589
7102 -369574 -167479 -324983
693797 516865 -268674 -314023
802002 493482 746485 294423
236818 -136290 218616 -115403
152448 566461 253045 298987
214585 780909 213958 779625
6406 -129883 6354 -129495
123763 896532 324662 512064
-857317 -606556 -649571 -402753
-988631 742926 -457957 526179
37479 946347 43966 929333
-62047 -877353 -279328 -747863
-163901 264455 -160894 267377
-876876 468244 -842898 432852
-62091 -125780 -81299 -75095
325642 198492 674531 -138310
-508168 973322 -456834 659823
-181563 -683655 -280874 -515103
458422 -45436 426556 -13220
413181 -677225 385860 -644225
-868334 -584813 -863397 -582822
572535 -15306 685276 -4603
846991 95120 846997 95086
-977038 862507 -922731 872519
819552 960799 819517 960766
-990074 -856920 -979194 -848129
-660932 -636371 -589006 -655836
-453445 845255 -450438 843037
-953239 251691 -871469 127442
483546 -441124 479121 -433039
-501325 950619 -501823 949602
849892 830146 571382 375594
-428922 3559 -480254 63256
391251 -158729 -528124 -479117
-159724 -842011 -152897 -837946
543884 910228 463284 859445
655104 -484954 520931 -543679
-44756 604995 -37506 588695
939091 -298992 729649 -226890
523081 467988 -308692 455969
765189 179206 717964 203622
538372 931271 539972 914809
-83192 162166 337443 -311704
842838 376342 790947 393900
-502114 -101676 -405155 194082
912176 661000 869804 748107
918876 599479 -3765 -327609
-96280 643285 -219692 691473
439576 624264 168520 263287
367402 -36612 358776 -22554
-123296 -88914 -123736 -87163
582506 639316 476949 692752
423938 154163 361295 -55384
-921217 -471281 -919020 -471826
-388677 -31081 -410863 -38339
91208 74152 94511 80244
673800 -234168 -56766 -560388
405971 394473 439412 405372
251485 -964131 251485 -964122
29665 627904 -29940 615207
722681 -478746 607848 98778
-200698 958871 -183431 953315
191111 715104 -364946 69636
-956590 177845 -898752 -174088
-398315 -859517 -418528 -757001
-901311 411448 -841664 371183
969134 -692938 969093 -692765
279338 903388 233831 506658
-989086 129728 -844359 95618
-39768 -561425 -39770 -561428
216366 -176084 161282 -203345
-452658 382448 -537392 391397
156815 -13071 380446 -99349
790893 566622 788585 566736
654947 -396323 405502 -355647
438262 158371 438266 158125
-803962 -930440 -772048 -843563
207149 -721965 215919 -704508
773025 760691 787211 682387
734109 -30111 239215 -203415
558244 408804 574847 482752
-885531 626660 -885060 626191
-409209 -896845 -471374 -908766
704076 -26626 555870 374890
738381 661979 882725 558954
