759
-494053 870584 -493305 869839
584803 861026 565891 846456
-888177 527317 -887468 527444
935811 482436 741041 269012
-484024 224039 -412545 -170165
368784 713772 486530 658686
-939731 -112405 -945073 -346027
-536830 -632593 -198439 -648718
-830666 372785 -107220 -47719
-668194 -804798 -668193 -804720
-437912 353300 -437851 351388
-165502 -680173 -165231 -678680
-125187 208316 288901 408078
990092 2206 989927 2162
269294 263466 263286 248813
-998620 810736 -994405 810844
775108 261846 244256 -141525
344128 -361423 325833 -351448
460228 -847202 554042 -893106
658584 -118418 487038 -169646
552884 -939630 542100 -930873
-824696 750330 -824315 749984
248684 606151 248409 606309
788141 -179462 770242 -176815
481659 175090 480683 174808
-561666 496039 -561578 495888
674733 -921254 520602 -859981
-476300 -188996 -487611 -156398
235397 397781 235079 396873
962069 -959808 541031 -88923
789582 -857523 666730 278514
101624 -2856 -118905 174331
260889 -688455 177100 -355561
917587 -509968 904148 -507565
-39381 176775 29115 300064
359446 -238255 361137 -237386
915988 -136010 555884 -323523
265867 488010 259513 484192
630833 -565734 630746 -565562
734132 726807 733401 726807
-917783 147533 -783903 11634
-990995 931257 -906239 800142
-528323 -411220 -513822 -566863
-734394 -442238 304414 -110925
-771614 -628480 -770880 -627247
-602355 -259316 -549361 -287121
-143116 -901309 -142271 -900443
274467 -2961 256604 -12478
995105 892445 992363 890346
-325942 7205 -414132 -106199
-865649 790717 -865649 790693
-441467 -242663 -414816 -213970
-110527 -4633 485722 367488
957040 -114045 387939 -31481
676434 479846 -346089 -285926
862293 823803 255201 322716
916312 -614051 236550 -221601
438435 -174135 438096 -174235
-73057 386916 79488 455580
-455174 5409 -453368 5152
-107152 336518 -107165 336631
-888300 -799390 -888296 -799384
833596 -928433 652222 -543466
-615151 83925 -613119 85686
797001 606809 -169493 555089
791900 446211 792158 445015
-619624 -759764 -567609 -742203
591786 715834 591658 715769
-837933 -347762 -829560 -353023
-55125 766138 -47341 752004
-162448 -961655 -218509 -883361
710437 -539285 490344 -594939
651455 841526 585698 821550
384384 772189 386793 765874
440969 -364274 440996 -364234
-471474 -267083 -471496 -267131
711176 -730973 -122948 -579129
-567482 85721 -380744 169403
-272259 -37673 126054 -111181
641909 -387525 647391 -378426
197616 113071 131397 232871
-535989 981485 -170973 618684
-755342 -847719 -618987 -599416
335192 880213 335321 842448
-638347 -36 -54843 106757
39565 679736 37160 673986
-228612 -16583 70268 -64186
55344 -645709 57345 -649951
-758379 -160211 -737807 -201834
-749848 254254 -269251 99400
680778 998183 359430 404871
-934033 -719499 -933752 -719226
-531756 7604 -461800 -22927
-512199 -730043 -458112 -736258
-153791 539405 360486 379489
604835 -240247 604545 -240117
900552 765372 889488 747738
-924684 -253439 -190529 -206318
-502099 358633 -495913 357081
449424 666726 466085 677380
-169747 167916 -302203 -90139
61968 -910875 -12095 -791791
477717 -411176 472885 -422868
362222 -226427 300012 -185512
-375356 -406191 -400373 -555787
-530978 656955 -447605 376447
144326 -303270 37555 -211402
-469886 -185022 -469902 -184991
205071 -766702 199897 -757362
-535504 633335 -534619 632608
59298 337785 107857 224989
379556 128366 475407 82463
772943 -74885 757824 -84157
-753575 914758 -694035 842621
601788 334874 601470 334350
763973 -22852 763500 -23138
-343410 300717 -370401 75205
-857186 -956400 -43521 -366725
272370 399772 100383 440124
288444 -803178 -355820 -657473
22220 -640121 33289 -629482
-867296 -179292 -861101 -179099
193803 790159 615754 -151621
-573767 -689445 -640144 -399114
79826 -597801 -62542 -292110
453264 106880 304877 51982
-664037 52836 -679782 -7382
-758432 -268630 -124508 120990
269066 -559678 63993 -269070
-124035 -782393 -124210 -782321
-621856 239880 79476 149334
-507253 620636 -281269 422376
-935703 699180 -677884 321373
-828196 712139 -225675 560872
275489 971950 277192 958456
512336 974358 440931 953432
-461702 -834189 -456215 -828506
690919 513548 421352 80042
386528 517555 422604 536269
-549507 -69572 -464932 -46850
97039 250028 93914 245828
313954 -167454 501389 -9987
-520496 624416 -495364 602016
-736755 911909 -512079 295942
-987873 -511217 -977657 -493142
-183074 -975888 -76021 -771958
-607587 -749661 -607480 -749090
442625 -485568 378992 -193797
142679 -722286 150570 -716025
884730 963577 884729 963574
-995352 -774973 -975787 -758613
-919892 447429 -495080 396456
-590181 -446663 -159042 41479
-772577 515532 125914 489664
-95730 122884 -73944 136591
-73107 127828 -360468 493814
-726860 712994 -682688 691946
-475875 -528413 -432727 -506813
83992 581326 -287525 285998
677146 858318 433405 676443
23859 948259 -21066 356235
-919726 196741 -908364 187458
357305 90809 669596 348869
-538584 628975 -516758 600591
-819068 67280 -489246 -127388
933365 35128 683821 -152433
891274 -445549 881853 -439158
-829140 -740609 69464 -743746
904525 895326 273044 713890
965531 -829185 462046 -821955
-782936 826314 -656053 613968
727276 -461621 225558 -212810
12536 804527 -175247 648560
-304820 -994050 -237176 -884266
-539973 -404737 79145 -261973
-821823 -174398 -579068 -144878
-161738 63352 153732 89033
-803091 14136 -663095 245088
-900670 739069 -866074 517516
329680 69480 326347 -160444
-99730 -926677 -101169 -926874
486608 978293 472278 963741
983199 200233 976582 186983
19136 655655 -115531 320390
-743942 -752524 -616462 -153555
38715 -741012 -13157 -670248
286578 353458 377315 396519
-876044 888477 -866170 546628
-423064 -508122 -394965 -485501
93021 793981 21821 793564
292109 -313522 280964 -287433
-333046 19478 -216314 -43438
-733935 299656 -703167 284762
928011 10941 131117 -361022
-189598 217589 -156234 103523
-429471 -897906 113932 -753418
298678 762337 151990 692637
657599 134809 590023 3190
361885 -876954 393922 -838355
763724 -308264 759657 -298977
39960 984643 163504 725105
-459065 441229 -468923 36213
-901799 743627 -899087 742757
756282 -150882 691196 -172198
839770 686082 862837 629987
-578141 701763 -370834 505434
833266 680659 137917 705863
93460 931593 337467 891651
579625 414400 490339 357708
-752634 665481 -694203 678117
237835 462051 238306 462516
-64492 275507 -88469 292128
-299158 -814864 -253113 -782168
911263 217435 911000 217561
-546892 -861411 -546908 -861126
293460 -917547 292793 -915678
876268 31146 847928 517753
-620606 161033 -500436 233809
382594 840585 382651 840428
14372 -613184 57619 -609208
-571167 -973737 -566528 -960922
-785119 28298 -773239 25298
478667 588377 478525 588345
598049 681916 568113 652907
557554 657009 540628 557555
-638892 432905 -609966 371900
-168601 960797 -158668 953245
-248627 761668 177085 -135655
450700 -204103 283062 -244247
25552 -82911 31313 -97493
665115 421663 354467 474246
-709447 547400 -687151 405801
-623226 -445376 -304126 -355225
913311 960108 679527 185733
831032 -332587 686349 -338860
972651 417262 622779 56468
95816 -724987 138120 -654245
853058 605404 850726 598252
602628 -368335 649647 -263261
447878 -240064 383104 -337448
905704 -355403 739962 -324803
846257 -301 844239 1113
-655407 815 -635528 -22830
543659 -8652 523396 11117
-623451 633673 -183881 231612
524653 -690415 516073 -625840
-383912 -144028 -370502 -157939
433900 -359832 304042 -389705
-310197 580007 -234684 396723
793515 871817 375020 65478
848210 497300 523554 191524
144499 872646 503957 950516
-151427 -488153 -651712 -200466
-55077 -647899 -79481 -545656
-722417 -726842 -713204 -376489
250162 956841 218595 869108
114306 627747 14511 709324
-420584 -83521 -420781 -83739
418493 -622951 363651 -591895
-733300 -258847 -91910 96540
-226905 3379 128439 238203
-715337 371719 -658905 142269
-74170 -206483 25378 -81261
-988946 -259180 -976667 -255104
-860267 -871111 -198855 -671337
-95944 442417 -525643 155391
-843443 -548078 -827771 -544913
-546578 959511 -746962 40198
64111 -360557 71514 -367285
-497492 -609360 -491593 -605275
-990516 -569774 -984813 -572415
-517910 519250 -248498 637850
-330956 144238 -324695 147005
241737 -797104 -321389 -458255
-437936 -527489 -437207 -527792
811702 969169 808157 948635
224828 -326335 204859 -329377
712813 223105 705354 218093
746488 973637 711587 908970
682195 -759716 436717 -555466
899263 27525 894788 29694
714052 111922 683043 80212
-185463 332156 -185467 332153
89541 700805 108841 639956
334638 766212 334722 765944
606040 -980045 605345 -261175
171261 -49355 692747 378184
59127 427823 247878 574752
618062 39364 654970 -167186
-511203 -679446 -443706 -411201
702784 -283524 702745 -283534
-77342 209887 -101209 107324
817136 906340 661524 741350
183000 -299911 182723 -297550
293527 -732994 290362 -730344
-443476 833483 -349097 838545
-809209 781980 -804375 780285
-550821 -79325 -475749 -355281
-135215 42470 -258273 141233
-681043 205034 248561 501818
-99359 633734 22045 706472
-818827 750892 -731640 788910
-378106 351426 -377901 351442
596466 -233258 596276 -233317
688190 898861 616319 481568
791060 53211 754746 9546
-363485 594144 -359865 583032
-804818 102549 -784161 105236
-733993 147433 -779560 662102
-535724 276395 -493845 284071
168088 517650 136296 507103
372311 322157 541694 231897
-223932 89792 -223932 89791
658567 727799 387749 792792
-215315 308051 427985 443399
-479514 429295 -447483 450139
296698 -637963 489479 -513767
-150243 837715 -127213 828316
72635 563545 219579 515631
278081 -992148 429569 -611856
-876433 -264456 -606387 -111861
978796 -555144 700542 -417341
-944494 -376707 -931582 -368641
-701154 -587599 -701103 -587506
-348453 635870 -271335 469183
160984 295912 -193651 203379
-787099 358054 -787116 357970
-974743 -962426 -283715 -477191
-389324 -993207 69428 -958684
725502 -171969 726599 -121610
-674526 -671789 -674696 -672088
854019 685034 344573 118973
533382 366262 438191 334993
997010 481890 912409 128672
896701 680784 887193 672898
-792141 118596 -640498 231220
864652 -625432 837714 -603275
-426567 -782575 -327887 -783386
686532 749807 658742 747850
870971 905491 868687 904564
76035 792937 -10512 743093
-820336 -985299 -749587 -546059
-458071 266874 -464099 272011
848376 -142200 836683 -153303
84932 676558 -42053 557259
-986308 -891472 -942988 -873855
-175887 846524 -193883 684941
-785168 -959356 -120816 -235812
471503 -549127 468771 -545214
-913014 -132533 -551949 -284264
526665 -577856 440716 -288676
189947 143103 194779 131847
446051 79506 418207 94014
986863 -23229 968918 -145466
-299353 -862345 -299387 -862168
204074 -201689 58419 -227449
-138137 143712 -84835 92031
-746409 -279756 -736214 -275272
-183467 -466533 -161579 -438879
88979 123076 31373 94598
454793 -265685 467368 -277444
-626461 39379 -597021 67952
445524 -912122 438475 -902156
-118289 185323 140025 313275
-270450 -724880 -295358 -674434
-22673 300874 -63900 280481
839022 -274846 741704 -253119
104812 -39465 132701 -4645
879960 -570370 578351 -693185
-432360 -500281 -423753 -500951
-112069 717299 -113662 713126
-484818 -849452 -480846 -848476
-195931 916321 19151 744042
-963284 -101351 -368379 501769
858626 748992 453728 640429
328838 -571316 323868 -571914
-766645 -831538 -384256 -592979
-848270 -925649 -846113 -905064
-585838 -345353 -440193 -169446
-216136 -92282 -330123 -79858
-400089 386055 -94788 66271
873456 -628198 547017 -432850
723385 482362 662498 423251
453974 499938 -184679 409446
775532 -621980 892954 -42742
-965170 -55772 -965120 -55789
296638 710547 81318 617724
-425065 606326 -420081 539304
349250 991785 156413 956265
-471404 -559573 469395 179241
231732 631038 243125 615332
235807 356663 210923 345232
-150364 720662 -156079 706012
-520857 -961292 173078 131503
18607 568667 18619 568621
-68158 70978 -68951 71059
876928 730410 872676 722181
-72093 -698981 55801 -514664
-168584 -599403 -460253 -16197
-929459 331672 -654885 -158563
-625224 -872550 -608360 -872227
-576840 79899 -576081 80099
-169584 -698106 -169540 -698072
288424 -799894 322193 -773747
-834443 992883 -640237 873751
-445815 280097 -397444 298336
226627 -930773 185516 -798531
-676854 861777 -650608 857351
196054 931297 -357068 -405141
596699 -499209 467560 -446579
444103 -365022 15513 -330826
-916622 -842799 -277445 -356406
771919 -577734 771878 -580440
72590 388874 -14014 437778
319192 55852 747719 -449346
247218 664347 294126 593232
-904743 -461255 -904211 -460549
-831076 865955 -824341 44621
601352 528099 280925 568906
277944 -977431 277681 -976988
-84083 -782533 549589 -318927
-314795 -774197 -405545 -250009
441406 646443 479120 605192
121070 -847805 123223 -830459
60220 -851713 39969 -778675
-987352 -427979 -980494 -428337
-3872 470299 -282244 -179843
-873116 -687111 -690689 -587628
-212884 177984 -84925 220152
-830155 -949780 -811322 -929290
-566347 327022 -518512 254082
-92295 102971 -91573 102271
-189552 240173 -189269 238785
-121756 735713 -244690 675770
74666 -218477 63333 -225200
716750 962519 671676 887080
-571923 540903 -572282 538286
91621 929263 92061 928547
-562884 459182 -520966 265127
-835830 -457806 -699372 -465295
479426 -796342 478701 -776899
286212 395578 -194109 -96995
-342370 -782930 -342666 -782172
736579 701047 703494 666694
347045 -180933 356752 -195584
577539 -153876 575184 -153215
-447454 981184 -447461 980803
-869994 -179221 -286239 36788
-145911 590734 -147454 591540
-967173 778353 -402816 277634
51115 -743676 -31893 -620214
-249874 81839 -227115 97091
-604033 -870717 -479968 -866120
-95316 -24059 -112169 -51009
167010 -596466 659067 -94293
-853846 118648 -813254 88005
-253381 190019 -219650 210665
776689 414059 824338 515192
552296 219572 541099 213255
-977632 -691533 -966408 -673891
929005 158657 928990 159570
-349741 -157585 -284595 -133294
707131 18718 701149 15143
-388947 -99079 -156879 175238
575089 -322402 794849 -542947
753830 -105782 753592 -105567
-288791 -680403 99148 -46652
271552 984123 215918 633175
-474961 640300 -466530 645688
617727 -951403 604458 -942007
314757 847865 -176173 251326
514244 -639916 562900 -447370
-638112 -95259 -634373 -95284
-621485 -368329 -605214 -358073
43270 631488 58174 625235
-539963 436744 -254206 368769
881299 -6889 571169 91269
-85389 -397274 -85620 -397126
-85097 161361 -165959 189942
929607 829782 929252 829278
162372 634473 251298 604567
-750306 600177 -505234 537567
985326 -564474 985321 -564471
661900 -96265 433023 -139362
-131648 -533188 -81596 -149477
-143977 -468180 -94739 -400353
-265673 258214 -56220 284317
9644 6114 -28573 -11761
-48475 -441453 474108 9114
-5120 587798 26353 567297
938273 641121 928802 643023
81278 269625 -135453 56988
-7039 126315 -362333 436426
689190 325556 293257 -35660
253261 844999 262005 837934
400918 41005 254500 91629
166995 665503 25938 503018
-45700 151015 -53449 156236
-55081 234314 78827 187490
-792147 872651 -791941 872226
553846 912971 564314 878049
-978214 309680 -914618 608781
-455887 632766 -440159 628131
-711428 832578 -706574 832663
608988 30735 235017 121460
424685 -906085 349417 -730042
533461 -226888 -275372 -452856
394877 -447407 394855 -447410
-48571 284079 -275723 351591
118549 -457751 117527 -460059
837705 -625568 823233 -614184
-190610 154610 -202960 145927
-297800 -129899 27253 290570
938948 935731 677927 780291
-395871 -796836 -124826 -466912
-347631 -677060 -343061 -674302
-862765 692865 -608452 467240
-627331 454981 68354 262996
-277547 248145 -227640 223646
835961 -870685 835228 -866348
260280 780583 114947 427264
-822939 27872 -822953 27940
-556763 883871 -514622 815531
-636187 241317 -631752 240806
-294343 -289383 113179 306916
-922041 672354 -175547 282174
88641 396682 99265 398501
-137109 -926141 -303990 -281747
-962209 -173158 -962126 -173194
792361 635350 780023 620021
24469 -826561 34223 -830012
148531 -999222 -228827 -336604
377260 -109514 622511 -120291
-227496 40552 -246463 -131666
-89936 -512012 -16144 -415871
557053 348132 556536 348379
-639318 -42745 -688244 -393534
51982 -524254 78198 -492635
-428100 889091 -467302 754005
-144367 64424 -174280 58124
-936394 -889140 -936393 -889139
-758612 767348 67208 103020
414520 -898045 404266 -897272
-46448 662583 107250 715929
-44888 -668142 8233 -650115
-447901 712728 -455885 680542
66721 -716025 -333291 -695801
-202492 -584586 -71979 -225978
-665260 -441347 -583686 -398737
422191 568834 443678 527420
732364 -233435 717291 -253097
-29303 114911 -57448 141875
-495054 961319 -475100 886828
-601295 109904 -507020 149519
-278934 752849 -263066 746421
704195 -126021 170947 -391822
-545196 -987516 -545117 -987490
-380175 807759 -380054 807714
-151230 -627711 183244 -705124
-20231 341592 -19845 338055
708658 -447333 589664 -341096
-140099 808501 -394196 154068
-583308 624123 -520208 364479
-508818 -348942 -508785 -348923
532626 416990 405289 -28350
-647886 93314 -607249 134780
469489 870298 469477 870284
-239277 -842853 -244631 -832147
-688229 971674 -650946 944820
171975 396375 148095 347263
-152707 -975727 -345668 -442459
553108 -769588 634960 -511372
-193281 -826230 -215902 391095
-580609 220081 -580095 221244
-176560 -742443 52235 -257726
468534 -888675 479155 -881829
454117 -871569 449280 -861648
466435 803632 192058 606967
-823995 157457 -729060 532706
-34548 565649 -1593 558970
25818 -261625 29039 -263955
346463 426943 351551 413725
-206852 613591 -178087 611206
-212116 -463764 -204485 -236736
746917 -480736 769529 -495882
732706 -695235 714219 -669095
133518 -959904 -524556 -228842
377249 237737 376333 254704
895938 683379 576570 -56292
269430 192728 401057 -546904
-857228 -297036 -644486 -324975
21080 -506679 12441 -493712
-523956 495372 -516176 562992
-407113 -756803 -345041 -383426
-542643 -96140 12527 -173402
392252 -771303 512933 -263163
298331 -309586 -58420 -34101
577437 -563240 754298 79918
-936681 -496904 -926094 -499119
55222 -711811 50787 -684897
731003 905272 686020 861525
851784 -517991 766780 -337417
-857106 99703 -857935 89728
-334238 -114552 -274920 -177226
-38029 -813468 -260659 -420440
-370870 554602 -353052 553294
93504 355034 93481 355036
73995 666122 -16241 443178
953931 -690391 495798 -17518
-836172 55220 -497893 74863
971971 464043 773510 422528
-497643 -561446 -301599 -600103
-560494 482519 -591330 497836
189178 655876 167584 642906
92697 -724068 135762 -627480
850926 911169 852277 900180
-606083 -663474 -501272 121378
-856481 -975806 -801148 -299362
-718477 -160576 -584072 -184125
649986 -624776 283949 -78618
-485091 -214935 -636321 38437
-731012 -662843 -184409 -544475
-425494 -302828 -394917 -305174
992077 47245 991980 47173
406 786915 -247 786137
-43706 -291714 10254 -284573
-486162 296982 -486122 297122
995539 -77230 916329 -74879
-323397 579345 -202817 477260
291547 -317487 287721 -317755
-914708 -770677 -699188 -308383
-428067 -408603 -429657 -409490
391178 80813 -332074 101086
595308 -673201 518740 -670778
-401781 649502 -373086 625484
936582 560125 708984 375803
-585077 -791527 -586100 -789660
-486059 -490758 -586197 -364230
-358552 -599896 179378 384545
654299 -755088 630044 -713043
900258 436246 152873 231259
469022 -492833 52551 -584555
-639217 399456 -618424 393738
683654 -523658 628592 -649815
85143 -870729 85217 -870631
251285 169863 258293 173785
-295767 -256098 -113096 -55958
305712 26465 239212 320578
412041 315004 -493698 -25762
-173496 -577378 270464 65757
448750 -268619 448300 -268643
210110 -680219 214356 -678216
-794419 -897509 -651912 -543769
-902648 814557 -902638 814556
866756 -87692 601565 -265729
878373 -684098 682837 -606408
-54533 -913918 127068 -691377
-68340 753927 -62916 754928
272694 830028 252030 793490
-554015 842947 -551773 838129
-562641 228347 -603162 132791
-929739 -116282 -929327 -116403
307974 837810 273086 818119
448654 939809 434082 932504
542031 224053 541943 223814
663185 518529 663186 518526
934828 -964194 924654 -931017
627058 -401948 577776 -367436
-255399 -143697 -253707 -151166
465591 731112 537171 554007
361430 -811441 399453 -700386
493389 -810430 -305785 -175665
-697223 757384 -304796 -22410
-990720 -95816 -941554 25814
-249188 -736898 -394201 -359920
602228 -272761 598387 -264673
207563 -234063 208380 -234880
-375025 -168242 -411401 362687
410335 426229 263491 316369
-297736 701008 -267266 659699
831122 228265 828077 234581
-622277 388088 -622270 388009
-303757 -758310 -63385 -792486
-149716 -400639 -168151 -456818
-167606 -357161 -277437 -507724
410424 960395 399282 918249
-154010 16367 -121908 -46968
144288 481676 193039 186148
39197 -120018 -174455 -219441
-835638 -429475 -827663 -428428
937754 -69103 910113 -47990
231632 -131773 278248 -98027
717717 1043 635842 -38239
147663 492832 119940 415455
-838512 -916783 -823209 -827796
725055 890133 725345 889011
44499 -769536 44499 -769535
-719210 -994396 -715440 -989760
-414601 -594800 -385969 -568496
703672 -673980 703284 -671626
-942750 -534160 -273351 271671
-471426 160237 -470085 161334
13689 255420 412064 500824
-35407 520751 -141213 367382
-918846 -672845 -13886 113769
617475 -994007 666083 82267
-673880 -798155 -614595 -696275
-798645 672780 -798688 672641
-694620 -514897 -689584 -356510
-376178 -790434 -375543 -789532
-681846 683405 -278604 562100
831101 -6374 176486 -115248
526369 64558 507395 49498
751791 729786 873305 144770
-273520 -308114 -248718 -311965
-987415 -207092 -977784 -203505
54615 -114512 46477 -129439
683288 -196729 665882 -195988
220606 160064 140084 159457
-566779 228532 -409649 143005
539172 783513 -168950 730401
58478 -118839 52088 -113393
-770571 948538 -681294 906939
143266 -87827 -240440 118025
-917059 455987 -844548 466675
-44122 629151 -42286 628866
-588019 -901389 -575001 -901366
383174 279511 323806 230915
728122 314361 714320 314155
661446 820370 106076 593706
-113763 496135 -21252 335817
-326542 210659 -289380 192443
227197 280804 219526 272227
-383453 146603 -289195 -4195
-854675 519738 -831947 509728
182719 -97341 138181 -69933
586454 -970497 365534 -843576
-760934 313339 -762900 293875
-503275 350055 -494826 334833
872898 -745222 872683 -744997
283475 765571 -70303 -293317
846837 -536269 322825 -486584
-266086 930752 -207993 610247
882638 769704 882572 769678
404760 6122 335706 -50339
497475 -935186 500801 -827639
31041 979336 115827 825084
661043 -990074 658416 -988107
365268 635110 505891 600669
-864837 -362222 -826160 -352367
-44786 989900 2878 918737
312511 -822102 191001 -820865
239250 66501 145590 8050
711895 71567 512226 31003
-16622 -396100 66482 -288230
918200 979156 917860 938549
88929 -733181 80234 -616910
-604791 -348874 -594807 -353549
-794910 789660 -794101 789751
