569
-937123 150248 -937121 150250
641444 -462025 641402 -462040
315083 741768 21003 771613
90395 165187 -272308 231542
831052 -778682 810302 -771771
473023 -339954 454264 -301800
-440506 685185 -385358 621544
641616 988384 712338 38077
241930 374853 166510 407885
218033 -371971 679706 -333600
517003 736718 513588 736316
-191591 -546775 395861 -654951
-224537 -117824 -233760 -95299
-203591 -287684 -165996 -277509
-597089 75702 -183761 527435
299481 -778218 294216 -769208
425106 596419 424923 596198
-119232 959109 -118368 949594
-451354 -404199 136587 300959
-99583 96086 491262 435095
-613769 897392 -127064 445956
-543634 217256 -543466 217113
439502 45121 365276 44259
-352300 361239 -352185 361047
-804588 -151558 -855463 -654032
550723 -857575 353095 -811499
-458000 800608 -280581 455979
348138 521695 348380 520735
-934026 562093 -784449 568544
119893 -463191 118203 -461400
-70527 721345 8174 700958
-878437 -933599 -770599 -85181
-602011 -282804 151812 -152409
293931 758114 269317 734083
-625976 764391 257550 370803
-358036 605131 72714 248088
454097 -284866 373893 -106151
425887 756906 425843 756884
394891 -184097 394877 -184096
176629 482438 31686 573107
-861117 -785848 -851617 -815881
-551041 -890411 -612861 -428411
844650 620063 260459 643618
874634 -61678 761573 -238610
585016 -556782 547697 -561124
-906347 -584525 -398140 -11429
110189 -339907 159040 -336628
587025 -208408 585649 -208798
617423 947004 508151 877267
-238681 -703448 -283504 -659790
-531645 853748 -505993 781909
-685578 -146502 -618018 -88791
438286 754681 -148029 475704
813744 -353288 810106 -347953
940694 -400316 935718 -326842
655467 413437 593879 368427
-285133 817730 -198187 738284
-559238 -681789 23767 -737134
-523483 -852231 -472951 -211988
-734094 521362 -734901 520247
-450810 -178846 -446692 -174393
407464 233204 394710 201763
-48169 753303 -119903 -224330
-115328 106904 -204011 62386
209711 -906083 365704 -338380
-843206 869517 -834061 864506
-437294 869497 -385884 801909
-731572 -391296 -730099 -390112
-139763 19597 -140562 18789
170740 859698 -381455 144720
712609 -182133 712517 -182104
870287 -609436 757345 -143712
-773160 231205 -474492 -438873
902434 -196561 902349 -196506
563003 99107 554849 97785
-907157 -711676 -508186 -402517
684120 -385670 -98760 -410277
536602 -200302 535791 -199674
-785087 659648 -781319 659975
-707274 -36338 -451808 70042
543711 -618569 461560 -540826
-295822 -629157 -295038 -627325
470458 -136775 429137 -63889
922025 -934686 686120 -251500
110171 723939 170476 93498
799587 -184750 797772 -185549
-545548 780522 -213778 449061
466169 831602 466177 831594
-393646 -211830 -393984 -210689
-554603 946343 -10821 568003
-508992 -752550 -504511 -753034
273355 -63387 273874 -63626
-993659 -837942 -985688 -832964
-695898 -609333 -695887 -609327
-390680 801424 -237811 774307
698795 129457 652728 43209
361324 989586 358440 989441
497183 844817 343309 753664
-69525 341726 -92671 298780
-419245 763909 -328243 642140
-602225 621363 -592979 618730
-392028 307242 -64589 7085
-555663 -274447 -24962 257807
-756623 -155324 -575789 -263324
18819 -173312 8475 -136854
145251 301857 148295 300486
537389 391564 536514 391570
-235140 304989 -235140 304990
-775077 -937935 -600231 -528894
-633600 153068 -638258 162103
-743602 829925 -739522 828368
649317 -759965 39038 -734908
563919 -554811 566020 -550955
172844 127030 3657 318616
-905390 -276527 -899105 -282094
-284974 -294085 -302233 -275892
-838662 459548 -629104 448408
-972916 966880 -869876 945483
-738890 -284709 -604463 -278117
971860 366582 -64110 100446
-413835 -880 93512 -388110
636230 -641371 791945 -645685
-848116 -99821 -839795 -95917
-115471 -533593 -132483 -551129
852557 -516960 852583 -517389
522435 568887 487093 519344
-76127 354166 98772 40031
481562 73513 292582 2644
-950422 654226 -948666 652070
330946 879981 261305 466424
525305 158934 -32173 -181195
-115423 -254904 -99294 -184243
566142 767720 467274 635510
716776 -805777 716386 -789411
728529 779501 703652 767806
42454 85585 -298594 -314464
-104431 -836823 455209 -701269
-759180 -748709 -758832 -748618
623869 40501 556314 201011
-440387 -193433 -351974 116169
9998 455926 -145613 318675
-901698 -484490 -872036 -445078
103949 -254425 -249488 -531155
219000 -633235 220003 -629593
140119 -935251 139802 -932701
346180 -348195 346171 -348209
598900 -506866 598849 -506766
-244850 -501483 -243736 -495333
-672109 820697 -718018 762663
218536 504470 -7003 348453
-657773 999602 -485357 580323
349100 346163 349646 346851
132817 630597 132805 630575
-783227 -877413 -780136 -855140
84621 141715 86871 144225
-576915 -627399 -679767 -424136
56564 580583 68554 569167
265239 129667 -27560 -313929
-179025 -429144 -184159 -404166
-968359 -220098 -967940 -184178
-720470 216071 -651268 162695
-738763 -769444 -730410 -771206
-287265 -764715 -271125 -721166
-554320 -826100 -548743 -804052
-777007 589577 -773903 573593
-312910 -742531 -312878 -742525
-589217 235846 -351692 208147
-362490 819883 -374285 816733
731011 104098 708438 150483
444801 416321 177197 -55874
-449122 -11528 -452773 -29854
-100074 456802 111453 310564
-727175 641042 -744541 328088
5186 -478922 204767 282166
454690 354543 453353 340249
-403954 -984289 -396621 -962848
482702 -126778 252978 -180119
924436 -968488 898683 -954387
-519414 -934269 -486496 -889304
797052 414825 797285 415284
-376332 278744 -201889 -85043
-647760 -334500 -640914 -331421
-148060 -100839 -130424 227947
-203747 -879418 -203763 -879292
857867 647063 725185 601622
711481 -385277 651525 -222529
306976 -679415 424310 -689453
-471400 -918805 1441 -615228
277387 -277327 280701 -232552
-589249 674130 -516414 644805
-404512 894297 252860 -282325
326097 748129 301777 755719
586813 -815456 462719 -757031
35865 -338185 -112583 -424162
-652555 -906870 -608046 -810542
-743999 -787361 -743089 -786604
-280741 617019 -164331 356236
-655457 -418365 -666460 -364103
62282 214580 -283156 -167413
260403 520539 258339 520428
-566787 6341 -457314 90760
35293 402002 59094 283051
524793 749020 505892 525492
179641 -844932 655856 -785658
-153960 374986 -157027 373060
-178579 -646957 -629975 325407
268198 92577 267433 91784
329224 -175772 294735 -76792
174781 27629 60726 95293
-743058 -324768 -688040 -353921
410266 -757671 287462 -744206
83203 936441 -92341 867786
730358 713531 723849 641461
-808391 694784 -808389 694782
330329 -511705 330680 -510674
-204868 802030 -297756 267025
-502644 -428484 -222408 -495998
-181349 -326604 -237809 -272434
606866 -682727 489539 -578467
742572 468222 736476 65650
-24324 -195196 -87090 -257773
83915 -49313 96564 8513
-581684 -459008 -246423 -531576
-99515 62682 -228763 123973
-756027 -186575 -748671 -235544
-811529 -520506 -809622 -516892
-839783 64714 -684492 -289923
-108663 -8029 -108097 -2648
-854120 59384 -833935 59922
-704216 -998183 -371582 -838105
-877298 424420 -877293 424415
349053 -803150 51389 -263483
-419483 -874878 -399068 -634972
-512827 -526373 -397574 -25848
-843172 533694 -838379 448037
-951475 -485742 -943045 -465086
193514 717626 450783 822552
355758 -206504 668996 -719144
158242 264659 118052 278239
-505318 106563 -448169 -20035
-325954 -938516 -311905 -935549
699119 -557875 694309 -555430
768589 -701398 742456 -636520
25100 -138807 59327 -113130
-544701 138600 -544209 138503
395094 439181 394026 427019
-887668 259774 -728455 454839
26439 591034 15522 568746
799219 -220887 796438 -223234
-691954 -198844 -464151 136727
-155791 291839 -157077 281845
788560 560316 425796 380821
525623 -147980 -18886 147134
996172 -488535 824716 -595949
631950 -809983 585392 -764667
-807269 -266206 -754647 -287727
961317 -469783 694956 -263947
211139 -828568 533857 -80096
-322365 -131168 -335548 -123546
-634679 847658 -635226 645518
256359 -784957 225978 -681973
-648934 -599621 -337368 -233137
-804302 175929 -790243 146131
-75546 -45672 318928 264427
-491062 -909373 -454016 -911813
-106969 -742544 -89453 -631948
463986 3888 404516 780
-76825 178348 -98511 123230
-810501 -279413 -819211 -123948
424017 -339345 436983 -322933
751727 -201427 838947 65024
497765 406255 323235 95423
417019 -391016 622943 -501711
124545 -502127 87679 -408534
-95480 300436 -91831 296293
692754 844443 689033 833817
194004 -132703 104630 119847
-8050 481772 -8035 481602
-747052 -96387 -632113 -179708
-96552 512095 52353 590543
-38220 346016 -240947 -174635
-778626 -17516 -675370 7498
217209 -29246 399063 -317555
608366 -675078 604219 -675474
-307253 11797 -300844 48701
60101 616875 64776 618365
427911 -912203 412998 -892091
-815295 7251 -288287 -331345
-655353 -17059 -648704 -19362
468523 -15301 465172 -13319
935814 940998 929935 864296
782100 -22158 506651 89975
-197677 496662 -209403 452505
-305555 828035 -166061 842539
475767 -463294 474943 -462442
-595183 809532 -586843 790625
579447 -21777 538854 4005
-444045 -203680 -435775 -185607
512803 -201333 477970 -197067
-517700 690268 -453260 622360
168953 -319389 181745 -154863
-710573 555601 -720522 569488
-484019 -773108 -441189 -726325
-461336 186842 -452799 183794
356830 -408796 295695 194679
852787 759326 422208 577641
454907 350591 463055 326067
-661161 664465 -668354 640387
-940487 545732 -641518 -135173
-898717 615174 -814960 497252
150583 -364610 112728 -394022
-41982 780317 -47188 781424
-829481 809723 -459751 407535
-449523 -563239 -362531 -591313
-268244 -365264 -217206 -412663
-556820 34696 -528555 49476
-575353 935768 -573977 935512
-717692 -977142 -714120 -972178
-879023 220682 -729120 310905
192469 -861276 61174 -521813
705767 308551 704922 307970
984902 -354004 968056 -399910
415967 -767232 416031 -766875
-279561 141798 -164263 27177
92481 -204840 275822 78481
-595864 -490494 -616430 -449571
-387527 176392 -278519 20619
-825732 -865072 -825284 -863653
-87992 137605 -148675 75833
-793301 -539535 -790265 -537011
-427341 -664331 177228 -56268
53319 -400662 -33869 -279175
-918417 -857029 -486044 -630365
-192823 144583 -271374 174254
-418936 365542 -418932 365539
-426619 -35961 -423310 -34570
677383 812055 647623 828950
-771488 -593347 -770882 -597590
-275824 -99130 -187407 -80997
-921578 -986025 -920501 -984669
-583015 600585 130464 -106146
-70451 -694713 472535 82564
-623911 5773 -556556 251969
-232282 44941 -200662 40948
-840364 258915 -838598 257736
-25736 699847 95181 -47192
-431754 -524106 -391246 -528510
-490329 800591 -491702 799143
-543792 -750997 -309093 -409333
-519411 -390176 -40611 -398000
548346 -323074 548180 -322643
843715 511436 522693 -29818
817098 -132222 778808 -130279
-623518 889105 -623352 888363
238755 -736536 278485 -719991
607520 -823184 611894 -817412
365210 177644 515953 238939
489216 889387 -335991 107497
-381456 -254464 -124786 -54933
-1619 -801268 141379 -746304
-588443 918816 -587016 917786
-248336 -143252 -249577 -141065
-570283 108316 -387825 277462
-136868 -346952 -136876 -346910
672210 -469909 543347 -540061
980647 254691 926775 284413
30312 -262764 372552 -18809
400555 556438 -208074 -10937
-486966 71280 -290133 171635
434691 981043 428607 430576
81520 768610 -174099 -98379
-244434 619804 -234406 607356
-536559 164993 -532850 163386
737169 -956326 590698 -328253
-129139 661511 -88889 545059
-244571 -191919 -246492 -193079
-289266 -737737 -302048 -345921
-913324 -174087 -910132 -186284
594994 -299081 455143 -207126
643815 -241219 -28677 -470318
-22868 692621 59026 518129
-466826 -673522 -35564 -712704
-898083 -816998 -887511 -771758
803169 -778216 799099 -775904
-894202 -429654 -889057 -425112
546213 872729 592765 752327
-215689 -101968 -140871 26338
-888894 641800 -747520 519969
-293824 -533390 -346962 -452408
913528 508941 578194 209204
-978975 -162034 -978974 -162016
-748970 845017 -691354 791242
518078 -186248 518465 -192853
14173 211708 -129086 266565
-805095 101394 -543821 -246408
538382 -298225 540486 -297733
-70429 -110005 -108923 -90376
-322289 -434264 -351236 -384220
-8964 465278 345180 499196
414757 -880632 94908 -685639
-648979 -65279 -648961 -65283
-909719 -109801 -889848 -95366
667300 -55704 86095 106523
214152 213997 99041 -141801
-403848 -756581 5872 -816600
-779395 -234546 -513405 -357289
886232 28123 540562 234833
-384872 -889230 -379413 -880931
383328 -946804 408153 -923240
246410 -39265 206779 -47789
164240 271942 135855 327295
-280462 -986778 -147555 -390006
-883685 -739088 -313047 -780769
646303 -189177 -33023 -467148
-346138 991600 -308471 919066
598476 -24638 584225 27494
859193 320520 592481 450177
466920 -809859 191009 -623345
488342 -430858 492952 -537672
364076 -572884 315363 -151970
-437388 -590882 -500503 -430451
405736 -795528 405735 -795527
27717 -307512 -207690 233469
325059 502654 313395 498655
-616002 -72422 -307044 -315167
-616741 -619629 -558269 -483818
-534439 -667122 -499490 -586016
-319268 -708489 -286720 -648130
-309687 -691939 -343936 -651805
-614468 -503152 -533799 -423940
886253 258427 827951 262209
-245515 -731729 -245398 -731553
99762 500577 99888 500195
-133990 -711438 -134414 -704137
-420255 819939 -308019 734295
160083 -922822 160002 -918152
-786278 -845832 -131041 -605054
409252 -186484 -2530 -325189
-525711 -338042 -531370 -308104
-264253 -999904 -325406 -832699
-821917 -620613 -291288 -601837
-443957 492511 -113438 -271158
-962307 467787 -962298 467817
-662820 492078 -94343 201511
781402 901740 781305 900385
-213561 491923 -241868 384805
-359774 -935167 -375022 -910203
51081 22231 47573 20039
476476 259213 431257 232417
-947257 214384 -885631 237329
35296 -954160 -258835 -406322
859375 919071 789186 647020
-238946 887229 -229763 854685
-398388 957361 -361906 941965
997191 288674 731498 -448985
-745504 -554962 -729269 -562625
-794638 -518500 -688897 -517136
201459 -484205 417491 -41231
379011 -835451 34482 -330854
-738934 -577999 -377348 -623637
322034 -651275 -210656 16321
-961028 -221978 -882772 -116332
-498215 133000 -361589 362588
564108 -994113 564082 -994095
41464 74651 -14443 -35093
-31515 -691034 -155526 -374161
772554 602870 543129 382400
548619 -564310 587337 -671196
-703012 875617 55395 29056
-343983 923655 -346493 899572
535147 -827985 590200 -629774
50004 -92722 -32109 -200367
719422 209677 755300 236009
481128 405088 481326 404629
-374243 -172365 -378959 -174631
-720357 239764 -710564 227506
-361673 -804741 -257718 -416657
191558 -468996 193316 -467539
-706445 -838881 -638574 -831051
-663067 482114 -641375 418564
228079 -557067 198853 -531472
-425308 841374 -194665 445871
307949 -54500 350855 -196301
-894475 334230 -883844 312172
512764 -570504 512297 -568163
-536884 -263045 -449854 -272002
376682 -958945 375285 -938222
-102650 -993610 37882 -432179
888906 426211 896915 454731
237913 -546341 263908 -190290
554745 293305 552690 293970
-373419 -665801 -373544 -660555
-741217 -790638 -227121 -887472
-885154 965675 -593035 724356
-235234 177651 -232605 179519
23430 -796465 -596639 -174787
-997637 321713 -752847 349667
-961083 -682031 -960811 -681296
-514255 -495529 -513504 -481643
476997 441648 474267 418826
-574361 -920707 -488542 -802633
740992 615010 738247 613291
522005 -963778 325870 -489569
-463138 -315439 -405089 -325446
725841 -906737 723380 -784258
-88070 -216271 -57337 -203074
740112 809214 694922 787687
644535 748224 605736 722322
-56550 620512 -62877 605523
273731 -428856 246301 197954
629732 -183438 57114 456
-409934 761261 322974 909649
408675 -938999 266638 -888063
871410 -258841 725531 -43145
-592050 -524446 -567788 -475519
-88010 -151745 -242281 -57950
301360 236009 301409 235387
489632 -392890 430851 -308509
924886 -886072 822295 -870817
836926 736598 -5717 322753
-279358 -365409 -373590 -314082
-482621 -706212 -471156 -696398
818176 326927 779166 297276
491115 -679753 482881 -682890
-671515 -87654 -614877 595204
414113 142103 -373563 -593994
831971 751949 764125 750369
-257055 242721 -379189 -25943
-234125 -90675 -234065 -90737
952893 646992 531519 479346
527828 286111 526565 279920
676066 383162 626108 362015
-31376 318387 153357 371401
23033 -164707 23510 -164542
684677 677171 499521 793975
795522 -688120 80712 -346367
-818240 -66326 -643369 -307305
13820 -717312 483961 -133303
266704 -529719 -256406 179453
-616985 -628968 -615116 -627017
-576179 -47475 -570124 -45354
-331193 517788 -37412 381039
-998788 29594 -897560 157263
-459426 17945 -453886 -36806
-24547 810158 -23111 792471
10342 -272973 10261 -274472
944766 284016 944736 265910
-187293 -398799 -188223 -398846
-947829 164979 -947750 165019
685972 344254 683561 343855
-925563 -240242 -812215 -352897
915885 -524465 836056 -467969
566871 688162 567175 685277
888582 -50910 837880 14475
-460766 99310 -444653 -131343
-39617 -575942 55816 -106027
-904433 -333071 -887813 -324597
203649 -719904 538174 -122956
337459 -86108 185910 67627
-740940 966770 -598534 733797
-743013 672501 -632390 603376
-525523 437870 -549973 420808
-902266 -512659 -832769 -524625
-338104 988399 -338078 988394
-299800 872184 -514534 104666
-150157 -456271 -140141 -228639
-520517 258250 -529205 224955
723947 40006 473591 53721
451489 374254 445377 391893
