945
758642 -365549 743403 -361722
-495862 -701941 -494046 -694118
-956398 -67704 -947013 -82920
-623612 -194398 -352641 -367889
499382 -674534 497123 -671336
-368564 -21254 -368420 -23263
89747 -206058 74773 -197158
-983604 515512 -968864 519437
450655 125038 481905 237116
622423 -991179 620999 -988830
-665000 723603 -654217 682865
767861 938198 767610 930771
-624063 -345098 -602782 -341980
-654268 322210 -646995 318109
-65764 687722 476504 580620
-532932 -234987 -529069 -246506
-523940 851142 -235585 212287
12546 990352 6018 983602
-726522 529565 -570036 441651
-383767 52321 -389147 47787
-680292 971386 -678224 941753
615150 467241 630924 456707
93781 -145506 -82171 -105001
-419602 -630008 -304257 -550219
917709 -783921 375322 -372806
-322021 981686 36171 807555
993614 -977422 879611 -906382
-447652 -987818 -432053 -980787
-881078 643837 -713516 661502
-216148 53068 -215881 51746
60816 998557 129374 886204
84693 311220 59069 -400591
933506 592476 929978 587171
374681 264496 572928 680818
734876 -330546 670780 284949
-444817 860579 -445079 858379
-292038 -146275 -263174 -111152
226331 -433768 105909 -335531
112401 369446 105016 392292
-588778 -975414 -568137 -947168
114686 -866775 114553 -866496
281484 635578 270126 -221303
-824405 379576 -824388 379576
-210682 925473 -237270 843492
-332673 534927 -337154 533927
-477107 608489 -472971 604990
757253 975179 756277 972808
352129 124330 349520 123580
-407980 253778 -475908 -64105
369112 567642 -26848 273995
122188 -817888 117686 -802159
423613 -751249 311920 -707841
-602802 -633047 -599851 -630141
-434194 -831904 231769 -109518
99935 845687 122584 810094
-97297 -368303 -60381 -240981
480862 294453 457714 269030
-725764 308627 -700033 319799
143572 -995880 146717 -991907
-49645 548451 -45708 547897
717471 -911527 687141 -872982
645981 -625383 709961 -684704
-992037 -14928 -843330 -62690
769289 -274044 682248 -266210
-196487 625532 193650 308102
-579118 707449 -181892 -70837
-15883 -264068 -104512 -309777
481246 -565054 482154 -565123
-965302 13561 -890912 39744
-81434 240864 37660 642257
904297 63631 880611 111012
-575440 -847654 -285225 -745573
-536545 -950261 334675 -222360
-61084 -736610 159269 -407873
370046 44140 234167 21100
171477 -276032 250945 405861
989537 994301 778474 977000
132138 865136 124085 338157
-682985 648298 -612173 596748
610567 -716449 603430 -687222
-168737 52416 -112946 88862
-667324 -884450 -378954 -550706
-922927 334848 -921830 333418
265390 -225481 266607 -226703
-929546 900246 -876304 878916
-836099 689169 -276407 776116
-276810 -458607 -47098 -280226
-911974 -871275 -584228 -659861
-302029 -489474 -301974 -489953
263811 -901180 235676 -614219
-409159 498014 -377258 517530
-500981 -398115 -74280 -48414
-533578 167254 -291608 256267
-604269 -707325 -623731 -614609
-606921 851282 -550725 543691
795667 235654 778468 232414
964163 -113590 963137 -203605
119599 556211 56574 550569
-428997 782660 -415250 779031
-109780 -142463 417262 -511065
861869 612419 861609 611565
845860 -454027 840186 -457608
-498413 -489840 -493557 -479641
238607 851462 -381143 488775
835011 -450295 833666 -449536
-862061 416326 -871074 524107
-460099 -319228 -460048 -319187
134660 -217884 209167 -35508
-167387 538997 -167544 536293
-804373 738669 -712336 668279
-652972 469950 -703475 195542
889327 258039 688186 79362
301152 847714 300599 847450
394420 974419 522090 715625
-324155 564883 106635 859943
-664086 627980 -661490 625908
-221447 -467063 -118597 -369375
833546 479874 320890 -67793
-461571 376171 -401609 412673
436900 98906 436662 99083
-718396 -751752 -713640 -749831
-490216 759558 -484310 767084
-653977 -186363 -648871 -175258
809812 -393540 262876 -387679
679404 -864409 679420 -864438
934217 -597178 913724 -600256
-503393 912130 -502015 905622
842185 -969090 -21741 342243
554731 -419990 576756 -364151
367364 858669 335641 856498
-374634 -863371 -138054 -719179
947164 -992326 941212 -987429
769476 -751005 726683 -752300
-166252 435646 -146441 354968
-793442 543149 -607200 40552
117556 844581 153064 774329
-817032 -39818 -805542 -646634
-292744 -215167 -378260 174937
270629 948371 66923 762680
-762178 -75702 -758124 -75983
-642527 -569262 -578300 -552156
-319613 504698 -243507 185487
697791 894972 731687 799426
-189875 825609 -185849 790519
601599 -492986 339833 -744002
-828994 935554 -216331 716461
704925 -672188 215842 -286875
-825522 501675 -812665 478975
-814896 -284124 -530808 -270428
-674060 973452 -437811 631851
623437 -564943 708364 -59620
-416422 -513829 -372952 -429134
284694 -357465 216873 -331017
-542458 -903270 -590558 -748870
-167814 -382770 -305461 497736
872794 648949 820808 603760
200595 -654178 200311 -653720
-288920 276754 -264161 297517
-580909 743511 -408930 188043
253497 -272765 148806 -263522
-483834 -600493 -493540 -607041
411422 101143 383250 102153
54569 206183 -192661 -74475
284061 573089 284037 573090
863535 148315 863112 147525
37132 -632279 -41929 -394526
512162 -345951 496200 -338705
522085 -829157 625858 -688101
789996 -428847 282573 335491
-141769 -640234 -142751 -636041
557462 480547 72172 327559
506679 -154245 683953 -175973
177220 -633795 -197217 -189321
-880689 -584324 -878838 -579122
480042 -99441 483570 -114622
37074 -730975 38279 -727576
-696071 311796 -660641 325753
691181 45254 24994 279539
-572338 -501895 -406514 -453309
535288 45943 365973 137362
250420 577852 311778 542948
-176197 273648 -176244 273538
-674159 -220706 -193608 386240
870862 101774 861960 149494
307070 -199933 496645 -180839
-98481 15098 -103525 13641
867914 -294678 867912 -294678
-761608 187924 -715073 158023
-469296 289398 -465790 290231
-75908 -851320 -76906 -849889
-600683 -762054 -482888 -749236
645122 67370 99150 -259267
-511922 165851 -511856 165808
558468 19714 616459 -211799
520218 670253 658257 587758
426384 226931 376145 175071
-244474 846959 -70457 874874
-514500 -391347 147548 200636
-417344 -916182 -434371 -339794
234705 300197 234933 300543
-921459 884659 -876582 882089
-401278 -288809 -400252 -289167
-123389 -568969 -165003 -502585
414678 369186 14643 465228
-292342 -641701 -425468 -468593
-593056 -619822 -619968 -426128
-316736 -181261 -315452 -180966
-294831 -947097 117491 -101539
755866 153500 761492 140361
-41360 -993191 -277640 -10143
-26175 587942 -79943 475853
186220 290355 134129 -56770
-911545 387127 -910549 386654
12421 -305466 -357631 -362740
443524 -225837 697202 234446
-338634 950462 -82743 888931
232538 393280 230412 376072
132097 305259 156297 313452
-684933 -679014 -691873 -676737
778453 -23174 658427 -89966
-101295 -490 -167365 -78116
-597943 180467 -354033 35892
450101 -291796 320715 -686866
975525 391181 832759 264721
-88410 255584 282715 139258
409412 524546 272464 451259
-801825 -670744 -801793 -670564
746246 674758 746240 674745
-164171 -872752 -215743 -823725
-112670 -23355 -129092 -42836
-893847 623932 -893824 623818
-323521 765153 53560 484244
712440 369657 712524 368727
-921050 27184 -933350 70362
843121 515497 779839 590406
37112 -232132 37928 -230745
-16145 179887 347810 227017
-29341 -589397 210486 174200
660033 774124 419835 -69026
-331980 -132059 -275527 -107121
822530 796962 414046 703895
589034 399646 406145 -104620
-260661 694484 29953 444807
-183223 -392364 147164 -453790
-18252 -90078 -27400 -88549
-176844 760047 -176825 760030
934366 810522 202907 361743
941328 -61026 443457 174667
-967600 -35130 -902551 -23152
299536 729553 299548 729511
457772 -545096 322053 -481932
-46461 177113 27008 303146
374311 111772 377410 101258
-8156 -162095 -6089 -160917
285434 -790881 285444 -790858
794452 -668847 581751 -723360
634553 -813704 379299 -342799
-241186 -292679 7996 33863
213713 641370 219481 631789
-808138 917299 -807766 916545
985685 710074 766217 740828
-101724 898617 -101620 898326
-558980 -961864 -558776 -961192
-733727 -736362 -733004 -735873
-694863 -140151 -541607 -162112
810363 290076 787348 157405
-475983 -517989 -479073 -523190
-492306 400270 -238837 175269
204623 -539338 203884 -534738
-912591 221723 -904272 222441
223029 -692447 -126858 -801078
451838 -657499 52356 -409838
-363118 -981903 -338596 -936439
547474 768513 543726 768829
-789975 -550461 -727535 -492352
885247 195936 884954 195720
339121 266496 -161134 631916
491449 -682543 -5210 -568047
-413724 -386884 -371386 -312213
-530282 250429 -574508 476861
579196 687664 562754 666566
-788826 -389906 -781921 -375978
-948893 -492163 -938788 -502723
-364410 -533770 -352450 -527503
-23420 -233471 -23262 -233505
222557 -252636 222315 -252501
-689139 730926 -601703 652083
347848 -857503 352548 -722842
628434 -129652 240878 -721029
-843706 60291 -842982 60477
-968708 588946 -931430 546258
-972464 909353 -966082 892299
744069 73406 739113 72244
435539 928392 -141394 748296
-36756 826923 -377652 768385
888957 -304420 659223 183695
-563962 -934560 -525882 -803888
812680 -403297 688468 -408569
65605 222200 141645 121370
-549981 -483299 -548396 -482781
-156331 625154 -154446 624549
-15656 198241 -12722 199246
-199077 -123398 -379914 -86094
377229 -238397 393379 -179414
562841 -536427 546244 -526813
913925 157656 596009 373406
-121979 -696143 -119513 -695218
-379619 561262 -378128 558933
852205 -454168 848028 -438527
301908 -309215 301906 -309218
-796554 843176 -726212 694509
69519 -370346 114120 -219865
-223538 177613 -236596 191235
200234 -748739 189189 -751383
-346364 177037 -346152 176952
138174 -62104 139745 -60571
-251538 -575816 -250482 -575383
-65248 45486 -62349 39385
923680 871347 923677 871344
-985307 142178 -863060 94015
54070 622693 -154913 740255
-417822 860905 -277762 550378
-791350 942259 -783675 941309
197957 526222 198529 524969
43621 -797264 -56868 -706118
27160 273471 -30807 220395
81602 590329 65400 529588
-879042 627262 -787071 651236
528477 -778250 494156 -759646
-561192 -572890 -547045 -602315
-845748 -642663 -632046 -611238
-323280 -355111 -288676 -401659
60258 -816213 48358 -552004
-92066 979565 -88019 959559
509255 736763 364710 574854
697922 -107792 697810 -107846
-864867 -208344 -863994 -208343
-765275 -806351 -701518 -669387
-655277 911798 -655165 906916
105488 -946974 101375 -943072
118912 -741337 111696 -726429
-708585 914529 -741950 602448
861101 -330142 855330 -305385
909042 999423 876992 982075
-538048 -427274 -618295 -38237
-984406 -520077 -875577 18780
774370 -544589 204413 -142432
-434852 18799 -434612 10668
-125119 961559 -100104 938078
178375 -829441 67005 -670372
861298 635500 855264 637228
-967432 -337706 -935072 -319743
404731 297885 377677 265101
-571158 805700 -562779 774678
-820972 136839 -798006 121716
-798069 687345 -798068 687346
-553149 -727636 -500731 -676713
942509 -98352 612968 -190168
-67846 799493 -23597 507526
-742278 -518773 -741126 -518899
9202 -837488 -7289 -833247
755947 493344 412093 654473
493415 -627959 494157 -627830
-466302 -11409 -464980 -54636
-585916 622255 -585910 622196
-182060 335274 -175269 328466
35068 -61691 86727 23185
570756 165607 139191 -60794
-137950 909721 -129249 889831
-515119 -403767 -512260 -401614
-183867 231171 -174203 223533
941095 396758 941735 387553
777977 231268 726219 251484
-503434 -316353 -410887 -280737
-691345 770691 -605055 762124
-659566 -77068 -660032 -71353
648192 -835628 643187 -829967
465806 -73165 466138 -72702
591446 -682344 674878 -473508
-606448 -190890 -582549 -170300
-829277 808906 -823236 577346
376711 764189 377945 764688
800991 432477 745731 332147
-152388 842123 353089 572438
194623 -220414 193448 -229075
-608891 -616149 -566865 -555666
-309385 -410255 439375 -692654
173719 392909 228986 418071
-565525 -105834 -527230 -132872
671027 -541014 666722 -539277
-576738 -166821 -533867 -176106
-245664 651163 -284478 488828
-600876 433256 471436 -95799
-709466 -953134 -709483 -953075
-699851 -855479 -584771 -641290
438316 124683 406331 117872
-91916 253567 -73299 191148
274977 -664124 547115 -727933
745141 -396084 366556 -332133
-375803 601578 -325487 557163
91209 -594883 271161 -420417
-817819 -747159 -886200 -127793
86737 879297 85977 878850
741782 550236 719741 528540
306582 58234 544111 196770
-272257 -313207 9360 -723578
-100795 33609 -100723 33731
-897548 445916 -884348 438634
277956 599150 457660 334735
457110 850034 386876 558311
66897 -753648 41799 -689774
414440 -449027 410065 -449216
-465047 700672 -505274 578602
835319 101183 481294 262966
-90128 630751 -181435 415186
363517 93607 335386 98418
-87620 -348734 -64168 -290593
-431749 -610237 -408805 -583452
342265 963929 290687 464633
-275066 172637 -84267 111495
566495 -571983 566510 -571864
247225 -786202 -175891 -802907
-679659 491373 -679737 491612
743589 440877 -340507 -361146
831087 -484838 855116 -12510
653624 -108360 702868 -125117
511629 507855 572137 637037
-162310 975394 -163564 971123
-65752 277783 -65424 277835
75369 -625936 75377 -625945
840662 364964 99086 -194698
406932 317770 407290 317109
-109145 347067 -106451 348241
-384850 -222178 -385654 -110557
902458 168618 570481 94591
387336 379342 319252 325759
219059 633682 155998 530064
929316 -553156 886055 -562226
583416 609340 597867 572412
-650855 -551443 -622167 -578219
-32354 -578831 -69754 -527669
574471 -872259 534428 -869246
-512874 -253784 -815374 -184703
-551513 -641417 -625221 -549464
793900 967632 850446 927973
485413 -315285 448986 -346372
778964 -595815 773537 -590352
-254455 402834 -249910 401843
-701342 -243911 -701280 -243930
-195579 303112 -249097 331848
303954 -763033 426376 -717001
215629 973109 214957 970918
446986 -787667 542864 -836047
-62426 -507506 -77485 137060
302061 -270486 325350 -231228
393464 943778 573976 771866
235553 850399 240032 848069
-607613 -87862 -526907 -17384
352888 -563164 350448 -564671
65018 -760728 326418 -735263
-766254 -645184 -186557 -431860
602753 -755556 595969 -745788
-318342 -8055 -289364 -9476
-342791 133354 -350389 198617
737884 378384 408598 438884
137677 12290 128635 15758
-888570 268265 -845916 275455
640494 281371 508051 309385
22282 -405035 12766 -399641
-717331 -118874 -600625 -43416
130021 626832 345138 302341
510584 394761 528444 164974
-317631 -791417 -318324 -790969
606825 220645 675938 151085
779579 -830266 714517 -717262
-842272 751016 -850581 538732
-523726 924293 -523651 924259
-470519 -811172 416858 -705929
-567722 190890 -422500 485599
942863 820186 838317 761455
-88246 314833 -74579 297689
819752 762909 819691 762898
151605 138087 253918 12541
-707438 -177094 -694846 -185390
709372 -662969 431993 -248571
-127542 363226 -124807 336828
438389 362376 149872 348619
518119 -902131 87276 -767064
207195 139681 -438038 232397
107941 821740 83843 824234
-161189 238409 -160924 238507
458984 -131626 35066 -12886
200335 -411159 41536 -680566
-137251 -612705 -137239 -612644
162250 999751 164424 950112
730440 340172 620536 217867
-521667 889635 -510643 730581
-663046 304143 -643825 297897
-439882 -913335 -397873 -910318
-28375 -982785 -149001 -406132
410347 -247291 357770 -278033
-908369 807289 -890105 792650
-772981 568991 -767915 565203
246599 -503551 246008 -500994
105947 139125 99373 189132
811684 200221 895401 421004
145898 -950025 -23770 -328694
624271 -355761 615769 -344982
104215 -254052 103893 -252777
-762 -127288 -1269 -126714
-995509 -18642 -950629 -56343
-914838 970674 -760545 909272
-395821 59290 -395787 59244
-157004 839343 -155956 834482
988749 -263617 980901 -257909
-898273 438848 96758 -292902
-678705 -562475 -498188 -505654
989498 49502 983841 45667
-335543 -230564 -245473 -219906
-78472 688460 229286 706402
-583427 -454010 -539457 -465430
-598199 609685 -558744 157285
-362777 -721577 -282322 -638776
-791259 62540 -790857 62236
473094 -904240 433339 -850901
-72045 394121 -69369 377994
-41334 601699 291500 88437
142377 -978559 141179 -949631
-796043 856129 -727003 831441
-367062 -717999 -317490 -638775
456295 297876 456291 297872
-788708 -41333 -787330 -42579
891046 -157272 817286 -111128
-905963 -53500 -905950 -53496
269245 786408 268964 783528
-4518 177207 -161142 442606
186987 -727509 108701 -591130
220505 -252571 21982 -305981
-641053 -879785 -471213 -392555
248799 -340316 248631 -340362
-268716 291191 -296750 247583
165136 205768 591207 280021
820028 -752271 723522 -672258
-884354 -490118 -875146 -490748
98588 -108888 30015 36260
-432809 940657 -433731 924649
457041 -17107 405864 19948
-293827 986859 -38496 -31180
-614566 -699984 -612003 -699928
-965950 942927 -897287 883977
429128 146779 136710 -36792
-442702 -862249 -523338 -436329
-696553 758360 -696547 757752
-16571 -873691 33485 -407251
-991257 852188 -928068 790962
-394526 240707 -386027 246403
737088 312035 676294 226662
565027 -553121 265077 -490787
36306 -277315 -242425 -488529
-94242 -438289 -68314 40911
-736998 848167 -736986 844042
-473286 -831640 -467464 -828131
349960 -733651 349994 -733630
-811513 821012 -778618 580376
-832563 -676959 -347876 -520832
938995 -312545 899053 -303074
-217972 -966883 -225329 -955935
759456 139939 691577 127115
-746616 317638 -746615 317637
-64353 -55493 62539 -95314
92156 -812868 142046 -774622
194078 209294 -72141 228033
166275 151115 166274 151115
168599 615552 168785 613040
-856180 923716 -902866 456330
390735 986226 390732 986214
-517759 -369412 -456252 -445465
-564068 719044 -432283 552606
719810 856195 519837 676671
-49761 217013 7867 207570
-997741 974072 -768616 503277
-930713 465523 -527886 460247
645445 -571989 645322 -571992
-477532 -507909 -472629 -504540
-522659 441419 -522654 441418
824557 -79117 646146 -137718
38604 789416 46174 784644
-417376 -643408 -409123 -639123
21528 51913 13714 13229
697745 66662 666217 68642
104921 -522331 157299 -503611
330784 -830152 293865 -829531
-596635 -370936 -596324 -370647
55393 -943783 56532 -941208
-965954 -193746 -580536 -273393
875492 -830098 812240 -815465
-295753 328431 -362831 -331257
856851 -10566 766699 -238728
-341514 781785 -429385 848505
861336 404881 861336 404880
-304360 -228872 -214000 -133141
396203 476661 396204 476640
-783176 -59163 -683791 -82652
-798931 139410 -782277 137092
835881 -438174 38837 80202
883120 -689447 268838 -774968
-995767 193920 -975947 145097
-658359 -585964 -545699 -662258
-974478 -475619 -968026 -462211
-837852 897115 -562078 817144
-752190 620230 -801272 710234
-926275 -282960 -926237 -282925
-422129 281187 -399775 151588
-386543 266338 -12732 445193
399089 481153 401745 458026
-222396 -293306 -337962 -73806
-810505 592750 -767272 617660
-169804 -901295 -156426 -896505
-101959 -73628 -97109 -288728
919131 16449 593108 -492564
-775661 -983554 -277898 -963290
686286 -919623 615867 -856689
-419111 887645 -323835 612353
-278360 -2335 -272525 853
768207 -750724 790654 -564033
920886 -385842 846130 -351205
50982 726290 -5359 713558
403714 7321 530740 202887
567147 921160 567120 737224
346134 845549 358910 784027
759001 -791981 429999 -712853
-844423 983942 -731267 796462
-584806 293875 -598582 -106645
577841 -973983 158526 -665947
308511 -582627 239490 -468341
-464205 -938575 196621 -787969
584037 -902528 203843 -594377
-160214 -838451 -159860 -837452
-792442 592082 -752717 494663
-16517 -372270 -206232 148523
16276 128794 -25602 216861
396195 524104 308707 493445
935473 -671225 935468 -671048
276307 115508 280216 121916
-829048 -248336 -828777 -248265
79898 -765076 193342 -568856
710708 -486283 483714 -469090
-245892 -37971 -499541 443903
335135 -184021 277627 -125939
876990 -577668 795200 -619659
667919 157659 779129 151838
391442 953983 390169 929678
783044 -940930 770743 -163947
-525027 138044 -629535 364875
-44269 239195 -2825 241049
-340179 -931865 -154201 -908487
972126 424551 880557 399554
-395442 -685439 73115 -129728
-334691 668080 -104638 418020
-299014 125367 -299516 132634
-371561 917252 -306603 891838
400688 -58374 399958 -58018
394542 89416 26275 12774
497342 -873425 497380 -873395
936332 565794 871751 539896
-837938 -738463 -233793 -723064
-863620 745671 -759327 717906
483476 705231 342124 483000
875009 619938 875133 618293
755748 256189 706958 253954
-491504 251212 -495172 255427
30474 35039 -31357 56454
-419450 571917 -648128 490045
520176 -410609 519772 -410583
-298063 -23756 -332791 -53884
-715196 167047 -687114 167746
-119644 -603999 -54470 -537467
-842442 -522917 5815 -755597
-183205 -356790 -178145 -349769
-700437 -423279 -716780 -467758
75098 372388 48082 340848
443334 150592 452322 57255
-527199 94438 -451740 10761
324144 -478423 322435 -478391
676115 378698 505709 487270
-645666 269991 -639096 272089
468026 -532374 197121 246663
501447 657330 265340 614145
-944568 -964496 -540838 -564792
-479421 -917432 -673736 -920820
-675428 -919912 -674508 -915451
293792 -654911 271165 -649527
635936 -632085 587222 -605179
693982 -851855 355880 -368216
708495 -745851 728421 -521524
182463 -811821 183341 -810023
-438764 495517 -438768 495501
41273 -23143 50846 9217
470702 -70340 594881 -225060
-213258 -306930 -238492 -242826
22952 512612 89923 480197
404178 -541063 404051 -540968
-476252 172066 -395377 206463
-430573 -480569 -421414 -407205
588907 -142965 586402 -127624
-724252 3504 -723099 3866
-550417 614159 -589468 210387
-852069 -92811 -851975 -92754
-886222 -158577 -885913 -158247
98655 332992 143285 267897
949650 968233 898443 928542
380726 15282 310643 -6808
849579 512962 844367 513391
-56620 25973 -55129 27556
764123 498533 760843 497751
364160 270667 403505 126596
205020 741994 499378 658837
901298 -759147 854753 -761043
-447837 -614371 -447713 -614307
323283 -856823 314617 -843765
-616883 766825 -453942 763815
-504603 595901 -588936 630257
722248 -363007 721787 -363627
986271 540481 990683 520961
33902 172690 -12725 106334
-833551 -22019 -830327 -60420
552890 726571 542326 693531
-407765 -671682 -245930 -592047
843391 -9265 833641 2890
-370871 -226997 -315026 -232404
542096 635549 509555 636162
735827 -652562 721382 -631263
940936 586283 908782 575485
-503163 721130 -490271 685124
453075 121288 448778 118995
-931107 -699498 -930701 -695411
238471 129474 238456 129463
-690891 -633626 -688405 -625593
-181826 -757739 -173113 -745601
-375046 17119 -204681 -207079
-452986 -685484 -479489 -483542
283981 -974231 281530 -969466
-918654 789949 -654139 651751
-236994 -928916 -278618 -934306
217072 356628 230747 360165
-504115 -212738 -427955 -264697
-904776 339584 -904828 354336
431071 -594841 401998 -716351
-284741 249856 -409742 -85519
535786 322061 534340 317388
-19494 -123665 -35280 -108580
-908565 -185539 -855332 -389354
-223473 652240 -264205 574322
-102664 -993880 -102676 -993869
-703398 745835 -703670 746018
674904 -823669 661991 -757029
780 664265 2327 654470
-583455 -25165 -585126 -134209
-839156 13856 -813134 7560
989069 -530679 271417 -299416
-294414 -130793 -279850 -143903
-800869 936973 -527866 137429
397375 -111392 705715 -61295
590786 741307 532619 674622
-755511 -459203 -276084 358397
952209 -277277 834851 -186485
-699653 -90299 -685802 491383
75344 354809 58430 373062
-978838 388921 -684362 209689
-643482 978915 -514617 815672
671738 -749172 671759 -749124
589117 -228862 415000 -161015
202498 762141 313948 759155
-539241 -671238 -539364 -670382
910120 521141 521624 411189
93553 932286 95898 927188
477250 400516 425236 360717
-826846 -853157 -427628 -214240
-318669 -951200 -321784 -944882
608667 -420609 590826 -412756
-629874 321755 -551159 325391
-21060 -984605 -20109 -981959
874867 -859563 872260 -858280
385978 -386226 268683 -403623
617019 213998 612971 150158
-438347 673521 -211065 460614
862387 -612615 816519 -468281
-306006 699221 -227773 741457
865237 687338 822281 566698
-614813 -216702 -614650 -216615
-74149 765127 -92036 783653
489229 -249299 436688 -180247
362123 -575195 -211971 -839817
269047 -230251 84636 -227257
-334957 -766296 -488225 -559589
-287596 852719 -285522 821696
-334831 273867 -424098 417999
741642 -399213 622019 -340986
-383957 -442370 -77577 -221841
804330 -88210 303477 -210797
715901 331257 195126 266426
116587 670251 87337 657113
-87669 845621 -67502 782248
281014 18850 277043 23707
8003 -931033 141438 -706255
-882441 641616 -109837 748456
646523 99478 542594 253399
-248127 -386447 -248008 -388453
-431072 -426787 -339967 -411283
-717615 -712355 -700375 -691072
234279 995990 421542 389245
-710531 432533 -468476 615604
896270 804462 688035 493558
498526 -49770 654271 -47966
734537 -743788 734533 -743788
-682609 -861068 -320188 -753003
735292 -31931 733386 -31978
-653637 -265350 -653472 -265289
-291475 721748 -287740 717999
66604 -199319 66605 -199315
-799473 -91370 -803653 -64255
-525840 166286 -207233 322531
571710 944696 480765 750104
-356249 -152280 -346349 -150986
-525803 -757308 -513440 -687269
-484475 -912796 -441684 -895129
209487 -160669 209367 -160840
-258445 -111395 -260579 -109946
-884515 683136 -883065 679143
-518283 515113 -517010 506936
540832 836884 616253 661770
377026 321601 -129880 388290
690535 655076 682675 647281
588638 443186 531719 385407
-390693 458516 -416181 478719
-493409 437841 -448471 214460
-133875 259641 -150558 210659
-447709 -211458 -439609 -231837
-756530 -139823 -656611 -42458
3906 -940899 2741 -938206
-612789 884029 -610849 881073
-765515 -268077 -755819 -242121
125463 -422073 185261 -503153
120899 184901 -82985 158429
-508198 960922 -568303 661572
-106573 54379 -39490 36976
-870072 -827901 -838046 -785371
250791 945426 235353 874732
791572 573540 711596 418850
755729 623835 735004 614717
110702 -763619 202051 -824088
796904 333817 -95284 -243596
719104 974235 716796 972169
861992 602170 768218 486654
336204 702329 327129 704109
50431 858369 43222 847263
893967 -319814 708303 -213672
-492889 -949789 -453982 -906557
618081 -940735 617267 -939760
-708100 884046 -570386 679340
849483 218073 577451 255664
-92425 -954949 -6213 -377630
-781235 -974036 -600093 -897486
-387698 -980965 -387674 -980945
-467524 -441584 -467523 -441584
554909 8737 393362 298308
125400 244474 -311208 -242739
210251 314304 179432 310313
777039 191943 667248 147889
-650264 -473491 -650321 -473539
-899398 -784436 -694732 -346255
-184981 -529249 -207711 -475146
-758482 545111 -739213 537105
956428 854278 955611 853686
-159802 79495 -503238 625753
-367955 -696740 -335264 -577715
140854 -321176 336578 -262827
925015 -344413 924710 -344259
-844341 175137 -843854 174457
290652 620253 290626 620210
635423 -921627 544564 -872709
-132417 -974028 -129329 -948585
713434 912263 709745 906620
-929336 -32758 -461024 -350298
664894 448476 475800 554798
523754 949427 488773 881800
-418816 -25493 -320951 -361286
990189 172536 660858 -70733
-718721 -213224 -716646 -210854
-951945 -167321 -946128 -165135
300222 -723092 300168 -722952
-46471 -677858 929 -604444
-102444 739455 -157732 267673
906342 428058 872886 338089
-897399 -178136 -885622 -200861
-733887 -3516 -729302 15963
745534 769240 588300 284119
-115251 -555444 -119651 -553088
960529 742395 732514 650779
-341334 -993689 -724498 -270847
-723913 -307677 -213808 30548
-827109 457993 -540464 419534
884732 729265 883223 723723
288915 -59752 256049 -29245
-59371 660856 -13840 599081
181395 -91108 -307958 47515
983856 -563310 966485 -518094
-366399 -75739 -370444 93338
836233 -910695 837410 -869988
181693 961755 179015 960858
62988 8492 83695 -81398
273897 25089 581413 -362708
-246226 653409 -175379 568340
436574 -12366 435979 -12516
875860 -575821 862195 -571495
724528 -15736 721171 -17437
-870267 927605 -862454 921801
234703 729694 229408 666392
303689 924111 -234852 920899
-751936 44096 -737948 28503
181548 -108833 182793 -106646
-28178 359523 -31703 361869
868593 -719895 846002 -723966
311629 265054 -91728 562744
-668312 599350 -584530 534890
-31945 -125211 -265450 221683
765433 -796625 741302 -801378
488767 591551 468432 488052
-55381 -599480 -58068 -595748
-18668 -405700 -100905 -262815
-59457 143981 -25610 193812
-412405 -271462 -203098 -199305
-330537 -754332 -316996 -745720
-984923 -136282 -272843 107637
286019 459072 294834 420196
57936 867583 57934 867579
-173806 -359124 -227595 -481853
302557 760612 37149 538980
-448149 -841404 -353705 -744094
861381 936315 387082 437783
549977 -909052 541153 -902518
-333879 310518 -333112 328424
-953774 -259512 -900385 -207222
349178 649254 326551 657017
442978 371800 432174 376125
