1000 1000
22 151
86 307
77 397
60 417
90 470
94 487
26 573
20 601
87 794
15 810
35 858
4 875
72 1175
11 1311
81 1350
52 1542
26 1610
17 1647
41 1704
47 1794
63 1796
98 1867
10 1978
39 1983
92 2358
80 2504
92 2548
45 2582
49 2750
24 2777
26 3009
14 3016
17 3033
3 3186
95 3364
48 3406
39 3538
94 3650
76 3663
59 3703
10 3820
84 3847
65 4107
98 4164
7 4172
61 4225
67 4273
46 4283
8 4451
30 4574
69 4720
69 4882
44 5123
29 5237
75 5304
37 5363
11 5371
73 5447
96 5636
67 5814
35 5850
46 5898
10 5997
73 6132
72 6137
46 6413
6 6439
29 6632
31 6654
26 6656
7 6706
5 6754
52 6819
43 6821
74 6883
91 6969
52 7006
47 7181
3 7246
69 7255
23 7283
72 7532
65 7604
39 7673
57 8006
39 8111
79 8112
24 8267
1 8272
64 8311
49 8323
86 8457
73 8492
66 8610
18 8615
26 8632
82 8693
54 8776
49 8784
83 8795
84 8824
72 8874
43 9050
42 9172
77 9308
91 9681
80 9769
13 9835
2 9873
81 9999
17 10122
79 10138
86 10210
12 10270
9 10562
85 10576
62 10748
68 11041
82 11066
22 11202
29 11218
57 11287
87 11492
80 11624
76 11668
42 11772
77 11813
55 11884
52 12041
61 12126
89 12306
91 12571
41 12575
48 12682
65 12700
50 12756
21 12799
35 12800
21 12820
39 12931
89 13033
85 13052
39 13274
5 13317
5 13394
60 13463
56 13490
78 13497
68 13812
32 13911
18 14097
91 14326
79 14530
75 14533
14 14784
75 14956
76 15116
7 15204
67 15416
59 15596
20 15616
51 15644
5 15701
8 15909
51 15919
98 15921
6 15923
91 16021
81 16029
83 16080
8 16267
31 16422
60 16530
83 16532
99 16534
98 16730
57 16773
4 16914
49 17026
39 17102
58 17129
68 17181
15 17200
61 17370
10 17552
55 17594
33 17598
86 17760
61 17764
56 17816
87 17923
12 18024
14 18127
2 18228
48 18252
83 18264
87 18294
66 18315
15 18618
47 18715
72 18804
77 18946
7 19087
78 19126
43 19162
54 19210
47 19247
34 19559
57 19580
25 19712
39 19740
28 19742
77 19888
12 19932
71 20094
98 20171
68 20198
45 20263
90 20697
85 20776
90 21136
99 21198
24 21222
73 21292
81 21305
19 21308
77 21326
49 21394
63 21401
79 21682
44 21827
33 21942
52 22159
6 22249
84 22281
7 22378
18 22496
16 22665
15 23128
60 23170
32 23210
41 23380
46 23387
90 23436
84 23450
69 23613
6 23630
35 23642
31 23649
54 23665
88 23725
20 23776
24 23892
23 24105
97 24213
17 24257
12 24267
77 24564
48 24645
55 24700
29 24710
19 24831
72 24840
70 25040
20 25086
1 25116
21 25277
11 25333
19 25585
69 25593
37 25636
52 25805
6 25870
59 25883
10 25893
93 25949
14 26046
76 26057
77 26112
71 26194
80 26203
86 26247
65 26248
48 26408
1 26441
18 26463
74 26690
35 26756
43 26826
83 27217
93 27411
81 27489
7 27519
92 27522
20 27535
17 27941
15 28027
49 28168
43 28210
92 28245
77 28279
63 28309
89 28523
30 28567
98 28581
92 28657
35 28952
53 28977
57 29016
88 29125
10 29138
3 29279
72 29470
93 29571
86 29645
84 29654
10 29664
31 29732
71 29788
69 29949
6 30207
37 30306
39 30567
28 30877
3 30952
75 31116
37 31158
88 31228
25 31391
47 31567
28 31721
68 31759
8 31767
85 31788
90 31795
85 31884
34 31961
55 32050
22 32054
63 32157
92 32194
74 32346
86 32390
22 32570
73 32691
9 32740
99 32810
97 32831
41 32893
31 33000
64 33490
19 33680
74 34170
16 34375
48 34581
95 35176
74 35294
49 35337
39 35406
38 35415
82 35437
83 35464
6 35553
94 35574
26 35900
42 35921
82 35958
27 36260
6 36365
72 36480
56 36532
23 36724
96 36739
77 36742
10 36770
87 36907
96 36970
91 37203
67 37636
24 37667
13 37832
72 38005
57 38077
63 38128
98 38276
78 38286
83 38344
1 38585
74 38663
15 38792
69 38911
47 38923
82 38959
58 38960
77 39054
63 39106
66 39190
47 39209
56 39513
10 39544
40 39626
28 39697
89 39747
12 39911
15 40045
55 40318
36 40503
86 40528
96 40614
22 40620
72 40785
46 40821
30 40869
35 40922
40 41085
6 41164
65 41217
38 41221
19 41250
57 41279
78 41360
59 41371
58 41407
43 41411
94 41435
56 41538
12 41559
24 41675
47 42205
47 42551
61 42868
26 42943
83 42986
25 43005
61 43008
82 43032
13 43061
98 43166
42 43275
84 43417
60 43665
36 43734
89 43827
98 44431
66 44486
82 44494
35 44549
80 44589
74 44597
14 44676
57 44724
1 44735
10 44890
51 44935
3 45039
54 45093
57 45111
45 45161
85 45319
2 45381
60 45757
17 45832
38 45868
62 45909
76 46253
4 46645
56 46684
57 47169
38 47203
38 47233
75 47302
31 47382
14 47390
98 47455
43 47465
2 47489
19 47570
38 47581
85 47786
16 47926
8 48166
98 48194
54 48216
74 48218
32 48295
63 48321
1 48360
10 48433
30 48477
15 48730
62 48746
52 48755
46 49032
16 49134
84 49168
41 49196
75 49305
71 49312
71 49489
57 49569
87 49627
75 49673
36 49734
8 49929
97 50054
77 50154
62 50255
43 50285
3 50478
11 50481
47 50521
45 50572
31 50587
80 50636
18 50727
85 50923
76 50973
96 51058
93 51085
25 51135
24 51188
97 51312
73 51449
28 51466
63 51569
36 51920
70 51950
77 52004
74 52279
78 52323
99 52384
78 52715
98 52945
98 53038
60 53162
19 53208
67 53383
3 53564
2 53725
99 53860
29 53869
89 53875
74 53941
14 54184
83 54232
34 54247
70 54288
92 54328
34 54405
52 54506
79 54534
28 54548
82 54576
66 54899
86 54984
4 55041
44 55419
49 55636
92 55950
92 56019
94 56305
71 56447
36 56452
11 56490
5 56830
55 56834
46 56852
82 56866
28 56894
40 56896
47 56912
21 57017
64 57062
61 57095
42 57401
23 57430
28 57500
39 57575
73 57600
67 57734
71 57763
38 57795
11 57840
80 57927
98 57929
77 57986
61 58143
35 58148
55 58165
40 58221
18 58632
86 58764
26 58785
14 58802
2 58848
37 58931
66 58979
83 59003
46 59027
59 59260
25 59454
53 59555
30 59723
16 59850
61 60203
16 60295
68 60350
39 60443
75 60562
86 60624
53 60697
86 60773
72 60844
73 61003
47 61085
49 61195
93 61282
44 61320
17 61326
80 61422
86 61563
1 61610
64 61709
80 62004
59 62020
58 62127
20 62156
42 62293
49 62298
24 62526
75 62706
52 62780
77 62860
29 62862
56 63086
28 63205
14 63315
55 63356
55 63357
82 63512
59 63551
48 63830
68 64383
82 64514
7 64551
40 64585
49 64688
64 64883
51 64943
36 64966
41 65057
14 65130
2 65226
7 65250
41 65292
58 65353
99 65463
84 65520
14 65607
83 65750
99 65770
62 65905
48 66104
16 66295
32 66339
89 66468
29 66488
6 66735
17 66813
91 66839
23 66851
7 66945
99 66948
67 66967
84 66987
79 67262
21 67294
86 67299
29 67324
66 67442
91 67573
44 67673
69 67680
36 67934
14 68131
87 68388
61 68401
7 68557
13 68734
99 68754
8 68829
8 69072
45 69133
1 69187
32 69369
36 69510
8 69706
25 69745
44 69780
29 69920
48 69930
29 70017
44 70055
30 70096
64 70343
69 70395
44 70492
62 70513
93 70886
78 70911
19 70950
8 71161
63 71402
30 71460
24 71480
73 71486
7 71508
57 71694
41 71732
64 71875
53 71897
39 72102
59 72392
32 72395
95 72482
44 72802
56 72811
93 72995
28 73130
68 73235
73 73254
19 73334
72 73511
85 73608
77 73611
6 73654
99 73675
95 73689
22 73701
28 73930
52 74021
17 74266
70 74310
61 74345
2 74367
64 74465
98 74608
21 74617
13 74718
59 74792
85 74799
74 74816
70 74853
85 74998
33 75039
66 75051
60 75055
59 75082
77 75086
60 75241
72 75286
23 75289
93 75564
57 75916
23 75944
47 75993
2 75997
2 76046
66 76154
72 76171
49 76246
18 76248
21 76274
40 76360
65 76370
14 76389
90 76415
18 76524
26 76737
97 76843
67 77041
54 77202
67 77248
72 77285
98 77296
1 77619
16 77691
72 77854
41 78135
66 78199
98 78314
61 78324
95 78379
84 78430
88 78506
43 78576
66 78579
43 78956
19 78966
58 78968
38 78986
28 79054
42 79127
12 79452
95 79587
35 79765
54 79879
83 79909
83 80013
45 80035
92 80059
51 80076
6 80111
54 80140
1 80159
7 80333
52 80363
59 80427
29 80890
19 80948
44 81128
6 81255
6 81305
71 81409
32 81417
51 81472
58 81493
25 81559
36 81634
21 81655
52 81774
91 81794
23 81863
94 81880
68 81895
91 81948
69 82034
87 82037
68 82103
3 82159
67 82259
28 82610
14 82714
93 82966
74 83208
61 83252
87 83441
63 83583
50 83681
67 83697
79 83747
4 83777
37 83789
58 83830
51 84092
56 84177
9 84220
80 84274
27 84304
22 84366
61 84463
92 84501
35 84708
81 84747
76 84843
72 85195
28 85210
54 85212
77 85337
77 85411
40 85468
75 85545
43 85718
14 85762
84 85769
31 86006
11 86186
49 86203
45 86314
36 86352
71 86378
51 86441
44 86493
47 86514
57 86620
95 86830
10 86911
90 86955
25 87251
32 87746
21 88017
86 88126
26 88175
83 88201
4 88272
36 88304
78 88474
97 88583
50 88823
86 88870
20 88897
43 88969
34 88982
47 88995
62 89044
31 89213
68 89276
27 89515
1 89553
67 89615
17 89978
32 90019
24 90135
58 90145
20 90166
39 90203
5 90241
65 90371
87 90430
97 90458
70 90623
92 90727
71 90742
99 90868
79 90899
28 90988
3 91024
27 91107
62 91301
31 92064
8 92077
53 92123
67 92124
15 92156
14 92167
70 92540
59 92734
72 92758
59 93050
32 93292
21 93332
29 93541
30 93597
89 93762
80 93827
95 94065
45 94101
54 94338
67 94443
45 94922
26 94952
19 95170
44 95236
44 95438
61 95492
53 95556
78 95596
8 95640
36 95658
66 95676
54 95896
22 95913
22 96180
44 96372
61 96774
31 96816
11 96994
53 97220
86 97275
73 97287
83 97564
3 97728
88 97834
15 97845
5 98037
77 98196
42 98314
84 98611
14 98665
36 98756
14 98785
89 98804
39 98867
70 99074
98 99132
85 99146
14 99269
64 99322
92 99350
90 99482
8 99507
89 99565
48 99641
11 99762
30 99772
91 99778
12 99829
99 99869
27 99918
70
21 45
64 61
30 123
63 911
52 1035
84 1091
24 1127
5 1130
49 1158
59 1173
11 1270
36 1278
51 1310
35 1428
91 1504
80 1533
84 1619
97 1695
48 1710
42 1728
42 1847
94 1928
27 2034
75 2302
71 2458
4 2512
19 2522
74 2591
63 2808
45 2834
66 2869
56 2955
70 3044
1 3373
81 3523
99 3630
26 3716
62 3907
90 4173
36 4244
75 4305
21 4449
47 4546
55 4691
22 4693
5 4870
16 4988
10 5264
13 5381
17 5413
87 5611
56 5625
81 5639
33 5646
88 5722
94 5800
95 5815
55 5827
36 6019
60 6053
47 6078
37 6081
40 6169
73 6202
96 6222
45 6293
34 6354
42 6432
75 6605
41 6912
9 7005
94 7024
78 7262
69 7286
57 7422
41 7450
69 7475
7 7495
73 7518
57 7522
40 7535
89 7673
28 7699
89 7715
72 7920
5 7956
38 8038
68 8070
4 8075
61 8207
57 8255
72 8313
93 8386
60 8436
18 8557
93 8560
17 8625
58 8641
64 8861
12 8901
95 8976
64 9028
30 9039
67 9076
50 9236
28 9242
86 9264
23 9379
40 9390
15 9441
73 9485
36 9515
43 9707
18 10027
98 10028
93 10075
66 10078
6 10102
92 10129
4 10381
25 10403
40 10424
55 10516
91 10563
68 10631
66 10685
42 10805
48 10891
40 11079
15 11130
58 11231
61 11339
6 11414
1 11491
70 11502
25 11580
66 11731
16 11783
78 11960
75 12114
86 12140
81 12148
99 12264
35 12272
57 12329
53 12386
93 12504
33 12655
49 13243
95 13252
72 13289
49 13293
88 13327
26 13495
43 13628
1 13691
98 13759
84 13993
19 14178
87 14238
67 14242
5 14311
73 14639
25 14641
69 14704
32 14713
48 14802
30 14872
83 14878
70 14908
68 14952
84 15269
79 15278
85 15346
75 15450
65 15473
98 15517
53 15616
40 15668
58 15728
91 15730
71 15775
54 16120
94 16186
90 16188
98 16202
34 16336
20 16636
56 16779
63 16879
69 17039
91 17078
74 17090
94 17115
21 17336
65 17342
28 17529
40 17633
96 17645
12 17682
99 18001
59 18022
29 18200
53 18212
37 18485
76 18633
14 18651
69 18766
17 18863
28 19211
60 19247
55 19407
95 19442
28 19649
82 19785
31 19796
5 19830
51 19844
83 19911
14 19933
47 19945
81 19989
3 20038
2 20092
40 20455
4 20470
63 20508
85 20603
64 20718
83 20790
29 20873
53 20889
70 20928
90 20973
30 21016
87 21069
86 21135
65 21298
69 21302
43 21400
28 21500
93 21627
35 21668
6 21782
11 21864
67 22192
63 22275
55 22363
92 22369
86 22377
50 22413
43 22498
60 22546
97 22604
6 22711
50 22716
24 22728
95 22831
58 23029
61 23059
99 23426
99 23587
8 23605
7 23663
21 23705
95 23818
88 23881
56 24008
11 24045
54 24100
63 24226
88 24414
42 24590
30 24668
82 24879
41 25016
84 25094
66 25246
13 25293
20 25507
92 25723
95 25806
93 25840
68 25958
50 25966
92 26078
61 26082
55 26108
89 26187
23 26189
62 26498
24 26605
51 26693
11 26750
92 26886
67 27008
19 27048
43 27374
55 27474
41 27795
59 27820
77 27949
61 28370
90 28479
69 28524
12 28555
9 28652
18 28733
91 28845
45 28924
7 28976
51 29023
54 29055
88 29192
70 29204
87 29206
18 29284
65 29380
88 29403
60 29413
50 29438
95 29645
72 29775
39 29817
5 30001
98 30277
67 30286
18 30396
94 30465
34 30691
37 30784
48 30805
18 31034
48 31045
49 31302
51 31373
67 31543
37 31551
59 31554
64 31758
88 31765
72 31811
34 31923
22 32008
45 32073
45 32179
25 32236
51 32341
40 32465
34 32550
94 32631
28 32697
85 32910
24 32974
42 32975
71 33090
69 33181
29 33217
89 33292
30 33329
8 33574
46 33616
37 33721
94 33765
28 33846
20 34010
10 34370
43 34406
99 34598
84 34656
88 34860
40 34988
12 35079
56 35157
55 35275
31 35410
16 35585
98 35933
10 36130
69 36257
1 36329
72 36384
45 36479
20 36574
66 36825
41 36894
56 37008
91 37049
65 37052
64 37103
19 37139
5 37306
79 37331
96 37445
92 37563
71 37756
70 37811
44 37813
71 37816
21 37961
48 38010
99 38107
13 38169
24 38287
72 38306
82 38688
66 39112
22 39341
1 39429
65 39504
1 39657
86 39768
6 39879
18 40038
19 40051
91 40086
71 40188
6 40247
98 40350
90 40517
5 40574
19 40575
74 40682
65 41043
60 41095
13 41152
73 41268
91 41272
92 41277
91 41286
26 41324
96 41422
44 41526
55 41651
31 41704
99 41709
47 41776
74 41912
93 41991
29 42340
87 42382
44 42386
36 42405
1 42472
86 42580
24 42881
23 43059
56 43443
20 43462
59 43480
29 43562
35 43644
96 43698
24 43705
63 43720
4 43882
67 43908
1 43962
62 44041
63 44105
45 44161
40 44174
98 44204
18 44327
56 44478
5 44499
11 44517
99 44577
74 44588
18 44592
80 44599
39 44689
75 44719
69 44769
86 44913
95 45123
32 45153
2 45208
32 45614
81 45767
96 45865
29 45917
75 46093
62 46197
94 46537
79 46579
71 46611
37 46692
32 46890
68 46939
74 46950
2 47013
48 47038
8 47166
45 47215
47 47360
46 47906
86 47920
77 48016
31 48108
50 48115
80 48199
20 48277
93 48373
30 48621
89 48765
64 48771
82 48820
6 48829
36 48852
16 48962
31 49107
29 49122
80 49147
39 49301
64 49338
41 49422
64 49448
83 49528
30 49532
34 49620
38 49689
90 49889
77 50080
89 50140
40 50217
77 50250
18 50504
59 50567
88 50706
90 50756
86 50937
3 50977
60 51368
19 51395
88 51455
73 51511
71 51636
20 51846
59 52008
16 52041
5 52120
13 52357
33 52398
13 52586
55 52607
15 52687
77 52693
55 52843
99 52974
8 53016
57 53401
52 53544
71 53714
80 53756
52 53863
57 54044
25 54094
16 54303
92 54310
99 54350
25 54458
53 54562
3 54785
32 54862
10 54873
19 54982
10 55024
48 55143
10 55487
37 55515
72 55837
28 55874
67 56035
67 56113
80 56372
32 56516
62 56550
27 56554
13 56618
7 56710
62 56737
61 56836
89 56844
68 56991
68 57189
76 57203
55 57747
36 57809
5 57835
80 57882
91 57884
90 58223
5 58249
61 58318
74 58375
76 58425
92 58483
73 58665
32 58751
25 58863
9 58904
28 59034
27 59067
23 59090
21 59204
34 59286
74 59591
69 59705
63 59836
12 59919
10 59952
26 60512
99 60669
7 60697
71 60851
79 60870
9 60952
99 61075
4 61123
83 61712
67 61811
49 61962
70 61977
9 62022
45 62058
16 62140
63 62183
22 62317
30 62618
80 62957
10 62984
19 63063
53 63401
8 63438
92 63482
30 63567
65 63635
11 63690
93 63737
52 63864
78 63959
53 64212
27 64298
81 64398
70 64648
29 64699
82 64921
49 64927
90 65001
47 65233
62 65347
95 65448
65 65451
22 65469
15 65485
23 65526
15 65675
34 65759
75 65833
21 65913
66 65991
88 66046
9 66263
80 66355
33 66407
70 66460
30 66982
33 67025
70 67494
55 67667
43 67755
82 68041
41 68090
25 68127
95 68268
91 68306
30 68638
16 68734
77 68860
49 68869
61 69244
16 69309
14 69406
87 69408
75 69427
66 69444
65 69549
29 69780
21 69985
70 70035
74 70257
42 70259
21 70285
80 70334
60 70373
94 70417
4 70445
24 70517
18 70621
77 70657
22 70752
33 70795
12 70865
93 71268
68 71269
22 71401
7 71526
33 71532
29 71566
24 71609
83 71646
55 71934
21 71962
13 72130
36 72238
65 72320
35 72345
31 72512
50 72541
9 72623
99 72728
80 73160
27 73196
96 73531
64 73606
71 73614
57 73714
72 73748
37 73771
34 73827
60 73907
11 73911
90 74062
19 74310
9 74407
14 74590
80 74592
41 74722
98 74854
5 74857
12 75028
84 75252
49 75507
94 75541
86 75592
97 75639
58 75654
11 75720
56 75902
67 76022
34 76261
59 76263
73 76322
22 76440
37 76468
54 76506
8 76798
60 76820
1 76860
74 76904
35 76922
64 76941
54 76946
66 76953
22 76967
55 76996
51 77344
67 77350
81 77636
43 77744
81 77802
9 77868
69 77883
16 77924
16 78028
15 78135
36 78159
96 78198
52 78216
19 78280
66 78303
47 78504
18 78694
38 78892
31 78897
19 79154
59 79171
67 79226
34 79283
61 79522
53 79662
20 79707
17 79772
72 80008
47 80113
88 80185
29 80219
33 80310
42 80401
63 80933
31 81016
97 81142
77 81154
6 81189
58 81245
49 81377
1 81624
5 81680
48 81700
95 81718
31 82104
16 82281
2 82342
65 82370
62 82449
99 82506
28 82555
16 82602
32 82605
22 82612
16 82633
50 82670
59 82762
4 82833
51 82866
65 82921
86 82991
96 83025
15 83053
58 83373
54 83380
15 83445
60 83563
2 83572
36 83575
34 83756
92 83777
11 83919
7 83963
48 83967
52 84222
56 84281
67 84350
69 84692
45 84798
93 84959
36 85085
21 85102
3 85134
62 85297
66 85389
40 85673
80 85804
4 85868
70 85907
33 85996
11 86068
87 86085
34 86118
63 86142
70 86167
69 86241
6 86388
39 86593
11 86660
49 86694
67 86819
61 86923
61 86997
40 87133
74 87159
37 87191
29 87331
79 87391
9 87807
63 87846
89 87984
49 88307
14 88470
3 88516
79 88518
6 88526
75 88547
49 88710
54 88863
41 88916
59 89286
23 89356
74 89417
24 89470
56 89937
56 90056
51 90087
23 90123
97 90308
90 90480
12 90681
13 90692
67 90715
77 90815
26 90943
62 91067
84 91075
25 91129
44 91159
80 91272
39 91297
53 91417
88 91549
41 91555
95 91816
33 91960
9 92085
82 92146
57 92164
21 92410
77 92470
46 92590
25 92686
39 92689
83 92749
1 92778
44 92867
66 92906
80 92944
41 93046
46 93118
47 93413
63 93624
87 93829
79 93918
32 93930
99 94143
41 94157
60 94176
60 94274
57 94288
28 94337
68 94402
28 94414
50 94705
94 94762
67 94798
51 94869
42 94894
46 94911
2 94989
35 95059
98 95298
92 95317
7 95356
13 95493
77 95668
97 95705
96 95722
96 95734
90 95758
89 95777
27 95820
7 95904
86 95998
34 96009
63 96116
39 96264
97 96286
54 96361
19 96368
6 96457
55 96635
72 96639
10 96643
27 96699
14 96759
68 97024
77 97161
52 97185
43 97341
1 97353
87 97464
77 97484
51 97703
87 97706
71 97906
17 97942
73 98015
54 98101
77 98264
13 98405
92 98649
29 98676
28 98792
5 98829
73 99262
47 99490
95 99665
7 99743
43 99812
19 99893
26
