1000 1000
47 17
84 459
62 532
93 655
24 696
71 758
54 959
88 1108
21 1199
95 1691
21 1714
78 2055
37 2214
26 2290
26 2544
48 2585
16 2771
39 2944
57 3148
84 3163
65 3182
60 3296
60 3387
29 3479
26 3513
77 3661
36 3749
66 3873
16 3888
42 3971
48 4027
68 4366
62 4367
81 4378
60 4440
81 4515
72 4539
52 4617
67 4672
27 4952
45 5042
54 5136
9 5232
38 5358
90 5516
73 5524
12 5639
46 5704
61 5718
36 5811
87 5819
56 5909
32 5974
57 6114
99 6298
55 6415
71 6470
99 6578
45 6705
43 6792
37 6813
88 6945
50 6992
39 6999
14 7042
22 7159
2 7199
8 7291
90 7325
80 7488
15 7524
55 7657
94 7773
10 7911
46 7993
45 8004
87 8029
44 8101
66 8143
47 8177
31 8188
46 8272
71 8368
30 8489
43 8511
3 8513
12 8521
98 8556
70 8574
35 8609
5 8839
37 8874
78 8968
21 9054
96 9095
48 9167
5 9186
58 9202
87 9443
45 9459
28 9582
64 9709
52 9757
16 9785
41 9850
13 9875
59 10047
45 10071
91 10079
57 10089
36 10117
56 10153
24 10295
34 10305
3 10351
87 10469
59 10489
52 10506
84 10570
46 10718
40 10782
29 10821
86 10844
67 10850
55 10901
13 10920
29 10951
71 11149
22 11193
52 11382
1 11441
90 11497
39 11705
48 11822
60 11973
27 12040
47 12051
85 12125
47 12128
3 12131
29 12359
78 12638
63 12729
33 12831
66 13051
31 13076
9 13119
69 13187
9 13464
31 13553
30 13587
52 13655
94 13821
22 13875
80 14046
27 14172
59 14178
86 14243
52 14282
13 14310
8 14324
42 14328
52 14497
63 14590
71 15012
58 15125
70 15241
73 15537
25 15640
30 15684
98 15730
95 15777
47 15914
25 15923
34 15974
53 16119
9 16295
51 16394
8 16461
49 16512
41 16830
8 17064
69 17163
25 17464
30 17607
28 17711
43 17882
36 18092
92 18097
62 18132
48 18585
14 18607
23 18846
33 18893
57 19079
75 19337
84 19343
97 19524
17 19541
74 19595
48 19616
39 19794
83 20011
69 20017
31 20045
31 20120
69 20141
96 20151
50 20397
74 20413
15 20534
39 20579
52 20602
35 20800
39 20917
71 21153
91 21315
90 21410
24 21460
3 21584
6 21633
69 21666
70 21701
78 21714
34 21736
62 21801
40 21816
53 21849
54 21892
55 21975
82 22297
46 22404
62 22675
81 22745
62 22748
69 22831
7 23012
9 23051
58 23165
2 23283
17 23444
16 23451
84 23487
32 23742
35 23743
67 23765
91 23984
59 24151
82 24153
56 24160
74 24292
9 24453
7 24526
42 24528
43 24553
15 24730
84 24922
50 25030
62 25086
75 25132
84 25186
42 25190
87 25263
62 25275
14 25283
69 25377
64 25516
26 25598
53 25625
11 25779
7 25811
67 25833
62 26044
10 26061
81 26224
5 26270
47 26324
63 26358
42 26363
75 26523
37 26563
6 26597
2 26622
35 26695
82 26793
31 26927
71 27257
88 27334
82 27411
40 27414
21 27433
84 27468
4 27518
28 27615
55 27674
15 27777
79 27849
98 27881
37 27905
12 28017
99 28149
52 28176
39 28279
3 28353
83 28410
22 28534
22 28636
20 28715
28 28784
5 28911
88 28924
43 28959
13 29173
91 29510
78 29529
66 29549
76 29749
78 29845
62 29907
47 30046
68 30094
21 30145
56 30464
38 30663
83 30766
79 31220
73 31226
64 31241
54 31441
82 31485
15 31590
32 31614
71 31666
10 32108
11 32123
98 32320
40 32379
12 32391
36 32403
54 32449
74 32508
25 32644
81 32654
73 33044
84 33112
47 33143
81 33207
15 33319
48 33508
69 33532
72 33536
22 33615
71 33654
77 33660
87 33679
64 33691
28 33831
41 33874
21 33900
60 33946
30 33956
74 34094
90 34141
58 34266
16 34344
95 34353
5 34538
81 34566
16 34766
21 34769
34 34789
79 34824
66 34902
94 34938
49 35020
59 35171
24 35173
32 35221
61 35377
47 35466
64 35531
77 35549
77 35599
57 35615
31 35746
76 35755
37 35837
7 36158
23 36396
62 36667
97 36791
91 36892
84 37043
35 37056
39 37070
80 37082
40 37340
83 37450
83 37601
88 37645
95 37699
74 37796
99 37803
24 37805
55 37868
71 37948
49 38166
49 38210
91 38253
25 38281
81 38301
35 38336
84 38411
96 38506
90 38660
17 38892
11 39149
67 39193
13 39205
88 39504
90 39634
98 39666
86 39701
36 39808
87 39882
35 39915
98 39958
95 39959
75 40049
40 40090
86 40137
21 40437
84 40506
90 40518
49 40822
90 40914
85 40957
62 40959
8 41261
84 41346
66 41733
75 41930
24 41941
94 42013
12 42120
20 42238
55 42254
6 42280
34 42473
42 42507
95 42564
64 42602
78 42741
43 42773
76 42775
30 43043
38 43051
2 43107
33 43137
46 43259
96 43289
99 43374
11 43378
1 43473
7 43753
70 43828
72 43895
6 43924
62 44042
37 44110
68 44485
26 44802
4 45100
77 45338
59 45412
59 45524
78 45534
52 45564
81 46015
1 46187
32 46291
67 46350
4 46379
16 46551
71 46599
29 46601
10 47031
80 47118
35 47141
6 47758
8 48063
19 48239
68 48249
26 48274
21 48317
27 48327
52 48478
64 48518
5 48592
68 48598
93 48637
19 48685
16 48717
55 48731
21 48775
32 48790
20 48916
37 48936
60 49248
4 49746
5 50001
7 50108
9 50109
10 50389
88 50414
61 50455
21 50499
19 50517
40 50697
96 51060
34 51074
21 51237
48 51431
92 51481
10 51575
51 51657
16 51684
98 51879
54 52211
68 52267
87 52385
87 52415
71 52709
55 52777
76 53155
26 53181
52 53259
70 53342
76 53387
5 53507
72 53769
60 53782
81 53799
17 54126
62 54140
56 54196
49 54314
58 54433
78 54509
20 54549
48 54602
32 54638
12 54768
88 55162
3 55323
73 55330
91 55386
55 55390
94 55515
77 55558
95 55806
30 55852
17 55968
90 56043
4 56136
42 56175
30 56210
25 56244
25 56361
75 56467
52 57016
9 57025
99 57067
23 57095
38 57271
41 57640
59 57676
84 57727
93 57859
88 57971
63 57983
20 58092
21 58095
10 58183
11 58192
88 58201
26 58321
19 58389
20 58451
56 58627
89 58750
51 58872
13 59050
2 59160
32 59253
24 59502
65 59747
45 59764
86 59930
42 60061
13 60118
16 60131
83 60193
44 60258
70 60408
83 60489
6 60610
37 60666
33 60742
73 60763
79 60820
85 60947
46 61049
65 61208
79 61289
86 61304
48 61321
83 61593
23 61594
56 61662
87 61729
95 61833
65 61893
87 61935
3 61967
91 62012
16 62166
16 62241
17 62275
91 62313
68 62361
17 62450
13 62620
2 62673
70 62717
64 62831
22 62897
75 63004
68 63006
83 63041
69 63307
89 63358
28 63482
90 63671
73 63776
44 63849
35 63900
91 64005
78 64180
78 64202
33 64217
88 64321
49 64338
1 64532
88 64571
10 64618
63 64748
33 64933
15 64989
66 65279
13 65296
51 65384
79 65774
95 66139
48 66176
38 66320
68 66413
85 66473
5 66675
86 66735
56 66786
89 66973
1 66982
56 67090
19 67204
31 67238
7 67262
44 67309
24 67313
30 67378
88 67598
68 67718
47 67981
39 68089
83 68192
11 68269
6 68315
6 68371
24 68398
84 68402
37 68498
11 68613
23 68776
94 69033
34 69093
4 69193
42 69310
95 69332
67 69360
10 69400
71 69526
82 69597
85 69757
58 69878
85 69885
96 69919
70 69982
5 70017
56 70229
17 70367
21 70395
2 70460
40 70508
8 70525
31 70568
19 70861
57 71038
79 71195
83 71343
83 71403
29 71447
68 71458
11 71469
25 71719
58 71726
53 72326
66 72529
57 72566
60 72711
95 72898
19 72899
91 73000
5 73073
53 73364
9 73453
14 73628
79 73659
29 73984
69 74044
44 74274
31 74296
51 74454
5 74467
76 74540
43 74542
46 74663
39 74671
27 74751
92 74877
18 74914
87 74920
32 75242
66 75246
88 75470
40 75711
53 75762
80 75809
32 75928
54 76260
44 76272
95 76516
79 76579
48 76598
46 76619
87 76858
14 76976
76 77045
87 77335
30 77423
76 77425
58 77444
51 77489
3 77651
7 77694
8 77725
1 77808
10 78355
87 78494
49 78634
37 78648
85 78666
76 78729
38 78786
40 78834
10 78859
58 78938
84 79021
79 79144
76 79237
31 79357
59 79583
76 79665
76 79718
35 79754
94 79763
31 79781
80 80123
44 80147
95 80255
52 80327
34 80409
47 80492
91 80628
94 81178
52 81189
34 81223
19 81252
78 81288
69 81361
14 81380
61 81518
30 81537
70 81656
77 81688
22 81746
64 81781
87 81927
17 82298
36 82517
62 82518
38 82550
74 82612
90 82843
60 82909
71 83012
93 83024
25 83108
56 83119
4 83377
88 83380
19 83411
51 83427
10 83517
66 83731
66 83812
17 83866
34 84014
73 84198
83 84319
18 84349
48 84437
15 84544
99 84600
46 84728
14 85152
13 85170
23 85230
19 85394
95 85527
94 85528
67 85536
95 85803
69 85813
11 85826
36 85870
74 85894
33 85904
8 86046
68 86277
86 86298
86 86401
46 86452
65 86473
91 86619
9 86640
12 86677
70 86809
46 86852
32 87038
80 87086
27 87165
6 87213
12 87340
93 87403
20 87455
38 87476
70 87529
8 87703
45 87907
8 87919
92 88000
19 88031
59 88043
9 88146
66 88208
27 88225
39 88322
11 88428
79 88444
80 88540
34 88609
81 88655
2 88805
55 88846
19 89018
18 89172
30 89362
93 89373
13 89548
86 89553
67 89662
68 89701
37 89816
56 89932
71 89938
24 90005
58 90103
11 90238
57 90267
89 90317
48 90372
99 90449
20 90495
97 90725
42 90860
88 91161
29 91295
86 91395
31 91473
25 91512
50 91562
85 91796
62 91799
39 92173
80 92174
59 92407
35 92462
49 92661
9 92674
61 92715
36 92991
77 93069
17 93370
23 93438
67 93458
82 93465
57 93655
73 93673
81 93710
25 93756
98 93960
69 93980
85 93995
25 94053
75 94138
58 94227
17 94293
88 94299
45 94357
17 94358
70 94508
95 94605
47 94651
98 94667
54 94902
92 94909
12 95116
60 95154
69 95163
56 95271
28 95494
46 95600
30 95767
57 95775
72 95921
42 96161
76 96181
63 96262
36 96279
57 96399
24 96420
8 96466
77 96924
92 97130
16 97214
50 97446
34 97515
74 97541
95 97640
17 97675
94 97779
94 97819
40 97868
85 98060
50 98130
45 98425
76 98547
30 98562
49 98592
16 98660
30 98925
30 98993
67 99194
37 99270
6 99417
16 99631
87 99748
65 99788
80 99882
74
26 234
51 293
72 367
51 539
72 581
89 699
97 714
7 769
84 853
16 1027
39 1047
53 1107
28 1161
18 1237
73 1294
47 1313
91 1352
58 1497
33 1511
31 1528
67 1570
47 1695
46 1789
83 1853
27 1854
30 2105
95 2384
69 2524
4 2538
71 2699
6 2948
84 2950
93 3083
72 3091
46 3441
85 3483
46 3707
79 3748
61 3802
99 3834
13 3934
20 4173
43 4212
85 4380
55 4582
24 4739
25 4747
47 5001
78 5027
11 5069
91 5120
87 5150
58 5425
74 5518
45 5634
90 6164
79 6216
17 6571
8 6624
12 6766
80 6849
62 7049
49 7104
19 7143
11 7165
17 7198
14 7246
27 7344
20 7423
1 7529
68 7616
34 7774
53 7899
38 7904
62 8111
80 8252
36 8280
24 8297
95 8467
88 8684
80 8720
18 8733
57 8740
87 8861
28 9021
33 9035
31 9226
21 9287
85 9388
2 9398
47 9400
20 9641
19 9674
89 9706
14 9767
80 9964
61 10044
18 10126
82 10205
40 10312
89 10344
23 10383
36 10406
15 10473
37 10540
79 10558
99 10829
75 11016
73 11093
45 11158
84 11235
19 11245
90 11310
85 11330
73 11457
84 11625
3 11656
55 11669
70 11881
82 11962
65 12094
97 12101
3 12482
67 12567
99 12823
80 13031
66 13077
30 13184
7 13298
10 13345
50 13460
89 13641
39 13655
66 13874
6 14033
5 14068
29 14102
45 14103
92 14152
19 14194
27 14211
46 14212
40 14401
92 14493
18 14834
36 15037
30 15293
33 15438
40 15455
93 15558
17 15564
25 15594
29 15609
16 15650
63 15659
58 15744
11 16070
75 16219
17 16238
85 16239
68 16263
12 16271
38 16424
59 16542
3 16679
63 16747
10 16755
93 16791
85 16886
21 16905
53 16960
62 16982
14 17065
89 17444
95 17505
69 17604
98 17612
94 17705
97 17752
62 17830
62 17837
19 18014
50 18052
78 18161
47 18424
12 18436
5 18555
89 18609
83 18648
66 18761
1 18785
50 18826
77 18943
79 19144
38 19230
90 19246
79 19257
13 19357
77 19422
40 19425
4 19467
6 19608
61 19924
11 19928
55 19942
67 20223
22 20372
59 20553
3 20555
38 20663
32 20690
45 20735
84 20769
52 20914
59 20941
23 20975
75 21013
41 21200
25 21318
49 21435
64 21862
76 21972
78 22025
98 22037
9 22229
41 22388
31 22390
81 22841
60 22940
91 23274
80 23305
28 23346
95 23401
65 23412
56 23469
23 23583
32 23692
11 23739
40 23879
23 24157
54 24274
41 24319
66 24325
65 24430
75 24453
57 24734
2 24811
67 24877
88 24880
15 24972
46 25099
51 25142
43 25381
75 25472
29 25495
87 25524
41 25526
30 25664
76 26020
13 26209
10 26235
89 26362
89 26399
19 26606
57 26827
32 27078
43 27240
27 27390
23 27578
19 27582
77 27597
15 27691
7 27724
56 27922
30 28053
40 28128
9 28333
21 28424
40 28519
62 28793
30 28837
23 29222
40 29425
96 29468
2 29471
96 29518
6 29634
84 29652
54 29745
55 29896
30 30013
93 30054
35 30119
1 30281
64 30533
23 31092
93 31201
9 31235
97 31478
8 31493
27 31504
68 31580
98 31588
70 31643
27 31764
47 31835
99 31856
2 31860
72 31876
75 31988
19 32008
79 32253
3 32277
36 32302
8 32322
4 32358
24 32385
20 32604
52 32737
71 32749
73 32762
82 32796
25 32877
14 32959
14 33014
45 33054
43 33131
45 33209
73 33383
19 33400
77 33559
45 33609
95 33616
15 33725
68 33966
47 34144
64 34215
32 34340
83 34469
26 34602
75 34610
92 34672
64 34894
98 34898
8 34978
37 35171
35 35190
96 35195
48 35277
72 35307
89 35499
2 35564
86 35771
96 35775
25 35853
20 35952
91 35975
36 36122
58 36365
35 36502
36 36543
81 36586
42 36601
69 36647
41 36841
63 36869
35 36967
37 36997
63 37148
57 37149
45 37176
15 37312
77 37488
8 37680
94 37697
77 37699
33 37771
25 37786
87 37813
43 37820
73 37842
74 37934
27 38140
33 38249
56 38267
63 38282
32 38344
14 38356
54 38376
26 38672
25 38987
81 39234
7 39453
81 39483
78 39499
20 39522
33 39607
44 39761
25 39802
78 39907
98 40135
34 40164
39 40180
43 40182
76 40342
26 40528
29 40724
83 40735
2 40834
55 41019
14 41031
43 41078
84 41211
53 41395
82 41450
43 41483
19 41621
34 41813
24 41825
62 41838
61 42052
85 42271
14 42323
88 42527
44 42590
37 42594
16 42656
31 42710
43 43180
26 43232
13 43329
78 43371
29 43383
30 43421
4 43548
21 43799
94 43801
94 43821
91 43829
30 43999
22 44039
19 44063
40 44129
15 44493
81 44571
51 44580
89 44715
7 44806
54 44922
57 45068
78 45120
13 45354
56 45540
11 45712
42 45797
43 45891
71 45916
24 45938
98 46049
55 46066
21 46108
36 46135
51 46174
28 46202
72 46356
64 46396
61 46440
73 46494
65 46562
85 46658
84 46730
24 46819
7 46903
87 46974
1 47014
24 47052
4 47080
16 47231
37 47266
76 47285
32 47294
65 47380
27 47451
70 47465
43 47553
51 47578
8 47636
21 47710
27 47711
42 47715
51 47775
49 47829
55 47899
23 48037
83 48084
42 48089
23 48302
55 48436
44 48482
49 48586
12 49184
91 49424
71 49429
28 49464
8 49526
12 49602
29 50113
83 50134
8 50305
28 50337
80 50347
3 50388
55 50405
55 50424
94 50625
74 50659
72 50671
24 50741
25 50755
72 51003
42 51239
89 51355
64 51470
59 51523
38 51610
63 51614
28 51706
49 51903
96 51975
12 51986
26 52068
60 52088
22 52107
34 52337
50 52362
61 52470
9 52507
31 52543
77 52720
51 52895
80 53037
63 53653
57 53681
97 53687
50 53761
85 53859
79 53906
80 53945
19 54030
68 54073
36 54096
55 54237
98 54319
73 54592
63 54619
17 54633
84 54795
69 54855
65 55309
30 55593
52 55695
45 55719
69 55843
32 55930
40 56095
41 56423
68 56491
53 56561
67 56763
21 56878
77 56995
37 57061
23 57066
92 57069
56 57112
94 57362
13 57540
57 57580
33 57726
79 57731
99 57817
9 57826
16 57935
85 58034
1 58199
93 58221
64 58265
5 58336
20 58351
40 58453
45 58464
61 58680
48 58684
38 58740
5 58928
94 59033
99 59059
40 59181
39 59307
16 59313
43 59550
28 59641
35 59689
78 59702
39 59851
21 59911
34 59978
35 59984
1 59999
28 60004
34 60072
20 60145
52 60170
96 60263
95 60314
44 60434
35 60511
58 60533
31 60648
66 60746
51 60817
1 60913
33 61020
96 61111
75 61206
63 61770
57 61969
94 62025
21 62038
7 62362
99 62635
92 62695
12 62716
64 62725
18 62896
99 63043
77 63179
98 63380
1 63385
51 63512
8 63641
14 63666
72 63814
19 63840
18 63933
26 63973
93 64356
8 64481
15 64487
61 64928
72 64973
51 64977
10 64991
91 65135
40 65424
19 65636
2 65987
78 66145
13 66158
56 66283
71 66473
88 66495
59 66534
95 66603
1 66615
51 66760
12 66860
54 66975
89 66998
87 67040
98 67244
51 67306
38 67336
97 67471
12 67493
47 67527
47 67544
51 67601
69 67669
69 67827
5 68162
52 68331
96 68380
14 68387
83 68413
58 68423
95 68643
36 68724
91 68751
31 68873
17 68879
63 68962
82 69050
34 69063
68 69071
67 69119
67 69569
74 69570
59 69653
14 69680
60 69738
20 69890
12 70123
41 70132
36 70203
48 70337
8 70365
89 70473
35 70495
24 70703
63 70905
7 71058
65 71220
69 71419
14 71699
36 71908
71 72063
20 72143
23 72151
14 72284
33 72351
64 72544
12 72628
57 72713
4 72919
71 72942
8 73009
77 73092
98 73133
71 73216
6 73227
85 73446
36 73518
49 73543
51 73595
7 73745
53 73855
63 73879
89 73897
71 73932
73 74123
82 74181
18 74189
19 74247
73 74260
55 74264
15 74574
56 74581
19 74654
89 74916
17 74920
57 75442
85 75554
40 75644
28 75649
71 75863
61 76016
38 76053
6 76109
80 76113
69 76321
95 76347
21 76457
3 76575
17 76771
77 76789
34 76991
7 77063
87 77068
90 77420
52 77750
87 77828
15 77857
8 77903
61 77932
13 77996
36 78058
7 78225
99 78728
3 78760
58 78766
22 79051
79 79165
25 79328
79 79366
45 79377
40 79581
38 79698
51 79926
59 80046
21 80048
12 80159
89 80170
72 80292
98 80370
66 80420
72 80589
64 80655
27 80681
52 80794
56 80872
84 80922
90 81034
18 81143
15 81230
38 81568
97 81932
91 81998
24 82042
63 82049
53 82110
21 82208
67 82269
31 82434
19 82484
20 82496
18 82835
18 82900
31 82925
72 83014
74 83022
12 83054
88 83060
91 83076
13 83126
31 83151
30 83168
40 83197
85 83316
25 83437
12 83569
14 83674
26 83677
12 83848
92 83860
41 83925
8 83933
35 84104
99 84198
80 84235
59 84445
86 84567
27 85406
44 85672
49 85723
54 85928
45 85985
5 86022
78 86124
75 86139
40 86281
35 86443
16 86631
3 86728
24 86733
27 86870
97 86932
3 86989
83 87079
5 87163
21 87199
14 87250
68 87271
53 87348
60 87394
19 87464
15 87630
23 87721
71 87952
89 87975
46 88010
50 88070
85 88081
86 88189
6 88266
66 88333
45 88488
53 88580
77 88652
78 88655
94 88773
90 88826
85 88829
38 88923
23 88931
43 89027
17 89114
47 89157
81 89270
87 89310
50 89588
68 89646
64 89702
49 89806
25 89831
32 90007
12 90011
88 90034
88 90123
25 90314
89 90320
81 90334
23 90391
5 90411
97 90489
67 90545
28 90682
80 90725
67 90747
29 91063
12 91128
85 91291
15 91489
7 91539
15 91936
92 91955
39 92131
7 92189
52 92305
63 93009
64 93056
53 93175
8 93193
59 93304
35 93307
78 93387
79 93441
72 93451
22 93795
12 93823
90 93892
78 93990
95 93997
60 94029
12 94102
31 94205
36 94258
20 94267
56 94278
78 94463
15 94489
9 94502
37 94553
9 94693
60 94715
11 94809
32 94973
44 95007
88 95247
29 95527
31 95547
67 95580
64 95685
94 95794
78 95835
78 95967
4 96192
62 96308
94 96372
2 96436
1 96547
14 96964
23 97050
69 97132
22 97332
39 97362
75 97379
82 97442
60 97502
42 97805
37 97896
93 97924
36 98002
49 98040
15 98102
78 98144
62 98234
55 98293
12 98351
22 98457
36 98470
55 98601
79 98612
11 98621
8 98876
58 99128
70 99176
32 99257
86 99335
80 99359
81 99386
89 99521
75 99567
32 99635
50 99647
43 99812
40 99820
16 99902
46 99993
95
