1000 1000
5 70
91 180
90 354
89 395
60 444
86 523
49 558
58 571
62 621
74 635
22 641
38 673
29 797
30 822
5 860
43 1017
97 1202
28 1229
57 1344
4 1362
29 1430
80 1483
2 1581
89 1633
28 1780
92 1796
14 1855
25 1867
44 1894
42 2002
30 2021
98 2093
50 2173
80 2479
2 2569
68 2603
10 2646
62 2705
26 2824
19 2869
54 2872
68 2887
68 3080
99 3083
28 3118
30 3277
15 3470
43 3493
16 3563
83 3616
51 3696
83 3761
29 3845
29 3980
6 3997
40 4212
65 4346
40 4361
54 4566
9 4570
60 4591
55 4646
5 4657
49 4663
12 4768
44 4875
14 4955
17 5020
99 5338
42 5455
53 5683
64 5782
47 5909
80 6121
93 6154
4 6227
12 6325
27 6558
85 6578
5 6784
65 6814
20 7296
22 7429
28 7656
57 7770
38 7909
73 7996
16 8028
30 8034
2 8164
40 8204
61 8275
41 8294
40 8328
97 8426
69 8439
2 8774
43 8799
73 9065
56 9071
16 9107
87 9257
86 9345
80 9443
74 9696
55 9877
91 10072
45 10108
25 10138
73 10147
66 10152
86 10166
74 10260
46 10284
99 10387
11 10549
23 10641
87 10709
93 10799
82 10808
74 10920
70 10936
13 10957
38 10979
17 11037
14 11182
22 11236
84 11296
55 11332
81 11390
5 11397
84 11435
94 11506
24 11511
99 11551
64 11597
20 11706
41 11719
81 12007
94 12047
63 12304
59 12407
71 12617
94 12833
66 12860
43 13029
64 13173
55 13363
94 13425
5 13462
31 13605
71 13609
9 13629
61 13665
63 13691
14 13705
61 13900
83 13904
5 13914
39 14055
62 14366
35 14514
1 14541
9 14571
17 14864
53 14914
86 14930
4 14959
64 15203
11 15334
21 15401
64 15502
91 15706
15 15768
82 15815
87 15819
78 15942
60 15967
85 16136
83 16317
88 16332
76 16382
76 16439
57 16802
56 16923
47 16956
11 17405
72 17411
73 17517
42 17747
59 18128
91 18155
14 18272
51 18359
35 18531
73 18627
38 18642
57 18703
56 18785
37 18913
68 19012
30 19052
28 19291
84 19312
72 19318
91 19488
71 19494
67 19582
64 19638
75 19896
20 19931
77 20085
45 20156
29 20310
93 20531
7 20592
89 20664
51 20716
67 21154
18 21206
34 21435
25 21552
97 21660
71 22413
46 22418
19 22530
10 22782
60 22827
56 23022
65 23205
51 23293
84 23376
44 23552
66 23575
46 24218
80 24232
87 24244
90 24306
50 24325
27 24503
55 24533
26 24662
58 24677
36 24718
92 24792
35 24918
60 25115
45 25175
29 25210
8 25380
25 25482
51 25607
49 25650
53 25701
99 26052
39 26145
40 26241
90 26256
6 26405
32 26473
43 26480
21 26737
18 26832
19 26938
22 27008
84 27072
41 27209
51 27230
45 27240
46 27264
56 27342
94 27362
62 27609
16 27764
63 27793
28 27794
48 27925
50 27935
22 27965
82 28035
50 28089
53 28171
94 28195
10 28225
96 28365
52 28386
24 28415
13 28427
16 28450
76 28541
66 28552
58 28656
20 28672
26 28785
45 28801
71 28843
85 29005
3 29031
66 29068
15 29119
97 29203
93 29217
20 29225
50 29496
31 29574
19 29770
92 29876
59 29897
72 30008
31 30016
66 30022
10 30090
62 30391
76 30392
24 30419
62 30439
36 30562
56 30567
75 30794
24 30803
30 30892
17 31026
41 31031
8 31079
92 31279
61 31458
98 31581
90 31679
96 31715
85 31774
13 31781
31 31986
30 32012
6 32020
32 32036
87 32140
39 32178
51 32375
88 32416
60 32423
90 32505
22 32640
9 32757
14 32773
69 32828
95 32849
1 32908
16 33320
98 33345
12 33352
56 33533
30 33929
83 34139
73 34463
67 34802
91 34930
89 35010
41 35106
61 35435
12 35465
68 35505
32 35585
72 35599
60 35922
86 35970
42 36101
85 36397
39 36404
28 36453
72 36499
32 36788
64 36898
40 37160
79 37328
1 37343
18 37355
60 37378
50 37485
82 37521
5 37541
75 37556
80 37592
7 37634
31 37641
15 37717
21 37736
45 37771
96 37819
13 38077
9 38095
41 38122
71 38302
50 38492
95 38520
76 38611
13 38726
90 38791
70 38846
92 38898
1 38973
39 39263
30 39346
38 39357
62 39380
2 39478
54 39501
24 39503
7 40048
97 40282
82 40292
28 40297
75 40467
65 40479
42 40754
50 41398
83 41439
74 41458
76 41494
18 41864
94 41949
9 42146
36 42231
26 42465
43 42599
52 42671
18 42690
4 42806
55 42920
51 42937
74 42993
42 43064
31 43113
87 43192
87 43597
23 43636
65 43686
43 43819
66 43910
23 44059
32 44070
39 44204
30 44244
69 44321
94 44326
58 44327
29 44448
24 44459
34 44490
77 44504
15 44725
74 44743
95 44956
6 44974
47 45044
88 45082
39 45194
30 45356
87 45445
39 45512
27 45549
79 45690
76 45693
43 45858
47 45877
71 45881
77 46101
98 46156
19 46455
30 46500
25 46522
2 46547
38 46631
53 46661
90 46720
65 46894
23 47170
22 47236
81 47411
3 47476
72 47556
46 48051
82 48084
73 48101
24 48140
79 48142
1 48145
23 48546
4 48580
21 48630
2 48649
75 48688
80 48725
84 48784
45 48789
19 48824
8 49001
18 49059
61 49111
70 49266
87 49394
26 49510
29 49589
63 49624
14 49696
46 49698
42 49727
47 49844
5 49941
17 50019
69 50062
88 50106
65 50207
82 50307
64 50354
38 50358
60 50551
40 50700
26 50772
47 50877
97 51034
15 51049
78 51143
73 51182
23 51314
4 51408
40 51597
37 51704
57 51788
31 52191
3 52245
38 52369
51 52834
95 52971
5 53102
18 53144
45 53212
62 53295
36 53363
90 53707
49 53723
85 53875
79 53893
78 54056
27 54075
67 54089
81 54318
81 54531
66 54729
29 54771
69 55042
41 55166
32 55260
52 55417
52 56042
71 56054
40 56327
81 56361
87 56402
7 56444
91 56460
69 56526
16 56778
97 56799
19 56888
98 56925
92 56967
49 57084
36 57113
84 57114
44 57246
50 57350
27 57395
48 57397
61 57491
18 57497
84 57718
26 57767
36 57872
57 58001
88 58103
69 58117
20 58125
12 58290
78 58387
78 58480
82 58495
47 58616
23 58640
10 58905
66 58947
77 59061
28 59198
56 59229
79 59264
75 59439
76 59519
81 59774
33 59960
34 59961
63 60025
10 60069
68 60187
95 60275
13 60318
24 60549
31 60613
24 60692
3 60772
60 60879
83 60918
56 61008
87 61010
65 61053
82 61098
47 61132
22 61187
71 61198
61 61206
79 61302
71 61593
58 61597
89 61618
86 61640
17 61756
6 61775
19 62113
33 62181
20 62364
96 62406
51 62520
66 62535
42 62658
16 62756
40 62872
96 62894
68 62913
10 62964
58 63098
46 63226
79 63425
88 63463
96 63690
60 63712
54 63770
5 63806
20 63810
84 63864
65 63905
19 63966
31 64034
79 64090
39 64123
52 64254
58 64312
25 64318
94 64524
32 64963
85 64968
94 64987
52 65173
73 65182
44 65363
31 65634
5 66116
84 66214
47 66243
89 66315
77 66373
69 66625
53 66682
12 66816
37 66984
75 67118
48 67221
17 67223
47 67309
71 67392
76 67404
72 67666
63 67852
92 67969
40 68027
49 68048
51 68088
12 68207
79 68506
33 68533
38 68537
32 68603
42 68614
51 68632
27 68638
1 68682
71 68685
38 68759
53 68779
80 68837
54 68842
57 69016
54 69027
49 69050
15 69399
69 69492
36 69765
82 69792
75 69798
83 69821
42 69847
63 69942
6 69962
5 70030
46 70137
15 70201
21 70231
91 70567
45 70643
68 70958
76 71055
10 71153
46 71382
91 71409
11 71624
37 71661
24 71814
35 71857
28 71898
72 71954
8 71980
28 71996
74 72046
77 72156
39 72172
92 72290
88 72400
2 72440
44 72449
59 72509
5 72732
76 72820
92 72848
56 72930
90 73004
11 73061
96 73068
60 73193
17 73217
47 73374
41 73545
18 73631
69 73943
75 73952
6 73998
20 74000
55 74161
55 74231
27 74391
18 74675
85 74732
3 75034
64 75143
52 75312
74 75483
37 75572
69 75586
63 75730
15 75780
24 75843
11 75900
45 75951
21 76060
47 76121
59 76128
8 76132
22 76164
25 76181
98 76211
57 76250
5 76371
14 76483
63 76560
3 76609
96 76619
73 76815
78 76895
27 77013
59 77066
76 77320
28 77503
47 77644
35 77797
51 78051
98 78071
89 78340
97 78632
35 78749
96 78810
75 78844
32 78859
95 79067
58 79069
78 79198
36 79274
56 79421
23 79693
36 79718
9 79766
64 79840
61 79924
24 80028
80 80030
9 80142
30 80394
5 80545
87 80598
77 80662
84 80706
16 80728
47 80802
14 80808
17 80905
85 80977
14 81092
7 81271
50 81282
45 81347
34 81364
60 81383
58 81538
5 81543
44 81764
33 81896
8 81990
89 82363
90 82412
26 82595
92 82636
68 82665
52 82830
21 82898
68 82913
57 82979
34 83138
52 83140
74 83234
4 83259
8 83260
33 83324
56 83432
53 83462
8 83466
92 83840
88 83952
6 83992
34 84069
88 84190
35 84346
75 84509
40 84542
54 84603
34 84713
18 84795
21 84952
61 85494
52 85547
18 85555
53 85615
48 85628
67 85735
53 85757
56 85817
45 85894
10 85896
99 85917
8 86022
13 86086
40 86352
89 86359
54 86610
15 86673
57 87307
70 87467
56 87482
3 87568
58 87584
12 87617
20 87680
3 87890
88 87927
31 87961
34 87966
51 87988
62 88268
53 88308
36 88355
79 88357
65 88434
81 88582
23 88639
69 88726
6 88735
26 88762
31 88945
63 89032
88 89045
64 89077
46 89264
77 89353
20 89368
69 89410
96 89673
47 89727
91 89967
91 90250
79 90323
89 90324
60 90328
52 90339
70 90397
74 90406
22 90464
20 90480
70 90575
3 90912
60 90935
59 91154
8 91181
24 91278
23 91305
10 91495
76 91666
99 91695
56 91755
85 91765
24 91931
50 92026
1 92078
71 92081
75 92173
29 92350
29 92659
44 92740
28 92893
64 92894
2 93174
76 93342
8 93345
27 93735
31 93739
75 93884
37 93966
61 93987
8 93998
24 94200
78 94410
75 94446
30 94554
32 94602
68 94721
14 95227
65 95279
79 95286
98 95542
72 95566
37 95750
72 95916
89 96018
31 96020
66 96094
45 96445
73 96773
25 96806
76 96919
87 96922
1 96976
58 96978
1 97136
6 97224
68 97236
44 97332
7 97442
66 97832
24 97934
71 97981
92 98111
86 98425
39 98504
92 98552
13 98619
2 98911
28 99051
82 99278
30 99338
1 99435
51 99436
77 99509
92 99520
72 99565
46 99706
85 99895
10
46 80
65 160
30 194
30 243
43 330
11 363
47 414
80 561
40 630
37 807
35 871
19 880
53 1018
81 1151
1 1274
72 1285
97 1286
15 1353
1 1358
80 1496
96 1576
20 1580
54 1592
24 1726
16 1751
14 1775
63 2120
57 2124
28 2166
31 2338
28 2415
12 2426
68 2633
39 2763
8 2779
82 2803
23 2903
43 3049
81 3226
41 3475
32 3556
33 3687
31 3723
76 3769
54 4190
87 4193
29 4199
25 4551
7 4582
32 4605
91 4692
19 4695
72 4727
38 4797
23 4831
86 4846
44 4985
93 5071
1 5116
66 5121
32 5273
64 5358
86 5380
45 5413
7 5562
27 5576
52 5663
12 5703
5 5771
44 5793
80 5816
32 5995
6 6035
23 6258
47 6348
56 6481
57 6621
85 6631
19 6641
70 6810
29 6834
4 6861
35 6885
76 6972
67 7012
10 7093
55 7273
21 7349
82 7397
88 7429
18 7452
67 7523
6 7543
13 7552
33 7626
68 7726
51 7781
27 7897
33 8068
3 8159
73 8186
28 8233
26 8239
85 8240
49 8255
83 8289
7 8527
16 8653
57 8750
87 8784
30 8847
64 9073
64 9117
33 9198
60 9235
34 9311
46 9418
53 9441
2 9460
45 9597
47 9703
23 9750
51 9784
55 9791
87 9860
40 9869
65 9901
73 9977
12 10167
58 10192
88 10213
60 10231
46 10321
37 10335
31 10338
48 10584
45 10862
86 10876
35 11040
23 11102
75 11132
57 11180
64 11270
41 11282
6 11319
37 11482
87 11486
66 11572
98 11761
31 11904
86 12060
16 12253
48 12282
27 12511
66 12569
10 12883
47 13002
76 13061
70 13132
10 13134
58 13214
16 13421
42 13477
85 13687
66 13787
18 13974
20 14116
64 14374
52 14408
49 14424
97 14454
8 14460
88 14471
50 14481
53 14570
6 14578
29 14694
82 14927
76 14950
93 14963
85 15040
76 15093
48 15141
5 15357
3 15433
72 15665
34 15669
98 15752
78 15947
69 16037
58 16211
55 16288
73 16302
5 16336
5 16349
34 16425
97 16516
13 17088
90 17202
59 17219
73 17273
88 17590
1 17654
18 17696
17 17803
16 18010
79 18428
73 18440
23 18447
16 18448
17 18535
32 18589
38 18756
60 18800
98 18932
24 19018
4 19066
62 19101
74 19149
42 19223
36 19244
69 19339
83 19348
35 19389
10 19551
75 19554
65 19704
79 19732
53 19962
97 19991
40 20086
87 20091
13 20195
48 20216
68 20363
83 20659
82 20715
36 20722
11 20755
61 20986
74 21222
8 21686
49 21741
26 21751
4 21778
15 21819
73 21860
49 21862
9 21875
16 21926
88 22026
59 22128
57 22137
4 22220
60 22452
27 22455
17 22524
4 22525
45 22534
20 22710
58 22750
44 23087
12 23199
95 23315
44 23333
59 23574
78 23940
23 23951
87 23999
30 24097
16 24107
95 24204
66 24263
95 24270
6 24344
53 24362
6 24499
77 24506
91 24617
54 24698
29 24908
26 25082
70 25136
64 25233
22 25296
41 25341
52 25429
31 25686
66 25696
96 25714
20 25830
96 25853
18 25863
3 25889
15 25929
15 26006
22 26076
16 26381
26 26673
8 26703
33 26839
51 26866
75 27039
54 27193
90 27258
12 27305
32 27429
50 27498
74 27582
2 27840
48 27869
7 27953
68 28202
19 28284
11 28354
59 28386
59 28404
71 28506
63 28855
17 29008
74 29037
53 29257
49 29508
55 30375
77 30417
76 30739
65 30754
67 30792
38 30929
26 31008
8 31024
92 31113
51 31149
40 31173
11 31198
25 31380
88 31427
68 31439
97 31617
38 31786
22 31859
12 32127
1 32236
88 32452
61 32512
94 32747
45 32799
10 32878
53 32950
78 33100
39 33128
5 33197
16 33254
18 33284
53 33285
53 33764
77 33851
70 33893
32 33932
57 34000
96 34128
62 34242
2 34266
70 34668
91 34696
17 34704
38 34884
24 35090
79 35136
1 35159
49 35204
79 35556
56 35685
94 35939
61 36116
75 36298
44 36324
60 36409
70 36433
11 36496
26 36509
31 36844
62 36885
31 37217
68 37233
7 37404
82 37421
82 37458
3 37495
47 37659
40 37752
47 37940
72 38045
58 38067
77 38177
29 38184
85 38195
90 38368
58 38564
72 38619
32 38746
95 38984
43 39066
54 39176
22 39183
6 39323
62 39493
19 39533
73 39634
78 39664
71 39702
56 39706
60 39780
4 40039
8 40100
10 40135
43 40321
56 40329
85 40338
13 40350
46 40379
28 40651
93 40692
19 40818
81 40820
60 40829
19 41127
70 41420
87 41692
62 41732
51 41813
35 41818
93 41947
98 41962
67 42018
3 42033
50 42034
7 42184
37 42367
92 42405
76 42439
18 42718
47 42753
19 42797
10 42896
66 43031
84 43094
42 43181
14 43304
4 43330
20 43466
15 43532
84 43644
56 43795
17 43892
92 44205
84 44340
46 44593
11 44601
58 44603
78 44935
93 45283
51 45326
63 45377
63 45407
71 45457
40 45529
84 45590
62 45711
19 45742
9 45928
60 46070
62 46107
87 46306
95 46348
90 46487
1 46580
16 46928
58 46935
13 47254
23 47283
94 47406
79 47434
6 47467
11 47572
58 47949
52 47972
6 47985
39 48005
39 48044
93 48046
56 48049
48 48180
32 48252
80 48446
46 48503
22 48568
34 48645
96 48840
80 49001
6 49288
46 49421
44 49493
55 49494
29 49634
62 49827
55 49830
15 49837
17 49889
44 49936
37 50559
82 50658
35 50788
6 50876
76 50991
99 51195
25 51227
7 51299
21 51313
73 51550
6 51572
74 51576
94 51590
80 51779
91 51959
94 51967
96 52453
12 52479
92 52480
55 52594
11 52783
2 52784
47 52809
40 52820
75 52832
70 52848
32 52898
89 52933
52 53094
83 53130
66 53299
27 53349
16 53720
62 53728
70 53831
79 54058
93 54079
70 54083
74 54166
13 54172
27 54227
84 54495
26 54556
37 54612
8 54654
77 54911
86 54973
82 54993
6 55233
50 55420
99 55630
44 55650
13 55805
39 55941
10 55960
56 56017
19 56054
46 56173
95 56262
48 56265
48 56323
92 56423
18 56439
46 56451
10 56580
70 56774
5 56948
35 57016
71 57040
88 57255
17 57277
28 57570
19 57741
69 57767
93 57788
7 57845
57 57884
51 58176
81 58198
36 58260
41 58507
79 58567
35 58580
50 59162
52 59244
33 59304
41 59340
64 59362
78 59416
8 59450
97 59482
70 59531
1 59553
14 59579
24 59794
77 59888
23 59889
38 60021
78 60341
40 60495
88 60673
50 60731
92 60770
58 60777
67 60789
45 60936
9 61029
4 61043
14 61076
14 61275
29 61342
52 61361
49 61598
92 61676
72 61692
58 61938
5 62192
73 62200
31 62269
12 62282
30 62364
67 62432
20 62598
6 63607
9 63636
32 63652
56 63663
49 63706
83 63816
84 63911
77 63962
34 64658
18 64962
42 65017
76 65278
81 65311
49 65348
7 65426
73 65442
34 65485
18 65527
6 65677
26 65742
5 65842
67 65988
21 66000
19 66085
46 66334
28 66356
38 66406
56 66437
83 66449
68 66506
50 66555
6 66615
27 66651
43 66727
80 66870
36 66994
68 67098
63 67099
96 67109
1 67178
63 67313
90 67521
21 67723
31 67738
40 67854
97 67959
38 68119
15 68202
60 68220
52 68248
60 68254
67 68283
42 68338
75 68412
93 68843
62 68928
75 69152
60 69164
56 69174
37 69475
20 69687
74 69767
28 70178
99 70547
75 70630
61 70895
9 71195
17 71235
62 71501
24 71511
20 71563
92 71633
98 71637
71 71668
81 71736
87 71737
74 71862
88 71989
56 72000
99 72391
1 72397
67 72411
72 72518
66 72522
38 72578
6 72593
37 72775
75 72811
81 73169
44 73197
72 73288
4 73521
75 73632
45 73640
90 73678
97 73919
13 73971
5 74011
48 74059
49 74247
24 74293
90 74506
99 74547
3 74638
52 74794
42 74917
86 74918
10 74934
78 75198
53 75233
90 75246
59 75410
53 75426
51 75523
74 75540
97 75603
36 75650
81 75933
16 75965
69 75977
53 75989
8 76069
8 76076
10 76297
98 76425
14 76436
8 76519
73 76670
98 76683
26 76748
79 76784
56 76815
87 76912
54 77076
35 77413
22 77433
74 77516
48 77576
38 77596
28 77713
53 77779
67 77819
85 77883
42 77904
26 78133
46 78165
46 78294
2 78345
12 78520
3 78690
24 78948
91 78972
66 79014
90 79102
13 79166
51 79256
45 79292
79 79468
81 79651
1 79758
77 79861
98 79904
30 80028
38 80091
73 80410
12 80442
82 80666
99 80888
96 80891
37 80952
86 81113
84 81132
18 81135
35 81328
69 81423
41 81448
4 81489
7 81866
93 81873
43 81917
66 82008
95 82070
81 82094
25 82122
20 82219
40 82313
7 82350
48 82442
50 82496
33 82579
44 82632
8 82706
15 82739
77 82845
11 82907
14 82924
66 82988
25 83020
63 83030
98 83311
37 83606
30 83877
83 83890
9 83933
86 84049
90 84365
63 84392
31 84471
85 84504
47 84667
28 84698
25 84804
42 84936
70 85095
60 85164
24 85364
95 85372
33 85376
77 85554
46 85603
44 85616
52 86041
82 86098
60 86239
60 86255
39 86269
7 86474
73 86516
74 86562
11 86737
94 86781
37 86799
84 86865
8 86946
24 86965
71 87005
92 87024
34 87140
49 87355
76 87485
31 87512
29 88069
5 88133
93 88161
21 88322
34 88361
8 88450
46 88593
27 88627
50 88656
54 88713
82 88817
83 88837
50 88937
69 88981
57 89191
98 89195
6 89227
54 89307
32 89669
48 89905
36 89971
72 90103
16 90189
54 90279
34 90300
17 90490
91 90501
40 90549
18 90616
72 90637
3 90692
20 91015
89 91172
12 91212
70 91360
90 91412
64 91446
10 91484
34 91666
79 91670
33 91843
39 91883
97 91958
73 92333
72 92356
29 92552
54 92677
23 92694
82 92709
46 92753
78 92781
65 92783
89 92812
15 92914
68 93001
72 93186
14 93233
24 93296
34 93472
71 93546
64 93575
23 93669
7 93783
41 94008
81 94047
16 94066
15 94248
31 94261
95 94540
24 94648
49 94649
2 94682
75 94788
34 94791
39 94913
2 95181
76 95293
84 95354
87 95451
27 95471
16 95543
16 95573
98 95577
37 95578
91 95587
88 95647
98 95702
60 95868
11 95876
57 96041
31 96072
92 96188
86 96305
39 96320
23 96329
30 96453
29 96583
24 96871
20 96972
3 97012
89 97176
73 97364
5 97409
34 97484
63 97642
19 98175
60 98520
17 98533
40 98552
1 98687
18 98703
91 98807
80 98972
62 99086
39 99155
14 99157
38 99279
74 99281
83 99508
70 99556
85 99681
21 99708
3 99836
33 99925
45 99978
38
