0.000000000000000
1589.378378378378557
1992.546874999999773
2262.096153846153811
2298.032258064516100
5859.929824561405439
8064.349397590360240
8420.923076923078042
8511.220779220777331
9338.608108108108354
9553.312500000000000
10994.909090909102815
69145.602409638595418
69986.853658536492730
70616.436363636428723
71106.575342465715948
79331.628571428605937
79440.507936507900013
84460.750000000683940
84499.151515151432250
84562.979166666715173
87405.196078431312344
96953.458333333415794
97691.542372881303891
97979.100000000311411
98345.397849462329759
99251.555555555620231
99273.818181818074663
99279.916666666773381
100002.733333333279006
