0
0
0
0
1
1
2
2
4
4
4
6
6
6
10
11
14
15
17
17
19
22
23
25
26
26
27
28
29
35
35
36
38
42
44
45
53
53
54
54
54
58
58
58
60
61
61
62
67
71
73
74
74
74
74
75
75
75
77
78
80
82
82
84
86
86
86
86
90
90
92
97
99
102
102
102
102
104
106
106
107
107
107
107
107
107
108
108
109
109
109
110
112
113
113
115
116
116
117
120
120
121
121
121
121
121
125
125
125
126
129
131
132
132
134
134
135
136
140
140
142
145
146
147
147
147
150
150
155
155
155
155
159
162
162
162
166
167
167
167
168
169
170
172
175
180
180
183
183
184
184
187
188
188
188
189
189
189
189
191
193
195
195
196
197
198
199
199
200
204
204
206
206
206
207
209
211
213
213
213
215
215
215
215
216
217
217
217
217
221
221
223
226
227
227
229
229
230
231
231
233
234
236
236
236
238
238
240
240
241
241
245
248
248
248
248
248
250
251
252
252
252
253
254
254
255
258
258
260
260
261
262
262
262
262
262
264
264
264
265
265
267
268
268
268
268
269
270
271
273
275
280
280
281
281
286
286
286
286
291
291
291
294
294
295
296
296
297
302
302
302
302
303
303
303
303
303
305
305
305
305
305
307
307
307
307
307
307
307
308
310
310
310
312
312
314
315
315
316
318
318
318
319
327
327
329
331
331
332
333
335
337
337
338
339
339
339
342
344
344
345
345
346
346
347
347
348
348
348
348
348
348
348
348
350
350
350
350
351
352
352
355
355
356
356
357
357
358
358
360
360
360
363
363
365
366
366
368
368
372
372
372
372
372
375
377
380
380
382
382
384
385
387
388
389
393
393
393
395
396
396
398
399
399
399
399
399
399
399
402
402
402
403
403
403
403
405
405
405
405
406
406
414
416
419
421
422
422
422
422
424
425
425
429
429
429
429
430
430
432
432
437
437
437
437
441
442
442
442
442
442
442
442
442
442
442
446
446
446
446
446
447
447
450
452
452
452
454
460
460
460
460
463
465
466
469
469
470
470
470
472
477
477
482
482
483
483
485
485
485
485
485
485
485
485
488
491
492
492
492
494
494
496
496
497
505
505
506
510
512
512
512
512
512
512
512
516
516
516
517
517
517
517
518
518
521
521
521
521
522
523
523
523
523
524
526
528
529
531
531
533
535
536
536
537
537
541
545
545
545
546
546
547
547
547
547
548
551
551
551
551
552
553
554
554
554
554
556
556
556
556
556
556
558
559
562
562
563
563
567
567
567
567
568
570
570
570
572
572
572
575
575
576
578
578
579
579
583
586
594
594
594
595
595
594
594
593
594
594
594
594
595
595
596
597
598
598
603
603
604
611
611
611
613
613
614
616
616
624
624
624
625
625
625
625
625
625
629
629
629
632
632
632
632
634
634
634
636
636
639
641
646
646
646
648
648
650
652
652
652
653
656
657
657
660
664
664
666
667
667
667
667
667
668
668
670
670
671
671
671
671
671
673
673
675
676
676
677
677
678
678
681
681
681
682
682
682
682
683
684
685
685
685
685
686
686
688
688
688
688
688
690
691
692
693
693
693
693
693
693
694
694
698
700
700
700
703
707
707
709
710
710
712
712
712
712
712
713
715
715
715
717
718
719
721
721
721
721
722
722
727
728
728
729
729
730
730
735
735
735
735
735
738
739
741
744
745
745
745
745
746
746
746
746
746
746
748
750
750
752
752
753
753
754
754
756
756
756
760
760
761
762
764
764
769
782
782
783
784
786
793
795
795
795
795
795
796
796
797
797
797
800
801
801
801
803
803
807
807
807
807
811
811
812
812
813
812
812
812
813
813
814
819
819
819
819
820
822
822
826
826
828
828
828
828
829
829
829
833
834
835
835
835
836
836
838
839
842
843
846
846
847
848
848
848
850
859
860
860
860
860
860
860
861
861
861
861
861
863
864
864
865
865
865
865
865
865
865
865
865
866
866
867
869
871
872
874
874
874
874
876
877
878
878
878
879
880
880
882
882
886
887
887
889
890
890
890
891
891
891
891
892
893
894
905
906
906
906
907
907
907
908
911
911
911
912
914
914
916
918
918
919
919
919
919
919
921
922
922
922
923
923
925
925
927
927
933
934
934
942
943
944
944
944
944
944
944
944
944
945
948
953
953
953
954
955
959
959
960
962
962
967
967
967
968
969
969
969
969
969
973
973
976
976
976
976
976
976
976
976
982
982
982
983
983
983
987
987
990
991
992
996
996
996
997
997
997
998
998
1000
1000
1002
1002
1002
1002
1002
1005
1005
1010
1012
1013
1014
1018
1018
1019
1022
1022
1024
1024
1024
1024
1024
1026
1033
1034
1035
1035
1039
1041
1042
1042
1045
1048
1049
1053
1053
1053
1054
1057
1057
1058
1058
1058
1058
1058
1058
1059
1059
1059
1061
1063
1063
1063
1063
1064
1065
1065
1065
1065
1066
1068
1068
1068
1068
1068
1071
1073
1073
1073
1074
1074
1076
1076
1077
1080
1081
1081
1082
1084
1084
1084
1084
1085
1087
1087
1089
1089
1094
1094
1094
1094
1094
1094
1094
1094
1094
1094
1094
1094
1094
1094
1094
1095
1095
1095
1096
1098
1098
1100
1100
1101
1101
1101
1103
1103
1103
1108
1109
1109
1110
1113
1113
1115
1116
1117
1117
1117
1117
1118
1121
1123
1124
1124
1124
1125
1125
1127
1129
1131
1132
1132
1133
1136
1139
1139
1143
1146
1146
1146
1146
1149
1149
1150
1150
1151
1151
1151
1155
1156
1157
1157
1161
1163
1163
1164
1166
1166
1168
1169
1171
1171
1171
1172
1174
1175
1175
1175
1178
1180
1182
1185
1188
1190
1190
1192
1193
1195
1197
1197
1197
1201
1201
1201
1201
1202
1203
1206
1207
1207
1207
1209
1209
1211
1213
1213
1213
1213
1213
1213
1216
1216
1216
1220
1220
1223
1223
1224
1225
1227
1230
1230
1234
1234
1235
1236
1236
1238
1238
1239
1240
1243
1243
1243
1244
1244
1244
1244
1244
1246
1248
1252
1252
1252
1252
1253
1253
1253
1254
1255
1255
1255
1255
1256
1255
1255
1259
1260
1260
1263
1267
1269
1269
1269
1270
1270
1270
1270
1270
1270
1270
1270
1272
1272
1274
1276
1277
1278
1279
1280
1281
1282
1282
1283
1283
1283
1285
1285
1287
1287
1290
1290
1290
1290
1291
1291
1292
1292
1292
1292
1292
1292
1294
1299
1299
1299
1303
1303
1303
1303
1303
1303
1303
1303
1303
1303
1303
1304
1305
1306
1306
1306
1307
1309
1309
1309
1310
1311
1311
1311
1313
1313
1314
1314
1317
1319
1319
1324
1325
1326
1329
1336
1338
1339
1339
1340
1340
1347
1347
1348
1348
1349
1349
1350
1356
1356
1365
1367
1367
1369
1369
1369
1370
1372
1373
1373
1373
1373
1374
1375
1375
1375
1379
1382
1383
1387
1387
1387
1387
1387
1391
1392
1393
1393
1394
1394
1394
1397
1400
1403
1404
1404
1405
1405
1408
1410
1413
1416
1416
1419
1419
1419
1420
1422
1424
1424
1424
1425
1426
1426
1427
1427
1427
1430
1430
1430
1430
1430
1430
1431
1432
1434
1434
1436
1436
1436
1436
1436
1437
1438
1438
1438
1439
1439
1439
1439
1440
1440
1443
1443
1445
1444
1444
1445
1447
1447
1453
1462
1462
1465
1465
1466
1467
1467
1470
1472
1472
1473
1474
1474
1474
1473
1477
1478
1479
1479
1480
1480
1481
1486
1486
1490
1490
1490
1490
1493
1494
1494
1495
1498
1498
1500
1504
1504
1505
1505
1505
1507
1509
1509
1509
1510
1511
1513
1513
1515
1515
1515
1516
1517
1518
1522
1525
1525
1525
1525
1526
1526
1526
1528
1528
1529
1530
1531
1533
1539
1541
1541
1542
1545
1546
1546
1547
1547
1548
1549
1549
1549
1549
1550
1550
1550
1550
1550
1550
1551
1551
1551
1551
1551
1554
1554
1558
1558
1559
1559
1558
1560
1561
1561
1563
1564
1564
1564
1565
1565
1565
1566
1567
1567
1568
1571
1571
1575
1577
1577
1579
1579
1579
1581
1581
1582
1583
1583
1583
1583
1584
1584
1584
1585
1585
1586
1586
1586
1586
1586
1586
1587
1588
1590
1590
1590
1592
1592
1592
1593
1593
1593
1597
1600
1601
1601
1601
1601
1601
1602
1603
1603
1603
1603
1606
1606
1607
1607
1609
1610
1610
1613
1613
1622
1623
1623
1624
1624
1624
1623
1623
1623
1623
1624
1624
1624
1630
1630
1630
1632
1633
1635
1636
1636
1636
1637
1640
1644
1645
1645
1646
1646
1646
1649
1649
1649
1650
1653
1653
1653
1654
1656
1657
1658
1660
1661
1661
1662
1662
1662
1661
1663
1664
1665
1666
1666
1669
1669
1671
1674
1674
1675
1678
1678
1678
1678
1679
1679
1679
1681
1682
1683
1686
1689
1690
1691
1691
1694
1694
1694
1694
1694
1696
1698
1698
1698
1701
1703
1703
1703
1706
1710
1710
1710
1710
1714
1715
1715
1716
1716
1718
1719
1719
1721
1724
1726
1727
1730
1730
1730
1730
1730
1730
1731
1733
1733
1733
1735
1739
1741
1742
1742
1742
1743
1743
1743
1743
1747
1746
1748
1749
1750
1753
1753
1757
1758
1758
1758
1758
1759
1759
1760
1760
1760
1764
1764
1765
1766
1770
1771
1771
1775
1775
1777
1778
1780
1780
1781
1781
1782
1782
1784
1784
1787
1787
1788
1788
1788
1788
1788
1790
1793
1793
1793
1793
1793
1793
1793
1793
1793
1794
1798
1799
1799
1799
1800
1800
1803
1803
1807
1807
1807
1807
1807
1807
1807
1807
1807
1808
1808
1808
1811
1811
1811
1811
1811
1811
1811
1811
1811
1812
1817
1819
1819
1819
1819
1819
1820
1824
1824
1825
1826
1826
1826
1827
1829
1829
1834
1835
1836
1836
1836
1836
1837
1841
1843
1844
1845
1845
1845
1845
1847
1851
1851
1851
1851
1851
1852
1852
1853
1853
1855
1855
1855
1856
1857
1858
1861
1861
1865
1866
1868
1868
1868
1877
1877
1878
1878
1880
1882
1883
1885
1888
1890
1892
1892
1893
1895
1896
1898
1898
1898
1898
1898
1898
1901
1902
1902
1903
1904
1904
1904
1904
1906
1906
1907
1907
1907
1908
1908
1908
1908
1911
1911
1914
1914
1914
1917
1917
1917
1918
1918
1920
1921
1921
1925
1925
1925
1925
1926
1926
1929
1929
1929
1929
1929
1930
1931
1931
1937
1939
1943
1943
1943
1943
1945
1945
1947
1947
1952
1952
1953
1955
1955
1958
1957
1959
1960
1960
1964
1964
1966
1969
1970
1971
1974
1974
1976
1976
1977
1977
1978
1978
1977
1979
1979
1979
1979
1979
1981
1982
1983
1984
1984
1984
1985
1986
1986
1986
1988
1989
1989
1989
1991
1992
1995
1998
1998
1999
1999
1999
1999
1999
1999
1999
2000
2000
2002
2002
2005
2008
2008
2008
2008
2008
2009
2012
2012
2012
2015
2016
2018
2018
2018
2019
2020
2020
2020
2020
2022
2022
2022
2023
2024
2026
2027
2027
2028
2028
2029
2029
2029
2031
2031
2032
2032
2033
2035
2035
2035
2035
2036
2037
2042
2044
2047
2047
2047
2050
2050
2049
2049
2050
2054
2054
2054
2054
2054
2061
2062
2064
2064
2064
2064
2064
2065
2065
2065
2067
2067
2068
2068
2068
2068
2068
2068
2068
2069
2069
2070
2070
2070
2070
2071
2072
2073
2074
2075
2076
2077
2077
2077
2077
2079
2079
2079
2079
2082
2083
2084
2086
2087
2087
2087
2091
2093
2095
2095
2095
2095
2095
2095
2097
2097
2097
2101
2102
2102
2102
2103
2104
2104
2105
2105
2105
2107
2112
2112
2112
2113
2113
2113
2115
2117
2118
2119
2120
2120
2125
2125
2126
2126
2126
2127
2127
2127
2127
2127
2129
2130
2132
2134
2134
2134
2134
2134
2134
2134
2138
2139
2139
2139
2139
2141
2143
2144
2144
2144
2144
2145
2148
2149
2149
2148
2155
2155
2157
2157
2157
2159
2159
2163
2163
2163
2163
2163
2163
2163
2165
2165
2167
2167
2168
2168
2168
2169
2169
2170
2170
2171
2172
2174
2175
2175
2176
2176
2176
2176
2177
2177
2179
2180
2181
2181
2181
2185
2185
2187
2187
2187
2187
2187
2188
2192
2193
2195
2195
2195
2196
2196
2196
2202
2202
2208
2208
2208
2209
2210
2213
2214
2216
2216
2219
2223
2224
2227
2227
2229
2234
2238
2238
2238
2245
2246
2247
2247
2249
2249
2249
2252
2252
2254
2259
2259
2259
2261
2262
2262
2263
2265
2267
2270
2270
2271
2272
2273
2274
2274
2275
2278
2278
2279
2279
2283
2286
2287
2287
2289
2291
2294
2294
2294
2297
2304
2307
2309
2309
2310
2311
2311
2312
2313
2315
2317
2318
2318
2318
2318
2318
2319
2320
2321
2322
2322
2325
2326
2328
2328
2328
2328
2329
2330
2330
2332
2336
2336
2336
2336
2336
2336
2337
2341
2342
2342
2342
2342
2345
2345
2347
2348
2349
2350
2351
2351
2351
2351
2353
2355
2355
2355
2356
2357
2358
2359
2358
2361
2363
2363
2363
2363
2363
2363
2363
2363
2363
2363
2364
2364
2364
2367
2367
2368
2368
2368
2372
2372
2373
2373
2373
2379
2380
2382
2382
2382
2382
2382
2383
2386
2386
2387
2387
2392
2392
2395
2395
2396
2396
2397
2399
2399
2400
2402
2403
2404
2404
2405
2407
2409
2409
2409
2409
2409
2409
2410
2410
2410
2412
2415
2417
2421
2421
2421
2422
2422
2422
2422
2423
2423
2424
2424
2424
2425
2431
2437
2439
2440
2439
2442
2444
2444
2445
2446
2447
2448
2453
2454
2455
2455
2455
2455
2455
2455
2460
2460
2460
2460
2461
2465
2466
2466
2466
2466
2470
2470
2473
2473
2473
2474
2475
2475
2476
2476
2479
2479
2488
2488
2488
2488
2490
2490
2493
2494
2494
2494
2494
2494
2494
2498
2500
2500
2500
2500
2500
2500
2500
2500
2500
2500
2500
2500
2500
2501
2501
2501
2502
2503
2503
2503
2505
2505
2505
2506
2507
2507
2509
2509
2511
2512
2513
2515
2516
2517
2520
2521
2521
2521
2526
2528
2528
2531
2532
2532
2532
2532
2534
2535
2536
2539
2539
2539
2539
2539
2539
2539
2539
2539
2540
2540
2541
2541
2542
2542
2546
2546
2546
2549
2549
2549
2549
2551
2552
2554
2555
2555
2556
2556
2556
2558
2559
2559
2560
2560
2560
2562
2562
2562
2567
2568
2568
2571
2571
2571
2574
2575
2575
2576
2576
2578
2580
2580
2580
2581
2582
2582
2583
2583
2585
2586
2586
2586
2586
2586
2586
2586
2586
2587
2586
2586
2586
2585
2585
2585
2585
2585
2587
2589
2589
2589
2590
2593
2594
2594
2594
2594
2594
2594
2596
2596
2596
2596
2597
2598
2598
2602
2601
2601
2601
2601
2602
2602
2602
2602
2602
2604
2604
2604
2607
2607
2607
2607
2609
2608
2609
2610
2611
2611
2611
2613
2613
2613
2613
2613
2613
2614
2615
2620
2620
2622
2625
2625
2625
2625
2628
2631
2632
2632
2635
2637
2637
2637
2644
2644
2644
2645
2647
2647
2650
2651
2651
2656
2656
2657
2659
2659
2659
2659
2661
2662
2664
2664
2664
2664
2665
2665
2665
2665
2666
2666
2666
2667
2670
2670
2670
2670
2670
2672
2673
2674
2676
2676
2676
2677
2677
2679
2680
2681
2681
2682
2683
2683
2684
2688
2689
2690
2692
2692
2692
2692
2692
2694
2694
2699
2699
2701
2701
2701
2701
2701
2701
2701
2702
2704
2706
2713
2713
2713
2713
2717
2719
2719
2720
2720
2720
2722
2725
2726
2726
2726
2726
2726
2728
2728
2729
2731
2737
2738
2738
2741
2743
2744
2745
2745
2745
2745
2745
2747
2748
2748
2750
2749
2749
2749
2749
2749
2750
2750
2750
2750
2750
2756
2757
2758
2758
2760
2762
2763
2764
2764
2766
2766
2767
2768
2768
2768
2768
2775
2776
2778
2778
2780
2779
2780
2780
2783
2783
2784
2784
2784
2786
2787
2787
2787
2788
2788
2790
2790
2790
2790
2793
2796
2796
2796
2797
2798
2798
2799
2801
2801
2802
2802
2802
2803
2805
2808
2810
2811
2811
2812
2815
2818
2818
2819
2819
2820
2823
2824
2824
2825
2825
2825
2825
2825
2826
2826
2826
2826
2826
2826
2826
2827
2827
2828
2828
2828
2830
2831
2832
2834
2835
2837
2837
2838
2838
2839
2841
2842
2842
2842
2842
2842
2843
2844
2843
2843
2843
2843
2843
2843
2843
2844
2844
2844
2846
2848
2849
2850
2850
2852
2852
2854
2855
2855
2858
2861
2861
2864
2867
2868
2869
2869
2869
2869
2871
2871
2872
2874
2874
2874
2875
2875
2877
2877
2877
2884
2886
2887
2889
2893
2893
2897
2900
2902
2903
2903
2903
2903
2903
2904
2905
2906
2909
2908
2910
2911
2912
2912
2913
2914
2915
2915
2915
2915
2915
2916
2918
2918
2919
2919
2919
2920
2920
2926
2927
2927
2930
2930
2929
2929
2930
2930
2932
2932
2934
2934
2936
2938
2938
2941
2944
2946
2946
2948
2948
2950
2953
2953
2953
2953
2955
2955
2955
2963
2964
2966
2966
2966
2966
2966
2966
2966
2968
2968
2968
2968
2969
2969
2969
2969
2974
2974
2979
2979
2979
2979
2982
2982
2983
2984
2984
2986
2989
2989
2992
2992
2992
2992
2992
2993
2993
2993
2993
2993
2993
2993
2996
2996
2998
3002
3003
3005
3006
3006
3006
3010
3010
3010
3010
3012
3013
3014
3015
3015
3015
3016
3016
3018
3018
3020
3020
3022
3027
3031
3031
3031
3032
3032
3033
3034
3035
3035
3035
3035
3037
3036
3036
3037
3037
3037
3039
3039
3039
3041
3041
3045
3045
3045
3045
3045
3046
3046
3046
3046
3047
3049
3052
3053
3054
3054
3055
3056
3056
3057
3057
3058
3061
3061
3061
3061
3064
3065
3066
3067
3067
3068
3069
3069
3069
3069
3069
3069
3069
3070
3070
3071
3072
3073
3073
3074
3074
3075
3077
3077
3077
3078
3078
3078
3079
3081
3081
3084
3087
3088
3091
3092
3093
3094
3097
3099
3099
3099
3100
3101
3101
3102
3102
3103
3109
3109
3109
3109
3109
3115
3116
3119
3119
3118
3118
3119
3119
3119
3119
3120
3120
3120
3123
3130
3131
3131
3132
3134
3137
3139
3141
3141
3141
3142
3145
3145
3144
3148
3148
3147
3149
3150
3149
3154
3154
3154
3155
3155
3155
3155
3155
3155
3158
3159
3167
3171
3171
3171
3171
3171
3171
3171
3171
3171
3174
3175
3177
3179
3179
3180
3180
3181
3186
3186
3186
3187
3189
3189
3190
3192
3192
3192
3193
3195
3195
3195
3198
3198
3198
3199
3202
3202
3202
3202
3204
3204
3204
3206
3206
3207
3211
3213
3216
3216
3216
3216
3218
3218
3218
3218
3220
3220
3220
3220
3222
3223
3225
3226
3227
3227
3227
3227
3227
3229
3229
3229
3233
3234
3234
3234
3234
3235
3236
3236
3236
3239
3239
3240
3240
3241
3242
3243
3243
3247
3247
3247
3247
3248
3248
3248
3248
3251
3253
3254
3255
3255
3258
3259
3260
3260
3260
3261
3261
3261
3261
3261
3264
3264
3266
3266
3270
3272
3273
3274
3275
3276
3277
3277
3277
3278
3278
3278
3278
3278
3278
3278
3278
3278
3278
3278
3279
3279
3280
3280
3280
3281
3281
3286
3286
3286
3289
3290
3290
3290
3290
3290
3290
3290
3290
3291
3291
3292
3293
3293
3294
3296
3298
3298
3298
3299
3299
3300
3301
3301
3305
3305
3305
3306
3310
3310
3314
3315
3315
3318
3318
3318
3318
3318
3318
3318
3318
3319
3320
3320
3320
3320
3320
3321
3321
3322
3322
3322
3324
3325
3325
3325
3326
3327
3326
3326
3326
3328
3330
3330
3332
3332
3333
3333
3333
3332
3334
3337
3340
3342
3343
3343
3343
3343
3343
3344
3346
3348
3348
3348
3351
3357
3357
3357
3357
3357
3357
3359
3359
3360
3360
3360
3362
3363
3363
3363
3363
3364
3364
3365
3366
3368
3370
3370
3371
3371
3371
3371
3371
3372
3374
3375
3377
3377
3377
3378
3378
3379
3381
3383
3384
3385
3385
3385
3386
3389
3389
3390
3391
3394
3399
3399
3400
3401
3402
3402
3402
3403
3403
3404
3404
3407
3408
3409
3411
3412
3412
3412
3416
3417
3418
3420
3421
3422
3422
3423
3423
3423
3423
3423
3424
3424
3424
3425
3427
3427
3431
3431
3432
3433
3433
3440
3440
3440
3441
3442
3442
3442
3442
3443
3443
3443
3443
3446
3446
3446
3446
3449
3449
3453
3457
3457
3459
3459
3459
3460
3459
3459
3459
3460
3461
3462
3462
3463
3465
3467
3467
3467
3466
3466
3466
3466
3467
3467
3467
3467
3468
3469
3469
3469
3469
3469
3472
3473
3475
3475
3475
3475
3476
3476
3476
3476
3476
3479
3481
3484
3484
3484
3484
3486
3486
3488
3490
3490
3490
3490
3492
3493
3493
3494
3498
3497
3498
3501
3501
3502
3502
3503
3503
3507
3507
3510
3514
3515
3517
3520
3519
3519
3519
3519
3519
3520
3522
3522
3524
3524
3524
3524
3529
3530
3531
3532
3533
3533
3536
3537
3537
3537
3538
3538
3538
3540
3542
3543
3543
3544
3545
3545
3545
3545
3545
3549
3549
3551
3551
3551
3552
3552
3553
3553
3553
3553
3553
3556
3557
3557
3560
3560
3560
3560
3562
3562
3563
3563
3567
3567
3569
3569
3571
3570
3571
3571
3572
3573
3573
3573
3574
3574
3576
3576
3576
3576
3576
3577
3578
3578
3577
3577
3578
3578
3579
3579
3580
3581
3581
3582
3582
3582
3583
3583
3583
3583
3583
3584
3588
3588
3589
3594
3596
3596
3598
3598
3598
3598
3598
3598
3598
3598
3598
3604
3604
3603
3603
3603
3605
3605
3605
3605
3605
3605
3605
3605
3605
3606
3607
3609
3609
3608
3610
3611
3611
3611
3611
3611
3611
3611
3612
3614
3615
3617
3617
3617
3620
3620
3621
3622
3622
3622
3624
3626
3627
3629
3629
3629
3630
3630
3631
3631
3631
3633
3632
3633
3634
3635
3635
3635
3635
3635
3637
3637
3638
3638
3639
3642
3642
3643
3643
3645
3645
3648
3649
3648
3649
3649
3649
3650
3650
3650
3652
3652
3652
3653
3653
3655
3658
3658
3659
3661
3661
3664
3667
3667
3667
3667
3669
3672
3672
3674
3674
3676
3677
3677
3678
3677
3678
3678
3678
3678
3679
3680
3680
3682
3682
3682
3684
3685
3685
3685
3685
3690
3692
3692
3693
3694
3694
3694
3697
3697
3700
3700
3701
3701
3701
3701
3701
3702
3702
3705
3709
3709
3709
3709
3709
3710
3710
3710
3711
3712
3712
3712
3713
3713
3713
3714
3715
3719
3719
3719
3719
3719
3719
3720
3722
3724
3724
3725
3729
3730
3730
3730
3730
3730
3730
3730
3733
3733
3734
3734
3734
3736
3736
3739
3740
3740
3741
3742
3744
3744
3744
3744
3744
3745
3745
3747
3748
3752
3752
3752
3752
3752
3753
3757
3757
3757
3760
3760
3763
3763
3763
3765
3765
3766
3768
3770
3770
3771
3775
3775
3774
3774
3775
3777
3777
3778
3778
3778
3778
3779
3780
3780
3780
3780
3781
3781
3785
3785
3785
3787
3786
3786
3786
3789
3789
3790
3791
3792
3792
3792
3793
3795
3795
3795
3798
3798
3798
3798
3798
3798
3798
3799
3799
3799
3801
3802
3804
3804
3805
3805
3805
3806
3806
3813
3813
3817
3818
3818
3818
3818
3818
3819
3819
3821
3823
3825
3825
3831
3831
3837
3839
3839
3840
3840
3840
3842
3842
3844
3845
3846
3846
3846
3846
3847
3850
3850
3850
3850
3851
3851
3851
3851
3852
3855
3855
3856
3857
3857
3858
3858
3859
3862
3862
3863
3863
3863
3867
3867
3868
3868
3868
3868
3870
3870
3870
3872
3872
3872
3875
3875
3876
3876
3878
3880
3880
3880
3881
3880
3880
3880
3880
3880
3882
3883
3883
3886
3887
3887
3888
3890
3894
3895
3898
3899
3900
3900
3901
3901
3903
3907
3908
3908
3908
3908
3908
3908
3908
3912
3911
3911
3911
3911
3911
3912
3912
3912
3912
3913
3916
3916
3917
3917
3918
3919
3919
3920
3920
3920
3920
3921
3921
3922
3922
3922
3922
3923
3923
3925
3925
3926
3926
3928
3928
3928
3929
3930
3933
3935
3935
3935
3935
3935
3936
3936
3943
3945
3947
3947
3948
3950
3958
3959
3959
3960
3960
3961
3962
3964
3965
3965
3966
3966
3966
3966
3966
3966
3966
3968
3969
3971
3971
3973
3974
3974
3974
3974
3976
3976
3977
3979
3979
3979
3979
3980
3980
3982
3983
3983
3984
3985
3987
3988
3987
3987
3990
3990
3990
3991
3991
3991
3996
3996
3998
3999
3999
4001
4003
4003
4004
4006
4006
4008
4009
4009
4012
4012
4013
4018
4018
4019
4018
4018
4018
4019
4019
4019
4019
4019
4020
4021
4024
4028
4028
4028
4030
4033
4033
4034
4036
4036
4037
4037
4037
4037
4041
4042
4042
4046
4046
4046
4047
4046
4046
4046
4046
4047
4054
4054
4056
4057
4059
4059
4060
4063
4063
4066
4070
4071
4071
4073
4073
4073
4075
4075
4075
4075
4075
4076
4076
4077
4081
4082
4082
4084
4084
4084
4084
4084
4084
4086
4088
4088
4088
4088
4089
4089
4089
4090
4090
4091
4090
4090
4092
4094
4095
4097
4097
4101
4101
4101
4108
4109
4109
4111
4111
4114
4114
4114
4114
4114
4115
4116
4116
4116
4116
4116
4116
4116
4116
4118
4121
4121
4122
4122
4122
4122
4122
4122
4124
4127
4127
4127
4127
4129
4129
4131
4131
4131
4132
4132
4132
4133
4133
4134
4134
4134
4135
4135
4135
4136
4137
4138
4138
4137
4138
4139
4142
4145
4146
4146
4146
4146
4146
4146
4148
4148
4148
4148
4148
4148
4148
4148
4147
4148
4148
4148
4149
4149
4150
4150
4154
4154
4154
4154
4154
4154
4157
4157
4157
4157
4157
4157
4157
4157
4157
4158
4160
4160
4163
4164
4164
4168
4168
4168
4173
4175
4175
4177
4177
4178
4178
4178
4178
4179
4179
4183
4186
4186
4187
4187
4189
4189
4190
4191
4194
4196
4196
4196
4199
4200
4200
4201
4205
4206
4206
4205
4205
4205
4205
4206
4208
4208
4208
4211
4213
4215
4215
4216
4216
4216
4216
4217
4217
4217
4217
4217
4217
4217
4218
4219
4220
4220
4220
4220
4220
4220
4220
4221
4221
4222
4223
4223
4223
4223
4224
4227
4227
4234
4235
4235
4242
4243
4243
4244
4245
4245
4246
4247
4249
4250
4251
4252
4253
4255
4255
4254
4254
4258
4258
4258
4258
4260
4261
4265
4264
4264
4264
4264
4265
4268
4268
4268
4269
4270
4270
4270
4270
4274
4275
4275
4276
4276
4279
4279
4282
4286
4286
4287
4287
4287
4288
4288
4288
4288
4289
4289
4289
4289
4289
4289
4288
4290
4290
4290
4290
4291
4291
4292
4293
4293
4293
4294
4298
4305
4305
4308
4309
4309
4310
4311
4311
4313
4314
4318
4319
4319
4319
4320
4320
4322
4327
4327
4327
4327
4328
4329
4330
4330
4333
4334
4334
4334
4335
4335
4335
4335
4336
4337
4338
4338
4339
4339
4340
4340
4340
4340
4344
4347
4347
4349
4349
4349
4349
4351
4352
4356
4356
4356
4356
4356
4357
4357
4357
4359
4359
4360
4361
4361
4364
4364
4365
4366
4366
4366
4366
4369
4370
4370
4371
4373
4375
4375
4375
4376
4376
4376
4377
4378
4379
4384
4384
4384
4384
4385
4385
4386
4387
4393
4393
4393
4392
4393
4393
4393
4394
4395
4395
4395
4395
4396
4396
4395
4395
4397
4397
4398
4399
4400
4402
4402
4403
4405
4406
4407
4407
4406
4407
4407
4407
4407
4407
4407
4407
4410
4410
4419
4419
4421
4422
4424
4425
4428
4430
4430
4430
4430
4430
4430
4430
4431
4431
4432
4432
4433
4433
4433
4435
4435
4435
4437
4436
4437
4437
4438
4441
4443
4445
4444
4444
4445
4445
4445
4448
4451
4451
4451
4451
4451
4452
4452
4453
4454
4454
4455
4455
4458
4458
4459
4462
4462
4462
4461
4462
4463
4467
4467
4469
4469
4470
4470
4472
4475
4477
4477
4480
4481
4481
4481
4481
4482
4483
4485
4486
4486
4486
4486
4486
4486
4486
4487
4488
4488
4489
4489
4489
4489
4489
4489
4489
4489
4491
4491
4491
4491
4491
4491
4491
4491
4494
4495
4495
4496
4497
4497
4496
4496
4496
4496
4499
4500
4502
4502
4502
4503
4504
4505
4505
4507
4507
4507
4511
4512
4514
4516
4517
4518
4518
4519
4522
4524
4525
4526
4527
4528
4528
4528
4528
4530
4530
4530
4531
4531
4531
4531
4535
4535
4535
4535
4535
4535
4535
4535
4535
4536
4536
4536
4539
4540
4540
4540
4541
4544
4544
4549
4549
4551
4552
4552
4553
4553
4552
4552
4552
4559
4560
4562
4562
4562
4564
4564
4564
4566
4566
4566
4566
4566
4566
4566
4565
4567
4569
4570
4571
4571
4571
4571
4576
4580
4580
4580
4582
4583
4588
4591
4591
4591
4591
4591
4593
4593
4593
4593
4598
4601
4606
4606
4606
4606
4606
4607
4608
4608
4608
4609
4612
4612
4612
4614
4615
4615
4619
4620
4619
4619
4619
4618
4619
4623
4625
4626
4626
4626
4627
4628
4630
4631
4632
4632
4632
4633
4633
4633
4633
4636
4637
4638
4638
4639
4640
4640
4640
4640
4644
4644
4645
4645
4653
4654
4658
4658
4658
4660
4660
4663
4664
4665
4665
4666
4669
4669
4669
4670
4671
4671
4671
4671
4671
4672
4672
4673
4674
4676
4676
4679
4679
4680
4680
4680
4680
4681
4682
4683
4683
4683
4686
4686
4685
4685
4687
4687
4687
4687
4688
4689
4691
4696
4697
4698
4698
4698
4699
4699
4699
4702
4701
4701
4701
4704
4707
4707
4707
4707
4709
4709
4710
4711
4711
4711
4711
4712
4713
4713
4715
4715
4716
4717
4717
4718
4718
4720
4720
4721
4721
4721
4719
4719
4719
4721
4721
4726
4726
4726
4726
4727
4728
4728
4729
4730
4733
4733
4733
4733
4733
4733
4733
4734
4734
4734
4734
4734
4734
4736
4738
4738
4740
4745
4747
4747
4747
4748
4748
4749
4749
4751
4752
4752
4757
4757
4757
4759
4760
4761
4761
4761
4762
4762
4762
4762
4762
4761
4761
4762
4762
4763
4768
4767
4767
4767
4767
4767
4767
4769
4769
4770
4771
4770
4770
4770
4771
4772
4773
4774
4774
4775
4775
4775
4775
4778
4779
4779
4780
4781
4781
4781
4781
4783
4785
4786
4786
4787
4786
4786
4787
4788
4788
4795
4795
4795
4798
4798
4798
4798
4798
4798
4798
4800
4801
4801
4802
4802
4802
4802
4803
4803
4803
4803
4803
4805
4805
4804
4809
4809
4817
4819
4819
4819
4819
4821
4823
4823
4823
4823
4824
4827
4827
4830
4831
4832
4833
4833
4833
4833
4834
4834
4836
4836
4836
4837
4837
4838
4842
4843
4843
4843
4843
4845
4848
4849
4848
4848
4849
4849
4852
4852
4852
4852
4853
4854
4854
4854
4854
4854
4856
4857
4857
4858
4859
4859
4859
4860
4860
4862
4863
4864
4865
4868
4869
4870
4872
4873
4875
4876
4876
4876
4878
4878
4878
4878
4878
4878
4880
4880
4880
4881
4881
4882
4882
4882
4882
4882
4882
4882
4884
4885
4886
4893
4894
4895
4895
4894
4896
4896
4897
4898
4899
4900
4900
4899
4899
4900
4900
4900
4900
4900
4902
4905
4905
4907
4907
4906
4906
4906
4906
4906
4908
4911
4911
4912
4912
4912
4912
4912
4912
4913
4913
4913
4914
4916
4916
4916
4916
4917
4917
4917
4919
4919
4920
4920
4920
4920
4922
4924
4924
4926
4927
4927
4927
4927
4928
4928
4929
4931
4934
4934
4935
4936
4938
4938
4938
4940
4940
4941
4942
4943
4944
4944
4945
4945
4945
4945
4947
4946
4947
4948
4948
4948
4951
4951
4951
4951
4952
4953
4953
4953
4953
4957
4957
4960
4960
4960
4963
4965
4967
4967
4967
4968
4967
4967
4967
4967
4969
4969
4970
4970
4972
4972
4973
4973
4974
4974
4975
4975
4975
4976
4977
4978
4978
4979
4979
4979
4979
4979
4979
4980
4980
4982
4985
4987
4987
4988
4988
4988
4987
4987
4988
4990
4994
4996
4998
4998
4997
4997
4997
4998
4999
4999
4999
5000
5000
5000
5002
5006
5006
5007
5006
5006
5012
5011
5010
5010
5010
5012
5013
5014
5014
5014
5015
5015
5015
5015
5015
5018
5019
5020
5022
5023
5024
5024
5025
5026
5027
5027
5027
5030
5030
5030
5032
5032
5034
5034
5034
5038
5039
5040
5040
5042
5042
5042
5045
5045
5045
5046
5047
5047
5047
5047
5047
5047
5047
5047
5048
5050
5051
5051
5053
5053
5056
5056
5058
5058
5058
5060
5061
5062
5062
5062
5064
5067
5067
5068
5070
5071
5073
5077
5077
5077
5077
5079
5079
5079
5080
5081
5081
5081
5082
5083
5083
5087
5087
5087
5087
5087
5087
5087
5089
5090
5090
5090
5090
5095
5098
5100
5102
5102
5102
5102
5102
5102
5103
5106
5107
5107
5107
5108
5110
5113
5113
5116
5117
5117
5117
5117
5117
5117
5118
5117
5118
5119
5119
5120
5120
5121
5121
5121
5121
5122
5122
5122
5122
5123
5123
5124
5124
5124
5125
5125
5125
5125
5125
5125
5125
5125
5125
5125
5126
5126
5126
5126
5126
5128
5128
5128
5129
5131
5132
5132
5132
5132
5132
5136
5136
5136
5138
5138
5140
5140
5141
5141
5143
5143
5146
5150
5152
5152
5153
5153
5153
5153
5153
5153
5154
5154
5154
5157
5157
5157
5158
5158
5159
5160
5160
5160
5159
5159
5161
5164
5164
5165
5166
5168
5172
5172
5172
5172
5171
5171
5172
5174
5176
5176
5176
5177
5178
5179
5180
5180
5180
5182
5182
5182
5182
5185
5188
5188
5189
5189
5190
5191
5192
5192
5193
5193
5194
5194
5195
5197
5199
5200
5201
5202
5204
5204
5204
5205
5209
5209
5209
5209
5209
5212
5212
5213
5213
5214
5214
5214
5214
5214
5214
5214
5215
5215
5215
5215
5215
5217
5217
5217
5216
5216
5216
5218
5218
5218
5219
5220
5220
5221
5221
5223
5225
5226
5226
5228
5228
5229
5232
5235
5235
5235
5234
5234
5237
5241
5241
5241
5240
5241
5241
5241
5241
5241
5240
5240
5240
5239
5239
5239
5239
5239
5241
5241
5241
5241
5241
5242
5242
5242
5243
5243
5243
5244
5245
5245
5245
5245
5246
5246
5246
5249
5250
5250
5250
5252
5252
5252
5254
5254
5254
5254
5254
5255
5256
5257
5257
5257
5257
5260
5260
5260
5262
5261
5261
5261
5265
5265
5265
5265
5265
5266
5267
5268
5268
5270
5272
5273
5273
5273
5277
5278
5278
5278
5279
5280
5280
5282
5282
5282
5282
5282
5282
5282
5282
5282
5285
5289
5290
5290
5292
5293
5293
5292
5292
5292
5292
5292
5295
5298
5298
5298
5297
5297
5297
5299
5299
5299
5299
5300
5300
5300
5301
5301
5301
5303
5304
5304
5304
5310
5310
5311
5316
5319
5319
5320
5320
5320
5320
5321
5321
5324
5325
5327
5327
5328
5330
5330
5332
5335
5336
5337
5338
5337
5337
5339
5341
5341
5342
5342
5342
5342
5344
5344
5344
5344
5344
5344
5344
5344
5346
5346
5346
5347
5347
5349
5349
5350
5350
5349
5350
5350
5351
5352
5352
5352
5355
5355
5355
5355
5356
5356
5356
5356
5357
5362
5363
5363
5365
5367
5368
5371
5371
5371
5372
5373
5376
5376
5378
5379
5380
5380
5380
5382
5383
5383
5383
5383
5383
5386
5387
5387
5389
5389
5389
5389
5389
5389
5389
5390
5390
5391
5391
5394
5397
5397
5397
5400
5401
5401
5401
5401
5401
5403
5403
5403
5404
5404
5404
5404
5409
5409
5410
5411
5412
5412
5412
5417
5418
5422
5426
5426
5426
5428
5428
5428
5429
5429
5431
5437
5438
5438
5438
5437
5437
5439
5439
5441
5443
5444
5445
5447
5449
5449
5450
5450
5450
5450
5450
5452
5453
5453
5453
5453
5453
5453
5453
5453
5453
5453
5454
5455
5458
5462
5462
5466
5466
5466
5467
5467
5468
5469
5470
5470
5473
5473
5473
5472
5474
5476
5477
5477
5478
5481
5481
5481
5480
5481
5481
5481
5481
5482
5482
5482
5482
5483
5484
5484
5484
5483
5485
5484
5484
5485
5488
5489
5489
5490
5490
5490
5489
5491
5490
5492
5494
5494
5494
5494
5495
5497
5500
5501
5503
5507
5510
5512
5513
5513
5517
5517
5517
5517
5518
5521
5522
5525
5525
5525
5526
5528
5529
5530
5530
5532
5533
5534
5534
5535
5535
5536
5536
5536
5537
5544
5545
5545
5545
5546
5546
5548
5549
5549
5550
5550
5550
5551
5552
5553
5554
5553
5553
5554
5557
5557
5557
5559
5559
5560
5560
5560
5565
5567
5568
5568
5568
5568
5567
5570
5571
5572
5574
5576
5576
5576
5576
5579
5581
5582
5582
5584
5585
5586
5588
5589
5589
5590
5590
5590
5590
5591
5595
5595
5595
5595
5595
5595
5595
5594
5595
5595
5597
5597
5598
5600
5600
5600
5600
5600
5600
5600
5601
5601
5601
5602
5604
5606
5607
5608
5608
5608
5608
5608
5608
5609
5613
5613
5613
5613
5614
5614
5617
5617
5622
5624
5625
5625
5625
5625
5625
5625
5626
5627
5630
5630
5630
5630
5630
5631
5634
5634
5635
5635
5635
5635
5638
5640
5641
5641
5641
5644
5644
5644
5644
5645
5645
5645
5648
5648
5648
5649
5650
5651
5653
5656
5656
5658
5659
5659
5659
5660
5660
5660
5660
5660
5665
5666
5666
5669
5670
5670
5671
5671
5672
5672
5672
5674
5676
5677
5677
5677
5677
5677
5677
5677
5679
5679
5680
5680
5680
5680
5681
5681
5682
5683
5684
5684
5684
5686
5688
5689
5689
5692
5693
5698
5698
5698
5698
5700
5703
5705
5706
5706
5707
5713
5713
5713
5715
5715
5716
5718
5721
5721
5721
5721
5721
5721
5721
5721
5722
5723
5723
5725
5725
5725
5725
5727
5727
5727
5728
5728
5728
5728
5727
5727
5727
5727
5727
5727
5727
5731
5731
5731
5731
5734
5735
5736
5737
5739
5740
5742
5742
5744
5746
5747
5749
5750
5751
5752
5752
5753
5753
5753
5753
5753
5754
5754
5755
5755
5755
5755
5754
5755
5755
5756
5757
5757
5756
5757
5757
5759
5760
5760
5763
5769
5770
5770
5770
5769
5771
5772
5773
5773
5773
5773
5774
5774
5775
5774
5774
5774
5773
5773
5774
5776
5778
5778
5778
5779
5780
5780
5781
5783
5782
5782
5782
5783
5783
5784
5784
5785
5787
5789
5791
5790
5790
5790
5790
5790
5792
5793
5796
5796
5795
5795
5796
5795
5797
5797
5796
5796
5797
5797
5799
5799
5800
5801
5805
5809
5809
5809
5809
5810
5810
5810
5811
5812
5812
5812
5812
5812
5812
5812
5812
5813
5814
5814
5815
5818
5819
5820
5820
5821
5821
5824
5824
5824
5824
5827
5828
5830
5832
5835
5835
5835
5836
5837
5837
5837
5838
5838
5839
5840
5840
5840
5843
5844
5844
5847
5849
5849
5848
5848
5848
5848
5848
5848
5848
5850
5850
5850
5850
5850
5850
5852
5854
5854
5857
5859
5861
5861
5862
5862
5862
5862
5863
5868
5868
5867
5867
5867
5870
5871
5874
5875
5875
5875
5875
5876
5877
5879
5880
5880
5880
5880
5880
5880
5880
5880
5883
5884
5885
5885
5889
5889
5889
5889
5892
5892
5893
5893
5894
5894
5894
5896
5898
5898
5897
5897
5899
5899
5899
5901
5901
5902
5902
5903
5904
5905
5906
5907
5907
5908
5909
5912
5913
5913
5914
5916
5917
5918
5918
5918
5918
5921
5921
5922
5922
5922
5923
5923
5923
5923
5925
5927
5929
5929
5929
5929
5929
5929
5929
5929
5929
5929
5930
5930
5930
5932
5932
5932
5932
5933
5937
5939
5942
5943
5941
5946
5946
5946
5948
5948
5948
5948
5949
5949
5950
5950
5950
5952
5952
5952
5952
5952
5951
5953
5953
5953
5953
5953
5952
5953
5954
5954
5954
5954
5954
5954
5954
5955
5955
5955
5955
5959
5959
5960
5962
5964
5965
5965
5966
5966
5966
5967
5968
5970
5971
5971
5974
5977
5977
5977
5978
5979
5980
5980
5980
5980
5982
5982
5986
5986
5986
5986
5987
5990
5993
5994
6000
6001
6001
6001
6001
6001
6001
6001
6003
6003
6005
6005
6005
6004
6003
6003
6005
6005
6008
6008
6008
6008
6008
6008
6013
6014
6015
6016
6016
6017
6017
6017
6017
6018
6021
6025
6026
6026
6028
6028
6031
6030
6030
6032
6033
6034
6034
6036
6036
6036
6036
6036
6036
6036
6038
6040
6041
6041
6042
6043
6044
6044
6044
6046
6047
6047
6047
6047
6047
6049
6050
6050
6050
6053
6054
6055
6055
6055
6055
6056
6058
6058
6058
6058
6060
6060
6060
6060
6060
6060
6062
6062
6063
6063
6066
6068
6068
6074
6084
6085
6087
6087
6087
6087
6087
6087
6087
6087
6089
6089
6091
6091
6092
6092
6094
6095
6095
6096
6096
6097
6097
6098
6098
6098
6098
6098
6099
6100
6099
6099
6103
6104
6103
6105
6106
6105
6106
6106
6106
6107
6106
6107
6107
6109
6110
6110
6110
6113
6113
6112
6112
6112
6111
6111
6112
6113
6113
6111
6112
6113
6115
6115
6115
6116
6116
6116
6119
6119
6119
6120
6120
6122
6122
6122
6122
6123
6123
6124
6124
6124
6125
6126
6127
6127
6128
6128
6128
6128
6128
6128
6127
6128
6129
6129
6130
6130
6130
6130
6130
6130
6130
6130
6130
6130
6131
6132
6132
6132
6135
6135
6135
6136
6136
6137
6137
6137
6138
6139
6139
6139
6139
6139
6140
6140
6140
6139
6139
6141
6144
6144
6144
6144
6144
6144
6144
6144
6144
6146
6148
6150
6151
6153
6153
6153
6154
6154
6154
6154
6156
6156
6156
6158
6158
6159
6160
6162
6162
6162
6166
6166
6168
6168
6169
6169
6173
6173
6174
6174
6174
6177
6177
6182
6185
6186
6188
6189
6189
6190
6190
6190
6191
6191
6191
6191
6193
6193
6193
6193
6196
6196
6198
6199
6199
6199
6200
6200
6201
6201
6207
6208
6208
6208
6208
6208
6213
6213
6214
6216
6216
6216
6216
6216
6220
6222
6223
6223
6227
6229
6229
6230
6230
6230
6230
6231
6232
6236
6236
6237
6236
6236
6236
6238
6239
6242
6242
6242
6242
6244
6249
6250
6252
6252
6252
6252
6252
6253
6254
6256
6256
6256
6256
6256
6257
6257
6262
6263
6264
6266
6266
6266
6266
6266
6266
6266
6266
6266
6266
6267
6269
6268
6268
6266
6266
6269
6269
6273
6276
6276
6276
6276
6277
6278
6279
6280
6281
6281
6281
6281
6281
6282
6282
6282
6285
6286
6286
6287
6288
6288
6290
6290
6290
6290
6291
6293
6294
6295
6297
6298
6299
6300
6302
6302
6301
6301
6301
6301
6301
6301
6301
6299
6300
6301
6300
6300
6300
6301
6300
6300
6300
6300
6300
6300
6300
6300
6301
6305
6305
6305
6305
6304
6304
6304
6304
6305
6305
6305
6305
6305
6305
6305
6304
6306
6306
6307
6306
6309
6309
6309
6312
6312
6312
6313
6313
6313
6319
6319
6319
6319
6319
6319
6321
6322
6324
6324
6325
6326
6329
6329
6334
6336
6336
6336
6340
6341
6341
6341
6341
6341
6342
6343
6345
6345
6346
6346
6352
6352
6353
6356
6355
6356
6359
6359
6362
6368
6368
6368
6368
6370
6370
6372
6373
6373
6373
6373
6374
6376
6376
6377
6377
6379
6379
6379
6378
6378
6378
6379
6379
6382
6383
6384
6386
6388
6388
6388
6387
6388
6388
6388
6390
6393
6393
6394
6395
6395
6396
6396
6399
6404
6407
6407
6407
6411
6412
6413
6413
6415
6415
6415
6416
6415
6416
6417
6417
6417
6417
6417
6417
6418
6418
6419
6419
6420
6420
6420
6419
6419
6420
6421
6421
6421
6421
6421
6420
6420
6421
6422
6423
6423
6423
6424
6424
6424
6424
6424
6425
6425
6427
6426
6425
6426
6428
6428
6429
6430
6430
6430
6431
6431
6431
6431
6433
6434
6434
6434
6434
6434
6434
6436
6436
6439
6439
6440
6441
6441
6442
6442
6442
6442
6443
6445
6446
6449
6452
6452
6451
6451
6452
6452
6454
6453
6453
6453
6453
6453
6453
6454
6454
6455
6455
6457
6457
6460
6461
6461
6461
6463
6463
6464
6466
6466
6468
6467
6468
6468
6468
6468
6467
6469
6469
6469
6469
6469
6471
6472
6476
6479
6479
6479
6479
6478
6478
6479
6479
6481
6485
6485
6486
6486
6488
6488
6488
6488
6493
6493
6493
6497
6499
6499
6499
6501
6505
6507
6508
6509
6509
6510
6510
6512
6512
6513
6513
6513
6513
6514
6514
6515
6515
6514
6514
6514
6515
6515
6515
6515
6516
6516
6516
6517
6517
6517
6517
6517
6520
6520
6520
6523
6523
6524
6527
6527
6528
6528
6529
6528
6529
6530
6532
6534
6534
6535
6535
6536
6536
6536
6536
6536
6537
6539
6539
6543
6544
6544
6545
6546
6546
6546
6546
6546
6546
6546
6546
6546
6549
6550
6553
6553
6555
6555
6556
6557
6557
6557
6557
6557
6557
6557
6560
6561
6561
6562
6566
6567
6567
6567
6569
6574
6573
6573
6573
6573
6573
6576
6576
6576
6576
6577
6579
6580
6580
6580
6580
6580
6579
6579
6581
6581
6582
6582
6583
6583
6583
6584
6584
6584
6584
6584
6587
6587
6587
6587
6588
6588
6589
6589
6589
6590
6588
6588
6589
6589
6589
6587
6587
6587
6588
6592
6592
6593
6593
6597
6597
6597
6597
6599
6600
6600
6600
6601
6601
6601
6603
6609
6611
6611
6610
6611
6612
6612
6612
6613
6614
6614
6618
6619
6620
6622
6626
6626
6628
6628
6628
6628
6629
6629
6629
6628
6628
6628
6628
6628
6630
6629
6630
6631
6635
6638
6639
6639
6639
6641
6641
6641
6644
6645
6646
6645
6645
6645
6648
6650
6652
6650
6650
6651
6650
6650
6652
6653
6657
6658
6659
6660
6662
6666
6666
6666
6667
6667
6667
6667
6671
6672
6676
6678
6682
6682
6683
6683
6683
6683
6685
6687
6690
6691
6691
6691
6690
6690
6690
6691
6692
6693
6693
6694
6695
6696
6696
6698
6699
6703
6703
6704
6705
6705
6706
6706
6708
6708
6708
6709
6709
6712
6713
6714
6716
6716
6716
6716
6716
6716
6717
6717
6717
6717
6718
6717
6717
6720
6721
6722
6722
6722
6723
6724
6725
6726
6725
6725
6725
6725
6725
6725
6725
6727
6727
6727
6728
6729
6729
6730
6731
6731
6731
6731
6731
6730
6731
6731
6731
6734
6734
6734
6736
6738
6738
6739
6741
6740
6742
6742
6742
6743
6743
6745
6746
6746
6746
6747
6747
6747
6747
6746
6746
6749
6749
6750
6750
6750
6751
6753
6753
6753
6753
6753
6756
6758
6759
6759
6762
6764
6764
6764
6764
6764
6764
6764
6764
6767
6768
6773
6773
6773
6772
6772
6774
6774
6774
6774
6775
6775
6776
6777
6778
6779
6779
6779
6779
6782
6781
6781
6780
6779
6779
6779
6780
6780
6783
6787
6791
6792
6793
6794
6796
6797
6797
6797
6797
6797
6797
6798
6800
6800
6802
6803
6805
6805
6805
6805
6806
6806
6806
6811
6810
6809
6809
6810
6811
6813
6813
6814
6815
6816
6817
6816
6816
6816
6817
6819
6819
6819
6819
6819
6819
6819
6821
6822
6827
6827
6827
6829
6833
6833
6837
6841
6840
6842
6843
6844
6845
6845
6845
6845
6846
6848
6848
6848
6850
6850
6850
6850
6851
6851
6851
6851
6854
6855
6856
6856
6857
6857
6858
6859
6861
6864
6864
6865
6869
6869
6872
6872
6872
6871
6872
6872
6872
6872
6875
6875
6876
6876
6875
6875
6875
6875
6875
6876
6876
6877
6878
6878
6878
6878
6878
6878
6878
6878
6878
6879
6884
6884
6884
6884
6884
6886
6887
6887
6890
6891
6893
6894
6894
6894
6896
6899
6898
6898
6898
6900
6902
6902
6902
6902
6903
6904
6904
6906
6907
6909
6909
6909
6909
6909
6913
6915
6916
6918
6921
6921
6921
6921
6921
6921
6922
6922
6920
6920
6921
6921
6920
6920
6920
6920
6920
6920
6920
6920
6920
6920
6920
6922
6922
6923
6924
6924
6924
6924
6924
6924
6924
6927
6927
6928
6928
6928
6928
6929
6928
6928
6929
6930
6931
6935
6938
6940
6940
6941
6941
6941
6941
6943
6943
6943
6943
6943
6943
6943
6944
6944
6944
6944
6944
6944
6946
6946
6946
6947
6949
6949
6951
6951
6951
6951
6952
6953
6953
6955
6955
6956
6958
6959
6959
6959
6960
6960
6960
6961
6968
6968
6968
6968
6969
6969
6970
6969
6969
6970
6968
6968
6968
6968
6969
6969
6972
6972
6975
6976
6975
6976
6976
6976
6978
6980
6980
6984
6983
6983
6983
6983
6984
6984
6985
6985
6986
6986
6986
6987
6987
6990
6991
6996
6996
6997
6997
6998
6998
6999
7000
6999
6999
6999
7000
7000
7000
7000
7002
7002
7003
7003
7004
7004
7004
7004
7003
7006
7006
7006
7006
7006
7006
7007
7007
7006
7007
7008
7011
7011
7011
7011
7011
7011
7012
7012
7012
7016
7016
7017
7018
7018
7018
7019
7019
7019
7019
7019
7021
7021
7024
7024
7024
7023
7023
7023
7027
7030
7030
7032
7033
7036
7038
7040
7040
7040
7040
7040
7041
7041
7044
7044
7045
7047
7046
7046
7046
7048
7047
7048
7050
7050
7050
7050
7052
7055
7055
7060
7060
7061
7062
7063
7065
7066
7066
7066
7066
7067
7067
7067
7066
7066
7066
7069
7070
7072
7074
7075
7075
7076
7079
7080
7080
7084
7084
7085
7085
7088
7088
7089
7090
7093
7093
7093
7093
7093
7093
7093
7093
7094
7095
7095
7096
7097
7098
7098
7098
7098
7099
7101
7102
7102
7103
7103
7103
7103
7104
7104
7104
7104
7105
7105
7110
7110
7110
7110
7110
7110
7110
7110
7110
7112
7112
7115
7115
7119
7119
7119
7119
7120
7121
7122
7122
7124
7127
7128
7130
7130
7131
7131
7131
7131
7131
7132
7132
7133
7135
7135
7135
7135
7135
7135
7135
7135
7134
7134
7134
7134
7136
7136
7138
7138
7140
7142
7142
7144
7144
7145
7145
7145
7145
7149
7151
7150
7150
7150
7151
7151
7154
7155
7155
7155
7156
7156
7160
7160
7161
7162
7162
7162
7163
7163
7163
7163
7165
7165
7164
7165
7167
7167
7167
7172
7172
7172
7171
7171
7171
7170
7170
7170
7170
7174
7174
7176
7178
7178
7178
7177
7178
7179
7179
7180
7180
7180
7181
7181
7180
7183
7185
7185
7185
7186
7186
7186
7186
7186
7186
7188
7189
7189
7189
7189
7193
7192
7192
7192
7192
7192
7192
7193
7193
7193
7193
7193
7196
7196
7195
7195
7197
7197
7197
7198
7199
7201
7202
7202
7203
7203
7203
7203
7205
7207
7208
7209
7209
7209
7209
7209
7209
7209
7209
7208
7208
7209
7210
7211
7211
7212
7213
7213
7213
7215
7217
7217
7217
7218
7218
7218
7219
7219
7219
7219
7219
7220
7221
7221
7222
7222
7222
7222
7222
7222
7223
7223
7223
7223
7223
7223
7224
7224
7224
7226
7227
7227
7227
7227
7228
7228
7228
7228
7228
7228
7228
7228
7231
7231
7231
7231
7231
7231
7231
7235
7235
7237
7238
7239
7240
7240
7241
7242
7242
7241
7241
7241
7241
7241
7243
7244
7244
7245
7246
7246
7249
7249
7254
7254
7254
7255
7255
7255
7255
7255
7256
7256
7256
7256
7262
7262
7263
7263
7263
7263
7263
7262
7262
7262
7262
7263
7263
7264
7266
7266
7265
7265
7265
7266
7267
7268
7268
7269
7269
7269
7269
7270
7271
7272
7273
7272
7273
7273
7273
7275
7275
7276
7276
7276
7276
7276
7276
7276
7276
7276
7276
7276
7277
7277
7277
7277
7278
7278
7280
7282
7282
7282
7283
7283
7283
7284
7284
7287
7287
7287
7288
7293
7293
7295
7296
7296
7299
7299
7302
7302
7302
7304
7303
7304
7304
7304
7305
7304
7306
7306
7307
7307
7307
7306
7309
7309
7309
7309
7311
7311
7312
7313
7315
7315
7315
7316
7318
7320
7319
7319
7319
7319
7320
7320
7323
7323
7325
7329
7329
7329
7329
7329
7330
7332
7332
7332
7332
7332
7332
7332
7334
7339
7339
7338
7338
7338
7338
7338
7340
7345
7347
7347
7348
7348
7348
7348
7350
7349
7348
7347
7348
7348
7348
7348
7348
7348
7348
7349
7353
7353
7353
7353
7362
7364
7367
7367
7367
7367
7367
7368
7368
7367
7366
7365
7365
7365
7368
7369
7369
7370
7371
7371
7371
7372
7374
7374
7374
7376
7375
7375
7375
7375
7375
7375
7375
7375
7375
7377
7377
7377
7378
7378
7378
7378
7379
7380
7380
7381
7381
7381
7381
7381
7381
7380
7381
7384
7384
7384
7389
7389
7389
7390
7390
7393
7395
7396
7396
7398
7398
7398
7399
7399
7400
7400
7400
7401
7403
7404
7406
7405
7405
7405
7405
7405
7405
7405
7404
7405
7405
7408
7408
7408
7408
7408
7408
7408
7410
7410
7410
7410
7412
7411
7411
7413
7418
7418
7418
7418
7418
7420
7420
7420
7420
7420
7420
7420
7420
7422
7425
7427
7427
7427
7427
7427
7428
7428
7429
7429
7429
7428
7428
7428
7428
7428
7429
7429
7433
7433
7435
7435
7435
7437
7439
7439
7438
7439
7440
7441
7441
7441
7441
7442
7442
7442
7441
7440
7441
7441
7445
7446
7446
7448
7449
7452
7452
7451
7451
7455
7455
7454
7456
7456
7456
7458
7459
7459
7461
7461
7461
7462
7462
7461
7464
7464
7464
7464
7465
7465
7466
7466
7466
7467
7467
7467
7467
7467
7467
7468
7468
7470
7473
7475
7475
7475
7475
7476
7474
7474
7475
7475
7475
7476
7476
7476
7477
7477
7481
7482
7481
7483
7485
7485
7486
7487
7487
7490
7491
7491
7492
7492
7492
7494
7496
7498
7499
7499
7499
7500
7501
7503
7503
7504
7505
7505
7505
7507
7507
7507
7507
7507
7510
7511
7514
7514
7515
7516
7517
7517
7517
7518
7519
7517
7517
7519
7523
7523
7523
7524
7525
7526
7526
7527
7527
7527
7528
7530
7532
7531
7531
7531
7533
7533
7534
7533
7534
7534
7534
7536
7535
7535
7535
7537
7538
7541
7541
7541
7541
7543
7544
7544
7545
7545
7547
7547
7547
7547
7547
7548
7548
7550
7549
7550
7550
7552
7553
7553
7554
7554
7554
7556
7556
7557
7557
7560
7560
7561
7561
7561
7564
7565
7565
7566
7567
7568
7568
7571
7571
7574
7575
7575
7575
7576
7577
7580
7581
7582
7583
7583
7583
7583
7585
7585
7588
7588
7588
7588
7589
7591
7591
7591
7590
7592
7593
7593
7594
7594
7594
7598
7599
7599
7599
7597
7597
7597
7598
7598
7598
7601
7602
7604
7605
7605
7605
7607
7607
7607
7607
7608
7607
7608
7608
7609
7608
7609
7609
7609
7611
7615
7617
7617
7619
7619
7619
7621
7621
7621
7620
7621
7624
7624
7625
7625
7625
7626
7626
7627
7627
7627
7627
7627
7627
7626
7628
7628
7627
7627
7627
7630
7630
7630
7629
7629
7629
7629
7629
7629
7629
7629
7629
7629
7629
7630
7630
7630
7631
7632
7630
7631
7631
7632
7632
7637
7637
7637
7640
7643
7643
7643
7643
7643
7643
7643
7644
7644
7644
7644
7644
7644
7645
7645
7645
7645
7644
7644
7645
7645
7644
7644
7645
7645
7646
7646
7646
7646
7646
7646
7646
7648
7648
7648
7648
7649
7649
7650
7655
7658
7659
7659
7659
7659
7659
7659
7659
7660
7660
7661
7662
7662
7662
7662
7662
7662
7664
7666
7670
7672
7672
7674
7675
7676
7676
7676
7676
7678
7679
7679
7679
7687
7690
7693
7694
7695
7698
7699
7703
7704
7706
7710
7712
7712
7712
7715
7715
7715
7715
7717
7718
7719
7719
7722
7721
7723
7723
7727
7732
7734
7734
7736
7736
7736
7737
7737
7737
7738
7739
7739
7740
7740
7740
7743
7743
7743
7743
7743
7747
7748
7750
7750
7750
7750
7752
7753
7754
7754
7754
7754
7755
7756
7756
7756
7762
7763
7763
7762
7763
7763
7768
7768
7769
7769
7767
7767
7767
7767
7767
7768
7768
7768
7767
7767
7767
7767
7767
7767
7767
7768
7768
7768
7768
7769
7769
7771
7772
7772
7772
7772
7773
7773
7777
7777
7781
7781
7780
7780
7782
7781
7781
7781
7783
7784
7785
7788
7788
7788
7789
7789
7790
7791
7792
7793
7794
7793
7792
7792
7792
7794
7795
7796
7797
7799
7799
7799
7800
7800
7800
7800
7802
7803
7803
7803
7803
7804
7804
7804
7804
7807
7809
7810
7809
7807
7807
7808
7808
7808
7808
7808
7808
7810
7810
7811
7811
7811
7812
7812
7812
7814
7816
7817
7818
7818
7818
7823
7823
7823
7823
7823
7825
7825
7825
7826
7826
7826
7827
7827
7827
7828
7828
7829
7830
7830
7830
7830
7831
7834
7834
7836
7837
7836
7836
7836
7836
7836
7836
7842
7843
7845
7844
7845
7844
7844
7844
7844
7847
7847
7847
7848
7848
7849
7849
7849
7853
7854
7854
7855
7856
7857
7858
7857
7858
7858
7860
7860
7860
7860
7862
7862
7861
7863
7864
7864
7865
7866
7866
7866
7867
7868
7868
7868
7868
7868
7867
7867
7867
7868
7868
7868
7868
7867
7867
7867
7868
7869
7869
7869
7869
7870
7872
7874
7874
7877
7882
7884
7884
7885
7885
7885
7885
7886
7887
7888
7888
7889
7890
7890
7890
7891
7893
7896
7896
7897
7900
7901
7903
7903
7903
7904
7905
7905
7905
7906
7910
7912
7914
7915
7914
7914
7914
7914
7916
7917
7916
7917
7917
7917
7917
7917
7917
7918
7919
7922
7922
7922
7923
7924
7924
7926
7926
7925
7925
7925
7925
7925
7925
7925
7925
7925
7926
7928
7929
7929
7930
7931
7931
7931
7931
7931
7931
7931
7931
7934
7937
7939
7939
7948
7948
7949
7949
7951
7951
7951
7951
7951
7951
7953
7953
7959
7962
7962
7963
7966
7968
7968
7969
7971
7973
7973
7974
7975
7978
7981
7981
7981
7981
7983
7985
7987
7992
7992
7993
7993
7993
7993
7995
7995
7995
7995
7996
7996
7996
7996
7996
7996
7997
7998
7998
7998
7998
8001
8001
8001
8001
8001
8000
8002
8002
8002
8003
8003
8003
8002
8002
8003
8003
8003
8003
8002
8002
8003
8003
8004
8004
8004
8005
8006
8006
8006
8006
8007
8007
8007
8007
8008
8008
8009
8011
8011
8011
8012
8011
8012
8013
8013
8014
8014
8014
8016
8017
8019
8019
8019
8018
8018
8019
8019
8019
8019
8019
8020
8021
8021
8022
8022
8022
8022
8022
8023
8023
8022
8021
8025
8025
8026
8026
8026
8026
8026
8026
8027
8029
8029
8030
8029
8030
8030
8031
8031
8032
8032
8033
8032
8032
8032
8032
8032
8032
8033
8033
8033
8033
8034
8034
8035
8035
8035
8035
8034
8034
8035
8035
8035
8036
8036
8037
8037
8040
8041
8042
8042
8044
8050
8050
8049
8049
8049
8049
8049
8049
8049
8049
8050
8050
8051
8051
8051
8051
8052
8052
8052
8053
8056
8057
8058
8058
8058
8059
8059
8058
8058
8059
8060
8061
8062
8062
8062
8062
8062
8066
8067
8067
8068
8068
8068
8068
8068
8067
8067
8067
8068
8069
8070
8074
8074
8078
8081
8081
8081
8082
8082
8084
8085
8084
8086
8086
8087
8088
8091
8091
8090
8090
8090
8091
8092
8093
8093
8093
8093
8093
8093
8093
8096
8097
8097
8098
8097
8097
8097
8097
8099
8101
8101
8101
8101
8101
8101
8101
8101
8101
8102
8102
8102
8103
8108
8108
8108
8108
8109
8109
8108
8108
8109
8109
8109
8110
8110
8112
8112
8112
8114
8114
8114
8114
8114
8114
8117
8117
8117
8117
8118
8118
8119
8119
8119
8120
8119
8119
8121
8122
8123
8125
8125
8124
8125
8126
8126
8126
8126
8126
8126
8127
8127
8129
8129
8127
8128
8129
8131
8132
8135
8136
8136
8136
8136
8136
8136
8136
8136
8136
8136
8136
8138
8138
8137
8137
8140
8140
8141
8142
8145
8145
8145
8147
8149
8149
8149
8150
8150
8151
8154
8155
8155
8155
8157
8160
8161
8161
8161
8162
8162
8162
8162
8163
8164
8165
8165
8165
8166
8165
8165
8165
8164
8164
8166
8169
8168
8169
8170
8172
8173
8172
8172
8172
8171
8171
8171
8172
8172
8172
8172
8177
8177
8177
8177
8177
8177
8177
8179
8183
8183
8183
8184
8184
8184
8184
8185
8184
8184
8184
8183
8183
8183
8184
8185
8187
8187
8186
8187
8188
8190
8190
8190
8191
8191
8192
8192
8192
8192
8192
8192
8192
8193
8193
8193
8193
8193
8193
8193
8193
8193
8193
8193
8193
8193
8194
8194
8194
8193
8193
8193
8194
8194
8197
8197
8196
8196
8196
8197
8197
8199
8199
8201
8202
8202
8203
8203
8203
8203
8203
8204
8205
8205
8205
8203
8205
8207
8207
8208
8209
8209
8209
8213
8213
8213
8215
8215
8216
8217
8219
8219
8219
8221
8221
8222
8222
8223
8225
8225
8226
8227
8228
8228
8228
8231
8231
8235
8235
8239
8239
8239
8240
8241
8242
8243
8244
8244
8244
8244
8244
8245
8247
8250
8252
8253
8253
8253
8256
8256
8257
8256
8257
8257
8256
8257
8257
8257
8263
8263
8265
8264
8264
8264
8268
8269
8270
8270
8270
8272
8275
8278
8279
8279
8279
8279
8285
8285
8285
8285
8287
8288
8290
8291
8293
8293
8293
8293
8294
8294
8294
8295
8296
8297
8297
8297
8297
8298
8298
8298
8297
8297
8297
8297
8297
8299
8301
8301
8303
8303
8303
8303
8303
8304
8305
8305
8305
8306
8306
8306
8308
8309
8309
8308
8309
8311
8311
8311
8312
8312
8312
8312
8313
8313
8313
8313
8312
8312
8312
8312
8312
8314
8315
8316
8316
8316
8317
8318
8318
8321
8321
8321
8324
8326
8326
8326
8326
8326
8327
8326
8327
8327
8329
8331
8331
8331
8331
8332
8332
8332
8332
8333
8333
8333
8334
8335
8335
8335
8335
8336
8337
8337
8339
8339
8341
8340
8340
8342
8343
8343
8344
8346
8347
8347
8347
8347
8347
8347
8349
8350
8350
8353
8354
8354
8354
8355
8356
8356
8356
8357
8359
8361
8362
8362
8362
8362
8362
8362
8362
8364
8363
8363
8364
8366
8366
8366
8366
8366
8366
8366
8366
8367
8368
8368
8369
8372
8372
8373
8373
8374
8376
8375
8377
8377
8378
8378
8377
8380
8380
8382
8382
8384
8385
8386
8387
8387
8387
8388
8388
8388
8389
8389
8388
8388
8389
8389
8389
8391
8391
8392
8392
8392
8392
8392
8394
8394
8394
8396
8398
8398
8399
8399
8399
8399
8399
8400
8402
8402
8403
8403
8404
8406
8406
8406
8406
8406
8410
8410
8411
8413
8413
8413
8413
8415
8415
8415
8420
8420
8423
8423
8423
8425
8427
8427
8428
8427
8427
8427
8427
8425
8425
8425
8425
8426
8428
8428
8431
8431
8431
8432
8434
8434
8436
8436
8437
8437
8437
8437
8437
8437
8437
8437
8437
8437
8438
8438
8441
8441
8442
8442
8442
8441
8440
8441
8442
8446
8448
8448
8448
8448
8450
8450
8453
8458
8458
8460
8459
8460
8460
8463
8463
8464
8465
8465
8466
8466
8467
8468
8469
8469
8469
8469
8471
8473
8473
8473
8473
8473
8473
8473
8473
8473
8477
8477
8478
8481
8486
8486
8489
8488
8488
8486
8488
8493
8493
8495
8495
8495
8500
8502
8501
8501
8500
8501
8501
8502
8502
8502
8504
8506
8507
8508
8509
8509
8510
8510
8510
8511
8511
8511
8511
8512
8514
8514
8514
8513
8513
8514
8515
8515
8517
8520
8520
8524
8529
8530
8530
8531
8533
8533
8532
8532
8532
8533
8532
8533
8534
8534
8536
8536
8536
8536
8537
8537
8537
8537
8537
8542
8543
8543
8543
8542
8542
8542
8543
8543
8545
8545
8545
8545
8549
8549
8550
8550
8552
8551
8551
8551
8551
8552
8553
8553
8553
8554
8554
8554
8555
8556
8556
8556
8556
8556
8556
8561
8562
8562
8562
8562
8562
8562
8565
8565
8565
8565
8565
8567
8567
8566
8566
8566
8567
8567
8567
8568
8568
8569
8569
8569
8569
8570
8573
8575
8578
8577
8577
8577
8577
8578
8581
8581
8588
8588
8590
8590
8590
8590
8594
8595
8598
8600
8600
8600
8599
8600
8600
8600
8601
8601
8601
8600
8601
8603
8603
8604
8605
8605
8605
8607
8605
8605
8606
8606
8606
8607
8610
8610
8611
8612
8622
8622
8622
8623
8623
8625
8627
8628
8628
8628
8628
8628
8630
8630
8630
8630
8633
8634
8635
8635
8635
8638
8638
8639
8639
8640
8641
8641
8642
8644
8644
8644
8644
8644
8646
8647
8648
8649
8649
8652
8653
8653
8654
8654
8654
8656
8656
8656
8656
8656
8658
8659
8661
8662
8661
8661
8661
8662
8662
8663
8664
8664
8666
8668
8668
8670
8671
8671
8671
8674
8674
8676
8676
8675
8674
8674
8676
8680
8681
8681
8681
8681
8681
8681
8681
8681
8683
8683
8683
8683
8683
8684
8685
8685
8685
8686
8686
8686
8686
8688
8688
8688
8690
8693
8693
8693
8693
8693
8695
8695
8695
8700
8700
8703
8703
8706
8706
8706
8706
8706
8707
8708
8711
8711
8712
8712
8712
8712
8714
8715
8715
8716
8716
8716
8717
8717
8717
8717
8720
8720
8720
8720
8720
8720
8720
8721
8721
8724
8725
8727
8727
8727
8727
8726
8730
8730
8730
8730
8732
8730
8731
8732
8733
8733
8733
8732
8732
8732
8734
8737
8738
8739
8741
8741
8741
8741
8741
8743
8744
8745
8746
8744
8745
8746
8747
8748
8748
8748
8747
8747
8747
8747
8746
8749
8748
8748
8749
8748
8748
8748
8748
8748
8750
8751
8752
8753
8753
8753
8753
8754
8754
8754
8755
8754
8754
8754
8754
8755
8755
8757
8757
8757
8758
8762
8762
8762
8763
8763
8763
8766
8765
8765
8767
8769
8769
8770
8771
8771
8774
8774
8775
8775
8775
8777
8777
8777
8778
8778
8779
8779
8782
8782
8784
8784
8785
8786
8788
8788
8788
8788
8788
8788
8786
8786
8787
8788
8788
8788
8788
8788
8788
8787
8788
8791
8792
8792
8792
8792
8796
8796
8802
8801
8803
8804
8804
8804
8804
8806
8805
8805
8805
8804
8805
8805
8807
8807
8809
8808
8808
8811
8812
8812
8814
8814
8815
8815
8815
8817
8817
8816
8815
8815
8816
8817
8821
8826
8826
8827
8827
8828
8828
8831
8831
8831
8831
8831
8830
8831
8831
8832
8838
8838
8839
8839
8840
8841
8843
8843
8843
8842
8845
8846
8849
8850
8853
8855
8858
8858
8858
8858
8863
8864
8866
8866
8867
8867
8867
8868
8868
8868
8869
8871
8871
8872
8872
8872
8875
8875
8875
8875
8875
8875
8875
8875
8877
8876
8876
8876
8876
8877
8877
8877
8877
8877
8878
8878
8878
8878
8878
8879
8880
8886
8887
8889
8889
8889
8888
8889
8889
8889
8889
8889
8889
8891
8891
8891
8891
8891
8891
8892
8893
8895
8894
8895
8895
8895
8893
8896
8897
8896
8896
8896
8898
8898
8898
8898
8899
8899
8899
8900
8902
8903
8907
8907
8907
8907
8908
8907
8907
8907
8907
8907
8907
8907
8908
8909
8909
8909
8910
8911
8910
8911
8912
8913
8913
8913
8913
8916
8916
8916
8916
8918
8922
8923
8925
8925
8925
8925
8926
8926
8929
8929
8930
8930
8930
8930
8930
8930
8932
8933
8933
8933
8933
8935
8935
8936
8937
8938
8938
8940
8941
8942
8942
8944
8944
8946
8946
8949
8949
8950
8950
8950
8950
8950
8950
8950
8951
8952
8954
8954
8956
8957
8957
8958
8959
8959
8960
8960
8961
8962
8962
8962
8962
8962
8963
8963
8964
8964
8967
8967
8967
8967
8967
8966
8967
8967
8968
8969
8969
8969
8970
8969
8974
8975
8975
8979
8980
8982
8982
8982
8982
8982
8982
8981
8983
8983
8983
8983
8983
8983
8984
8984
8984
8985
8986
8987
8987
8993
8993
8993
8996
8996
8996
8997
8995
8995
8995
8998
8998
9001
9000
9000
9000
9000
9001
9006
9008
9008
9008
9007
9007
9008
9008
9008
9008
9009
9009
9012
9012
9012
9012
9012
9013
9014
9014
9014
9014
9017
9018
9018
9017
9019
9019
9019
9023
9024
9027
9027
9027
9028
9028
9029
9029
9029
9031
9032
9029
9028
9031
9032
9032
9032
9033
9034
9034
9034
9036
9037
9037
9036
9037
9038
9037
9038
9038
9038
9038
9038
9038
9038
9037
9041
9041
9042
9044
9044
9044
9045
9045
9045
9045
9044
9046
9046
9046
9048
9049
9049
9049
9050
9052
9052
9052
9052
9052
9052
9052
9053
9054
9054
9057
9058
9058
9060
9060
9062
9062
9063
9064
9065
9065
9065
9069
9070
9070
9070
9070
9070
9071
9071
9072
9071
9072
9072
9073
9074
9076
9078
9078
9078
9078
9079
9080
9080
9080
9081
9082
9082
9084
9084
9084
9086
9086
9088
9088
9089
9098
9098
9099
9099
9100
9102
9104
9105
9106
9107
9107
9111
9111
9115
9117
9117
9118
9118
9119
9119
9120
9119
9119
9119
9118
9118
9121
9120
9122
9125
9124
9125
9125
9128
9127
9129
9129
9131
9131
9131
9131
9132
9132
9132
9133
9134
9135
9135
9135
9135
9136
9136
9136
9136
9136
9136
9139
9141
9141
9141
9142
9142
9143
9143
9145
9145
9145
9145
9150
9152
9153
9153
9153
9156
9156
9156
9156
9156
9157
9158
9158
9161
9162
9162
9162
9162
9162
9163
9163
9163
9164
9165
9168
9169
9171
9171
9171
9170
9171
9171
9171
9171
9171
9173
9174
9177
9177
9177
9179
9179
9179
9180
9180
9179
9179
9178
9178
9179
9180
9180
9182
9182
9182
9182
9183
9186
9187
9188
9188
9188
9191
9192
9192
9194
9194
9194
9193
9193
9193
9195
9196
9196
9196
9196
9197
9199
9199
9199
9199
9206
9209
9209
9211
9211
9211
9211
9211
9211
9213
9214
9214
9214
9216
9216
9216
9216
9216
9216
9217
9217
9217
9219
9220
9221
9222
9223
9226
9226
9226
9225
9225
9226
9227
9227
9227
9227
9227
9227
9227
9228
9228
9229
9229
9230
9230
9232
9232
9234
9234
9234
9234
9234
9234
9234
9234
9234
9233
9235
9235
9236
9236
9237
9238
9238
9240
9240
9240
9240
9239
9240
9240
9240
9241
9243
9245
9245
9245
9245
9245
9245
9245
9247
9248
9249
9249
9249
9248
9248
9248
9248
9248
9249
9248
9250
9251
9253
9253
9256
9259
9261
9261
9263
9264
9265
9265
9265
9266
9266
9266
9267
9267
9269
9269
9269
9272
9273
9275
9275
9275
9275
9275
9276
9276
9276
9278
9278
9281
9281
9281
9281
9281
9281
9283
9284
9284
9285
9286
9287
9287
9287
9287
9285
9285
9285
9285
9287
9287
9291
9291
9292
9294
9297
9296
9299
9299
9299
9301
9301
9301
9301
9301
9301
9301
9300
9301
9302
9302
9302
9303
9303
9303
9303
9303
9302
9302
9304
9304
9304
9304
9304
9305
9305
9305
9305
9306
9307
9307
9307
9307
9306
9306
9304
9304
9304
9304
9306
9309
9309
9310
9310
9310
9312
9312
9313
9313
9313
9313
9314
9315
9314
9315
9316
9316
9316
9316
9316
9316
9318
9321
9321
9321
9321
9322
9323
9323
9323
9324
9326
9327
9329
9330
9330
9331
9331
9332
9332
9333
9333
9333
9333
9334
9334
9336
9336
9336
9334
9334
9334
9333
9334
9334
9334
9334
9335
9337
9339
9342
9342
9342
9342
9343
9345
9346
9346
9346
9347
9347
9346
9346
9346
9346
9348
9348
9349
9352
9350
9350
9351
9352
9354
9354
9354
9354
9354
9354
9354
9354
9355
9356
9356
9356
9356
9361
9361
9361
9363
9363
9363
9363
9363
9365
9365
9365
9365
9367
9368
9368
9368
9369
9369
9369
9369
9369
9369
9367
9367
9367
9367
9367
9370
9373
9373
9373
9374
9374
9374
9376
9376
9378
9378
9379
9379
9379
9380
9380
9382
9382
9382
9388
9387
9387
9392
9393
9393
9393
9391
9390
9390
9390
9390
9390
9390
9391
9391
9391
9392
9391
9393
9393
9394
9395
9395
9399
9404
9405
9406
9408
9411
9412
9412
9411
9411
9411
9411
9411
9411
9414
9415
9415
9415
9419
9421
9422
9423
9423
9423
9423
9424
9424
9424
9426
9427
9429
9429
9431
9432
9432
9432
9432
9431
9432
9432
9434
9435
9438
9438
9439
9441
9440
9440
9440
9439
9439
9438
9439
9439
9439
9439
9438
9439
9440
9441
9441
9441
9441
9441
9441
9441
9442
9442
9442
9441
9441
9441
9442
9444
9444
9444
9444
9444
9444
9444
9445
9445
9445
9445
9446
9447
9446
9444
9444
9444
9444
9445
9445
9450
9450
9452
9452
9453
9453
9453
9453
9453
9453
9453
9454
9454
9457
9457
9457
9455
9460
9461
9461
9461
9462
9462
9464
9464
9464
9462
9462
9462
9462
9465
9466
9466
9467
9468
9469
9469
9468
9468
9469
9471
9472
9473
9473
9473
9475
9475
9475
9478
9480
9482
9483
9484
9486
9488
9489
9489
9490
9492
9493
9493
9492
9492
9492
9493
9494
9494
9495
9496
9496
9496
9498
9497
9497
9497
9498
9498
9501
9501
9501
9502
9501
9500
9499
9499
9504
9504
9504
9505
9505
9505
9506
9507
9507
9506
9508
9507
9507
9508
9508
9508
9508
9509
9510
9511
9514
9515
9515
9515
9519
9519
9519
9522
9524
9525
9525
9525
9527
9527
9528
9528
9528
9529
9529
9530
9531
9531
9531
9533
9533
9534
9534
9535
9535
9535
9536
9541
9542
9543
9547
9547
9548
9548
9549
9549
9549
9550
9551
9553
9553
9553
9553
9553
9553
9554
9555
9554
9555
9555
9555
9555
9555
9557
9558
9559
9559
9559
9559
9560
9561
9561
9561
9561
9564
9564
9565
9565
9565
9565
9567
9568
9568
9568
9568
9567
9567
9568
9568
9568
9569
9572
9573
9573
9573
9573
9575
9575
9577
9577
9576
9577
9578
9579
9580
9580
9582
9582
9582
9582
9582
9583
9583
9583
9582
9582
9584
9584
9585
9585
9585
9585
9585
9587
9587
9588
9588
9588
9588
9588
9589
9589
9589
9588
9588
9587
9587
9592
9598
9601
9601
9601
9601
9601
9601
9601
9601
9601
9601
9601
9601
9600
9600
9603
9604
9605
9608
9609
9613
9614
9616
9616
9617
9617
9617
9616
9616
9617
9617
9617
9617
9618
9618
9619
9619
9619
9619
9619
9620
9619
9619
9619
9619
9620
9623
9627
9627
9626
9628
9628
9629
9628
9629
9630
9631
9631
9631
9631
9631
9632
9633
9635
9635
9636
9636
9638
9637
9638
9639
9639
9639
9641
9642
9642
9642
9642
9643
9644
9646
9646
9646
9646
9646
9646
9648
9648
9648
9649
9649
9649
9649
9651
9652
9652
9653
9653
9653
9653
9653
9653
9653
9653
9655
9656
9658
9658
9658
9658
9658
9658
9659
9659
9659
9659
9660
9660
9660
9662
9662
9663
9663
9662
9662
9661
9661
9661
9661
9661
9661
9661
9662
9665
9666
9673
9673
9673
9677
9678
9679
9679
9680
9680
9680
9680
9681
9680
9680
9679
9681
9681
9681
9684
9684
9684
9685
9685
9686
9687
9691
9691
9691
9691
9694
9694
9694
9694
9694
9694
9694
9695
9695
9696
9696
9696
9696
9699
9701
9700
9700
9700
9700
9701
9701
9701
9702
9702
9705
9705
9708
9708
9708
9708
9708
9707
9709
9714
9714
9716
9716
9717
9717
9717
9716
9716
9717
9717
9717
9717
9718
9717
9717
9717
9718
9718
9718
9718
9721
9721
9721
9722
9722
9721
9723
9724
9724
9724
9725
9725
9726
9727
9727
9727
9727
9728
9728
9728
9728
9728
9727
9731
9731
9731
9732
9732
9733
9731
9732
9732
9731
9731
9731
9733
9734
9734
9734
9736
9736
9736
9738
9738
9740
9741
9743
9744
9744
9744
9744
9744
9744
9743
9744
9744
9744
9746
9750
9750
9752
9753
9754
9754
9755
9755
9755
9755
9755
9756
9756
9755
9755
9755
9757
9757
9757
9757
9757
9763
9763
9764
9765
9765
9765
9765
9765
9767
9767
9773
9774
9774
9774
9774
9776
9776
9777
9777
9777
9778
9778
9777
9780
9780
9780
9780
9783
9783
9781
9782
9786
9786
9789
9789
9793
9793
9792
9792
9793
9793
9795
9796
9797
9797
9797
9797
9798
9798
9798
9798
9798
9798
9797
9797
9798
9798
9798
9797
9797
9797
9797
9797
9797
9796
9796
9801
9803
9802
9803
9803
9803
9804
9804
9804
9804
9804
9804
9804
9804
9804
9807
9806
9806
9807
9807
9808
9808
9808
9810
9810
9810
9810
9810
9810
9810
9810
9810
9811
9810
9811
9812
9812
9812
9812
9812
9812
9812
9812
9812
9814
9813
9813
9814
9814
9815
9815
9815
9814
9814
9814
9814
9814
9817
9817
9817
9817
9820
9820
9821
9821
9821
9821
9821
9821
9821
9821
9821
9821
9821
9821
9826
9830
9830
9830
9830
9830
9830
9831
9831
9829
9829
9829
9830
9830
9830
9832
9832
9831
9829
9829
9829
9829
9832
9832
9833
9832
9832
9832
9832
9833
9833
9835
9837
9837
9839
9844
9845
9846
9845
9845
9846
9847
9846
9845
9845
9844
9843
9843
9846
9846
9847
9848
9849
9849
9849
9846
9847
9847
9847
9847
9851
9851
9851
9856
9857
9857
9856
9856
9856
9858
9859
9860
9860
9860
9862
9862
9862
9862
9862
9863
9865
9865
9866
9866
9866
9866
9866
9870
9870
9871
9871
9873
9876
9876
9877
9877
9877
9878
9877
9881
9881
9881
9881
9884
9884
9884
9885
9885
9888
9889
9889
9895
9896
9895
9900
9900
9900
9901
9901
9903
9906
9907
9907
9907
9908
9908
9909
9911
9911
9911
9911
9911
9912
9913
9913
9913
9914
9913
9913
9913
9912
9912
9912
9912
9913
9913
9914
9914
9914
9914
9914
9915
9915
9917
9918
9918
9918
9918
9918
9919
9920
9921
9921
9921
9921
9921
9923
9923
9923
9927
9927
9927
9928
9928
9928
9928
9928
9928
9929
9934
9934
9935
9934
9934
9934
9934
9934
9936
9936
9939
9939
9940
9940
9940
9940
9940
9939
9940
9940
9941
9941
9941
9940
9942
9942
9943
9944
9945
9945
9951
9952
9954
9954
9954
9959
9959
9961
9962
9962
9962
9962
9962
9963
9963
9964
9964
9964
9964
9964
9963
9966
9966
9968
9968
9969
9970
9970
9970
9970
9972
9975
9975
9976
9979
9982
9982
9985
9985
9985
9987
9989
9989
9989
9990
9994
9994
9993
9993
9993
9993
9994
9994
9995
9996
9996
9996
9996
9997
9999
10000
10000
10000
10000
10000
10000
10001
10001
10001
10002
10004
10004
10008
10008
10008
10010
10010
10010
10010
10012
10014
10016
10017
10018
10018
10020
10020
10020
10020
10020
10021
10022
10024
10025
10024
10023
10024
10026
10025
10025
10028
10029
10029
10029
10030
10029
10029
10033
10033
10033
10033
10034
10037
10037
10037
10037
10037
10036
10036
10039
10042
10044
10045
10045
10045
10046
10046
10047
10049
10049
10051
10051
10051
10051
10051
10051
10051
10052
10052
10052
10053
10053
10054
10054
10057
10057
10058
10058
10058
10062
10061
10062
10062
10064
10064
10064
10064
10065
10065
10064
10068
10068
10068
10073
10077
10077
10079
10079
10080
10080
10080
10080
10078
10078
10078
10078
10078
10078
10078
10079
10079
10078
10078
10078
10076
10076
10076
10076
10077
10078
10078
10078
10078
10078
10081
10083
10084
10084
10083
10083
10083
10083
10083
10083
10085
10086
10086
10085
10087
10089
10091
10095
10096
10096
10096
10096
10096
10096
10096
10101
10102
10103
10104
10105
10105
10105
10105
10105
10104
10104
10103
10103
10104
10104
10104
10105
10105
10103
10105
10105
10106
10107
10107
10108
10110
10109
10110
10110
10111
10111
10111
10111
10113
10113
10113
10113
10116
10115
10115
10115
10116
10116
10118
10118
10118
10118
10118
10118
10119
10119
10121
10121
10121
10123
10124
10124
10124
10123
10125
10125
10125
10127
10127
10127
10126
10126
10126
10127
10127
10127
10127
10128
10128
10129
10129
10130
10131
10130
10130
10131
10135
10137
10138
10138
10138
10139
10139
10141
10141
10143
10143
10144
10144
10144
10144
10145
10145
10146
10146
10147
10148
10148
10149
10149
10150
10151
10152
10152
10154
10153
10153
10155
10155
10155
10155
10155
10155
10157
10157
10156
10156
10156
10158
10158
10158
10162
10162
10162
10162
10162
10164
10164
10168
10167
10167
10166
10167
10167
10167
10167
10167
10168
10169
10171
10173
10173
10174
10174
10174
10174
10174
10174
10174
10174
10173
10172
10172
10174
10174
10175
10177
10181
10181
10182
10182
10182
10181
10184
10184
10185
10185
10185
10186
10187
10187
10186
10188
10188
10188
10188
10188
10188
10190
10190
10191
10192
10191
10191
10193
10193
10193
10194
10194
10194
10194
10194
10194
10195
10196
10196
10195
10195
10195
10197
10197
10197
10196
10196
10196
10195
10196
10194
10195
10195
10197
10197
10197
10196
10196
10196
10196
10197
10197
10197
10199
10199
10199
10199
10200
10200
10199
10199
10201
10202
10204
10203
10203
10202
10201
10202
10204
10205
10205
10205
10206
10206
10207
10207
10207
10207
10208
10209
10209
10209
10209
10211
10212
10212
10212
10212
10212
10214
10215
10215
10214
10214
10214
10214
10215
10216
10216
10216
10216
10217
10217
10217
10217
10218
10218
10218
10218
10218
10218
10219
10218
10218
10218
10218
10218
10220
10221
10221
10222
10222
10222
10222
10222
10221
10223
10223
10225
10225
10225
10224
10224
10225
10225
10225
10225
10225
10225
10225
10225
10224
10225
10226
10228
10229
10229
10230
10231
10232
10232
10232
10232
10233
10233
10233
10233
10235
10236
10236
10237
10238
10238
10239
10238
10238
10238
10238
10238
10238
10242
10242
10243
10244
10244
10244
10244
10244
10244
10245
10246
10245
10246
10246
10247
10248
10249
10249
10250
10250
10250
10251
10253
10251
10251
10253
10253
10254
10254
10254
10254
10255
10255
10257
10257
10256
10256
10255
10255
10255
10255
10255
10255
10255
10255
10255
10255
10255
10255
10254
10254
10256
10259
10259
10259
10259
10260
10259
10259
10259
10261
10262
10262
10262
10263
10264
10264
10264
10263
10263
10264
10265
10266
10267
10271
10271
10272
10272
10272
10273
10273
10274
10274
10273
10273
10273
10273
10273
10272
10272
10272
10272
10272
10273
10273
10273
10274
10278
10279
10277
10276
10276
10277
10277
10277
10278
10282
10282
10285
10285
10286
10286
10286
10287
10287
10289
10289
10289
10289
10291
10291
10291
10291
10291
10291
10290
10290
10290
10290
10292
10292
10292
10292
10292
10292
10292
10292
10294
10294
10296
10299
10299
10299
10298
10299
10299
10299
10298
10298
10296
10298
10298
10299
10300
10301
10302
10303
10303
10304
10305
10305
10305
10305
10306
10306
10308
10308
10311
10311
10311
10314
10313
10313
10313
10313
10313
10314
10314
10315
10314
10314
10317
10317
10320
10319
10319
10319
10319
10320
10321
10323
10322
10322
10322
10322
10322
10322
10321
10322
10322
10323
10325
10324
10324
10325
10326
10327
10327
10328
10327
10328
10329
10329
10331
10331
10332
10333
10333
10333
10335
10336
10339
10341
10341
10343
10343
10343
10343
10343
10342
10343
10343
10343
10345
10345
10344
10344
10346
10346
10346
10346
10346
10348
10348
10349
10351
10351
10351
10351
10351
10351
10353
10354
10354
10354
10353
10353
10353
10355
10355
10355
10356
10356
10356
10356
10356
10361
10361
10363
10363
10364
10365
10365
10369
10369
10369
10369
10369
10370
10370
10370
10369
10369
10369
10373
10373
10373
10373
10373
10373
10373
10373
10373
10373
10373
10371
10371
10371
10371
10371
10373
10374
10374
10374
10373
10373
10374
10374
10374
10374
10374
10374
10375
10380
10380
10381
10382
10382
10382
10382
10384
10384
10386
10390
10390
10390
10391
10390
10390
10391
10391
10391
10391
10390
10389
10389
10389
10389
10391
10391
10391
10392
10393
10393
10394
10394
10395
10395
10395
10395
10395
10395
10395
10395
10395
10397
10399
10399
10399
10399
10400
10400
10400
10402
10402
10403
10403
10406
10407
10407
10407
10407
10410
10411
10411
10411
10411
10412
10412
10412
10412
10412
10412
10412
10414
10414
10415
10415
10415
10415
10414
10414
10416
10418
10418
10418
10418
10420
10420
10421
10420
10420
10422
10422
10422
10423
10426
10428
10427
10427
10427
10429
10429
10430
10431
10431
10431
10430
10434
10434
10436
10436
10439
10439
10440
10441
10443
10444
10445
10445
10445
10445
10446
10449
10451
10450
10450
10451
10451
10451
10451
10451
10452
10453
10453
10454
10454
10454
10454
10454
10454
10454
10454
10454
10455
10455
10456
10455
10456
10456
10456
10456
10456
10457
10458
10458
10466
10466
10466
10466
10466
10466
10467
10468
10468
10471
10475
10475
10475
10475
10476
10476
10476
10476
10479
10478
10479
10480
10480
10481
10481
10481
10483
10483
10483
10483
10483
10483
10484
10486
10487
10487
10487
10487
10487
10491
10491
10492
10492
10492
10493
10493
10493
10493
10495
10496
10504
10504
10504
10505
10506
10507
10507
10507
10507
10509
10510
10509
10509
10510
10510
10511
10511
10511
10510
10510
10511
10511
10512
10513
10515
10519
10520
10522
10524
10523
10523
10524
10524
10525
10525
10525
10525
10526
10526
10526
10526
10527
10528
10529
10530
10533
10533
10535
10538
10541
10541
10541
10541
10541
10541
10540
10542
10542
10542
10542
10543
10542
10544
10544
10544
10550
10551
10551
10551
10551
10551
10551
10551
10553
10553
10555
10555
10557
10559
10559
10559
10559
10562
10562
10562
10562
10563
10564
10565
10565
10566
10566
10566
10567
10567
10568
10570
10570
10570
10571
10573
10573
10573
10573
10573
10575
10575
10574
10576
10576
10576
10575
10575
10575
10575
10575
10575
10577
10579
10579
10580
10580
10581
10582
10581
10581
10585
10587
10588
10590
10590
10590
10592
10593
10594
10594
10595
10596
10596
10596
10597
10600
10600
10600
10601
10601
10602
10604
10604
10604
10604
10606
10606
10607
10606
10608
10610
10610
10612
10612
10612
10611
10612
10612
10613
10614
10614
10614
10616
10616
10616
10617
10619
10619
10620
10621
10621
10622
10622
10623
10623
10623
10623
10624
10625
10627
10628
10629
10630
10630
10630
10630
10630
10630
10630
10630
10630
10630
10630
10630
10632
10632
10632
10634
10634
10634
10635
10635
10634
10634
10635
10635
10636
10638
10644
10645
10645
10646
10646
10648
10648
10648
10649
10652
10652
10653
10653
10653
10654
10654
10654
10654
10654
10655
10655
10657
10657
10660
10660
10660
10661
10662
10662
10662
10662
10662
10663
10665
10666
10666
10666
10666
10666
10665
10665
10667
10667
10669
10669
10669
10669
10669
10671
10671
10671
10672
10672
10672
10672
10672
10672
10673
10674
10674
10676
10676
10673
10673
10675
10674
10674
10671
10672
10672
10674
10675
10675
10675
10675
10675
10675
10675
10675
10675
10676
10676
10676
10676
10677
10678
10680
10679
10679
10680
10680
10680
10682
10684
10683
10683
10684
10684
10684
10684
10685
10684
10683
10683
10683
10683
10684
10685
10684
10684
10686
10687
10687
10689
10690
10697
10697
10698
10697
10697
10700
10702
10701
10701
10701
10701
10701
10700
10700
10700
10700
10700
10702
10703
10702
10702
10703
10704
10712
10712
10712
10713
10715
10715
10714
10715
10715
10716
10717
10717
10717
10718
10718
10720
10722
10723
10723
10724
10726
10728
10729
10730
10733
10733
10734
10739
10740
10739
10740
10740
10740
10739
10741
10742
10742
10742
10742
10741
10741
10741
10741
10741
10741
10741
10741
10742
10741
10741
10743
10742
10742
10743
10742
10743
10743
10745
10745
10745
10747
10749
10749
10750
10752
10753
10756
10756
10756
10756
10758
10758
10758
10758
10758
10758
10758
10758
10759
10759
10759
10760
10759
10759
10759
10759
10760
10760
10761
10762
10761
10763
10766
10767
10768
10768
10768
10768
10768
10769
10770
10768
10769
10769
10769
10769
10769
10769
10769
10769
10769
10770
10769
10769
10769
10769
10769
10773
10773
10777
10777
10777
10777
10777
10777
10776
10777
10777
10777
10777
10778
10779
10780
10781
10781
10782
10783
10783
10783
10785
10785
10785
10787
10788
10790
10790
10790
10790
10790
10790
10792
10792
10792
10792
10793
10793
10795
10795
10795
10798
10798
10798
10798
10799
10799
10799
10799
10801
10802
10803
10803
10803
10803
10803
10804
10805
10805
10806
10806
10806
10809
10809
10810
10812
10812
10813
10813
10813
10814
10814
10814
10816
10816
10813
10813
10813
10814
10815
10815
10816
10815
10815
10815
10814
10815
10815
10815
10814
10814
10814
10814
10814
10814
10815
10819
10819
10819
10819
10819
10820
10821
10821
10822
10826
10826
10826
10826
10825
10826
10827
10828
10827
10827
10828
10829
10830
10830
10830
10831
10832
10835
10839
10839
10839
10842
10844
10844
10844
10845
10847
10849
10849
10847
10847
10847
10848
10852
10852
10852
10851
10853
10853
10854
10854
10854
10854
10855
10855
10856
10856
10857
10858
10858
10859
10858
10860
10860
10860
10860
10858
10858
10858
10859
10860
10860
10860
10862
10862
10862
10863
10863
10863
10865
10865
10867
10867
10869
10868
10868
10869
10869
10867
10867
10867
10867
10867
10868
10871
10871
10870
10872
10872
10871
10871
10871
10871
10871
10871
10871
10871
10871
10871
10871
10871
10872
10872
10872
10873
10873
10872
10872
10874
10875
10877
10877
10878
10878
10878
10878
10878
10878
10879
10879
10881
10882
10883
10884
10884
10883
10883
10883
10883
10883
10888
10888
10888
10888
10888
10888
10892
10891
10891
10891
10891
10894
10894
10894
10897
10899
10904
10904
10904
10904
10905
10907
10908
10908
10908
10908
10908
10908
10909
10909
10910
10909
10909
10909
10909
10909
10909
10910
10910
10910
10910
10911
10911
10911
10911
10910
10910
10911
10912
10913
10915
10915
10919
10919
10919
10920
10921
10921
10925
10925
10925
10932
10932
10932
10932
10932
10933
10933
10933
10933
10934
10935
10935
10935
10935
10937
10938
10938
10939
10939
10939
10940
10940
10940
10940
10941
10942
10942
10943
10943
10944
10942
10942
10942
10942
10942
10942
10943
10943
10943
10945
10951
10952
10953
10954
10955
10955
10955
10958
10957
10958
10958
10959
10959
10960
10960
10960
10960
10960
10960
10960
10958
10960
10960
10960
10962
10963
10963
10965
10965
10965
10964
10964
10965
10965
10965
10967
10967
10969
10970
10970
10972
10971
10971
10971
10972
10972
10975
10975
10975
10974
10977
10983
10983
10982
10982
10982
10982
10982
10983
10983
10984
10985
10986
10987
10987
10987
10988
10987
10987
10989
10989
10989
10989
10989
10989
10991
10993
10993
10994
10996
10996
10999
10999
10999
10999
10998
10998
11000
11000
10999
10999
10999
11001
11004
11004
11004
11004
11007
11008
11008
11008
11006
11006
11006
11007
11009
11009
11010
11010
11010
11010
11010
11010
11011
11012
11013
11012
11014
11014
11015
11015
11015
11017
11017
11018
11018
11019
11019
11021
11021
11021
11021
11021
11021
11022
11022
11022
11022
11031
11031
11031
11029
11032
11037
11037
11038
11044
11044
11045
11045
11046
11046
11046
11046
11046
11045
11045
11048
11051
11051
11051
11053
11052
11053
11053
11055
11055
11056
11057
11056
11056
11056
11056
11056
11057
11057
11057
11055
11055
11055
11056
11056
11056
11058
11058
11058
11058
11058
11058
11057
11058
11058
11058
11058
11059
11059
11058
11058
11060
11062
11062
11063
11063
11063
11063
11063
11063
11064
11064
11064
11064
11063
11062
11062
11061
11061
11063
11063
11064
11064
11067
11067
11067
11067
11067
11067
11066
11066
11070
11071
11071
11071
11080
11080
11081
11082
11082
11082
11082
11082
11084
11084
11084
11084
11087
11088
11088
11090
11090
11089
11088
11088
11090
11090
11091
11091
11094
11094
11094
11094
11094
11094
11094
11094
11094
11094
11094
11095
11095
11097
11097
11097
11096
11096
11098
11102
11102
11102
11102
11102
11102
11101
11101
11105
11106
11106
11108
11109
11111
11112
11111
11112
11115
11115
11116
11116
11116
11116
11121
11121
11121
11121
11121
11123
11124
11125
11125
11128
11129
11129
11129
11129
11130
11130
11130
11130
11130
11130
11139
11139
11139
11139
11139
11139
11140
11140
11140
11147
11147
11146
11146
11146
11146
11146
11146
11148
11148
11148
11148
11148
11148
11149
11150
11150
11150
11152
11152
11152
11154
11154
11153
11153
11153
11153
11156
11156
11157
11157
11157
11157
11157
11157
11160
11161
11161
11160
11161
11161
11161
11161
11162
11163
11163
11163
11163
11163
11164
11164
11164
11164
11164
11165
11165
11165
11164
11165
11166
11166
11166
11167
11167
11167
11168
11168
11169
11169
11169
11169
11168
11168
11167
11167
11166
11166
11165
11165
11165
11165
11165
11165
11165
11166
11166
11167
11167
11167
11167
11167
11167
11167
11167
11168
11168
11168
11168
11169
11171
11174
11174
11176
11179
11181
11181
11181
11183
11185
11185
11186
11187
11189
11192
11192
11192
11192
11192
11192
11192
11192
11192
11192
11192
11191
11191
11191
11199
11199
11200
11201
11201
11201
11201
11202
11202
11201
11203
11203
11204
11204
11205
11207
11208
11208
11208
11208
11211
11210
11211
11211
11211
11212
11213
11213
11213
11213
11212
11212
11213
11215
11215
11216
11215
11215
11217
11220
11220
11220
11220
11221
11221
11220
11220
11220
11221
11221
11222
11222
11223
11222
11223
11225
11225
11225
11225
11226
11226
11226
11226
11226
11226
11226
11227
11227
11231
11232
11234
11239
11243
11245
11245
11245
11246
11247
11247
11247
11247
11246
11245
11246
11246
11246
11247
11247
11247
11247
11247
11248
11248
11248
11248
11251
11251
11251
11253
11254
11254
11254
11254
11254
11254
11254
11256
11256
11257
11257
11258
11259
11260
11260
11264
11263
11264
11264
11265
11265
11265
11266
11266
11266
11266
11266
11266
11266
11266
11268
11269
11268
11269
11269
11269
11270
11271
11271
11271
11271
11271
11276
11276
11279
11279
11282
11282
11282
11281
11281
11280
11282
11282
11282
11281
11281
11283
11285
11285
11289
11290
11294
11292
11291
11291
11290
11293
11293
11294
11295
11296
11296
11299
11300
11301
11301
11302
11304
11302
11304
11305
11305
11305
11305
11307
11308
11308
11308
11308
11307
11308
11309
11309
11309
11311
11312
11313
11313
11314
11314
11315
11317
11317
11317
11318
11318
11318
11320
11320
11321
11323
11323
11324
11325
11325
11325
11325
11326
11327
11327
11327
11328
11328
11328
11332
11332
11332
11333
11333
11333
11333
11333
11333
11334
11334
11335
11336
11337
11337
11337
11337
11337
11337
11337
11337
11337
11338
11337
11337
11340
11341
11344
11346
11346
11346
11346
11344
11347
11347
11347
11352
11353
11356
11362
11365
11365
11366
11366
11368
11368
11369
11369
11369
11369
11369
11369
11369
11371
11371
11375
11375
11376
11376
11382
11382
11381
11381
11381
11383
11383
11384
11384
11384
11385
11385
11385
11386
11387
11388
11389
11390
11390
11390
11390
11397
11398
11398
11398
11398
11399
11399
11401
11401
11404
11404
11404
11404
11404
11404
11405
11406
11409
11410
11410
11410
11412
11412
11412
11412
11414
11414
11414
11415
11414
11414
11414
11417
11417
11417
11417
11419
11419
11420
11423
11423
11424
11431
11431
11431
11433
11434
11435
11436
11438
11438
11438
11438
11437
11438
11438
11438
11439
11440
11439
11447
11447
11447
11447
11447
11446
11447
11447
11447
11447
11447
11448
11447
11447
11447
11447
11450
11450
11450
11454
11457
11458
11458
11458
11459
11461
11459
11458
11458
11459
11461
11464
11465
11465
11465
11467
11468
11471
11471
11471
11473
11474
11474
11474
11474
11477
11479
11479
11479
11478
11478
11481
11481
11481
11481
11482
11482
11483
11483
11484
11484
11484
11485
11484
11484
11485
11485
11485
11486
11486
11486
11489
11489
11489
11490
11492
11494
11494
11494
11493
11493
11492
11491
11491
11492
11491
11493
11494
11495
11495
11497
11501
11502
11502
11502
11503
11503
11503
11503
11504
11505
11506
11507
11509
11508
11508
11508
11508
11509
11508
11510
11510
11510
11511
11511
11515
11515
11516
11517
11518
11517
11517
11517
11517
11517
11517
11521
11521
11522
11528
11528
11528
11528
11528
11528
11528
11533
11532
11532
11532
11532
11532
11531
11531
11531
11531
11532
11532
11534
11533
11533
11536
11540
11540
11538
11538
11539
11538
11538
11539
11539
11539
11539
11545
11545
11547
11546
11547
11547
11547
11547
11548
11548
11548
11547
11547
11547
11548
11548
11549
11553
11554
11554
11554
11554
11556
11556
11556
11556
11556
11556
11557
11556
11556
11558
11559
11559
11560
11561
11561
11561
11564
11564
11564
11564
11564
11567
11567
11567
11567
11571
11572
11572
11572
11572
11573
11573
11574
11574
11575
11575
11575
11575
11577
11576
11578
11578
11578
11578
11578
11579
11578
11578
11578
11580
11582
11583
11584
11585
11586
11586
11585
11587
11587
11587
11587
11590
11590
11592
11593
11593
11595
11595
11595
11595
11595
11599
11599
11600
11599
11600
11601
11600
11600
11600
11600
11599
11599
11599
11600
11605
11605
11604
11604
11604
11606
11607
11605
11605
11607
11607
11607
11607
11608
11607
11610
11611
11611
11612
11612
11613
11613
11611
11612
11611
11612
11612
11612
11612
11612
11612
11612
11612
11613
11613
11614
11614
11614
11614
11616
11616
11616
11616
11617
11617
11617
11616
11616
11616
11616
11617
11618
11619
11619
11622
11622
11622
11621
11621
11621
11621
11621
11622
11622
11623
11623
11625
11628
11631
11631
11631
11630
11630
11631
11631
11630
11631
11631
11631
11631
11632
11633
11633
11634
11634
11633
11633
11632
11632
11632
11632
11632
11632
11633
11633
11633
11633
11634
11634
11634
11634
11635
11636
11636
11636
11635
11635
11635
11635
11636
11639
11639
11639
11639
11639
11640
11639
11641
11641
11641
11641
11641
11645
11646
11646
11646
11645
11646
11646
11645
11645
11650
11650
11650
11650
11653
11653
11653
11653
11652
11652
11652
11653
11653
11653
11653
11652
11652
11652
11652
11650
11651
11652
11653
11653
11653
11653
11653
11654
11654
11654
11654
11654
11653
11653
11653
11653
11654
11658
11659
11659
11659
11660
11659
11659
11662
11662
11662
11663
11663
11666
11666
11666
11667
11667
11669
11669
11669
11669
11669
11669
11670
11673
11674
11674
11675
11675
11676
11676
11676
11676
11676
11677
11679
11679
11681
11681
11681
11681
11680
11680
11680
11680
11682
11682
11682
11682
11682
11682
11682
11685
11685
11685
11685
11684
11685
11687
11685
11688
11689
11689
11689
11689
11690
11690
11692
11692
11691
11695
11695
11697
11697
11698
11698
11698
11698
11698
11698
11698
11700
11700
11700
11700
11700
11700
11700
11700
11700
11701
11702
11703
11703
11703
11704
11704
11706
11706
11706
11706
11706
11707
11709
11712
11715
11715
11716
11716
11716
11717
11717
11719
11719
11719
11719
11719
11719
11719
11719
11718
11719
11719
11721
11721
11723
11723
11723
11723
11723
11723
11723
11725
11726
11727
11731
11731
11731
11732
11734
11734
11734
11734
11737
11740
11740
11740
11742
11744
11744
11745
11745
11745
11745
11744
11744
11745
11745
11745
11748
11748
11749
11749
11748
11748
11750
11750
11749
11750
11750
11749
11750
11751
11751
11750
11750
11750
11750
11750
11750
11750
11750
11750
11751
11752
11752
11752
11752
11752
11752
11751
11756
11757
11757
11757
11757
11757
11762
11766
11767
11768
11768
11768
11769
11769
11770
11770
11771
11772
11772
11772
11772
11772
11772
11775
11776
11776
11776
11775
11775
11775
11775
11775
11775
11776
11776
11776
11776
11775
11775
11775
11776
11779
11781
11782
11784
11784
11787
11787
11787
11787
11788
11788
11789
11791
11792
11792
11794
11795
11794
11795
11795
11795
11796
11797
11798
11798
11798
11798
11797
11797
11797
11796
11796
11798
11800
11800
11800
11800
11799
11799
11802
11802
11802
11802
11804
11806
11809
11811
11811
11811
11811
11812
11814
11814
11815
11814
11814
11814
11816
11816
11816
11816
11816
11817
11819
11819
11819
11819
11820
11820
11820
11823
11825
11828
11827
11827
11827
11828
11829
11829
11828
11826
11826
11824
11822
11823
11826
11826
11825
11826
11826
11826
11826
11829
11830
11830
11831
11831
11833
11833
11833
11834
11835
11834
11834
11833
11834
11834
11833
11833
11832
11833
11833
11833
11835
11836
11836
11836
11836
11837
11836
11839
11839
11841
11843
11843
11843
11843
11843
11846
11846
11846
11849
11850
11851
11851
11851
11851
11852
11851
11851
11851
11852
11854
11855
11854
11853
11854
11853
11854
11854
11854
11859
11859
11860
11861
11861
11863
11863
11863
11864
11865
11866
11867
11868
11869
11870
11870
11870
11871
11871
11871
11871
11871
11872
11872
11873
11874
11874
11875
11875
11875
11875
11875
11875
11877
11877
11877
11879
11879
11882
11882
11883
11883
11883
11883
11884
11884
11884
11884
11885
11886
11887
11887
11886
11886
11886
11885
11886
11887
11890
11896
11898
11898
11899
11899
11900
11901
11901
11901
11901
11901
11903
11901
11902
11902
11902
11902
11903
11904
11902
11902
11902
11903
11903
11904
11906
11908
11908
11909
11909
11909
11909
11910
11910
11910
11910
11910
11910
11910
11911
11911
11913
11913
11914
11914
11919
11921
11923
11923
11924
11924
11926
11926
11926
11926
11927
11926
11926
11928
11927
11927
11925
11926
11926
11926
11926
11926
11928
11928
11931
11931
11931
11931
11930
11931
11931
11930
11931
11931
11929
11930
11930
11929
11929
11929
11929
11930
11930
11930
11930
11930
11931
11931
11931
11931
11931
11931
11931
11932
11932
11932
11932
11933
11933
11935
11935
11935
11935
11935
11934
11934
11934
11934
11934
11934
11935
11935
11935
11936
11938
11938
11937
11938
11938
11938
11938
11939
11939
11939
11939
11939
11939
11940
11940
11940
11940
11940
11941
11941
11942
11942
11942
11942
11943
11946
11946
11946
11946
11947
11946
11947
11946
11945
11945
11945
11945
11946
11946
11946
11944
11945
11946
11947
11947
11948
11948
11948
11948
11948
11948
11950
11950
11950
11950
11949
11951
11953
11953
11953
11955
11958
11958
11959
11959
11961
11962
11962
11963
11963
11968
11967
11967
11967
11967
11967
11968
11968
11969
11971
11971
11971
11971
11972
11972
11972
11974
11974
11974
11974
11974
11974
11975
11975
11976
11976
11977
11981
11981
11981
11981
11981
11981
11981
11981
11983
11983
11983
11982
11982
11983
11983
11984
11984
11984
11985
11985
11985
11985
11985
11985
11985
11987
11987
11988
11989
11989
11990
11991
11991
11991
11992
11992
11994
11994
11995
11995
11995
11993
11992
11992
11992
11992
11992
11992
11993
11993
11993
11993
11994
11995
11995
11995
11995
11995
11998
11998
11998
11998
11998
11998
11999
11999
12002
12002
12002
12001
12001
12002
12002
12002
12003
12004
12005
12005
12004
12004
12006
12007
12007
12007
12007
12008
12008
12008
12008
12008
12008
12010
12011
12011
12011
12009
12010
12009
12010
12009
12009
12009
12009
12010
12009
12009
12010
12015
12015
12015
12015
12015
12015
12016
12016
12016
12016
12018
12018
12018
12019
12018
12018
12019
12019
12015
12015
12017
12017
12017
12017
12018
12018
12018
12018
12018
12018
12018
12019
12019
12019
12019
12019
12019
12018
12017
12018
12018
12018
12018
12018
12018
12018
12019
12021
12022
12023
12024
12025
12025
12025
12025
12025
12026
12029
12029
12029
12030
12029
12029
12029
12029
12029
12031
12031
12031
12031
12032
12032
12034
12032
12032
12032
12032
12032
12032
12033
12032
12032
12033
12035
12034
12033
12034
12034
12034
12035
12035
12038
12037
12037
12038
12038
12038
12038
12038
12038
12038
12037
12038
12039
12041
12041
12042
12042
12042
12042
12043
12045
12045
12045
12052
12053
12054
12054
12055
12056
12056
12057
12057
12060
12061
12061
12063
12063
12066
12067
12068
12068
12068
12070
12070
12070
12069
12072
12072
12075
12075
12075
12076
12076
12077
12078
12079
12080
12080
12080
12082
12085
12085
12085
12086
12088
12089
12089
12091
12091
12094
12093
12093
12093
12093
12093
12093
12094
12094
12094
12094
12094
12094
12094
12096
12096
12096
12096
12096
12096
12097
12098
12099
12099
12099
12100
12100
12101
12101
12101
12102
12101
12100
12100
12100
12102
12103
12100
12100
12101
12100
12100
12101
12101
12100
12100
12100
12103
12102
12103
12103
12103
12104
12103
12103
12103
12103
12104
12105
12105
12105
12106
12106
12108
12108
12109
12109
12109
12109
12109
12108
12108
12108
12108
12110
12110
12110
12112
12113
12113
12113
12113
12113
12116
12116
12116
12116
12117
12117
12117
12118
12118
12118
12118
12119
12120
12122
12123
12123
12123
12122
12122
12122
12122
12124
12124
12124
12124
12123
12122
12125
12123
12123
12122
12123
12123
12123
12123
12123
12123
12123
12123
12125
12125
12125
12128
12128
12128
12128
12131
12131
12131
12131
12132
12133
12133
12133
12133
12133
12133
12133
12134
12134
12134
12135
12135
12135
12135
12137
12138
12140
12140
12140
12140
12140
12141
12141
12141
12141
12143
12144
12144
12144
12145
12145
12148
12149
12152
12154
12156
12158
12158
12158
12158
12160
12160
12161
12162
12163
12163
12163
12164
12165
12165
12165
12165
12166
12166
12166
12167
12167
12167
12167
12168
12169
12169
12169
12169
12169
12169
12170
12175
12175
12174
12175
12176
12175
12174
12175
12175
12177
12178
12178
12178
12178
12179
12179
12177
12177
12177
12177
12177
12178
12178
12179
12179
12179
12180
12178
12178
12180
12180
12180
12181
12182
12183
12183
12184
12183
12183
12185
12185
12185
12185
12185
12185
12186
12185
12185
12186
12187
12186
12186
12189
12189
12188
12188
12190
12190
12191
12191
12191
12191
12191
12191
12191
12191
12192
12192
12192
12192
12192
12192
12192
12197
12196
12197
12197
12200
12202
12200
12200
12199
12199
12199
12199
12198
12198
12198
12198
12198
12199
12201
12201
12201
12201
12201
12201
12201
12201
12202
12202
12204
12204
12204
12204
12205
12206
12206
12206
12205
12205
12205
12207
12207
12207
12207
12208
12208
12208
12208
12209
12212
12212
12213
12213
12213
12213
12214
12218
12218
12218
12221
12220
12220
12220
12220
12220
12220
12220
12222
12222
12225
12225
12225
12224
12224
12224
12228
12228
12228
12228
12228
12231
12234
12234
12235
12239
12239
12239
12240
12240
12239
12239
12238
12238
12239
12239
12240
12243
12243
12244
12244
12242
12241
12241
12241
12241
12241
12242
12242
12243
12245
12247
12249
12249
12249
12248
12248
12248
12249
12251
12251
12251
12252
12251
12251
12251
12251
12251
12251
12252
12251
12251
12251
12252
12254
12254
12255
12254
12255
12257
12259
12262
12263
12263
12264
12264
12265
12266
12266
12266
12268
12268
12268
12270
12273
12273
12274
12274
12274
12275
12275
12275
12275
12275
12275
12277
12280
12280
12280
12280
12280
12280
12281
12284
12285
12285
12285
12285
12285
12285
12287
12287
12287
12287
12286
12286
12286
12287
12287
12288
12287
12287
12287
12287
12287
12288
12288
12287
12288
12288
12288
12288
12288
12288
12288
12288
12291
12291
12291
12290
12291
12291
12291
12289
12293
12293
12293
12293
12298
12299
12299
12299
12299
12299
12299
12299
12299
12300
12301
12301
12301
12302
12302
12301
12303
12303
12302
12302
12302
12304
12304
12304
12303
12303
12303
12304
12304
12303
12303
12307
12307
12308
12309
12310
12313
12314
12316
12316
12315
12315
12316
12320
12321
12324
12325
12327
12327
12327
12327
12327
12328
12328
12329
12329
12330
12330
12329
12329
12329
12329
12329
12330
12330
12330
12330
12330
12331
12329
12329
12328
12328
12327
12328
12328
12329
12329
12328
12329
12329
12328
12329
12329
12330
12330
12330
12331
12331
12331
12332
12334
12334
12333
12334
12334
12334
12337
12337
12337
12337
12337
12340
12340
12341
12342
12342
12348
12348
12348
12350
12352
12352
12351
12351
12352
12352
12353
12354
12354
12356
12357
12356
12358
12360
12359
12359
12360
12361
12360
12360
12361
12362
12362
12367
12368
12368
12368
12368
12368
12368
12370
12369
12369
12368
12369
12369
12372
12372
12374
12374
12375
12378
12378
12378
12378
12383
12383
12384
12385
12385
12386
12387
12388
12391
12391
12392
12392
12392
12392
12392
12390
12390
12390
12390
12390
12392
12391
12391
12392
12392
12393
12393
12394
12395
12395
12395
12394
12394
12396
12397
12397
12398
12398
12399
12399
12399
12399
12399
12404
12405
12406
12406
12407
12407
12408
12409
12409
12409
12410
12411
12411
12412
12412
12412
12412
12412
12412
12412
12413
12412
12412
12412
12411
12412
12413
12413
12413
12414
12415
12416
12419
12419
12419
12420
12420
12420
12420
12420
12418
12418
12418
12420
12420
12419
12419
12419
12419
12419
12418
12418
12418
12418
12418
12418
12418
12418
12419
12420
12419
12418
12418
12420
12420
12420
12419
12421
12424
12424
12425
12426
12426
12426
12430
12429
12430
12430
12431
12434
12433
12433
12433
12434
12434
12435
12435
12436
12438
12439
12441
12441
12441
12443
12445
12447
12447
12447
12449
12449
12455
12455
12455
12456
12456
12456
12459
12461
12462
12462
12461
12460
12459
12459
12462
12462
12464
12464
12465
12463
12463
12463
12463
12465
12465
12466
12468
12468
12468
12469
12469
12470
12477
12477
12479
12479
12479
12480
12479
12479
12481
12482
12482
12481
12481
12481
12481
12484
12484
12485
12485
12485
12486
12489
12489
12489
12489
12489
12490
12490
12491
12491
12491
12491
12491
12494
12493
12493
12493
12492
12491
12491
12492
12492
12494
12494
12494
12494
12494
12495
12495
12495
12495
12495
12493
12494
12493
12493
12493
12493
12491
12491
12491
12492
12491
12492
12493
12495
12499
12499
12499
12501
12501
12501
12501
12501
12502
12502
12501
12500
12503
12504
12504
12504
12504
12504
12504
12504
12503
12504
12504
12503
12503
12504
12504
12505
12505
12509
12509
12509
12509
12509
12509
12510
12509
12509
12509
12509
12509
12509
12509
12509
12510
12510
12510
12510
12511
12511
12511
12512
12512
12513
12514
12514
12515
12515
12515
12515
12515
12518
12518
12517
12517
12518
12519
12520
12520
12520
12522
12522
12523
12523
12525
12525
12527
12530
12530
12531
12530
12531
12531
12531
12531
12532
12532
12532
12532
12534
12534
12534
12534
12534
12534
12535
12535
12536
12536
12536
12536
12536
12534
12537
12537
12538
12538
12538
12539
12541
12541
12540
12540
12541
12541
12543
12545
12546
12546
12546
12546
12546
12546
12546
12547
12548
12549
12553
12552
12552
12552
12551
12552
12552
12552
12553
12554
12554
12554
12554
12555
12556
12558
12558
12558
12558
12557
12557
12558
12556
12556
12556
12556
12556
12555
12555
12555
12556
12557
12557
12561
12561
12561
12562
12561
12561
12561
12560
12560
12559
12559
12561
12562
12564
12564
12564
12565
12565
12565
12565
12565
12566
12568
12568
12568
12568
12570
12570
12569
12569
12569
12569
12571
12571
12571
12569
12570
12570
12571
12572
12572
12572
12576
12580
12582
12582
12583
12583
12584
12583
12581
12581
12581
12581
12582
12583
12584
12584
12584
12584
12584
12584
12586
12587
12587
12587
12587
12589
12589
12589
12589
12589
12589
12589
12589
12590
12592
12592
12593
12591
12592
12591
12591
12592
12593
12595
12595
12595
12595
12599
12599
12600
12600
12600
12600
12600
12600
12599
12599
12599
12600
12601
12602
12603
12603
12601
12603
12603
12602
12602
12602
12601
12601
12600
12601
12601
12601
12601
12601
12600
12600
12600
12601
12601
12602
12604
12604
12604
12604
12604
12606
12607
12607
12607
12608
12608
12610
12612
12614
12614
12614
12614
12614
12615
12620
12620
12620
12621
12621
12622
12623
12622
12622
12623
12623
12624
12624
12626
12626
12626
12627
12630
12630
12630
12631
12631
12632
12635
12636
12639
12640
12640
12640
12640
12641
12642
12642
12642
12642
12641
12642
12642
12643
12645
12645
12645
12645
12645
12645
12646
12646
12646
12647
12647
12647
12646
12646
12644
12645
12646
12646
12647
12647
12647
12647
12648
12649
12649
12650
12650
12651
12651
12652
12652
12652
12652
12652
12652
12652
12654
12654
12654
12654
12654
12653
12654
12654
12654
12654
12654
12655
12654
12655
12654
12654
12657
12658
12660
12660
12662
12662
12662
12665
12667
12667
12667
12668
12668
12668
12668
12668
12668
12668
12670
12670
12670
12671
12671
12673
12673
12674
12674
12674
12675
12675
12675
12675
12675
12679
12682
12682
12683
12682
12681
12681
12680
12680
12681
12682
12683
12683
12685
12685
12684
12684
12684
12686
12685
12685
12685
12685
12688
12688
12688
12688
12688
12688
12690
12690
12690
12691
12692
12692
12692
12692
12692
12694
12694
12695
12695
12695
12695
12697
12697
12697
12696
12697
12695
12695
12695
12695
12695
12695
12695
12694
12694
12694
12694
12694
12694
12694
12694
12696
12696
12696
12697
12697
12697
12698
12698
12698
12698
12698
12698
12698
12700
12700
12700
12700
