28366
28366
28366
0
28365
28365
28365
28365
28362
28362
5
5
5
28361
6
6
6
6
28359
8
28352
14
28350
28350
17
17
28349
19
19
19
21
21
28345
28343
28343
23
23
23
23
23
28340
28
30
31
28334
28334
34
35
36
36
28330
28329
28329
38
42
28323
28322
28322
28321
28320
28317
28316
28316
28316
28312
54
54
54
54
28309
28307
62
62
28301
28301
28301
28301
28301
28301
67
28299
28298
70
77
77
28289
28289
28289
77
28288
28288
28288
78
28288
79
28286
28286
28285
28283
28283
28283
87
87
28277
28276
28275
28275
28275
28274
92
28273
28273
28271
28271
28271
95
97
98
28267
100
28266
101
101
101
101
28265
28265
28265
28259
28257
114
28252
28252
28249
28249
28249
28249
28249
118
118
28247
28244
28244
125
126
126
28239
28239
128
128
128
28238
132
133
136
138
28228
139
28227
28227
140
141
143
28222
28222
28222
28221
28219
28219
28219
28219
28219
28219
28219
28219
28219
28219
28217
152
152
152
28214
28214
152
152
152
152
155
155
28211
28211
158
158
159
161
161
161
162
168
169
171
28194
172
172
173
173
173
28193
28192
28191
28190
28190
28190
176
177
28188
28188
28187
28187
179
179
179
179
180
28186
28186
180
28181
185
28178
190
192
28172
195
195
197
199
200
200
28164
28163
208
209
28157
209
28156
210
210
28155
212
28154
28153
28153
213
213
28153
28152
215
28150
28147
28142
28142
224
28142
225
225
28140
28140
227
28137
28137
28137
28135
28135
233
233
28133
28132
28132
238
238
28128
28127
239
241
28124
28124
242
242
243
249
252
252
28112
28109
28109
259
264
265
266
267
275
275
277
277
28089
280
28085
28085
28085
28085
28084
28084
28083
28082
28082
284
284
286
288
290
290
291
28075
291
291
291
28073
28073
295
295
295
295
295
295
28069
304
305
28061
28060
306
307
307
309
309
311
311
311
312
315
316
28050
316
28049
319
321
28045
321
28045
28044
323
324
324
28042
324
28042
28042
329
330
330
331
333
334
334
334
335
28030
28029
28028
342
342
342
344
345
345
28021
28021
28021
348
28017
28017
28016
28015
28015
28015
28015
351
352
28013
28013
28013
355
355
359
359
28006
28006
28006
360
361
28001
28001
365
368
370
371
371
374
375
375
27991
27991
379
379
381
383
384
384
386
388
388
388
388
27974
27974
394
394
397
398
27968
398
27966
27965
401
27965
27965
27961
27961
27960
27959
27958
27958
409
27955
411
411
27954
416
418
27946
27946
27946
27946
27945
422
422
422
422
428
27935
27933
27934
27933
433
434
434
435
436
27930
439
442
27923
444
444
27921
445
445
445
445
445
448
452
452
453
27913
27911
456
458
27906
462
462
465
27900
27900
466
27897
27895
27895
27894
471
473
473
27892
475
475
27889
478
478
27888
27888
479
27886
481
481
486
486
487
488
27876
27876
492
493
493
493
27870
27869
27868
27867
27866
503
503
503
504
27861
27861
27860
27860
508
509
510
514
515
27851
515
27842
27842
27841
526
27840
27839
27839
27839
527
528
529
530
27836
531
27835
533
533
537
537
537
27828
27828
27826
546
27820
27820
546
546
547
547
27819
27818
27817
27817
27816
27816
550
553
557
27807
27807
27806
27806
559
559
560
27807
27802
564
27800
569
27797
27793
27792
27792
27792
27789
27787
27787
27786
27786
581
581
27785
27784
582
27780
27780
586
27777
27777
27777
589
27774
27773
27770
27770
599
27767
600
600
600
600
601
601
603
603
606
27759
608
610
27756
611
611
27754
27754
613
613
27751
27751
619
625
625
625
625
27740
27740
626
628
628
628
27736
27736
27736
27736
27732
27731
27730
27729
639
640
27726
27722
644
644
644
644
644
645
27721
27721
646
646
646
27717
27716
654
27712
27710
27709
27706
27705
27705
27705
27705
662
662
663
663
27702
665
666
27700
27700
668
668
668
668
27697
669
669
669
27695
27695
27695
27695
673
27693
673
674
674
676
676
676
27690
677
27689
27689
677
27689
27688
678
679
27684
27684
27684
27684
683
683
683
27677
27677
27677
689
690
27674
694
696
696
696
696
27669
27668
27668
699
27667
27664
702
702
27663
27663
705
705
27660
27659
712
27654
715
718
718
27646
27644
27642
27641
27640
27636
731
27634
27634
27634
733
733
734
27631
735
736
739
739
740
741
746
749
749
27615
27614
753
27612
27612
27611
756
756
756
27609
757
27609
27609
27607
761
761
27605
763
27601
765
27597
27595
771
772
27594
774
775
775
777
777
778
778
27587
27582
27578
27578
27578
790
790
27576
27576
27575
791
791
27574
27574
27572
794
795
799
800
27561
27558
27557
812
27553
27553
27553
816
27547
27547
27546
820
822
27543
824
825
27532
834
834
835
836
837
837
838
27527
839
839
27526
27526
27526
840
27525
27524
27523
27523
27523
843
27518
27518
849
849
850
27514
27511
858
858
27507
27504
27504
27504
27504
27504
27500
27499
27499
27499
27499
869
869
871
873
27485
27484
27484
27482
885
885
885
27481
27481
27479
27479
27479
888
891
891
892
893
896
896
27469
27469
897
897
897
898
898
898
902
902
902
27463
27462
27461
27461
27461
27459
27459
27458
27458
912
913
916
27448
27447
922
923
923
923
923
27435
931
931
931
931
27435
27435
27435
27435
27435
932
932
932
932
932
935
934
27432
27428
27428
27427
27427
943
943
943
27422
27421
945
945
947
27419
949
27412
954
955
27410
956
27409
27409
27409
958
27407
27407
959
959
959
959
959
27407
27407
27407
960
960
960
960
961
961
27405
27405
27403
963
27401
970
971
27394
973
973
27393
27392
27390
976
976
976
27390
976
976
976
27390
27388
27388
978
978
980
980
980
27383
984
986
986
27379
27378
27378
989
990
991
991
27375
27375
27375
27375
991
991
993
996
998
998
998
999
1000
1002
1002
1002
1002
1003
27359
1010
1010
27352
1017
1017
1019
27347
27347
1021
1023
1023
1023
1023
1025
27341
27338
27338
27337
27336
1032
1032
1032
1032
1033
1034
27325
1044
27322
27322
1047
1047
1049
1050
1051
1055
1056
1056
27309
27309
27309
27307
27306
1062
1062
27304
27304
27303
27300
27300
1068
1069
1069
27295
27295
27293
1075
1079
27287
1080
1080
1081
27283
27281
27281
27279
27278
27275
27275
27275
1091
27275
27275
1091
27275
1093
1093
1093
27272
27272
27272
27273
27272
27272
1094
1094
27270
27267
27265
27264
27264
27264
1103
27263
27263
27263
27263
27262
27261
27261
1105
1106
1106
1107
27253
27247
1120
1120
1123
27239
27238
27238
27237
1129
1129
1131
27232
27231
27231
27231
1135
1135
27228
1138
1138
1140
1143
27223
27218
1149
1150
27213
27213
27213
1153
27213
1153
1155
1155
1158
1161
1165
27200
27200
27200
27198
1169
27197
27195
1171
1172
1172
1172
1173
1173
1174
1175
1175
1175
1175
1175
27191
27191
27191
1178
27186
27186
27183
1183
27178
1189
1189
1189
1189
1190
27176
27176
27176
27176
27175
27175
1192
1193
1194
27172
1197
27167
1200
1202
1203
27163
27163
1203
1203
1203
27162
1207
1207
27159
27159
27158
27153
1216
1216
27148
27148
27148
27146
27144
27143
27142
27142
27142
1224
1225
27140
27140
27140
27139
27139
27138
27138
1228
27138
27137
1229
27136
27133
27133
27133
27133
27132
1236
1236
1237
1237
1240
27124
27124
27124
27121
1245
1245
1249
1249
1249
27117
1251
1252
1252
27114
1252
1252
27113
27112
27111
1257
27108
27107
27107
1259
1259
1260
1260
27106
1261
1263
1263
27101
27101
27101
27101
27101
1265
1269
1269
1271
27095
27093
27088
27088
27088
1280
1281
1281
27084
27081
27080
27080
1289
27076
27075
27075
27075
27072
27069
27069
27069
27067
27067
27066
1302
1302
27063
27063
27063
27062
27061
27061
1306
1306
1307
1307
27059
27059
1307
1310
1311
1313
27053
27053
27053
27053
27053
27052
27049
27047
1322
27036
27036
27035
1332
27034
1332
1333
1336
1336
27027
1340
1341
27025
27025
1342
1342
27022
27022
1344
27022
27022
27021
1345
1346
27019
27018
27018
27015
27013
27013
27012
27012
27012
1355
27010
27010
1358
1358
1360
1361
1362
1364
27001
27001
27001
27001
26999
26999
26997
1370
1370
1371
1374
26991
1376
26990
26990
26989
26988
1378
1378
1378
1378
1378
1378
1378
26988
26984
1382
1382
26984
26984
26984
1387
1387
1387
1387
1387
26976
26976
26976
26976
1392
1392
1393
26973
26973
1395
1396
26970
26968
1398
1398
26965
1401
1401
26965
26965
26964
1402
1403
1404
26960
26960
1406
1408
26956
26956
26956
26956
1414
1414
1415
1415
1416
26947
26945
1421
1421
1421
1424
1426
1426
1426
26940
26940
26940
1428
1428
1429
1429
1429
1429
26938
26937
1431
1432
1433
26932
26932
26930
26930
26929
1437
1437
1438
1438
26928
26926
1442
26923
26921
1445
1445
1445
26920
1447
1447
1447
1447
1447
1447
26918
26918
26918
1450
1450
1450
1450
1450
26911
1455
1455
26911
26911
26909
1457
26909
26909
1458
1461
1461
1461
1461
26904
1462
1462
26904
26902
1464
1464
26900
1468
1469
1471
26892
26892
26888
26888
1479
1479
26888
26888
1479
1479
1480
26886
26885
1482
26884
26883
26883
1484
26882
1484
1485
1486
1486
1486
26879
26878
1489
26877
26877
26875
26875
1492
1492
1492
1494
26868
26867
1501
1506
26854
26854
26854
26854
26854
1512
26853
26852
26850
26849
26848
26848
1518
26847
26847
1520
26847
1523
1524
1524
26842
26842
26839
26839
26839
26838
1532
26833
1537
26829
26825
1542
1543
1543
1545
26815
1551
1551
1551
26815
1551
1554
1554
26811
1558
1558
1559
1559
1559
26807
26805
1564
1567
26797
26797
26797
26797
26789
26787
26786
26786
26784
26781
26778
26778
26777
26777
1589
1589
1592
1592
1592
26773
26773
1593
1595
26769
26769
26769
26769
26769
1597
1597
26768
26766
26766
26766
26766
26766
26766
26766
26765
1601
1603
26763
1604
1604
1606
1606
26760
26760
26757
26757
26755
26754
1615
1616
1616
1619
26744
26744
1623
1624
26741
1627
26739
26738
26738
1628
1628
26738
26738
26738
1631
1632
26734
26734
1636
1637
26728
26728
26727
26727
26728
26728
26728
1639
1640
26726
1641
1641
26724
26724
26723
1643
26723
26723
26722
1645
1645
1647
1647
1648
1650
1651
1658
1658
26707
26707
1660
26705
1664
1665
1665
1667
1668
1670
1671
26690
1678
1678
1678
26687
26683
1683
1683
26682
26681
1686
26679
26678
26677
1688
1689
26677
1690
1691
1693
1695
1695
26671
1696
1698
1699
1701
1702
26663
26662
1705
1705
26660
26660
26659
26659
1713
26653
1715
1715
26646
1720
1720
26645
26645
26645
26645
26644
1723
26640
1728
1728
1729
1731
26632
1736
26629
26626
26626
26624
1743
1748
1750
1750
26616
26616
26616
1750
1749
26617
26616
1750
1750
1750
26615
26615
1751
26615
26613
1753
1755
26609
26609
26608
1760
1760
26606
26606
1761
26605
26603
26603
26601
1766
26600
26600
1766
1766
26597
26596
26596
26596
26595
26592
26592
1775
26590
1777
26588
26585
26585
26585
1781
1781
26585
1782
26583
1783
1784
26581
1785
1789
1789
26576
26576
26570
26570
1796
1796
26567
1806
1806
26556
1810
1810
26553
26553
1813
1818
1820
26545
26545
1824
1823
1823
26540
26540
1827
26539
26539
26538
1827
1832
1832
26534
1834
1834
1835
1836
1837
26529
26529
1838
26528
26527
26527
1840
1840
26526
26526
26525
1841
1841
26524
1842
1844
1846
1846
26519
26519
26517
1849
1849
1850
1850
26515
26515
26514
26514
1854
1854
26512
1863
1863
1863
1866
1866
1866
26498
26498
1868
1868
1868
1868
1868
1868
1868
1868
1869
26495
26495
26494
26494
26494
26493
1876
1876
26488
26487
26482
1888
26476
26476
26476
26476
1891
1891
1892
1892
1893
1893
1893
1893
26471
1895
1896
1896
26470
26471
1896
1898
26468
1899
1898
26468
1899
1899
1899
26467
26466
1903
1905
1905
26461
26460
1908
1910
26450
26450
1916
26451
1915
26451
26451
26446
26446
26446
26445
26443
26443
26443
26443
1924
1925
1925
26438
26438
26437
26437
1931
1931
1931
1931
26434
26434
26431
1937
1937
1937
1937
1937
26429
26429
1939
1939
26427
1940
1941
1942
1945
1945
1945
1946
1947
1947
1947
1947
1947
26419
26419
26419
1948
1953
26412
1954
1954
1954
1954
26410
26409
26408
26407
26407
1960
1961
1962
26400
26399
26398
26398
1970
26392
26390
1978
1978
1978
26388
1978
1978
1978
1978
1978
1978
1978
1981
1983
1983
1988
1988
1988
1991
1991
1991
26376
26374
26374
26373
26372
26369
26369
26367
1999
26366
2001
2003
26357
2008
26358
2008
2008
26357
26356
26355
26355
2015
2014
2015
26349
2017
2017
2017
2017
2017
2018
26347
2019
2019
2019
2019
2019
26347
26345
26344
26342
2025
2027
2027
2027
2027
2029
26337
26337
26337
26337
26336
26336
2031
2031
2031
26335
26333
26333
2033
2033
2035
2035
2035
26331
26330
26330
2037
2037
2037
2037
2039
2039
2040
2040
2040
2040
2040
2040
2040
2041
2041
2041
2041
2041
26322
26320
26316
2051
2051
2053
2053
2053
26313
26313
26313
26313
26311
26309
2061
2061
2061
26304
26304
26302
26301
2065
26300
26297
26297
26297
26293
26291
26291
26291
2075
26290
2078
2078
2078
2078
2078
2078
2079
26287
26285
2081
26284
26281
2085
26280
2086
2085
26281
26281
26281
26281
2085
26279
26279
26278
26278
2088
2088
26269
26269
2097
2097
26263
26262
26260
2107
2107
26257
26252
2116
2116
2117
26248
26247
26247
26247
26247
26245
2123
2123
2124
2124
26242
2124
2125
2125
2124
2124
2124
2124
2125
26241
26239
2127
2129
26236
26235
26235
26232
26232
26231
26230
26230
26230
26230
26230
2139
26225
26225
26225
26222
26219
2151
2151
2154
26212
26212
26209
26208
26208
2158
2159
2159
2159
2163
26203
26202
2166
2170
2170
2174
26192
2176
2176
2176
26190
26190
26185
26185
26185
26182
2185
2186
2191
26174
26173
26173
2194
2196
26168
26168
2200
2201
2201
26165
26165
2202
2202
2204
2204
2204
2204
2204
2204
2205
2206
26160
26160
26160
26160
2208
26156
26154
26154
2212
2215
2216
26149
26149
26149
26149
26147
26146
2223
2224
2225
2225
2225
2227
26137
26136
26136
2230
2230
26135
26135
26135
26129
2238
2240
26122
2249
26112
2254
26112
26112
26110
26109
26108
2261
2261
26106
2263
2264
26101
26101
2268
26098
26098
26097
26093
26093
26092
26092
26091
26091
26091
26089
26087
26087
26087
2279
2279
26087
2279
2279
2280
2280
26086
26084
26084
2283
2284
26076
2290
2291
2293
2293
2295
2297
26069
26069
26069
26069
26069
2297
2297
2297
26068
2298
26067
2299
2300
2301
2301
2301
2301
2301
26063
26063
26062
26062
2305
26059
26057
26057
2309
26055
26055
2313
2313
2316
2316
2317
2319
2320
2320
2321
2321
2323
26040
2327
2335
26027
26025
26024
2343
26020
2347
2347
2347
2348
2348
2351
26014
26014
2353
2353
2353
26014
2353
26013
2353
2355
2355
2358
2359
2359
26007
26005
26000
25999
2368
25997
25997
2370
2372
2372
25992
2374
2376
2376
2379
2379
25987
25987
25987
25986
25986
2380
2381
25983
25981
25981
25977
25976
2390
2390
2390
2390
2392
2392
25974
25974
25973
25973
25973
2394
25972
25966
25967
25967
2399
2399
25967
25967
25962
25962
2404
2405
25961
2406
2406
25960
25960
25959
2408
2409
25957
25956
25955
25955
25955
2411
2419
2419
25945
2422
2423
2424
2425
2425
2426
25939
25939
2427
25938
2429
25937
25934
25934
25934
2433
2433
2433
2433
2433
2433
25933
2433
25928
25928
2439
25927
25927
25926
2440
25925
2444
2444
2444
2444
25921
2445
2449
25917
25917
25916
25916
25915
2451
2452
25912
25912
25912
25909
2458
25903
25903
2464
2465
2466
2466
2466
25900
25899
25897
2471
2471
2471
2472
2472
2472
25894
25893
25890
25887
25887
25887
25885
2481
25884
25884
25881
25881
2484
2486
2486
2486
2486
2486
2488
2488
2489
25876
25875
25874
25873
25871
25871
2496
2501
2501
25864
25864
2505
25859
2508
2508
2512
2512
25853
25853
25853
2518
25848
25845
2520
2521
2524
2524
25840
25840
25838
25838
25838
25838
25838
25838
25838
2529
2530
2531
25833
25831
25831
25831
25831
25830
25829
25827
25826
25825
25826
25826
2540
25826
2539
2539
2541
2541
2541
2542
2542
25823
25822
25822
25820
25819
25818
25819
2547
25816
25816
2550
25816
25815
25814
25815
25815
25815
25815
2551
2551
2552
2552
25813
25813
25810
2558
2557
2557
2557
25808
2561
25805
25806
25806
25805
25805
25805
25805
2562
25803
2565
2566
25801
25801
2566
2565
2565
25797
25795
25794
2572
25794
25794
25794
25792
2575
25788
25786
2582
2582
25784
2581
2581
25780
25780
2586
2588
2591
2591
25773
25772
25769
2605
2605
2605
2610
2610
2610
25756
25756
2613
2615
2615
2615
2616
2619
25747
25747
2619
2619
2619
25747
2619
2619
2619
2620
2620
2620
2621
25744
25744
25742
2624
25742
25742
2625
2625
2625
25740
2629
25737
25737
25734
25734
25732
25732
2634
25732
25732
2638
2638
2638
25728
25728
25728
25728
25728
25728
25727
25724
2646
25720
25720
2646
2646
25719
25720
25719
25719
25719
25719
25719
2648
2648
25716
25715
25713
2654
25712
25711
2657
2657
2658
25707
25703
2673
2674
25691
2679
25687
25687
25687
25685
25684
25682
25682
25682
25681
2686
2686
2687
2688
2688
25677
25677
2690
25675
2692
2692
2692
2692
25672
2694
2694
2693
2693
25664
25664
2703
2703
25661
25659
25658
2709
2710
2710
2711
2711
2710
2715
2715
2715
2717
2717
2717
2717
25647
25645
2721
2724
25642
2725
2725
2725
2725
2725
2725
25639
25639
2728
2731
2731
2731
2735
2735
2735
2739
2738
2738
25628
25628
25628
25625
25625
25625
25625
25624
25624
2745
2748
2748
2748
25618
25618
2748
25617
25616
25613
25612
25612
25612
25612
2753
25612
2754
2754
2754
2754
25609
25608
2759
2760
25605
25605
2763
25601
2765
2767
2767
2768
25598
2768
2769
2769
25597
25597
25597
2771
2771
25595
25594
25593
25593
2773
2773
25593
25591
25591
2775
25589
2776
2776
2776
2778
2778
25586
25586
25584
25584
2782
2782
25584
2782
25582
2784
2784
2785
25580
2789
25579
2787
2787
25579
2786
25580
2787
2787
2787
2788
2788
2792
2792
2792
2793
2793
2796
2798
2798
2799
25563
25563
25563
2803
25561
2806
2805
2804
25562
25562
25561
25561
25561
25560
2806
25560
25560
25559
25557
2809
2811
2811
2811
2812
25553
2814
2814
2814
2814
25550
25550
25549
25547
25546
2820
25544
2822
2822
2822
25542
25542
25539
2828
2828
2828
2828
2832
2831
2831
25535
2833
25532
25530
2836
25530
25530
25530
2839
25528
25528
2838
2837
2841
25520
25518
2849
25517
2849
2849
2850
25516
25516
25516
25516
25514
25514
2854
2854
2854
25512
25511
25510
25508
25508
2858
25507
25507
25506
2864
2865
2865
25501
2865
2865
2865
2866
25499
25499
2870
2870
2871
25495
25495
25495
2871
2871
2871
2872
2872
2872
2872
25495
25495
25494
25494
2873
25493
25493
25493
25493
2875
25491
25490
25490
2876
25490
2876
25485
2881
2881
2882
25483
2883
25483
2883
25483
2884
2886
2886
25480
2889
2889
25478
25475
25475
25473
25473
25473
2894
25470
2899
2899
2903
2903
25460
25459
25459
25459
25459
2911
2911
2911
25453
25453
2913
2914
2916
2916
2919
2919
2919
25446
25444
25444
2922
2922
2923
2925
2925
2925
2926
2930
2930
25436
25436
25436
2934
2934
2934
2936
25430
2936
25430
25430
25429
2937
2937
2937
2937
2940
2940
25426
25426
25426
25426
2940
2940
2940
25425
25425
25424
2942
2942
2942
25425
25425
25425
25424
25424
25425
25424
25424
2943
25422
25422
2944
25422
2945
2947
25419
25419
25419
25419
25419
25419
25416
25416
25416
25416
25415
25415
2952
25414
25413
25412
25407
25407
25407
25407
25407
25408
25408
25408
25404
25404
25404
25401
25400
2965
2966
25391
25391
25391
25391
25391
2976
25389
2978
2978
25385
25383
25383
25382
25382
25379
25380
2986
25380
25380
25380
2986
2987
2987
2989
2989
25377
2989
2991
25372
25371
25371
25371
25371
25371
2999
25367
25366
3000
25364
3002
3003
3003
3006
25356
3010
3011
3010
25354
25354
3012
25353
25349
3017
3018
25348
3022
3022
25343
25344
3022
25344
25344
25342
3030
3029
3029
3029
3029
25336
25336
3031
3031
3031
3032
3033
3034
3034
3036
3036
3036
3037
3038
3039
25327
25327
25327
25326
3043
25322
3045
3045
3046
3045
3046
3046
25320
3049
3049
3049
3049
3051
25309
25306
3060
3060
25306
3062
3062
3062
3062
25304
3062
3062
3062
3064
3067
3068
25296
25297
25297
25296
3070
3070
3071
3076
3076
3076
3076
3077
3078
3079
3078
3078
3080
25285
3081
25285
25285
3081
25284
3083
25283
3084
3084
25281
3085
3085
25280
25280
25279
25279
3091
3091
25275
25274
25270
25267
25267
25267
25267
25267
3100
25267
25267
3101
3101
3101
3101
3101
25264
25258
25257
3109
25257
25255
25254
25254
25254
3114
3114
25250
25250
25250
25249
25249
25247
3121
25244
25244
3122
3122
3122
3124
25241
25241
25240
3128
3128
3128
3129
25236
25236
3134
3135
25231
25230
3136
3137
3143
25223
3144
25221
3148
3148
3148
25218
25217
3149
3150
3150
25216
25215
25215
25213
3153
25212
25211
3157
3161
3165
25201
25200
25200
25199
3169
3169
25197
25197
25195
25195
3171
3171
3170
25193
3175
3175
3176
3176
3176
3178
3178
25188
25188
3178
3181
3182
3182
3183
3183
25183
25183
3184
3184
25180
25173
25172
25171
3195
25168
25168
25168
25168
3199
3198
3199
3200
25165
25165
25165
25165
25162
25162
25161
25161
25161
25161
25160
25160
25157
25157
3209
25157
3211
3213
25153
25153
25152
3212
3212
3212
3212
25155
25155
25155
3211
3212
3212
3212
3214
3214
3214
3216
3217
3220
3221
3221
3221
25144
25145
25145
25142
25142
3224
3225
3227
25136
3232
3232
3232
3232
3232
25134
25134
25134
25134
25134
3232
25134
25134
25133
3234
25131
25130
3238
3238
3242
3243
3245
3245
3248
3247
3247
25119
25119
3248
3249
3249
3253
3253
3253
3254
3254
25109
25109
25108
3260
3260
3261
25105
25105
25105
25103
25101
25096
25096
25095
3271
3270
3271
25094
3277
3278
3278
25088
3280
3282
3282
3282
3282
25084
3287
3289
25076
25075
3291
3291
3291
3292
3294
25074
3292
3291
25074
25074
25073
25073
3293
25073
3296
3296
3296
25070
25070
3296
25067
25066
25065
3303
3305
25060
25059
3310
3312
3312
25046
25045
25045
3322
3322
3322
25043
3324
3324
25043
3326
3325
3325
3328
25038
25038
25035
25035
25034
25034
3332
25027
25027
25026
3340
25027
25027
3339
3341
25025
25023
3344
25021
25020
25020
25019
25019
3347
3348
25016
25016
3352
3352
3352
3355
3355
3358
3358
3358
3361
3361
3361
3359
3359
3359
25007
25007
3364
3367
3367
24998
24998
24998
3368
24991
24991
24990
3376
24990
3377
24988
24987
24984
24984
24983
24983
24982
24981
24981
24981
24981
24982
24982
24981
24981
24981
24981
24980
24980
24980
24978
24977
24975
24975
3391
3392
3393
3393
3394
24969
24969
24969
24969
24969
24969
3397
24969
24969
3398
24967
24967
3399
3399
3399
24965
24959
24958
24955
3410
3411
24955
24955
24955
24953
24953
24952
24952
24950
24950
24950
24949
24948
24947
24947
24947
3419
3419
3419
3421
24945
3425
24940
24942
24942
24941
24940
24939
3427
3427
24938
3429
24937
24936
24936
24936
24936
24936
24936
24935
24935
3430
24936
24934
3432
24932
3435
3436
24929
3438
3439
24924
3443
3443
24922
24922
24922
24922
24919
24917
3449
24917
24917
24917
24918
24918
24918
24918
24918
24920
3445
3445
3445
3445
3445
3445
3445
24921
24921
24921
24921
24921
24921
24921
24921
24920
24921
3446
3446
24920
24919
24917
24917
24917
24916
24916
3450
3450
3450
24915
24915
24915
24915
24914
3457
3457
3457
3457
3457
24909
3458
3458
24907
24907
24905
24905
24902
24902
24899
24898
24895
24895
3471
24896
3470
24893
24893
3473
3473
24892
3474
3474
24891
3474
3475
24891
3476
24889
3477
3475
3476
3477
3478
3484
3484
24880
24879
24874
24874
3494
3494
3494
3495
3495
3495
3495
3495
3495
24871
3495
3496
3496
24869
24867
3500
24866
24866
24863
24863
3505
24860
3505
3508
3509
3511
24851
3515
3515
3516
3517
3517
24845
3521
3521
3521
24841
24840
24840
24840
24840
24839
24839
24839
24837
24837
24834
24834
3534
3534
3538
24824
3542
3549
3549
3550
24816
24815
24814
3556
3558
24808
24808
3562
3566
3567
3567
3567
3567
24799
3568
3569
3569
3570
3572
3573
3573
3578
3578
24788
24788
24788
24785
24785
3582
3585
24776
24776
24775
3593
3595
24768
24768
3598
3598
3598
3598
3598
24768
3598
3598
3597
24769
24769
24769
24769
24768
24768
24767
24767
24765
3602
3604
3605
24761
24761
24761
24761
24761
3606
3607
24759
24759
24755
24754
3615
3615
3617
3617
24749
24748
24748
3619
24746
24745
24744
24743
3623
3623
3623
3627
3629
24736
24736
3631
3631
3632
24735
3631
24735
24734
3633
3633
3633
3633
24731
3635
24728
24726
3639
24726
3641
24720
24720
3645
3645
3647
3647
24719
24718
24718
3648
3648
3649
3649
3649
3649
3652
3652
3651
3651
3651
3651
3654
24712
24711
24711
3655
3655
3655
3655
3655
3656
24710
24710
3657
3657
24709
24708
24707
24707
24706
3661
24705
3662
24702
3666
24699
24697
24696
24693
24692
3674
3675
3675
24689
24688
24686
24686
24686
24685
24685
24685
24683
3683
24682
24681
3686
3686
24679
3687
3687
3687
24679
24679
24679
24680
24680
3686
3687
3687
3688
3688
3688
3688
3691
3691
3692
3692
3692
24673
3695
3695
3695
3695
3695
3695
24670
3697
3697
3698
3700
24664
24664
24664
3702
24664
3703
3704
3704
3708
3708
3708
3708
24658
3712
24654
24654
3712
3712
3712
3712
24654
24649
24648
24649
24648
3717
3718
3718
24648
24648
24649
3719
3721
24645
3722
3721
24642
24642
3724
24641
24641
24640
24640
24640
24639
24640
3729
3732
3732
24634
24633
24627
24627
3739
24626
24623
24621
24622
24622
3744
3744
3744
24619
3747
24619
3748
3748
3748
3748
3752
3752
3753
3753
3757
3758
3761
24604
24604
24604
24603
24603
24600
3766
24599
24598
3769
3769
3769
3771
3771
24594
24594
24594
24594
3774
24590
3777
3781
3781
3782
3782
3782
24583
24584
24584
24584
24582
3784
3785
24578
3790
3790
24574
3792
24574
24574
24572
24572
24570
3797
3797
24570
24570
24570
24569
3798
24568
3801
24565
24565
24565
24563
3804
3804
3804
24560
24560
24560
24560
24560
24559
3806
3805
3805
24558
24558
3808
3808
3808
3809
24556
24554
24553
24552
3817
3818
3818
24544
24543
24543
24543
24545
24545
3820
3820
3821
24544
3824
3825
24541
3827
3828
3828
24536
24536
3830
24533
3833
3833
3835
3835
3836
24528
24527
24527
24527
3840
3840
3841
3842
3842
24524
24523
3844
3846
3847
3847
3847
24519
24518
24517
24517
3853
3853
3854
24508
24508
24508
3858
3858
3859
24506
24505
3861
24504
24504
24503
24501
3867
24499
24498
24498
24498
3868
3868
24498
24497
3870
3870
3871
3871
3872
3874
24489
24484
3884
3884
3885
3886
3886
3886
3886
24478
24478
24475
24475
3890
24476
24472
3899
3899
3899
3901
3901
24464
24464
24464
24462
3904
3905
3905
24460
24459
3907
24459
24458
24458
3910
24455
3912
3912
3915
24450
3915
3915
3916
24448
3918
3918
3918
24446
3920
3920
3921
3921
3921
3921
3922
24443
24443
24442
24442
24442
3924
3924
3924
3924
24443
24443
3923
3923
3924
3925
3925
3925
3926
3926
24440
24440
24438
24438
3933
3933
24433
24433
24432
24432
24432
24431
24431
24430
24429
24429
3937
3936
3936
3936
3936
24429
24427
24427
24426
24425
3941
24424
24424
24424
3944
24420
24420
24420
3947
24417
3950
24416
24413
24413
24413
3955
3955
3955
24411
3955
24412
3954
3954
3954
3954
3956
24409
3958
24408
24408
24407
24407
24405
24405
24404
24404
3963
3964
3966
3967
24400
3967
3967
3967
24398
24398
24397
3969
3969
24397
3970
24396
24396
24395
24395
3974
3974
24391
3976
24390
3976
3976
24387
24387
24387
24385
24385
24385
24380
3986
3986
3986
3986
24380
3986
24379
3987
24379
24379
24379
3987
3987
3987
3987
3988
3988
24379
24380
24379
3987
3987
3988
3989
3989
3989
3989
3989
24375
24374
3992
3992
3994
3995
24371
24368
24368
24368
3999
24366
24366
4000
4000
4000
4000
24366
24364
4001
4001
24364
24364
24362
24363
4004
24362
24360
24359
24359
4007
24358
24358
24358
24358
24358
4008
4007
24359
4009
4009
4010
4009
24355
24353
24352
24352
24352
24349
24350
24350
4017
4018
4018
24346
24345
4022
4023
4023
24345
24342
24341
24341
24341
4028
4029
4031
4032
4032
24334
24334
4032
24331
24331
24330
24330
4040
4040
4041
4041
24324
24323
4043
4043
4043
24320
24320
24320
4047
4047
24318
24317
24317
24317
24312
4054
24310
24308
24307
24306
4060
4060
4063
4063
4064
24302
24302
4064
4064
24300
4067
24299
24297
24296
24296
4073
4073
24293
4073
24292
24289
24289
4076
24290
24290
24290
24290
24289
4076
4076
24288
24288
4078
4078
4077
24288
24288
4078
24289
4078
24288
24286
24285
4083
4083
4083
4083
24280
4087
24278
4088
24275
24275
24274
4093
24272
24272
4094
24272
4094
24269
4097
4097
4097
4096
4096
24270
24270
24271
24271
4095
24271
24271
24270
24270
24270
4097
4096
24270
24270
24269
24266
24264
4102
24264
4102
24264
24264
24264
24264
24264
24260
24260
4107
4108
4108
4109
4111
24254
24249
24246
24245
24244
24244
24244
24244
24243
24243
24242
24242
24242
24242
4127
4128
4128
4130
24237
24237
4130
24234
4132
4135
4135
24231
4135
4135
4135
4137
4137
24226
24225
24224
24223
4143
4145
4145
4146
4147
24219
24217
24217
24217
4151
24213
4153
4154
4154
4158
4159
4159
24207
4161
4162
24202
24202
24202
24202
24201
4167
4166
4167
4168
24196
4170
4170
4169
4169
4169
4171
4171
4171
4171
4171
24194
24194
24194
24193
24194
4174
4174
24192
24192
4174
4176
24190
4176
4177
24190
4177
24189
24188
4177
4178
4178
24187
24186
24186
4180
24186
24186
24186
4180
24185
24185
24185
4181
4182
24184
24184
24184
24182
24182
24182
24182
24182
4186
4186
4186
4188
4188
4188
4188
4188
4188
24176
24176
24175
4193
24171
4196
24170
4199
4200
24162
24162
4204
4204
4204
4204
4204
24162
24161
24161
24161
4210
4210
4210
4213
4215
4215
4215
4216
24149
24149
24148
24148
4219
4219
4219
4220
4220
24146
4220
24145
24144
24145
24142
24142
4224
4224
4224
4224
24142
24141
24141
4227
4228
4229
4229
24136
24135
24134
24134
24134
4238
4238
24127
4239
4239
4240
4240
4239
4238
4238
24128
4238
24128
4241
24125
4241
24124
24124
24124
24123
4243
4243
24122
4246
4246
24120
4247
4246
4246
4248
24118
4249
24112
24111
24110
4257
4257
24108
24108
4258
24108
24108
24109
24109
24105
4262
4262
4262
4264
4264
4264
24101
24100
24100
4268
4269
4269
4269
4272
4272
4272
4271
4271
24095
24093
24092
24090
24090
24089
4278
24087
24087
24083
24083
24083
4285
24081
24080
24081
4286
24079
4288
24076
4292
24073
4293
24072
4296
4296
4302
24064
4304
4304
4305
4307
24058
4309
4311
4311
4311
4310
4312
4312
4312
24051
24051
24050
24050
24050
4316
4317
4318
24047
4319
24045
24045
24045
24046
24045
24045
24040
4326
4327
4330
4330
4331
4331
4332
4332
24035
4334
4335
4338
4339
4339
24028
24026
4339
24022
24022
24022
24021
24021
4349
4349
4352
24014
24014
24009
24004
24004
24003
24002
24003
24002
4366
23997
23997
23997
4369
23995
4373
4375
23990
23991
23990
23990
4377
4378
4378
4378
4382
23983
23983
23982
23982
4386
4386
23980
4388
23978
4388
23977
23977
23977
23976
23975
23975
23975
4391
4391
23974
23974
23974
4392
23974
23973
23972
4396
4400
4400
23962
23962
23962
23962
4404
23962
4404
4406
23960
4406
4406
4405
4405
4405
4404
4406
4406
4408
4408
23957
4409
23957
4409
4409
23954
4412
4412
4412
4412
4412
23954
4411
4411
4412
4415
4415
4415
4417
23945
23945
23945
23945
4426
4427
4427
4427
23940
23939
4427
4428
23937
4429
23937
4429
4431
4433
4433
4433
4433
4433
4433
23933
4434
4434
23931
23930
23929
23928
4440
4443
4443
4442
4443
23923
4443
23923
23923
23922
23922
23922
23922
23921
23920
23915
23914
23913
23912
23911
23909
23909
23909
4460
4460
4460
4460
4462
4462
23904
23903
4463
23903
4465
4466
23898
4468
4468
23898
23898
23896
4469
4469
4473
4473
4475
4475
23891
23891
4476
4477
4477
4480
23886
23886
23886
4482
23881
23881
23880
23878
4488
4488
23878
23877
23877
23875
4490
23876
23876
23875
23874
23872
23872
4496
23870
4496
23867
23867
4500
4500
23866
23865
4501
4502
23862
23863
23863
23862
4505
4506
4507
4507
23859
23859
23859
23859
23859
23858
23857
23857
23857
4510
4510
4510
23856
23856
4510
4511
4511
4514
4515
4518
4519
4520
4520
4520
4520
4521
4521
4519
23846
4522
4522
4525
23841
23840
23839
23838
4528
4528
4528
23837
4531
4534
23832
23832
23831
23831
23830
4536
4535
23830
23830
4536
4537
23828
4538
23827
4540
4540
4541
23825
23825
23825
23818
23816
23812
23812
4554
4554
4554
4555
4555
23809
23809
23809
23810
23808
23808
23808
23805
23806
4563
4565
4565
4564
23802
23794
4572
4572
23794
4574
4578
23786
23786
4584
4584
23778
23777
23777
23777
23777
4589
23777
23777
23777
23777
23777
4590
4591
23774
23774
23773
23772
23771
4597
23769
23769
4597
23766
4600
4599
4600
4601
4602
4602
4602
4604
4605
4605
4605
23759
4607
4608
4609
23757
23755
4611
4611
4611
4611
23755
23756
23756
23755
23754
23754
4612
4614
23751
23751
23751
23750
23750
23749
4616
23750
4617
23747
23746
23745
23744
23743
4624
4624
23741
4625
4626
4626
4626
4626
4627
4627
4627
23738
4628
23738
4628
4629
4630
4630
23736
4630
23734
4633
23732
23731
23730
4637
23727
23727
4639
4639
4641
4640
4641
4641
4641
23725
23725
23724
4642
23723
4643
4643
23723
4644
4644
23722
4645
4648
4648
4648
4648
4649
23717
23717
23717
23717
23717
23715
23715
23715
23715
23714
23714
23710
23710
23710
4656
23710
23708
23708
23708
4660
4660
23706
4659
4661
4661
4662
23700
23698
23697
23697
23697
23697
4669
4669
4669
4669
4670
4670
23696
4671
4671
23694
4674
4674
23691
4677
4677
4679
4680
4680
4680
4682
4682
4682
4682
4683
4683
4686
23681
23680
4687
23678
23678
23675
4691
4691
4694
4695
4696
4697
4697
4701
23665
23665
23664
23663
4703
4704
23661
23661
23660
4706
23661
23660
4707
4708
4709
4709
23656
4710
4710
4710
4710
4710
4710
23656
23656
23656
23656
4709
4709
4709
23657
23658
23657
4710
23652
23652
23652
4714
23652
23652
4715
4717
23646
4721
23642
23642
23642
4725
23641
23639
4728
4728
23638
4728
23638
4729
23637
4729
4729
23635
23635
4734
4735
23631
23630
23631
23629
4738
4739
4738
4744
23619
23618
4750
23615
23615
23614
4751
4752
4754
4754
23607
23604
23604
23604
23604
23605
23604
23603
4764
4764
4764
4764
23598
23598
23598
23597
4770
4770
4770
23593
4774
23592
4775
23590
4777
4777
4777
23586
23584
4784
4784
4785
4785
4785
23580
23580
23580
4786
4786
4786
23578
4789
4791
4791
23575
4793
4792
4792
23574
23574
4792
4794
23572
23571
23569
4797
4798
4798
23568
23561
4805
4805
23561
23560
4806
4806
23558
4808
4808
4807
4809
4809
4812
23551
23549
23548
4819
4823
23543
23542
23542
23542
4825
23539
23538
4829
4829
4829
4829
4830
4830
4830
4830
23534
23533
23533
23533
23532
23532
23531
23531
4836
4837
4837
23529
4837
23529
4837
4837
4838
4840
4839
4839
4839
4839
4840
4842
4842
23524
23525
4844
23521
23520
23520
23519
23518
23517
23517
23517
4850
23517
4849
4848
4848
4849
23517
4853
4853
4854
4854
4854
23511
4855
4855
23510
23508
23508
23505
23505
4861
4861
4860
4861
4864
4864
23502
23502
4864
4864
4865
23501
23501
23501
23500
23499
4869
4873
23492
23492
4876
23487
23487
23483
23483
4884
4884
23481
4885
23481
23481
23480
23480
4886
23479
23479
23476
23476
23474
23474
4895
4894
4894
4893
23472
23471
23471
4897
4899
4900
4900
4900
23465
23465
23465
23465
4900
23463
23462
23460
23459
4908
23456
23456
4910
4910
4910
4911
23454
4912
4915
4916
4916
4916
23451
23451
4916
23450
4917
4917
23448
23446
23447
23447
23446
23446
23445
23445
23445
23446
23446
23446
4923
4923
4922
4922
4923
4923
4924
4925
4925
4925
4924
4925
4926
4926
4928
4928
4929
4931
23435
4930
4931
4928
4928
4929
4933
23431
23430
23430
4936
4938
23427
4939
23427
23427
23425
23425
4944
23421
23420
23419
23419
4947
4947
4947
4947
4947
23419
23419
23419
23419
23419
23419
23419
23418
4948
4949
4950
4950
4949
23414
4953
4953
23412
4955
23411
23411
23410
23410
4956
4956
4956
4957
23409
23409
23408
23407
23408
23405
4963
4963
4963
4963
4963
23403
23402
23403
23403
4966
23398
23398
23397
23397
23397
4970
4970
4971
4973
4973
23391
4975
4975
4976
4976
23391
23391
23391
4976
4976
4979
4980
4980
4980
4980
23386
23384
4989
4990
23376
23376
23375
23375
23375
4991
4992
23375
23375
23374
23374
23374
23374
23375
23375
4993
4993
4994
4994
4997
4998
23366
23365
23366
23364
5002
5002
23362
5004
5005
23361
23360
5006
5006
5007
5008
5008
5009
5009
5009
5009
5010
5013
23352
23351
5015
5015
23351
5015
5015
5015
5019
5019
23347
23347
5019
23347
5020
5020
23344
23344
23343
5023
5023
5025
5025
5025
23339
23339
23339
23339
23339
23333
23333
23333
23332
23331
5037
23328
23327
5038
5039
23327
5041
23325
23324
23324
23323
23323
23322
5044
23322
5044
23322
