675 439
2
4 171 427
3
4 289 582
2
3
2
4 289 292
4 182 574
1 83
4 566 574
4 104 438
3
4 407 473
3
3
3
2
1 595
3
1 154
2
3
4 247 416
1 20
2
3
3
4 566 649
2
3
2
2
1 266
2
3
1 494
1 430
1 652
4 172 387
4 403 569
1 199
1 451
1 474
3
2
1 155
3
2
1 151
3
3
4 414 439
1 591
3
2
1 189
2
2
2
4 43 480
3
1 448
4 445 602
1 538
1 81
1 52
3
4 61 141
1 675
3
3
3
2
4 500 666
4 282 362
3
3
3
1 492
3
3
4 663 674
4 28 134
3
4 516 562
4 550 563
1 231
2
1 437
4 506 605
3
2
4 475 606
4 184 575
1 25
3
2
2
3
4 612 636
1 401
3
2
2
2
3
4 513 599
1 256
3
1 252
3
3
1 127
1 284
4 304 352
1 51
1 445
2
4 259 574
4 18 247
4 76 378
1 219
3
4 165 456
3
3
3
2
2
4 660 671
4 390 632
4 56 433
3
1 422
3
1 652
1 279
4 518 626
1 19
3
1 542
1 497
4 289 315
4 328 471
4 113 310
1 12
2
2
2
4 131 625
1 200
2
1 452
4 209 495
3
2
3
2
4 105 547
1 363
2
3
2
2
1 322
1 369
2
3
2
4 582 603
2
2
4 338 348
3
2
4 516 618
3
3
4 274 401
3
2
3
4 574 665
2
3
1 560
1 656
2
4 472 496
4 73 386
1 71
3
3
3
1 446
1 255
1 525
4 283 619
2
1 642
4 559 559
3
1 240
4 37 645
1 637
1 43
1 675
4 8 489
1 260
1 123
2
1 608
1 265
1 478
3
1 508
1 537
3
4 383 475
2
2
1 168
1 200
2
1 573
1 568
4 456 567
2
1 93
2
4 502 673
4 172 462
2
4 110 353
4 606 620
3
1 632
2
4 258 264
2
1 249
1 617
1 4
2
2
4 664 665
1 636
3
2
3
3
2
2
1 246
2
4 77 161
3
3
3
1 350
4 333 516
2
3
2
4 361 522
4 393 477
3
1 31
4 367 511
3
3
4 587 651
1 433
1 398
2
4 313 320
1 522
3
2
1 358
4 451 607
3
4 52 146
4 231 587
3
2
4 652 665
3
4 267 655
4 252 483
4 367 598
3
1 161
1 125
4 275 317
3
4 487 623
2
2
4 144 567
2
1 462
3
4 245 501
2
3
3
3
4 461 578
4 245 414
1 294
2
1 479
1 135
4 20 256
3
3
3
2
4 37 305
1 436
1 640
1 41
2
1 215
1 52
1 477
3
3
2
3
4 140 440
3
3
4 285 485
4 196 411
3
4 77 203
4 666 670
3
3
4 90 575
3
2
4 217 258
4 675 675
3
3
2
4 80 471
1 518
4 146 161
2
3
4 377 386
4 358 504
3
1 202
3
4 233 252
2
2
2
1 331
2
2
4 612 627
1 337
4 625 641
3
4 672 672
2
3
4 504 509
2
4 114 333
3
3
2
3
3
3
1 57
3
4 143 533
4 514 635
2
4 81 174
2
2
3
4 576 618
4 407 536
1 645
1 499
2
3
1 475
1 415
4 9 277
1 103
1 422
2
4 389 408
1 314
1 576
1 576
1 274
3
1 345
3
1 152
3
4 135 603
4 599 617
2
3
1 460
3
2
1 375
4 224 237
4 660 672
4 382 638
4 148 494
1 2
4 278 330
1 268
2
1 308
4 139 339
3
3
3
4 207 371
4 141 655
1 631
4 387 510
