1000 1000
4 189 383
1 673
1 778
3
2
2
3
2
2
3
1 898
2
4 607 957
2
3
2
2
4 624 832
4 170 591
4 845 933
4 920 940
1 371
2
2
1 683
4 649 869
2
1 208
4 548 890
4 194 930
1 454
1 213
4 361 529
2
4 409 635
3
3
3
2
1 780
2
1 549
2
2
4 894 901
1 190
4 509 617
3
4 807 981
2
3
4 360 587
3
4 402 942
4 520 642
2
4 390 697
2
3
3
1 605
4 101 345
4 720 821
3
3
2
1 839
1 964
3
1 55
4 962 999
3
2
3
3
2
4 360 738
3
2
1 220
1 517
4 791 939
2
1 753
4 286 447
3
2
1 443
1 263
2
2
3
2
2
1 461
1 618
2
1 11
2
1 738
1 650
4 859 877
1 914
3
2
2
2
4 855 996
4 887 911
3
3
3
2
1 634
3
3
1 436
4 534 855
4 449 752
4 203 674
3
2
1 607
1 677
4 60 631
1 514
3
2
1 895
3
3
4 850 860
2
3
1 76
4 955 980
4 459 913
2
2
4 509 823
1 897
2
3
1 132
2
3
1 195
3
4 756 827
3
3
1 606
3
4 479 573
4 321 576
2
3
3
3
4 768 933
2
3
4 747 799
2
1 340
4 982 991
2
3
1 866
1 52
1 686
2
2
2
3
2
4 323 518
4 988 1000
4 265 502
4 390 610
1 573
2
3
3
4 924 953
2
3
2
3
2
3
1 413
1 642
3
4 228 574
1 951
3
2
3
3
4 652 655
3
4 962 993
3
3
2
2
4 723 864
2
3
4 155 784
2
2
1 822
2
4 469 655
2
1 634
1 298
2
1 773
2
2
3
3
3
3
2
3
3
1 402
4 868 987
1 947
3
1 135
2
4 774 860
4 774 997
2
1 692
1 654
2
1 436
2
3
3
3
2
4 932 963
2
2
4 287 608
4 334 833
4 84 550
2
4 569 886
4 331 648
4 830 866
4 517 598
2
4 869 877
2
1 812
1 342
3
1 73
4 122 899
2
3
3
4 948 951
4 187 418
3
1 516
4 769 931
3
1 657
4 440 699
1 240
2
2
1 836
2
4 280 494
1 173
4 65 846
1 326
4 843 906
2
2
4 765 854
3
4 9 703
3
3
2
4 395 975
3
4 742 850
2
4 224 672
4 827 916
3
3
4 717 821
2
2
3
1 898
3
4 294 297
2
1 63
2
1 512
2
3
3
4 959 964
4 578 779
4 661 751
3
3
4 362 449
1 782
4 221 964
1 609
2
1 981
3
2
2
4 745 892
3
4 227 527
4 609 913
1 587
1 474
1 206
4 193 540
2
4 52 680
3
4 340 945
3
4 343 700
2
2
1 434
3
4 994 994
3
3
1 938
4 675 843
2
2
3
3
1 223
1 551
2
3
4 446 616
3
3
2
4 493 725
2
4 108 109
3
1 303
3
3
4 626 966
1 936
2
2
4 843 865
4 927 959
1 80
3
3
2
2
4 157 823
3
1 716
3
3
1 18
2
3
4 295 406
3
2
3
1 651
4 813 956
2
1 95
2
2
2
1 14
4 116 919
1 237
3
2
4 110 618
1 783
2
1 993
4 171 636
2
4 473 978
2
4 537 726
2
4 825 842
3
2
4 851 859
2
4 318 483
3
2
1 319
4 381 966
1 697
2
3
4 333 565
4 84 770
4 879 930
4 236 474
3
1 750
3
2
1 601
4 338 620
4 138 834
2
4 582 760
1 491
1 612
1 80
1 972
3
2
4 390 853
1 33
4 669 861
2
3
2
3
3
4 552 559
2
1 495
3
3
3
2
4 674 694
2
4 506 687
4 955 972
1 358
3
4 65 975
2
4 233 980
2
1 586
2
2
3
2
2
2
1 207
4 68 911
1 40
1 830
4 778 979
2
2
3
4 120 178
4 74 110
2
2
2
1 812
1 625
2
1 692
3
2
3
2
2
4 386 430
4 314 673
3
4 65 455
2
3
2
3
1 163
1 798
3
1 846
4 475 571
3
2
3
4 768 912
4 916 983
3
4 749 844
3
2
4 359 571
3
1 402
2
2
3
2
3
3
1 370
2
4 927 932
2
2
2
4 71 844
3
2
4 84 482
2
1 727
3
3
2
4 877 958
3
3
3
1 261
1 986
3
2
4 846 903
2
4 161 890
3
4 514 729
4 104 953
4 310 680
4 260 812
2
2
2
1 806
2
3
4 855 909
1 103
1 96
2
1 986
2
3
4 109 639
4 100 788
4 472 512
1 540
2
4 616 722
4 821 1000
4 22 337
1 615
4 931 976
2
2
3
2
1 413
1 249
1 262
2
1 977
3
3
3
1 33
2
4 294 730
2
1 388
3
3
4 983 998
2
3
2
2
2
2
2
2
2
4 600 964
3
3
3
2
4 852 956
3
3
1 24
1 834
3
3
4 865 974
2
3
1 180
4 896 913
1 161
3
3
1 547
2
1 863
3
2
2
1 51
1 436
3
1 442
4 503 1000
4 401 468
1 248
2
2
2
2
2
4 500 582
4 225 289
2
2
1 346
3
4 647 692
4 511 691
4 162 679
1 214
1 132
3
4 727 954
1 242
4 151 541
1 417
3
4 206 428
1 133
2
2
4 224 589
1 968
1 775
3
4 197 199
3
1 447
4 757 820
4 811 947
2
3
3
3
2
1 655
2
4 11 836
3
4 990 996
3
4 33 970
3
2
1 752
4 288 802
4 504 713
2
1 227
2
1 830
3
1 414
2
3
4 533 961
3
3
1 841
1 983
3
1 615
1 652
2
4 282 473
1 390
4 526 695
4 607 810
1 869
2
3
3
1 491
1 705
1 729
2
3
3
4 713 786
4 972 978
3
4 603 794
3
4 163 534
3
4 34 469
4 926 984
1 921
1 145
4 519 752
4 27 623
1 249
4 940 968
2
4 90 364
4 950 986
3
4 909 973
3
4 548 677
4 636 843
2
2
1 883
2
3
4 59 66
4 280 504
1 980
2
3
2
1 233
4 990 997
3
3
4 233 250
4 159 467
1 960
1 79
2
1 718
4 638 749
3
2
1 940
1 678
3
1 267
1 600
2
3
4 50 887
2
3
4 964 977
3
3
2
3
3
3
1 187
4 869 869
2
4 861 918
4 166 911
4 424 808
3
4 634 907
4 198 939
4 122 176
4 200 696
2
3
1 30
3
1 587
1 676
2
4 803 858
3
4 849 972
3
3
3
4 633 844
4 250 849
2
3
4 645 884
1 397
1 620
2
4 541 990
3
4 445 479
2
2
1 173
3
4 649 893
4 86 861
3
3
3
1 464
1 808
3
1 104
3
3
3
3
1 302
4 793 803
1 868
2
4 561 743
3
4 167 220
2
1 183
3
4 383 888
4 365 992
1 216
4 872 985
3
1 141
2
2
3
3
3
2
2
2
2
2
4 791 966
3
2
3
1 2
4 861 960
2
3
2
4 950 992
3
3
2
3
2
3
2
2
4 533 818
3
4 569 583
2
2
1 79
2
1 391
3
4 579 872
2
2
1 148
4 229 276
4 863 997
4 533 847
4 744 805
3
3
2
3
2
4 971 990
1 714
1 528
3
4 945 964
4 563 787
2
4 822 900
4 551 985
4 412 450
2
1 413
4 800 1000
4 245 612
2
1 226
4 115 819
1 170
4 871 989
2
3
2
1 740
2
1 618
2
3
2
4 760 911
3
2
4 787 818
4 293 383
3
2
2
1 427
3
1 822
2
3
3
1 697
2
3
4 782 844
1 822
3
3
1 519
4 61 228
4 542 767
3
1 495
3
1 818
2
2
3
2
2
4 569 890
2
1 346
2
4 164 577
1 862
4 587 805
2
4 923 959
4 111 254
3
1 122
3
4 481 484
3
2
3
4 849 938
4 787 870
2
2
2
