1000 1000
3
4 765 994
4 416 923
2
3
4 93 398
4 246 371
2
4 159 796
3
3
4 596 979
3
2
4 499 841
3
4 817 961
2
2
3
3
2
3
3
4 446 794
1 224
3
3
3
1 404
4 859 961
2
4 460 751
1 279
4 406 609
2
2
4 851 925
1 17
4 110 737
3
2
4 107 640
3
4 322 486
4 61 226
4 408 874
4 520 741
2
4 154 779
1 725
1 21
3
3
1 733
2
3
2
3
3
2
2
3
3
4 254 992
4 191 423
4 430 704
1 780
2
4 421 522
4 552 977
3
4 603 744
2
1 179
1 722
2
4 300 997
4 364 458
4 871 939
3
3
3
2
2
1 373
3
3
4 778 885
3
2
4 228 668
1 193
2
4 449 662
2
3
1 629
2
2
1 596
4 131 327
3
4 206 361
3
4 436 551
2
1 281
3
3
4 192 976
1 906
2
4 471 874
3
3
2
4 128 375
1 856
4 195 310
4 362 633
1 530
1 54
1 615
3
3
3
2
2
2
2
3
3
4 959 991
2
2
1 437
4 554 756
2
3
2
4 129 858
1 367
3
4 147 779
3
3
4 808 914
3
2
3
4 154 625
1 741
2
4 859 992
3
2
4 903 955
2
4 763 944
1 783
2
4 987 994
3
1 886
4 855 889
1 783
1 460
1 520
4 623 658
2
1 87
2
2
4 319 839
4 160 893
1 508
1 688
1 613
1 405
1 142
1 632
1 532
3
3
1 567
2
1 152
3
4 153 852
1 539
1 642
3
3
2
3
3
4 987 992
4 144 234
3
4 295 528
3
4 304 816
2
4 378 558
2
2
1 960
2
2
4 819 888
4 961 973
4 585 769
1 811
1 653
3
3
3
4 562 786
1 250
4 378 543
3
3
2
3
4 53 660
3
3
4 474 992
4 409 912
1 228
2
4 868 957
2
1 775
4 71 405
2
3
1 988
1 288
3
4 330 881
3
3
3
1 194
2
2
4 95 808
1 119
2
4 288 559
4 883 967
2
2
4 605 873
2
1 621
3
1 609
3
3
3
2
1 156
1 682
1 946
3
2
4 167 602
4 153 663
2
1 735
3
1 604
2
4 345 498
1 821
3
2
1 689
1 56
4 871 947
1 879
1 910
1 110
4 559 872
4 786 795
3
3
2
2
3
1 778
3
3
2
1 147
3
2
2
2
2
3
3
4 959 982
3
1 759
1 348
2
4 813 913
4 588 876
4 754 990
4 518 651
3
1 89
1 539
2
2
3
2
2
3
1 578
2
4 242 940
1 674
2
4 399 692
3
3
2
4 844 945
3
1 583
1 962
2
1 566
4 187 774
3
4 160 827
1 563
3
4 942 980
3
3
4 305 975
4 456 527
3
2
3
3
4 59 708
2
4 618 652
2
2
3
1 218
3
2
4 156 365
2
1 637
2
1 460
2
1 251
3
4 684 717
4 804 956
2
1 719
4 59 846
3
1 369
1 810
2
2
2
4 515 782
2
4 248 717
4 523 966
1 871
3
4 431 487
2
4 21 260
1 139
3
3
1 308
2
2
3
2
3
2
2
3
4 147 889
4 938 985
3
1 41
2
2
2
4 463 883
2
4 447 842
1 637
4 612 694
1 292
4 759 846
2
3
4 618 879
2
1 516
2
4 212 434
2
3
4 215 786
2
4 57 153
1 426
1 325
2
1 496
4 744 834
1 238
4 903 964
3
3
4 38 972
2
3
2
1 158
3
3
1 609
4 181 953
3
1 98
2
4 167 852
3
2
4 518 646
2
4 906 980
3
1 684
3
4 85 140
4 18 587
4 560 718
1 911
1 283
1 457
4 888 941
4 112 568
2
1 527
2
3
3
3
1 606
3
3
2
1 171
3
3
3
2
3
3
3
2
2
4 290 696
4 1000 1000
2
3
3
4 282 895
3
2
3
3
3
2
3
1 854
4 641 975
3
4 403 895
1 527
2
4 945 982
4 533 667
3
4 784 952
1 402
4 828 847
3
1 146
2
3
1 306
2
2
1 154
1 103
1 217
1 775
4 843 896
4 7 835
3
3
2
4 105 738
3
2
4 927 934
1 151
1 138
4 814 972
1 267
1 776
4 601 761
1 204
3
4 714 829
1 977
2
4 448 960
1 92
1 146
2
4 170 861
3
1 144
4 108 311
3
1 527
1 316
2
1 756
3
4 719 788
4 964 968
1 763
3
2
2
2
2
2
2
3
3
1 592
1 563
3
2
2
3
3
1 570
2
4 986 992
1 310
3
2
1 151
2
3
2
1 482
1 906
3
1 144
4 821 888
1 279
2
1 442
1 74
3
2
2
4 413 673
4 217 315
3
4 127 992
1 796
1 600
4 382 518
2
1 455
4 341 787
2
4 489 556
3
3
4 760 848
2
4 767 941
1 462
4 20 443
3
2
1 646
3
1 290
4 605 911
4 131 633
3
2
4 891 989
3
4 285 855
3
3
1 621
2
1 745
4 690 745
2
1 729
3
4 876 896
2
1 229
4 225 231
4 873 932
1 713
4 375 752
4 186 885
2
1 727
4 64 782
3
1 24
3
4 795 906
2
1 217
4 58 742
3
2
1 830
1 692
3
3
1 297
3
4 488 656
3
1 452
4 788 841
3
4 327 993
2
2
1 549
4 677 713
1 450
3
1 546
4 826 866
4 979 998
4 922 985
3
2
3
2
3
1 266
2
4 46 216
4 955 992
1 789
4 711 921
1 700
2
1 534
4 337 776
1 2
1 847
4 311 811
1 41
2
2
2
3
4 898 964
2
2
2
2
1 298
3
2
3
3
1 857
2
2
2
2
4 801 842
1 323
4 666 799
2
3
3
3
2
4 19 973
1 830
1 234
4 992 993
1 402
3
1 171
2
2
1 324
3
4 190 685
3
2
4 632 742
2
3
2
2
3
3
3
3
1 393
1 114
3
4 413 472
1 200
1 674
3
2
3
4 586 905
2
1 501
1 796
1 328
4 144 961
3
3
1 197
1 598
4 738 954
3
4 570 999
2
3
4 468 606
3
3
4 793 874
1 915
1 270
4 61 381
2
4 125 517
4 320 451
3
1 209
4 465 481
1 636
4 507 772
4 45 376
2
2
1 247
2
3
1 143
2
2
3
3
1 667
2
1 155
2
1 674
2
3
1 717
3
1 637
3
2
1 419
2
2
1 867
1 225
1 73
4 416 851
3
4 421 523
1 138
2
1 904
1 278
4 62 869
1 396
3
2
4 765 874
1 962
2
2
3
1 146
3
3
1 836
2
2
1 195
1 449
3
2
4 171 305
4 222 619
4 522 995
1 139
2
2
3
2
2
3
4 903 997
4 323 328
3
4 866 973
4 818 943
4 109 530
2
2
2
2
2
1 681
2
2
1 811
2
2
3
1 30
1 988
1 673
2
2
3
1 723
2
3
3
2
4 192 990
1 311
4 929 982
4 737 791
4 942 960
1 350
4 944 980
4 538 561
2
4 765 936
1 288
4 413 799
4 70 448
2
1 28
2
1 841
2
1 294
4 313 812
1 695
2
3
1 687
4 813 965
3
3
2
3
3
3
1 16
3
3
4 929 999
2
2
1 729
4 27 775
1 977
2
4 201 520
2
4 492 981
2
4 636 840
3
3
4 749 976
2
2
1 559
3
3
2
2
3
4 622 732
2
1 906
4 650 816
3
2
4 265 943
2
2
2
4 162 293
2
2
1 828
4 915 961
4 622 985
3
1 427
2
3
4 522 776
2
3
3
2
4 406 733
4 694 974
2
1 789
4 325 442
1 151
3
2
4 634 750
1 526
3
1 218
3
4 571 798
3
3
1 558
3
2
1 986
3
3
1 85
4 948 978
4 20 741
1 104
3
4 976 984
2
2
1 6
4 893 960
3
2
4 856 944
1 680
1 768
2
