0
1000
997
104
159
389
144
997
127
997
0
3
4
996
0
38
994
993
2
7
992
991
0
2
0
10
175
125
989
143
408
989
18
22
0
240
0
12
987
987
986
321
985
985
16
5
2
1
983
422
76
18
18
20
20
980
15
10
186
114
351
973
164
37
33
38
38
40
1
960
13
2
959
959
958
678
957
864
175
2
1
14
43
14
11
43
46
3
47
47
953
952
227
49
34
7
49
9
49
49
49
7
564
1
21
3
50
948
948
152
948
947
947
947
54
947
455
321
559
40
53
945
944
5
10
29
941
194
941
7
31
5
68
68
0
68
706
70
70
0
72
72
72
119
12
926
926
192
49
176
4
1
3
82
71
83
65
84
84
44
88
912
484
372
363
90
49
90
698
91
908
908
905
905
95
95
572
491
905
423
57
359
904
27
903
375
901
46
219
135
522
751
72
898
898
10
102
125
897
17
7
4
25
103
103
102
102
574
56
897
10
895
895
70
895
82
895
60
61
5
893
63
267
890
890
546
70
887
115
117
21
883
123
123
877
429
876
29
875
126
126
873
873
48
56
69
129
129
870
155
39
18
868
868
868
132
145
108
64
866
865
135
135
15
29
136
11
137
42
861
16
859
141
56
583
857
21
1
143
143
143
856
856
438
316
855
855
855
145
18
98
147
147
148
67
148
851
851
288
149
851
851
850
364
1
152
847
31
62
153
847
155
27
5
845
841
841
500
841
479
11
77
160
159
64
160
160
414
36
452
143
365
131
65
24
778
3
76
59
163
165
166
834
180
834
48
834
30
834
833
833
146
93
833
455
214
833
11
128
105
90
170
4
830
555
94
573
264
829
826
5
824
126
823
283
823
103
176
19
175
175
175
642
477
62
11
37
40
824
197
125
178
25
43
178
0
6
2
89
179
179
179
179
33
179
179
1
181
43
818
181
29
817
817
706
91
817
817
817
817
184
83
816
384
106
185
97
815
175
186
187
13
18
813
101
195
110
195
195
195
805
805
440
802
800
800
800
291
200
40
165
338
439
200
564
679
801
801
801
801
298
261
801
