1
0
0
2
0
14
32
69
6
1
12
5
13
13
7
10
13
15
1
984
3
983
983
983
8
14
17
10
9
440
982
981
980
980
226
14
13
21
978
334
976
33
975
974
974
218
972
28
972
4
968
967
33
1
33
9
3
25
173
360
143
966
173
88
966
31
36
38
22
79
960
534
390
1
1
1
46
11
46
791
89
231
620
12
950
50
19
29
5
947
53
54
12
54
54
54
8
171
565
746
58
942
942
942
942
42
60
939
61
61
61
62
938
63
7
937
63
2
3
303
173
8
64
287
3
64
65
20
225
18
67
35
67
2
68
68
68
69
40
6
74
0
74
924
924
924
76
76
9
67
34
4
408
3
919
7
4
917
497
60
83
128
569
916
27
914
914
90
18
90
27
2
10
90
90
367
454
908
93
93
93
14
94
6
904
904
902
11
56
83
900
102
898
124
898
102
159
896
35
9
105
0
893
893
893
893
107
35
109
600
888
186
888
5
114
114
114
114
3
886
884
118
118
118
10
25
11
119
85
880
880
64
878
109
875
453
498
126
126
126
59
126
10
127
127
128
60
132
132
30
4
867
1
253
95
312
616
863
110
195
857
143
143
144
3
144
855
129
485
238
851
557
850
324
29
121
153
847
341
42
153
153
154
153
153
846
845
844
844
841
159
22
162
162
162
162
162
5
162
162
837
837
47
835
652
835
834
178
264
18
42
832
64
85
833
832
832
140
831
25
3
17
833
1
4
830
827
46
826
826
1
826
826
252
826
826
417
824
84
13
72
177
177
177
822
822
85
178
65
823
823
203
72
136
821
821
343
15
820
180
180
66
49
820
179
6
819
285
471
818
818
818
182
19
67
182
182
63
15
818
350
375
816
815
11
186
187
16
4
62
62
56
188
49
49
190
192
193
193
807
807
265
331
262
87
18
192
5
8
195
195
195
195
195
195
195
9
22
804
804
405
803
502
196
196
196
64
51
196
16
111
196
197
197
801
85
796
796
130
795
57
13
18
795
795
795
175
2
180
29
208
208
208
72
789
789
789
137
789
3
73
211
15
210
212
134
785
113
90
2
783
783
66
783
