0
0
0
0
2
998
997
4
445
240
995
994
994
994
334
994
6
168
994
994
994
80
6
0
6
994
994
91
7
4
704
652
993
283
279
183
523
1
4
7
4
9
9
4
9
1
0
112
327
13
14
2
0
15
16
16
984
984
13
17
7
17
17
3
0
983
153
20
2
980
980
128
4
23
4
3
975
569
974
2
77
974
974
973
32
16
12
173
30
970
970
34
368
968
458
484
221
968
968
224
32
2
2
36
13
243
41
4
41
25
958
45
89
952
952
4
16
949
949
0
228
2
52
52
52
949
949
410
4
53
53
53
947
946
946
945
945
945
135
945
55
945
16
55
57
546
942
5
58
940
237
20
15
16
65
934
6
67
12
33
44
71
929
761
71
71
71
927
22
74
48
4
76
75
12
75
49
75
7
19
74
925
5
51
45
3
77
77
1
53
15
78
107
78
78
29
63
79
7
80
6
80
82
8
916
216
916
12
84
915
85
85
21
915
434
916
14
218
28
915
915
915
48
914
914
1
85
422
913
347
912
911
89
911
911
310
910
910
10
90
910
910
910
910
910
11
12
90
9
90
90
90
90
90
90
16
57
34
90
1
7
909
17
907
907
94
81
26
23
902
14
901
901
446
899
900
900
900
900
48
101
103
103
28
104
1
103
3
39
57
898
898
206
0
356
380
106
16
0
9
110
889
92
189
318
3
8
112
445
491
888
888
8
112
15
63
18
11
7
113
398
3
113
113
113
273
887
82
885
409
883
118
16
882
882
882
882
882
882
191
119
1
3
881
54
122
1
124
876
268
873
414
873
261
61
4
127
12
296
29
350
301
870
131
870
870
30
22
51
409
54
133
73
34
136
452
476
625
137
861
45
859
438
238
859
858
127
144
27
4
144
145
855
75
277
855
145
2
6
28
39
146
146
10
146
146
145
145
15
174
36
2
60
55
854
60
853
853
164
82
145
854
146
58
9
854
1
146
853
148
148
148
149
850
109
850
108
849
164
150
243
261
60
45
3
80
153
153
153
846
232
650
842
158
159
159
190
841
840
840
161
839
837
82
32
10
9
18
90
28
2
483
832
36
831
831
831
831
170
3
92
172
172
1
173
30
201
112
826
457
287
822
179
44
0
39
180
220
820
554
220
250
13
48
71
183
186
75
186
328
813
187
0
189
107
188
189
189
189
189
26
20
191
