0
0
5
0
5
5
2
7
18
8
0
390
12
12
0
1
0
988
14
5
4
223
985
18
5
1
3
980
22
980
106
238
178
55
976
975
974
1
27
27
972
28
2
29
970
382
422
151
31
1
0
0
32
8
33
0
11
2
2
35
35
962
147
303
962
2
0
42
42
11
43
27
30
3
9
46
46
952
117
849
949
51
31
28
51
26
1
257
54
55
272
57
61
14
30
63
63
33
615
935
31
13
64
932
932
932
66
932
69
16
69
27
69
69
69
2
930
930
27
930
930
928
71
73
928
31
97
435
667
928
211
928
928
927
926
926
15
75
75
75
4
75
75
75
75
2
76
10
65
76
78
16
34
80
34
81
55
82
917
12
42
16
42
428
490
913
89
89
32
89
90
91
93
93
13
93
96
902
23
898
898
897
897
897
897
1
42
70
71
17
105
105
105
105
105
1
893
107
108
5
108
346
890
375
110
221
889
568
889
720
466
888
888
163
340
886
115
26
116
116
116
61
87
882
881
881
183
164
121
121
32
8
127
872
78
128
1
871
241
270
871
338
127
127
127
22
127
873
873
872
128
128
128
52
506
99
871
870
9
26
130
870
870
37
869
114
132
25
132
166
866
35
134
25
42
42
367
858
858
2
857
64
857
857
142
142
143
0
144
481
234
854
24
146
146
6
146
146
148
148
148
149
22
17
149
847
847
517
847
847
12
847
153
153
152
154
79
846
154
187
398
4
232
844
844
843
401
2
1
18
160
838
30
460
31
58
836
836
836
108
165
165
165
165
165
49
166
166
7
167
171
74
0
4
71
172
7
33
19
3
140
41
828
22
9
830
829
829
829
203
829
171
172
23
171
128
171
171
171
141
13
7
171
23
81
171
829
495
19
829
171
49
171
25
171
171
60
8
38
37
829
829
829
334
135
389
829
531
829
829
172
172
76
828
80
172
172
7
828
218
22
828
23
275
828
135
309
829
829
828
5
369
44
158
173
55
172
172
172
15
176
176
824
77
36
88
425
238
822
820
820
820
820
67
180
180
181
819
509
819
182
66
182
182
43
9
185
184
25
815
813
813
190
146
192
97
808
131
139
1
807
3
6
48
193
4
411
806
806
194
31
69
