0
2
2
2
348
3
2
0
1
0
3
340
731
167
1
8
8
8
1
1
11
1
989
225
989
534
122
4
989
989
242
100
988
988
14
1
15
985
985
6
15
147
1
18
980
19
974
3
1
26
26
26
973
973
310
293
456
972
15
31
968
968
11
32
1
19
15
966
35
36
2
36
36
37
3
8
963
963
963
159
37
3
10
38
959
8
0
6
10
958
958
30
42
958
42
44
12
45
955
955
4
955
31
955
955
137
45
32
176
953
953
953
953
47
47
6
49
83
212
51
51
51
30
307
471
448
21
16
2
3
9
53
45
946
946
3
220
946
152
945
239
9
48
4
7
60
43
60
60
541
940
101
25
7
60
60
6
60
59
0
939
939
5
185
85
939
939
84
696
64
10
64
16
24
22
584
933
562
933
330
932
1
932
932
155
931
931
71
15
71
71
211
0
71
72
72
27
0
4
74
74
53
74
75
75
924
105
924
76
11
63
80
470
37
461
20
16
918
0
155
918
51
916
217
632
49
222
916
915
24
61
157
912
47
19
911
89
89
0
910
910
910
4
158
16
909
829
69
908
77
19
95
3
2
94
906
43
322
906
361
94
906
904
89
903
97
14
7
97
12
97
197
903
904
96
96
6
76
97
368
98
98
75
902
902
902
900
4
655
900
188
766
332
496
899
52
898
481
618
37
13
17
30
6
104
106
106
106
390
106
106
1
894
45
106
106
106
97
894
894
892
892
100
108
1
110
110
888
886
436
62
9
7
117
8
29
65
117
26
46
119
27
40
122
0
122
8
14
877
877
877
719
876
6
876
822
876
66
31
125
874
374
874
874
872
20
26
31
870
870
131
131
13
2
131
33
131
48
131
55
10
34
76
4
240
30
868
56
868
108
175
133
1
23
866
1
135
135
5
43
94
862
140
858
719
142
4
142
142
858
858
858
0
7
107
59
143
42
106
6
72
857
856
7
144
17
144
144
144
36
83
856
200
73
146
4
145
40
110
145
145
145
147
148
148
148
148
1
151
850
44
151
78
97
18
152
153
153
153
151
847
153
15
846
9
154
154
846
154
48
154
1
846
241
39
112
261
52
845
845
155
15
843
16
183
13
74
7
170
317
113
18
840
160
130
840
3
11
160
161
840
840
159
9
160
160
30
38
161
160
161
56
63
40
32
116
839
838
4
838
162
12
15
