1000 1000
1 464
3
4 570 775
1 114
4 555 834
3
1 69
2
2
4 581 587
1 583
1 403
1 120
2
4 810 823
4 730 761
1 623
2
1 495
1 665
2
4 924 992
2
4 380 979
1 579
4 424 475
1 260
1 945
2
2
3
4 576 987
1 141
3
3
4 362 793
4 86 655
3
1 654
1 801
3
4 734 854
2
1 572
3
1 164
2
2
2
4 537 606
2
3
3
3
2
4 499 970
4 137 976
3
2
1 152
2
4 217 728
4 53 465
2
4 105 553
3
1 570
3
2
1 783
2
3
3
4 697 924
2
4 104 628
1 163
4 325 977
3
1 631
2
3
1 674
4 624 964
1 419
3
4 884 916
1 173
3
1 959
3
3
4 775 996
1 636
1 209
3
2
2
2
3
2
3
2
4 766 994
1 161
1 813
1 955
1 47
2
3
1 535
3
2
3
4 958 968
3
4 271 618
4 523 573
4 151 926
2
4 712 887
4 592 963
2
2
1 365
4 469 617
3
4 526 709
4 754 844
3
2
4 32 860
1 532
1 902
3
1 847
1 828
3
2
1 247
2
4 100 612
2
1 226
4 733 814
3
4 268 821
4 69 475
1 266
1 948
2
1 201
4 795 811
4 956 978
1 127
4 881 914
1 956
2
1 573
2
3
4 540 718
3
2
4 114 943
4 844 934
2
2
1 806
4 393 637
2
1 905
2
1 630
4 145 795
1 681
4 215 227
3
2
3
1 252
4 212 630
1 796
4 252 846
1 327
4 355 527
2
3
2
3
1 790
3
4 549 677
3
3
3
4 585 758
2
4 808 988
4 360 959
1 961
1 162
4 54 845
2
1 984
1 742
3
2
3
3
3
3
2
2
1 687
4 896 939
1 344
2
3
2
1 848
2
2
3
2
3
3
3
2
2
2
2
1 773
3
2
3
2
1 628
2
2
3
4 935 995
2
3
2
3
4 935 951
1 641
4 848 939
2
4 109 433
4 699 882
4 990 997
2
2
2
3
2
2
2
4 355 660
2
4 957 989
3
1 338
3
4 629 868
1 865
2
4 475 718
2
4 515 690
1 727
3
4 448 943
3
1 235
4 356 407
3
3
3
1 410
3
2
2
2
4 896 937
1 417
1 958
1 281
1 46
2
1 504
4 777 825
3
4 954 954
3
1 694
1 979
2
3
3
2
2
3
2
3
3
4 804 947
1 502
1 881
2
4 833 905
2
4 365 797
1 511
1 999
1 501
1 252
4 947 958
2
1 198
4 269 710
4 995 997
3
2
1 81
4 524 598
1 116
4 935 956
2
3
4 30 566
4 750 816
2
3
2
4 163 302
2
2
1 351
4 96 718
3
2
1 340
1 471
4 628 905
2
2
2
2
2
3
3
1 786
1 302
2
1 764
1 146
3
4 135 308
3
1 847
1 429
4 192 507
4 936 950
4 409 510
3
3
2
1 712
4 551 955
1 900
4 410 912
3
1 651
2
3
3
3
1 16
4 610 712
3
4 295 357
2
1 575
1 49
3
3
2
1 723
1 601
2
3
2
2
1 240
2
4 141 210
4 28 624
2
1 550
4 473 563
3
1 500
1 729
2
3
2
2
2
3
4 330 464
3
2
3
2
1 382
1 421
4 231 404
3
2
4 545 827
4 939 995
2
1 17
2
3
1 782
4 967 975
1 219
2
3
3
2
2
3
3
2
3
1 231
1 479
4 477 751
3
2
4 282 951
1 136
1 51
1 180
2
2
3
4 498 712
3
1 755
4 980 985
1 850
2
3
3
3
3
4 898 911
2
3
2
1 590
1 238
2
3
1 588
1 149
2
3
3
2
2
3
4 728 797
2
4 941 972
2
1 575
2
2
4 530 617
1 39
1 267
3
2
1 9
4 779 875
3
3
2
4 449 969
2
1 974
1 252
3
1 638
1 682
2
4 92 959
2
1 728
3
1 291
4 432 945
4 350 916
2
3
3
3
4 68 553
3
1 491
4 912 995
3
3
2
1 517
2
3
1 645
1 620
1 705
1 418
4 485 900
3
3
4 105 286
4 338 352
2
1 685
3
1 503
4 944 945
4 700 988
2
4 102 758
1 24
1 902
1 542
1 420
2
4 385 753
1 222
4 286 995
3
1 112
1 722
1 224
2
1 191
1 575
2
1 592
4 58 185
4 436 668
3
2
3
3
1 493
3
4 350 391
3
1 34
2
3
4 249 391
1 736
1 194
1 888
4 340 910
2
1 196
2
4 721 994
3
1 795
4 65 725
3
2
2
1 744
4 161 543
4 653 688
4 775 912
2
1 256
1 911
1 727
1 559
3
2
3
4 230 630
2
4 623 867
3
3
1 833
3
2
1 247
2
3
3
1 346
2
3
1 220
3
1 821
3
3
1 544
2
2
1 321
1 443
3
2
3
4 799 975
1 21
1 1
1 997
3
3
3
2
2
3
3
4 878 937
3
3
2
2
1 591
2
3
3
2
1 489
4 502 736
1 701
2
3
4 200 978
3
1 250
3
1 779
4 745 947
2
1 207
1 918
2
2
2
4 333 654
2
2
4 829 847
4 836 880
2
1 517
2
3
2
4 611 997
1 173
2
4 540 648
3
1 153
3
3
1 765
4 677 849
3
1 489
2
1 290
4 758 932
4 381 415
2
1 16
1 795
4 704 724
3
2
1 173
1 397
2
2
4 593 601
4 830 867
1 799
2
3
1 597
1 19
1 33
3
4 830 879
1 657
3
3
1 371
2
1 127
2
2
4 995 998
2
3
2
2
3
4 64 367
3
3
4 343 853
2
2
2
1 745
2
1 639
3
2
1 820
4 403 816
2
2
2
2
4 157 212
4 520 891
3
1 480
1 570
3
3
2
1 342
3
3
2
4 210 674
3
4 418 742
1 480
2
3
3
1 133
4 273 512
4 503 592
1 822
4 560 733
3
1 588
1 409
3
2
2
4 278 693
2
2
4 941 962
1 283
2
2
3
2
3
3
4 391 729
4 50 337
2
3
4 747 958
2
1 518
2
4 781 789
3
4 562 914
1 570
4 200 782
3
3
3
2
3
4 586 665
4 449 782
3
3
4 633 979
4 792 894
2
3
1 894
2
2
1 650
4 18 445
4 90 547
3
1 857
3
2
4 764 803
1 910
3
1 132
3
4 800 903
4 841 871
4 633 957
4 573 856
1 708
4 654 957
3
4 488 704
4 500 716
1 248
1 405
3
1 200
1 106
3
1 720
3
3
2
3
3
1 790
4 356 683
4 324 737
4 562 892
2
4 419 844
4 774 875
1 353
1 371
3
1 622
4 666 691
4 952 987
1 758
1 390
3
3
3
3
3
3
3
4 812 858
4 784 912
1 902
2
3
3
4 205 712
1 317
3
1 293
4 66 695
1 945
2
1 501
3
3
3
2
2
1 911
2
1 940
2
2
4 751 832
4 898 958
2
3
1 826
4 789 885
4 27 597
1 390
3
1 945
3
3
1 125
2
1 785
3
1 588
1 246
1 474
1 867
2
4 537 930
2
1 901
1 673
1 894
2
2
3
3
4 463 626
1 860
3
2
4 598 828
4 133 184
4 804 901
2
3
3
3
4 298 508
2
2
1 530
4 327 329
4 320 538
4 960 992
2
2
2
1 63
1 997
1 131
1 757
3
3
3
2
1 506
1 666
1 840
4 343 431
1 724
1 586
1 596
1 828
2
1 532
2
1 682
3
3
3
4 750 922
3
2
4 500 503
4 419 741
3
2
2
4 269 351
1 601
3
1 314
1 733
3
1 762
2
1 531
1 216
4 670 847
3
1 168
4 728 876
4 630 753
4 776 777
1 932
2
2
3
3
2
2
4 437 516
3
2
2
