629 656
3
4 226 471
3
4 70 107
2
4 57 226
3
3
3
4 595 626
3
3
1 221
4 543 582
1 33
3
4 505 599
4 502 524
2
3
2
2
2
3
1 146
3
4 237 334
4 159 359
1 389
2
4 365 614
4 301 578
2
2
4 39 390
3
3
3
4 119 592
1 533
4 492 580
4 470 581
3
1 55
2
3
1 104
1 303
2
3
3
4 54 61
2
3
1 87
3
4 499 586
4 577 580
2
3
1 85
4 547 560
1 331
3
3
2
2
4 448 589
2
3
2
3
4 207 413
2
4 421 604
4 127 576
3
1 152
4 68 340
4 558 565
3
2
4 270 525
2
3
1 461
4 303 431
1 118
3
4 454 478
2
2
4 144 326
1 315
1 244
2
4 568 590
2
2
1 592
4 104 574
1 284
2
1 524
1 604
2
1 259
1 526
3
3
2
1 351
3
3
2
4 499 591
1 454
2
3
2
4 267 454
3
2
4 378 587
3
4 360 463
3
2
1 429
4 104 362
1 437
4 16 552
3
2
3
4 178 248
1 576
4 360 492
3
2
1 181
1 511
1 440
4 277 625
1 474
1 515
1 398
4 22 247
2
3
3
4 380 600
3
3
2
1 518
4 307 424
3
2
1 608
3
1 299
4 38 159
3
2
4 495 607
3
1 72
2
4 503 537
3
2
4 381 412
1 198
3
3
1 521
4 6 199
2
2
3
4 148 603
1 168
4 615 626
3
4 545 624
4 483 573
3
3
2
3
2
3
1 610
4 174 619
3
2
4 25 486
3
2
2
3
4 398 537
2
4 190 454
3
2
2
1 406
4 577 597
2
2
3
2
1 610
4 213 529
2
4 330 331
1 51
3
1 516
4 402 525
1 1
3
2
4 100 137
4 315 387
3
1 2
3
2
3
4 68 291
3
3
2
3
2
4 213 547
1 81
4 590 610
2
1 114
4 26 372
3
2
2
1 44
4 238 550
2
1 432
2
3
1 296
2
4 191 534
3
1 274
4 486 541
2
4 64 256
3
4 160 426
1 493
2
4 152 389
4 367 540
1 351
3
1 565
1 170
1 271
4 146 478
2
1 156
4 177 272
2
2
1 186
3
2
4 620 621
3
1 435
3
4 272 394
3
1 236
1 224
2
3
3
4 515 577
1 355
4 274 370
3
1 494
4 136 140
4 299 338
2
2
2
2
4 161 378
3
1 544
4 231 386
2
3
1 300
4 90 570
3
3
3
4 231 520
3
2
3
3
1 184
3
2
2
3
3
1 411
3
2
3
1 399
4 373 495
4 417 506
4 99 469
2
4 346 496
3
3
3
1 140
1 487
3
2
3
4 473 539
2
1 166
1 163
2
3
2
3
4 155 537
4 507 577
4 576 626
2
4 364 535
2
4 218 487
2
1 113
3
4 414 489
4 351 607
1 194
4 115 282
2
2
1 476
3
4 78 261
1 287
3
4 596 613
1 314
3
4 171 258
1 450
3
4 7 478
2
4 147 311
3
1 208
3
1 194
4 83 111
4 264 525
4 76 561
2
2
2
1 560
1 387
2
3
3
3
1 295
4 283 283
3
1 206
3
2
4 512 530
2
1 132
2
3
1 217
3
4 427 577
2
1 45
3
1 244
3
2
1 292
4 505 517
3
1 180
4 305 594
3
2
2
3
1 496
2
4 160 221
2
4 243 358
4 124 346
1 223
4 185 478
4 548 583
4 282 500
1 50
3
1 289
3
4 567 629
2
1 449
4 493 548
2
2
3
2
4 253 502
3
3
3
3
4 323 511
2
4 507 561
3
1 348
1 609
3
4 268 278
3
4 241 268
1 249
4 459 459
1 251
4 56 355
3
2
3
4 213 382
1 314
3
4 284 582
4 71 387
3
3
3
1 561
2
1 587
2
2
3
3
4 469 497
3
3
4 587 616
3
2
1 361
1 419
2
3
2
3
1 44
4 566 622
4 30 488
4 346 398
4 124 378
3
1 66
4 350 462
2
3
2
4 215 602
3
1 513
2
3
2
3
2
4 337 520
1 178
2
1 441
2
4 250 256
1 586
4 100 579
3
4 395 486
2
4 452 569
2
2
3
4 561 610
1 456
3
3
2
1 558
4 119 430
2
1 201
2
4 626 626
2
4 233 245
2
3
2
1 62
1 463
3
1 210
4 171 475
4 207 373
3
4 200 444
2
3
2
4 241 429
1 505
1 574
3
3
2
4 397 528
4 411 602
3
3
1 551
4 82 538
2
3
3
1 136
4 382 511
1 505
1 567
3
2
4 79 481
3
3
4 241 626
1 262
3
4 39 448
4 558 609
3
4 86 496
4 443 568
4 214 247
3
4 623 624
3
1 90
4 118 626
4 117 140
4 151 332
3
2
2
1 410
3
3
1 121
2
2
3
4 191 468
3
3
2
4 347 583
1 453
3
3
2
2
2
3
1 621
3
4 189 490
1 52
3
1 445
3
4 284 527
2
4 346 450
2
4 194 320
4 503 506
3
2
1 170
4 343 522
3
2
2
1 414
2
1 46
2
3
3
3
3
4 315 517
4 474 491
1 158
1 557
4 16 369
1 564
3
2
