1000 1000
1 929
3
2
2
2
3
4 89 228
2
1 266
3
4 198 677
1 501
3
2
4 338 633
1 212
1 976
2
3
1 158
1 968
2
1 899
4 191 777
1 257
3
4 981 981
1 390
3
2
1 231
2
4 727 979
2
4 722 833
3
2
1 828
1 337
2
4 486 695
1 336
2
2
3
1 238
1 365
1 163
2
2
2
3
2
3
1 818
4 516 734
2
1 142
1 552
1 641
1 744
3
1 430
4 224 629
2
4 985 1000
1 741
1 463
4 127 403
3
2
1 653
2
3
2
4 383 838
2
2
4 574 617
3
3
1 949
1 219
4 290 653
2
2
4 382 720
2
3
1 902
2
1 972
4 486 731
4 78 334
3
2
2
2
4 436 983
2
1 336
2
1 162
1 910
3
4 613 804
4 348 650
1 878
4 929 933
1 366
2
3
3
2
2
4 709 757
4 49 247
1 79
2
4 68 599
1 123
1 134
4 755 936
3
3
3
3
4 591 596
1 461
4 447 556
1 679
2
1 961
4 792 970
2
1 186
1 509
1 907
3
4 812 826
1 364
4 379 818
1 990
3
2
4 473 593
1 21
2
4 669 917
4 969 995
2
4 701 968
3
4 278 612
2
4 524 645
1 611
2
3
1 663
4 301 381
3
1 534
3
3
2
4 237 711
2
4 10 125
1 109
3
4 723 975
2
2
1 649
1 537
2
2
2
2
4 889 990
1 479
1 766
3
1 448
1 187
4 773 926
4 804 977
4 834 961
1 383
1 568
2
4 73 992
2
4 531 848
2
1 977
1 264
2
1 76
3
4 993 997
2
4 874 927
3
3
3
1 800
4 801 894
4 712 805
2
1 696
4 413 524
1 654
3
2
1 677
4 722 742
1 909
1 968
4 274 948
3
4 921 993
4 298 723
3
1 450
1 627
1 690
4 649 900
3
3
3
4 713 960
3
1 402
2
2
2
2
2
2
4 734 791
4 832 894
2
2
3
1 986
1 140
2
1 153
4 663 738
2
2
4 3 302
2
2
1 843
3
3
1 526
2
3
2
3
2
4 282 298
2
4 792 997
3
1 525
2
3
1 238
1 861
2
1 343
4 696 813
2
4 672 947
1 751
1 928
2
1 766
3
2
2
4 676 755
3
3
4 853 933
3
4 854 999
2
3
1 18
4 171 259
4 177 202
1 86
2
2
3
2
1 846
4 140 547
3
4 773 926
3
2
3
4 121 696
1 305
4 966 986
2
1 498
1 282
4 301 957
1 565
3
1 70
3
1 235
1 47
1 668
3
1 77
1 838
2
4 136 616
1 998
3
3
2
4 708 736
2
3
2
1 981
4 100 285
2
3
4 245 551
2
1 271
3
4 252 686
3
4 305 455
1 937
2
2
1 964
2
3
1 797
1 808
4 910 938
3
4 309 862
4 671 896
3
4 973 991
2
3
4 496 886
4 650 904
2
1 719
1 230
1 226
1 5
1 980
1 249
3
3
1 335
4 548 996
3
1 543
4 219 622
3
3
3
2
3
3
4 498 955
1 113
3
2
3
1 230
3
3
1 270
2
4 424 586
4 79 194
3
3
3
1 800
3
4 314 974
2
1 261
3
2
4 513 834
3
2
4 636 966
4 953 977
4 116 567
4 437 971
1 586
4 113 785
1 22
2
2
3
4 99 685
4 306 680
2
3
4 422 798
3
3
2
2
3
4 46 987
3
2
3
3
1 827
4 264 286
4 608 618
3
2
3
1 215
3
3
2
2
2
3
2
3
3
4 455 720
4 722 748
1 678
2
1 461
3
1 656
4 169 946
4 637 993
2
2
2
3
3
4 560 899
4 275 946
3
4 990 998
2
3
2
4 154 228
3
4 526 763
1 819
4 817 835
4 524 749
2
1 347
4 976 1000
2
3
1 985
1 34
2
1 548
3
3
2
1 442
4 811 856
3
1 262
3
4 462 906
2
4 795 977
1 3
1 890
4 643 752
2
1 390
3
3
3
4 813 951
3
3
3
1 471
4 242 703
3
4 140 866
1 203
3
2
1 74
3
3
4 506 701
2
3
1 642
2
1 710
4 230 925
4 802 917
1 744
3
2
2
2
3
2
3
1 469
3
2
3
1 769
3
3
2
2
4 271 485
4 454 830
4 166 238
2
3
4 334 945
4 382 937
3
1 885
4 415 544
4 513 968
3
2
1 620
3
4 328 597
2
3
1 887
3
4 7 931
3
2
3
4 325 444
2
2
4 470 770
1 41
4 95 979
3
4 995 998
4 762 882
4 263 335
3
3
2
1 933
4 322 484
2
2
3
1 705
2
1 261
2
2
3
1 198
2
2
1 313
2
2
3
3
1 815
2
2
4 131 726
4 364 487
1 990
1 673
2
4 231 788
1 319
4 650 774
3
3
3
2
1 372
2
3
2
2
2
4 986 1000
1 315
2
2
2
4 902 927
1 856
2
3
1 717
2
2
3
2
1 179
2
4 974 997
2
1 302
2
2
2
3
3
3
4 360 789
4 421 714
1 613
1 201
2
4 882 918
3
2
2
2
3
1 30
4 519 795
4 597 811
1 358
3
2
4 213 339
3
2
2
4 693 757
4 684 877
2
2
1 525
4 847 985
1 649
2
2
1 743
3
4 246 385
4 665 699
4 317 681
4 441 965
3
2
4 174 794
2
3
2
2
3
4 369 757
3
3
1 229
4 298 590
1 516
3
2
3
4 811 906
2
3
1 431
1 660
1 595
4 708 975
2
1 844
1 563
1 801
2
1 359
3
4 364 632
2
3
1 345
3
2
1 273
1 831
1 790
2
3
4 343 382
4 887 983
2
3
1 168
4 794 825
3
2
1 65
2
3
4 354 639
2
2
4 732 911
1 671
2
2
3
1 625
1 606
1 704
3
3
2
1 729
3
3
3
2
2
3
4 143 466
1 306
3
1 698
3
4 187 700
3
1 654
3
2
3
4 364 625
2
4 143 869
3
1 213
1 577
2
4 485 545
1 817
1 181
2
3
3
3
2
4 349 723
4 310 684
4 716 736
3
3
3
3
3
4 748 896
3
1 571
2
4 305 737
1 779
3
4 498 708
3
3
2
1 521
3
2
4 617 912
3
2
4 571 671
3
3
4 1 238
3
1 427
4 708 906
3
4 721 796
1 57
4 527 970
2
4 945 952
2
2
3
4 697 968
2
1 541
3
2
4 372 508
3
3
3
2
4 800 861
4 5 466
1 133
4 877 912
2
1 515
1 773
1 224
3
2
4 77 243
2
3
3
1 341
4 239 542
2
2
2
1 263
4 694 796
2
1 498
3
3
1 783
4 760 952
4 338 483
4 721 868
1 16
1 173
1 682
4 936 973
1 741
2
3
1 691
4 765 855
3
3
1 813
3
2
1 476
4 912 965
1 332
3
4 683 808
3
2
2
4 491 848
2
3
4 279 872
4 581 737
1 72
1 163
4 802 914
3
3
4 184 394
3
1 511
2
2
1 838
2
3
2
4 630 835
4 276 498
4 20 236
1 519
1 907
2
4 412 590
1 261
2
2
4 14 805
3
4 415 805
4 516 870
4 849 926
1 852
2
2
4 244 247
4 447 939
4 930 971
3
4 392 965
2
1 967
2
2
2
1 796
2
4 595 782
3
1 667
1 364
4 809 823
4 694 848
2
1 412
4 639 933
1 264
4 50 598
3
1 730
3
1 622
1 511
4 980 996
1 569
1 289
2
2
2
4 291 341
1 419
2
2
3
3
1 498
2
1 132
4 235 767
1 314
3
4 41 52
4 899 901
4 214 216
4 585 788
1 293
4 2 67
1 914
3
1 740
1 516
3
2
2
3
3
1 34
3
3
4 386 474
1 695
3
2
2
2
2
1 300
3
4 392 992
4 300 509
2
2
4 805 911
