1000
1350
54899
31767
76389
7181
1794
62298
29571
70395
47581
36739
3186
4451
75055
74367
9769
70096
11041
74853
29125
47203
17760
23630
86493
12041
15204
6656
92123
65607
14533
66851
3663
61003
43417
15921
20263
17129
71480
37832
77248
44890
51449
97220
21326
50521
82714
47302
43827
29645
85545
99869
8006
76360
47233
8311
99482
32810
151
90868
26046
8492
54247
5363
24257
78430
7283
33000
31721
62293
66967
69369
34170
39626
14097
62526
89615
80013
94101
20697
17816
35176
470
74718
83697
57763
6132
88175
76154
12799
60443
307
98037
3538
397
3820
15644
45319
30207
65750
58764
77041
26463
64383
13317
88969
29279
45868
23725
39911
88017
14956
38077
58931
9172
66945
77285
75082
5814
63830
61195
80333
69133
25116
26194
66813
26057
9308
92064
8693
59555
38911
62860
59723
45161
79879
4882
53860
1978
810
25593
67934
31391
65226
16029
99829
81559
44597
77296
11624
81472
31228
99762
49627
70055
59260
47786
12931
63315
17370
24840
44724
72395
86352
64943
17764
57017
39544
58143
13033
50973
32194
15923
36770
417
28523
1610
52715
21292
28210
27489
16021
54984
67673
50923
16530
38792
25805
71402
98756
65353
29016
794
66735
84747
10210
47169
85769
3650
71486
8112
22159
83681
15416
92540
39190
1867
21222
84274
89515
80111
39054
44549
13911
81655
93827
10576
41407
37667
78199
17181
67299
39513
68557
88870
6413
53941
21827
18127
88201
66339
40528
78379
89553
93292
75997
39747
93332
47455
49734
73608
50478
4574
72995
43061
89044
78966
12126
4107
95640
89276
36742
95896
8874
48295
21394
2750
31788
80035
48477
25893
88982
31567
81417
5447
47382
45381
64688
83252
58979
17200
53875
99132
86378
97834
32570
82037
76843
2504
62156
94443
66987
90203
58785
73235
84304
11218
21308
90241
45093
38005
72392
94065
36260
92124
10270
89978
17552
44486
68829
7255
15596
50285
56830
858
45757
50572
6883
70886
85195
36907
85411
79452
62004
6706
28977
20776
66468
96372
86006
57430
78314
53208
85468
26408
3847
23642
32157
48194
54288
90019
73675
73701
75241
61326
16773
16730
8457
44935
41164
73254
93541
19740
64585
39106
24564
40869
15909
62706
81634
82103
18252
75286
48746
65292
82610
24700
16422
26756
18618
5371
14530
86911
14326
72482
41538
47489
19162
84366
80890
73654
92734
29470
80076
83789
83441
36970
64966
71161
76370
60562
99350
24645
88272
83777
25585
73511
45832
62020
62862
12700
57500
74816
9835
9050
42986
48321
51188
99269
93597
60773
61085
63356
54534
51569
573
86830
17598
26248
52323
60697
53038
38128
23170
81895
6883
25040
28581
24831
16914
58848
99772
18946
68388
875
11668
76524
25277
57600
12800
40922
66295
29949
46253
23665
97728
2358
71875
51058
41675
97275
10138
54405
57929
28245
16267
47926
19247
80159
41559
51085
56447
73334
43275
8267
65905
76274
22378
11202
23128
31116
95492
78135
19888
43005
10562
7604
86955
43166
56852
54548
8610
95658
65250
4172
71508
53725
88583
81880
8111
39697
6969
31884
80363
76415
27217
18264
8632
38344
53383
95556
76046
78986
18024
37636
8632
77202
32740
73130
78956
5304
1983
5123
81863
8776
95236
13497
3016
84843
13490
19126
19559
40620
17923
6137
45111
68754
21305
28027
90458
3703
96180
67262
85762
78576
6632
86441
75051
50054
35900
16534
2582
62127
15701
64514
81948
38585
23649
41435
58632
49929
43734
36365
85212
26112
48218
50481
96994
3009
90742
56866
31759
5997
76737
49569
69780
41279
63357
3406
20094
56452
43665
78506
85337
35437
32390
40821
70513
90145
36532
60624
11884
27519
19087
35406
24710
21136
8824
49032
87746
10748
487
41217
13463
51466
12820
50255
57986
49168
98196
57575
40318
55419
19712
82159
22249
79765
51950
44589
23436
28279
56894
54232
29788
63551
18228
24105
98665
11287
73930
66488
7006
60295
50727
70911
75086
48360
18715
7673
47570
62780
55041
96774
11492
95913
39209
69706
12682
18804
38923
36724
23450
4720
50154
10122
86203
27535
27941
21401
79587
37203
16080
19932
92167
98314
21942
67324
30306
53564
49134
79909
51135
21198
26690
75944
44676
57840
64883
74266
57095
59003
17594
82034
84708
90135
69187
83208
43032
91301
92156
32054
28309
96816
74792
99641
74345
59027
94952
84177
65057
99565
25870
86186
25949
61563
46645
41085
70055
19210
1647
90623
30952
81128
74465
75993
67294
72802
81794
83583
63512
87251
42943
50636
84463
58221
38960
95596
64551
59850
6654
99074
88474
26826
13394
90166
89213
67680
41371
74998
42551
1311
69510
15116
31158
5237
75916
30567
90988
63086
35921
29138
68131
67573
40785
24213
35294
41221
50587
29654
88823
57062
79054
4225
35337
70343
56912
36480
31795
17026
69745
44431
32691
78324
67442
93762
71694
73611
23776
54184
56896
83747
63205
99146
8784
61610
13274
20171
61422
48730
80140
35415
26441
32831
601
97845
75289
85210
12756
6754
72102
18294
1175
69920
32346
25883
79127
31961
81305
28952
35553
24267
48433
58165
46684
81493
56490
88304
80948
68734
33490
97564
80059
95170
35464
74617
19742
25333
69930
55950
1796
22281
60350
81774
25636
14784
56305
95676
6821
61709
42205
13812
71732
85718
90727
8272
54576
83830
88897
51920
8795
91107
8615
61282
59454
57927
58802
40614
93050
99918
65463
29732
38286
76246
52945
55636
99322
9999
5898
1704
53869
49673
81255
43008
33680
80427
81409
54506
58148
32893
66948
92077
20198
23892
74799
77619
4283
84220
76171
12306
48166
99778
68401
3033
26247
7246
70492
38663
56019
82966
15616
23613
38959
78579
84092
45039
74021
65770
9681
29664
98867
25086
52384
66104
77854
5850
19580
52279
94922
4164
57795
21682
98611
34375
74608
74310
17102
75039
26203
54328
91024
28567
88995
42868
27411
65130
1542
23387
15919
73689
61320
53162
51312
44494
30877
48755
18315
98804
86620
41360
60203
90371
57734
95438
40503
44735
2548
34581
35574
48216
88126
86314
97287
56834
3364
65520
22665
38276
6819
66839
4273
98785
23380
49489
76248
90430
78968
99507
11813
72811
12575
13052
23210
8323
86514
32050
28168
84501
11066
9873
49305
82259
71897
90899
2777
41250
94338
45909
28657
70950
7532
49196
47465
12571
41411
60844
92758
69072
57401
11772
16532
6439
40045
35958
52004
71460
22496
70017
47390
75564
27522
77691
