1000
32342
65944
28262
36214
3315
11655
48788
95457
28289
51161
82021
41275
36711
36986
15719
95731
69055
33472
93395
18941
22946
72173
22620
21284
73780
75211
78432
15418
43883
26573
12436
54405
25643
81438
99471
47502
74233
30274
76657
8723
15507
29540
67959
43929
98889
86018
17981
68378
64929
52629
22420
93256
24532
62685
89924
89672
67908
9169
14379
6397
28204
91485
58480
66516
66727
32917
43513
87178
33836
70487
41168
38851
41775
22689
75625
31742
95346
86242
82820
81359
359
2570
46486
76515
83717
72846
35609
38729
4114
36814
12239
15399
8711
71446
53552
84577
67040
24428
2979
76999
41162
88916
60801
48898
44289
26666
3209
8525
10258
94653
60876
93603
13918
23412
1581
91979
79105
72764
73535
45799
6290
18670
108
34658
46889
59699
37575
13428
60095
49253
74187
49730
40379
25200
98999
90745
89736
10475
94036
63673
20983
15911
91831
77543
19976
62463
40527
25915
88731
92109
86776
73862
8778
37094
21991
48867
7094
87999
64282
12121
85252
33504
37620
29979
59088
9298
92992
20883
65879
67621
93531
68405
14816
19966
98241
81481
92303
36214
28503
18915
80442
88062
44212
84596
41966
50170
47753
92937
92340
85425
72370
99392
13226
77987
39562
4946
57469
48773
92328
84286
78371
90407
98332
60220
81688
78902
76179
62097
50660
73424
42764
746
11757
51968
70403
63611
83235
8654
73489
5617
54170
28586
63568
13381
85976
5765
31402
68645
93974
4833
42070
67676
65346
2538
6489
47582
98242
69889
72401
25921
28845
33787
67608
68131
34669
92299
63354
38505
91979
71216
99476
34153
42203
13312
25393
69529
63602
40085
34715
53188
34325
49380
46854
71075
71029
54514
67320
62695
65248
62748
35771
19873
9029
46212
13375
28136
35966
70838
89883
50765
80722
61758
25175
55852
20909
90416
10797
97912
32777
91469
60643
38369
98615
35094
97603
5265
86507
28452
92912
85558
23639
30415
30600
87173
14068
57130
78545
74577
27991
88571
48666
76815
42867
43742
83377
77860
58930
27648
53645
99527
46073
89434
38886
44904
96640
15183
57269
83516
73515
9463
1764
42413
66932
67101
97477
62809
56886
79360
14971
94802
17288
78616
32218
57087
53396
5723
57485
88171
78090
86929
24240
32469
8275
7623
25450
48055
82350
87426
6555
70221
82387
97388
72211
33440
2286
80266
81470
34088
95119
56235
4818
72848
99104
99996
28534
87786
61091
27905
48817
62782
53459
24880
48266
2540
55954
53040
82850
23799
40372
75518
46859
86187
10299
99703
90855
4957
9756
42392
40340
58217
97330
98759
40282
9465
31443
32755
83468
46212
66419
28695
83867
90277
54567
69842
9548
22139
42076
8932
79304
67249
22521
89413
94844
38623
86430
77635
31624
36690
98385
16154
34580
45368
80899
75845
56865
58717
73866
67829
59454
18069
72381
85909
81810
88130
25064
28536
88943
20654
60321
65182
22108
6447
36177
39840
13390
29266
83688
41858
64647
66162
46575
26025
55066
52607
39310
29898
55097
30585
72453
99493
95318
65019
88780
16591
27877
26973
42326
44354
2942
47400
92433
91919
1848
43753
59524
56198
11087
35354
54616
28896
92256
830
21125
39041
53445
65604
30351
22125
94248
73902
21181
20347
14769
39499
31970
38560
27499
69937
24619
50585
14397
90277
25381
30814
36571
60900
1144
52122
69407
45146
54675
79978
57854
2299
65143
10344
22608
92991
3071
21274
28546
2720
44265
11889
34173
88999
52122
12347
60364
30351
62584
22060
7096
30522
53931
89734
94567
84479
8827
55050
88799
39425
46207
21404
74817
56337
81603
76734
2905
91575
49258
31882
97939
25851
24088
54855
82293
21552
64255
39994
10977
70029
70519
61146
68269
49126
53938
82351
50472
86859
3636
25600
57109
894
98711
11527
84956
93828
23310
14972
32518
38326
85032
36559
68579
5340
85346
62128
20640
62889
45580
39995
6110
77802
64403
39998
48553
13774
93811
79490
28105
41733
78148
16701
35381
3044
94047
9316
3996
84443
42712
63727
70045
18596
31338
17448
4334
61935
21264
99950
9982
70123
46999
30350
51833
1596
71703
79010
10906
22423
54720
44839
31076
95810
2805
25782
77263
68839
78326
63688
8075
28757
98321
63067
48829
83130
83909
18753
4738
65404
70068
37823
99395
78563
51710
32101
42043
31420
98112
50866
42660
19043
29920
21962
78582
58394
34229
47619
55061
10443
64487
36130
74612
5098
43072
46281
30976
56248
78856
90763
79167
24840
4804
4977
50844
52163
69082
58003
61202
93780
26387
12913
40354
94298
13718
19726
74662
17177
56754
16412
10921
76373
43575
84588
5044
33203
70023
74305
43442
84246
16590
77675
39144
39822
50745
93620
95277
36872
14982
89286
35862
46379
60540
84110
77009
98246
44188
70193
47947
5606
67918
38174
65510
68471
26671
64928
4616
30235
46445
88515
93024
40953
34553
56905
33097
99484
30183
50267
7774
44470
25217
42969
53240
60705
7364
60833
74077
40174
10395
22203
11945
67150
99811
86393
10780
16315
28756
58706
71795
54522
1061
56545
7289
21098
78679
84884
93685
39370
40608
19165
21395
58589
35206
16859
80036
53706
61724
59960
7382
98339
18476
66071
23934
2218
57249
66934
73659
79458
48623
65227
51250
22683
22127
83879
44609
31748
82782
84397
30817
4996
16838
85473
50911
39201
63412
34036
58337
29259
80114
45407
9355
26857
90992
66963
50360
92548
62047
17755
44878
15351
30156
88727
9950
42922
64778
34492
69979
9751
76217
55653
92217
87704
95989
97158
26959
98720
74659
8028
91880
12605
60536
79988
21998
26921
22289
93476
91350
62855
4723
64770
11681
52530
51007
76273
44042
59438
50900
23299
57019
41066
26355
38564
88349
38705
51246
29336
74866
46084
8814
8833
79721
67238
42674
15113
66002
7634
94097
7620
37673
66667
83520
26982
19875
75500
21776
52151
65045
80448
29107
69636
84419
27913
2339
25548
27167
47891
45936
2503
38958
67655
53880
39778
72410
33608
20548
88849
68934
69271
40698
48278
21729
67236
19203
57511
20056
51007
38216
32617
38045
8312
25243
35109
94722
74480
55852
70017
46142
15621
87586
50813
65385
99632
87366
34729
83484
63340
28392
20229
96848
53666
63073
68162
2187
15942
77308
23865
99254
80046
31915
75124
95328
39164
54152
22017
98729
40153
54026
43362
94703
49792
29633
7162
45149
89041
85098
44175
55375
56335
34780
82776
9459
95304
33831
10196
61212
4583
22174
15891
43166
36034
