1000
26494
771
48125
73750
5408
60977
78105
96464
39313
10617
9610
81528
24953
62905
14662
55179
67486
20920
26
45782
26505
51669
879
59677
8085
49273
90395
9407
42527
68658
92998
64066
57669
20731
49094
96981
68823
40243
51878
27692
72470
47380
71370
95222
37361
5300
85840
26125
73108
50035
64798
44365
20138
36007
47492
77050
4276
75858
20910
88396
74593
88578
57151
67047
47939
5522
69513
10526
92388
14857
51573
69272
25190
26184
83508
66837
22960
90406
5374
18668
8397
28705
70477
18965
46919
80719
5300
16954
4272
16481
79183
7210
79311
36643
50965
48133
57139
86243
91280
65953
93585
99909
22660
23446
86635
44323
79066
41555
6130
82991
66322
38947
73456
91552
14151
36969
6020
41287
27680
13528
11661
68959
35446
52736
73037
94643
71083
85697
41220
4591
48555
30738
30272
83716
3110
72923
3161
40195
13320
90990
54056
31470
80412
95890
47910
62594
35608
51527
61912
56215
20636
24590
1846
1560
32150
71056
23911
14755
12121
83
76774
37909
75167
68906
48500
43265
7593
68018
81549
82721
47469
60626
2862
58213
48927
70530
37819
90436
62841
5181
89146
80443
12898
48989
57229
9068
45721
68797
68890
60118
22155
42647
2191
70564
56211
27925
46105
70848
28890
86497
7374
98708
23647
60586
63614
61854
66758
82994
64090
35665
51575
47805
75004
36325
23263
72769
59494
87284
51515
31029
62801
59683
54943
49980
68622
38334
57022
41849
78588
54051
86795
78469
99396
17628
62252
59784
55515
77411
62949
23833
15735
83142
79158
5989
83841
20128
72687
29785
22897
45436
47902
66981
22908
49113
58104
3272
16525
11193
12012
87664
23165
90017
28226
4090
16774
32238
22584
65652
39480
27042
7334
5537
25543
84125
81909
69648
72793
49747
90590
76351
42771
19292
39554
62977
79049
37618
48599
52650
7877
7627
78914
55308
15251
15051
90380
90962
19176
57385
60571
36232
67715
96128
71490
34223
93346
48424
19863
73874
69944
37239
35865
53217
57584
83266
70073
37206
22552
36422
69853
60105
20956
70935
65536
83026
45395
4628
21415
9684
7096
64996
74032
73248
71297
6047
7025
20178
53911
24167
85423
35516
54003
32980
9699
14441
9539
89845
71336
12228
76036
766
85907
69006
1047
37098
73016
1910
59775
54114
98409
7516
20460
72378
76112
71131
92070
72037
45875
28042
1155
25386
11145
32398
58541
93579
35904
23714
28933
32768
55292
61157
29798
83307
99438
90110
37390
79363
18490
33092
88361
11082
48288
98243
44729
20714
16571
76691
72663
67762
77668
75134
94634
87342
28552
558
20483
93513
99539
37054
26313
18326
23226
15574
35773
53140
22553
39745
99644
24051
62236
65466
40320
49269
33795
40773
75079
82061
99907
29575
6015
64100
21274
56397
67471
59089
25228
3791
34756
70125
69839
89754
84245
15383
22838
16435
73007
38212
84001
71915
54962
16704
61124
2439
36371
1506
76850
26836
55408
15698
63015
70651
89819
50246
85131
11003
81318
87564
2571
46181
70805
24291
28327
69416
74546
8121
96407
48178
55673
12626
37565
82246
10172
64823
76786
66227
42288
66163
36979
91795
71414
29495
35422
10512
35397
79722
35448
22398
44405
87591
3272
53581
91033
4998
71814
25638
18821
88296
39858
3403
55330
6653
7783
26163
86989
24489
8255
9577
93752
24218
70780
83902
88636
57475
91336
26630
54936
43277
23216
64922
31552
68748
68769
55043
23893
88586
9685
22662
2362
80422
86155
50550
24943
45421
47207
79179
79516
3916
99140
93104
29643
70591
68065
7776
28917
88525
50647
47979
25600
15316
90977
7331
63620
63688
21162
27164
4965
34676
78194
9004
30012
90087
84636
52990
47133
16746
34887
60005
65518
68513
31297
56597
97153
68736
6719
2354
96053
55032
55338
61177
60545
74734
3218
4495
20597
56333
6275
21971
84386
8143
23320
33878
55116
69098
47654
57868
43483
8236
62172
15583
36167
62296
62121
50062
85162
32131
33808
36387
48250
70139
22385
9000
53162
14753
32269
48961
94718
55970
45866
69717
58992
87717
86285
42263
91258
36275
50774
46647
16521
71950
10238
18865
41721
86765
14372
13095
8855
47852
90340
23778
284
9487
45168
78715
90921
28696
17385
55804
15758
6095
68214
19108
64755
89090
83955
88885
28516
6027
29137
84462
45242
63592
3828
21502
85161
77276
44833
18636
8811
22556
34377
62971
86537
48989
73877
44555
98638
59050
46639
21015
21168
19734
54346
70549
14606
52589
55486
91067
91688
61404
11305
16744
72983
88167
50556
58584
34823
58757
37574
24397
65365
96062
36695
51384
23435
97248
45322
70065
16731
54157
56229
91715
8503
13291
19907
48305
20245
69158
57385
6338
18534
75315
37967
74155
31967
60225
17039
4848
7462
99124
32912
90992
26766
11865
21460
22511
85259
58639
58266
55650
53560
13895
75063
55453
97174
86995
47142
53389
98740
1657
25364
24343
54338
9845
31350
22718
25841
93207
60966
13821
52543
20700
17611
23370
28060
20328
11625
12451
26396
66876
14164
50104
18956
47911
68611
39486
55685
60463
21879
51682
22201
63190
89468
65933
80645
10757
54907
72932
83459
2931
71054
70724
40192
36780
34553
34286
57764
25143
97648
72253
19462
73262
10070
18183
59274
95909
50945
6005
8171
81463
61686
62638
58607
17108
66589
38636
33677
51829
44742
2871
48602
90884
41469
81690
62893
11954
73015
11316
68966
27968
22005
51056
6128
17377
95025
43631
32313
1010
31375
49395
38971
83847
12771
12855
26064
92516
47200
75164
14050
72580
80357
91662
51878
92455
68832
85934
3272
7268
80367
10440
38054
7912
13116
39993
4377
45138
40976
93312
59551
92278
29884
20893
99480
91880
68209
44540
50929
42682
12407
6029
92745
4187
23758
34319
3822
12350
60224
87820
29830
1042
88859
25650
32478
8819
46546
42870
6859
88185
7908
60162
1864
23669
74160
12530
25975
49789
81752
3396
87619
12202
42733
86750
47256
89693
34063
34420
94958
32873
50934
31568
59580
14551
76605
36908
61858
39211
68393
35749
69356
75276
71001
70313
24045
74278
24530
62761
53977
7711
86724
50496
60058
3851
18466
44793
90778
631
14513
52159
88173
97517
88079
58396
68820
96318
2879
6332
61891
861
43544
14426
61453
66365
11369
20052
35396
24616
74113
72864
40716
41048
93999
45330
18260
37492
24702
23009
75471
66883
10099
55610
65174
42533
62341
14388
84749
38004
44420
58092
16775
87317
20522
67527
