2459
1 1
1 3
1 4
1 6
1 7
1 8
1 11
1 13
1 15
1 17
1 19
1 21
1 26
1 27
1 29
1 30
1 31
1 32
1 33
1 34
1 36
1 37
1 38
1 42
1 43
1 44
1 46
1 47
1 55
1 56
1 58
1 59
1 61
2 1
2 2
2 4
2 7
2 9
2 12
2 14
2 15
2 16
2 19
2 20
2 23
2 26
2 28
2 30
2 31
2 32
2 33
2 34
2 35
2 37
2 38
2 39
2 40
2 42
2 43
2 44
2 45
2 47
2 50
2 51
2 52
2 53
2 55
2 58
2 62
2 63
2 64
3 3
3 4
3 7
3 9
3 10
3 11
3 13
3 17
3 18
3 19
3 20
3 21
3 23
3 24
3 25
3 33
3 35
3 36
3 45
3 47
3 49
3 50
3 51
3 52
3 53
3 54
3 55
3 56
3 59
3 62
3 64
4 3
4 4
4 7
4 8
4 14
4 16
4 17
4 19
4 20
4 21
4 24
4 28
4 30
4 31
4 32
4 34
4 39
4 40
4 41
4 42
4 43
4 45
4 47
4 48
4 50
4 51
4 54
4 55
4 57
4 58
4 59
4 64
5 2
5 5
5 6
5 9
5 10
5 15
5 18
5 22
5 25
5 26
5 28
5 33
5 35
5 37
5 39
5 42
5 46
5 48
5 51
5 52
5 53
5 54
5 55
5 57
5 58
5 59
5 64
6 3
6 5
6 7
6 8
6 10
6 11
6 12
6 17
6 18
6 19
6 20
6 22
6 26
6 27
6 29
6 30
6 31
6 34
6 35
6 36
6 41
6 42
6 43
6 44
6 45
6 46
6 47
6 50
6 53
6 54
6 55
6 59
6 61
6 63
7 3
7 5
7 7
7 9
7 11
7 12
7 14
7 20
7 21
7 22
7 23
7 24
7 26
7 33
7 34
7 35
7 38
7 42
7 45
7 46
7 48
7 49
7 50
7 51
7 52
7 53
7 58
7 60
7 63
7 64
8 1
8 8
8 11
8 13
8 15
8 19
8 26
8 27
8 29
8 30
8 31
8 32
8 33
8 34
8 35
8 38
8 44
8 46
8 48
8 51
8 52
8 53
8 62
8 63
9 3
9 6
9 9
9 10
9 11
9 15
9 16
9 17
9 18
9 19
9 21
9 23
9 27
9 31
9 32
9 33
9 35
9 38
9 42
9 43
9 45
9 46
9 47
9 50
9 54
9 55
9 58
9 59
9 60
9 64
10 2
10 4
10 5
10 6
10 12
10 14
10 15
10 19
10 23
10 24
10 25
10 29
10 34
10 35
10 37
10 38
10 41
10 43
10 45
10 46
10 48
10 49
10 50
10 54
10 56
10 57
10 58
10 60
10 61
10 62
10 64
11 1
11 3
11 4
11 5
11 6
11 7
11 9
11 12
11 16
11 17
11 21
11 22
11 24
11 26
11 29
11 33
11 40
11 41
11 43
11 45
11 46
11 47
11 48
11 50
11 51
11 52
11 55
11 56
11 57
11 58
11 61
11 64
12 1
12 2
12 6
12 11
12 12
12 14
12 15
12 16
12 18
12 22
12 24
12 25
12 26
12 28
12 30
12 32
12 34
12 36
12 38
12 39
12 40
12 43
12 47
12 50
12 51
12 52
12 53
12 55
12 58
12 59
12 61
12 62
13 5
13 7
13 10
13 11
13 16
13 17
13 18
13 21
13 24
13 25
13 28
13 29
13 34
13 35
13 39
13 41
13 43
13 44
13 45
13 46
13 47
13 53
13 55
13 59
13 61
14 1
14 3
14 5
14 7
14 8
14 9
14 10
14 12
14 14
14 17
14 18
14 19
14 21
14 22
14 26
14 31
14 36
14 37
14 40
14 42
14 43
14 44
14 45
14 46
14 47
14 50
14 55
14 57
14 58
14 59
14 60
14 62
14 63
15 1
15 3
15 4
15 11
15 12
15 13
15 14
15 16
15 17
15 23
15 24
15 25
15 26
15 29
15 31
15 32
15 34
15 35
15 38
15 41
15 44
15 53
15 56
15 57
15 58
15 59
16 1
16 5
16 6
16 7
16 9
16 11
16 13
16 16
16 20
16 23
16 24
16 26
16 27
16 31
16 33
16 34
16 35
16 36
16 37
16 39
16 40
16 42
16 43
16 48
16 49
16 51
16 52
16 53
16 54
16 56
16 60
16 61
16 62
16 64
17 2
17 5
17 7
17 8
17 9
17 10
17 12
17 15
17 18
17 20
17 21
17 23
17 30
17 32
17 35
17 37
17 39
17 40
17 41
17 42
17 43
17 44
17 45
17 46
17 49
17 50
17 52
17 57
17 60
17 64
18 1
18 2
18 5
18 10
18 12
18 15
18 16
18 17
18 19
18 20
18 22
18 23
18 26
18 27
18 31
18 32
18 33
18 36
18 38
18 41
18 45
18 46
18 47
18 52
18 54
18 55
18 56
18 59
18 60
18 62
18 63
19 1
19 3
19 5
19 8
19 10
19 12
19 13
19 16
19 18
19 19
19 20
19 21
19 23
19 25
19 26
19 30
19 31
19 34
19 36
19 39
19 40
19 41
19 43
19 45
19 47
19 48
19 52
19 54
19 56
19 59
20 1
20 8
20 11
20 14
20 17
20 19
20 20
20 23
20 26
20 29
20 31
20 33
20 34
20 35
20 38
20 41
20 42
20 44
20 46
20 47
20 49
20 50
20 51
20 52
20 53
20 54
20 56
20 59
20 61
21 1
21 2
21 5
21 6
21 9
21 10
21 14
21 15
21 16
21 19
21 20
21 22
21 24
21 26
21 28
21 30
21 32
21 33
21 35
21 36
21 37
21 38
21 39
21 40
21 46
21 47
21 48
21 49
21 51
21 52
21 55
21 56
21 59
21 60
21 61
21 62
22 4
22 7
22 10
22 12
22 13
22 15
22 16
22 18
22 19
22 20
22 22
22 29
22 30
22 31
22 33
22 34
22 36
22 37
22 38
22 39
22 40
22 44
22 45
22 46
22 47
22 48
22 50
22 51
22 55
22 57
22 58
22 59
23 1
23 10
23 12
23 13
23 18
23 20
23 23
23 28
23 30
23 32
23 34
23 37
23 39
23 41
23 42
23 46
23 47
23 52
23 55
23 56
23 57
23 59
23 60
23 62
23 63
24 1
24 2
24 3
24 5
24 8
24 9
24 13
24 16
24 17
24 18
24 19
24 20
24 21
24 23
24 26
24 27
24 28
24 29
24 30
24 31
24 32
24 35
24 37
24 38
24 41
24 44
24 45
24 47
24 48
24 51
24 54
24 55
24 57
24 59
24 62
24 63
25 2
25 3
25 6
25 13
25 17
25 18
25 19
25 20
25 22
25 23
25 24
25 25
25 26
25 29
25 30
25 33
25 34
25 37
25 38
25 39
25 43
25 44
25 45
25 46
25 47
25 48
25 49
25 52
25 54
25 59
25 61
25 63
26 8
26 10
26 11
26 13
26 15
26 17
26 18
26 19
26 21
26 22
26 23
26 24
26 25
26 26
26 27
26 28
26 29
26 30
26 31
26 32
26 35
26 36
26 37
26 38
26 39
26 42
26 43
26 44
26 46
26 47
26 53
26 57
26 59
26 63
26 64
27 2
27 3
27 4
27 7
27 8
27 11
27 12
27 15
27 16
27 20
27 23
27 24
27 25
27 28
27 29
27 30
27 31
27 32
27 34
27 35
27 37
27 38
27 40
27 41
27 46
27 48
27 49
27 50
27 53
27 54
27 55
27 56
27 61
27 62
27 63
27 64
28 1
28 3
28 5
28 8
28 9
28 10
28 12
28 17
28 18
28 19
28 22
28 23
28 25
28 29
28 32
28 34
28 35
28 38
28 39
28 40
28 42
28 45
28 48
28 50
28 53
28 56
28 57
28 59
28 64
29 2
29 4
29 9
29 12
29 13
29 14
29 17
29 18
29 21
29 24
29 26
29 28
29 29
29 30
29 31
29 33
29 34
29 38
29 42
29 49
29 51
29 53
29 55
29 58
29 59
29 60
29 61
29 62
29 63
30 1
30 2
30 3
30 4
30 5
30 7
30 8
30 9
30 10
30 21
30 22
30 23
30 25
30 28
30 32
30 33
30 38
30 41
30 43
30 44
30 45
30 46
30 47
30 48
30 49
30 51
30 54
30 55
30 56
30 58
30 59
30 60
30 63
31 2
31 5
31 7
31 8
31 10
31 11
31 12
31 14
31 18
31 19
31 20
31 22
31 25
31 27
31 28
31 29
31 32
31 38
31 39
31 46
31 48
31 49
31 50
31 52
31 53
31 54
31 55
31 56
31 57
31 59
32 1
32 2
32 3
32 5
32 6
32 7
32 9
32 12
32 13
32 14
32 15
32 16
32 17
32 21
32 22
32 25
32 26
32 28
32 30
32 31
32 33
32 34
32 35
32 39
32 40
32 43
32 45
32 47
32 49
32 52
32 54
32 56
32 59
32 60
32 61
32 64
33 2
33 3
33 4
33 8
33 12
33 13
33 14
33 17
33 18
33 19
33 21
33 24
33 25
33 27
33 28
33 31
33 32
33 35
33 36
33 37
33 38
33 39
33 40
33 41
33 42
33 46
33 48
33 49
33 50
33 51
33 53
33 56
33 57
33 58
33 59
33 60
34 1
34 2
34 4
34 6
34 7
34 8
34 13
34 14
34 19
34 20
34 21
34 23
34 24
34 26
34 28
34 29
34 31
34 32
34 33
34 35
34 36
34 37
34 38
34 40
34 43
34 44
34 46
34 50
34 51
34 53
34 54
34 56
34 60
34 64
35 2
35 3
35 6
35 9
35 10
35 11
35 13
35 16
35 17
35 20
35 21
35 24
35 26
35 27
35 33
35 36
35 42
35 45
35 46
35 47
35 48
35 49
35 50
35 53
35 56
35 60
35 61
35 62
35 63
36 1
36 6
36 11
36 12
36 13
36 14
36 15
36 17
36 18
36 19
36 22
36 25
36 26
36 27
36 28
36 31
36 32
36 33
36 35
36 36
36 44
36 47
36 48
36 54
36 57
36 58
36 59
36 60
36 62
36 63
36 64
37 2
37 3
37 4
37 5
37 6
37 10
37 11
37 13
37 14
37 17
37 20
37 22
37 23
37 28
37 31
37 32
37 34
37 35
37 36
37 37
37 39
37 40
37 41
37 43
37 44
37 47
37 50
37 52
37 56
37 58
37 61
37 62
37 63
37 64
38 1
38 3
38 7
38 8
38 9
38 11
38 17
38 18
38 19
38 21
38 24
38 25
38 28
38 32
38 35
38 36
38 37
38 40
38 42
38 43
38 45
38 55
38 56
38 58
38 59
38 62
39 2
39 3
39 4
39 5
39 6
39 7
39 9
39 11
39 12
39 15
39 16
39 18
39 19
39 23
39 29
39 30
39 34
39 35
39 36
39 38
39 42
39 45
39 49
39 50
39 52
39 53
39 54
39 58
39 61
39 62
39 64
40 5
40 12
40 13
40 14
40 18
40 19
40 21
40 22
40 25
40 26
40 27
40 32
40 33
40 35
40 37
40 38
40 39
40 40
40 41
40 44
40 45
40 46
40 49
40 55
40 56
40 58
40 59
40 61
40 62
40 63
40 64
41 1
41 5
41 6
41 7
41 8
41 11
41 19
41 21
41 23
41 24
41 28
41 30
41 31
41 32
41 33
41 35
41 37
41 38
41 40
41 41
41 43
41 45
41 46
41 47
41 51
41 53
41 54
41 57
41 60
41 61
41 62
41 63
41 64
42 5
42 6
42 12
42 13
42 17
42 19
42 20
42 21
42 22
42 23
42 25
42 27
42 28
42 29
42 30
42 31
42 32
42 34
42 38
42 40
42 41
42 43
42 44
42 45
42 47
42 48
42 49
42 52
42 57
42 58
42 60
42 62
43 1
43 7
43 9
43 10
43 14
43 15
43 16
43 18
43 19
43 20
43 22
43 23
43 24
43 25
43 26
43 27
43 29
43 30
43 32
43 33
43 35
43 43
43 44
43 46
43 53
43 55
43 57
43 58
43 60
43 62
43 63
44 1
44 4
44 8
44 11
44 17
44 23
44 24
44 25
44 27
44 29
44 32
44 33
44 34
44 36
44 37
44 39
44 40
44 41
44 42
44 43
44 45
44 47
44 51
44 52
44 53
44 55
44 56
44 59
44 60
44 61
44 62
44 63
45 2
45 4
45 7
45 8
45 9
45 10
45 11
45 12
45 13
45 16
45 18
45 19
45 22
45 23
45 27
45 30
45 31
45 33
45 34
45 38
45 41
45 42
45 43
45 45
45 47
45 48
45 50
45 51
45 53
45 54
45 58
45 60
45 64
46 5
46 7
46 8
46 9
46 10
46 12
46 16
46 17
46 19
46 23
46 24
46 29
46 30
46 31
46 32
46 33
46 35
46 37
46 39
46 40
46 43
46 45
46 46
46 49
46 50
46 51
46 52
46 55
46 58
46 60
46 61
46 63
47 6
47 7
47 8
47 11
47 21
47 22
47 23
47 24
47 27
47 31
47 32
47 34
47 36
47 39
47 40
47 42
47 43
47 44
47 49
47 51
47 53
47 54
47 55
47 56
47 57
47 59
47 62
47 63
48 1
48 5
48 6
48 7
48 8
48 9
48 10
48 11
48 12
48 14
48 17
48 18
48 19
48 21
48 22
48 23
48 24
48 29
48 30
48 31
48 34
48 35
48 39
48 40
48 46
48 47
48 49
48 51
48 53
48 56
48 58
48 59
48 62
49 1
49 4
49 7
49 8
49 9
49 14
49 16
49 18
49 19
49 21
49 23
49 28
49 29
49 30
49 31
49 33
49 34
49 35
49 36
49 37
49 41
49 42
49 43
49 44
49 45
49 46
49 47
49 48
49 49
49 50
49 51
49 53
49 54
49 55
49 57
49 59
49 60
49 61
50 1
50 2
50 4
50 6
50 7
50 11
50 12
50 14
50 15
50 16
50 21
50 23
50 24
50 25
50 31
50 33
50 34
50 35
50 38
50 39
50 43
50 44
50 45
50 46
50 48
50 49
50 51
50 57
50 58
50 60
50 62
50 63
51 2
51 3
51 4
51 5
51 6
51 7
51 8
51 9
51 10
51 13
51 14
51 18
51 22
51 23
51 25
51 26
51 28
51 29
51 30
51 32
51 33
51 34
51 35
51 36
51 37
51 43
51 44
51 45
51 49
51 51
51 53
51 55
51 56
51 57
51 59
51 60
51 61
51 63
51 64
52 1
52 5
52 10
52 11
52 12
52 13
52 20
52 21
52 23
52 25
52 26
52 28
52 29
52 31
52 36
52 39
52 40
52 41
52 42
52 43
52 47
52 49
52 50
52 51
52 52
52 60
52 61
52 64
53 1
53 2
53 5
53 12
53 16
53 18
53 19
53 20
53 23
53 24
53 25
53 27
53 28
53 30
53 32
53 35
53 36
53 37
53 42
53 43
53 45
53 47
53 50
53 52
53 55
53 57
53 60
53 61
53 62
53 64
54 1
54 2
54 5
54 6
54 8
54 10
54 12
54 15
54 17
54 18
54 19
54 22
54 25
54 26
54 28
54 29
54 30
54 32
54 33
54 37
54 39
54 40
54 41
54 43
54 44
54 45
54 46
54 48
54 49
54 52
54 55
54 56
54 57
54 61
54 62
54 64
55 2
55 5
55 9
55 10
55 15
55 17
55 18
55 24
55 26
55 27
55 28
55 29
55 30
55 31
55 33
55 35
55 39
55 43
55 45
55 50
55 51
55 54
55 55
55 56
55 58
55 59
55 61
55 63
55 64
56 2
56 3
56 5
56 6
56 12
56 13
56 14
56 15
56 16
56 17
56 18
56 19
56 20
56 24
56 26
56 27
56 28
56 37
56 40
56 42
56 48
56 50
56 51
56 53
56 54
56 56
56 57
56 58
56 59
56 61
56 63
57 2
57 3
57 5
57 6
57 7
57 8
57 10
57 11
57 12
57 13
57 14
57 18
57 19
57 20
57 22
57 23
57 24
57 25
57 26
57 30
57 31
57 32
57 35
57 37
57 38
57 39
57 41
57 42
57 47
57 49
57 50
57 52
57 54
57 59
57 62
58 3
58 4
58 7
58 9
58 10
58 12
58 14
58 16
58 17
58 19
58 24
58 28
58 29
58 30
58 31
58 33
58 35
58 37
58 38
58 40
58 41
58 42
58 46
58 47
58 48
58 49
58 50
58 51
58 52
58 53
58 58
58 59
58 60
58 61
58 62
58 63
58 64
59 1
59 3
59 4
59 5
59 9
59 10
59 11
59 14
59 15
59 16
59 18
59 21
59 22
59 24
59 26
59 28
59 31
59 32
59 35
59 36
59 39
59 40
59 42
59 45
59 47
59 50
59 51
59 53
59 55
59 57
59 58
59 59
59 60
59 63
60 2
60 3
60 4
60 5
60 6
60 8
60 12
60 14
60 15
60 16
60 17
60 18
60 21
60 23
60 24
60 25
60 28
60 29
60 30
60 33
60 34
60 40
60 41
60 42
60 44
60 45
60 46
60 50
60 53
60 54
60 57
60 60
60 61
60 62
60 63
61 1
61 6
61 8
61 9
61 10
61 12
61 13
61 16
61 18
61 19
61 20
61 23
61 27
61 29
61 31
61 33
61 34
61 35
61 37
61 38
61 39
61 41
61 43
61 46
61 47
61 49
61 50
61 52
61 55
61 56
61 57
61 59
61 60
62 1
62 2
62 5
62 6
62 7
62 15
62 16
62 17
62 19
62 22
62 25
62 27
62 28
62 29
62 36
62 38
62 41
62 42
62 43
62 44
62 47
62 48
62 52
62 58
62 63
63 3
63 7
63 8
63 9
63 11
63 12
63 16
63 17
63 19
63 21
63 22
63 23
63 24
63 25
63 28
63 30
63 36
63 37
63 39
63 41
63 42
63 43
63 46
63 51
63 52
63 54
63 57
63 58
63 59
63 61
63 64
64 1
64 7
64 8
64 9
64 10
64 11
64 13
64 16
64 17
64 18
64 19
64 23
64 24
64 27
64 29
64 30
64 31
64 32
64 34
64 36
64 38
64 40
64 41
64 42
64 43
64 46
64 48
64 49
64 50
64 51
64 54
64 55
64 56
64 61
64 62
64 63
64 64
65 2
65 3
65 4
65 7
65 9
65 11
65 16
65 17
65 20
65 22
65 23
65 24
65 25
65 29
65 31
65 32
65 34
65 35
65 36
65 38
65 40
65 41
65 44
65 45
65 46
65 47
65 48
65 49
65 50
65 51
65 54
65 55
65 56
65 59
65 62
65 63
66 1
66 2
66 3
66 4
66 7
66 8
66 11
66 12
66 14
66 15
66 17
66 20
66 22
66 23
66 24
66 26
66 27
66 28
66 29
66 30
66 32
66 33
66 37
66 41
66 42
66 44
66 47
66 49
66 51
66 53
66 54
66 56
66 57
66 58
66 60
66 63
67 1
67 2
67 6
67 7
67 9
67 12
67 13
67 19
67 20
67 21
67 22
67 24
67 25
67 26
67 27
67 28
67 29
67 31
67 32
67 34
67 36
67 37
67 41
67 43
67 45
67 48
67 49
67 52
67 53
67 55
67 56
67 57
67 59
67 60
67 62
67 64
68 3
68 4
68 5
68 6
68 9
68 10
68 12
68 13
68 15
68 17
68 18
68 19
68 21
68 22
68 23
68 27
68 30
68 32
68 33
68 35
68 37
68 38
68 39
68 40
68 42
68 46
68 47
68 50
68 51
68 53
68 54
68 55
68 56
68 58
68 59
68 60
68 61
68 62
68 64
69 1
69 2
69 4
69 5
69 9
69 10
69 11
69 16
69 17
69 20
69 25
69 26
69 27
69 28
69 29
69 30
69 32
69 35
69 40
69 41
69 42
69 43
69 44
69 46
69 47
69 50
69 51
69 52
69 57
69 58
69 59
69 61
69 62
70 1
70 4
70 5
70 6
70 7
70 9
70 12
70 14
70 17
70 18
70 19
70 20
70 24
70 25
70 27
70 28
70 29
70 30
70 32
70 34
70 36
70 38
70 40
70 41
70 44
70 47
70 48
70 50
70 51
70 53
70 57
70 58
70 59
70 62
70 63
71 1
71 2
71 4
71 5
71 6
71 7
71 9
71 10
71 13
71 16
71 19
71 20
71 21
71 24
71 27
71 28
71 29
71 31
71 32
71 33
71 34
71 35
71 39
71 40
71 41
71 43
71 47
71 51
71 54
71 59
71 60
71 61
71 63
72 7
72 11
72 13
72 14
72 15
72 18
72 19
72 20
72 21
72 22
72 23
72 25
72 29
72 35
72 37
72 38
72 39
72 41
72 42
72 43
72 45
72 46
72 51
72 52
72 53
72 54
72 55
72 57
72 60
72 63
72 64
73 2
73 4
73 7
73 9
73 12
73 16
73 18
73 19
73 22
73 25
73 26
73 30
73 34
73 35
73 36
73 37
73 39
73 41
73 42
73 43
73 47
73 48
73 49
73 53
73 54
73 55
73 56
73 58
73 59
73 60
73 62
73 64
74 1
74 3
74 6
74 8
74 11
74 12
74 13
74 14
74 15
74 17
74 18
74 22
74 23
74 24
74 25
74 26
74 27
74 29
74 30
74 33
74 34
74 37
74 38
74 40
74 41
74 42
74 43
74 44
74 45
74 48
74 50
74 52
74 53
74 54
74 56
74 57
74 60
74 61
74 62
74 64
75 3
75 4
75 5
75 6
75 7
75 8
75 9
75 12
75 13
75 14
75 15
75 17
75 19
75 20
75 25
75 28
75 29
75 32
75 35
75 36
75 38
75 39
75 40
75 43
75 44
75 46
75 47
75 48
75 49
75 51
75 54
75 56
75 57
75 59
75 61
76 1
76 4
76 5
76 7
76 11
76 14
76 15
76 16
76 18
76 24
76 26
76 27
76 29
76 30
76 31
76 33
76 34
76 35
76 36
76 37
76 38
76 41
76 42
76 43
76 46
76 47
76 49
76 50
76 51
76 52
76 53
76 54
76 57
76 58
76 61
76 64
