188
1 2
1 4
1 5
1 6
1 8
1 9
2 3
2 6
2 7
2 8
2 9
3 2
3 4
3 5
3 7
3 8
3 9
4 4
4 7
4 9
4 10
5 1
5 3
5 4
5 5
5 6
5 7
5 8
5 10
6 3
6 4
7 1
7 5
7 6
7 8
7 10
8 5
8 9
8 10
9 1
9 4
9 5
9 6
9 8
9 9
9 10
10 1
10 2
10 4
10 7
10 9
11 3
11 4
11 5
11 10
12 1
12 4
12 5
12 6
12 8
13 1
13 5
13 6
13 10
14 4
14 6
14 7
14 9
15 2
15 3
15 4
15 7
15 10
16 1
16 2
16 6
16 7
16 8
17 5
17 6
17 7
17 8
17 9
17 10
18 1
18 4
18 8
18 10
19 1
19 3
19 5
19 9
20 8
20 9
20 10
21 3
21 4
21 5
21 7
21 9
21 10
22 1
22 4
22 6
22 8
23 1
23 3
23 4
23 7
23 8
24 1
24 2
24 4
24 5
24 10
25 4
25 6
25 7
25 8
25 9
26 2
26 5
26 6
26 7
26 9
26 10
27 1
27 2
27 3
27 5
27 9
28 2
28 3
28 4
28 5
28 8
29 3
29 4
29 7
29 8
29 10
30 2
30 6
30 7
30 8
30 10
31 1
31 2
31 3
31 4
31 5
31 6
31 7
31 10
32 1
32 3
32 5
32 6
33 1
33 2
33 3
33 8
33 10
34 2
34 7
34 10
35 6
35 8
35 9
36 6
36 9
37 2
37 4
37 6
37 7
37 9
37 10
38 4
38 7
39 5
39 6
39 9
39 10
40 1
40 2
40 3
40 4
40 8
