624
1 4
1 5
1 8
1 9
1 16
1 18
1 20
1 21
1 25
1 26
1 27
1 29
1 34
1 35
2 1
2 3
2 5
2 6
2 12
2 14
2 16
2 17
2 18
2 19
2 22
2 25
2 26
2 27
2 30
2 31
2 32
2 33
3 2
3 10
3 11
3 12
3 14
3 15
3 18
3 20
3 21
3 22
3 23
3 24
3 25
3 27
3 29
3 35
4 6
4 7
4 9
4 11
4 12
4 14
4 16
4 17
4 19
4 20
4 21
4 23
4 25
4 26
4 27
4 29
4 32
4 33
4 35
5 1
5 2
5 3
5 7
5 8
5 10
5 12
5 14
5 15
5 18
5 19
5 22
5 23
5 24
5 26
5 28
5 32
5 33
5 35
6 1
6 2
6 3
6 4
6 6
6 8
6 10
6 11
6 12
6 15
6 16
6 17
6 18
6 19
6 22
6 24
6 25
6 29
6 31
6 32
6 35
7 1
7 4
7 7
7 9
7 10
7 11
7 17
7 18
7 19
7 20
7 22
7 23
7 26
7 27
7 29
7 31
7 32
7 33
7 35
8 1
8 2
8 3
8 5
8 6
8 8
8 10
8 12
8 13
8 14
8 19
8 20
8 21
8 22
8 25
8 27
8 28
8 29
8 33
8 34
8 35
9 1
9 3
9 4
9 6
9 7
9 9
9 10
9 11
9 13
9 14
9 18
9 20
9 24
9 25
9 26
9 29
9 31
9 34
10 1
10 2
10 3
10 4
10 6
10 9
10 10
10 11
10 14
10 15
10 17
10 19
10 20
10 21
10 23
10 25
10 27
10 28
10 29
10 30
10 31
10 32
10 33
10 34
10 35
11 5
11 7
11 8
11 12
11 13
11 15
11 16
11 17
11 19
11 25
11 26
11 27
11 28
11 29
11 30
12 2
12 4
12 6
12 7
12 9
12 10
12 12
12 13
12 14
12 15
12 19
12 21
12 22
12 25
12 29
12 33
13 1
13 2
13 5
13 6
13 8
13 10
13 12
13 13
13 15
13 17
13 18
13 22
13 24
13 26
13 27
13 28
13 29
13 34
14 1
14 2
14 3
14 4
14 13
14 17
14 26
14 28
15 1
15 2
15 3
15 6
15 7
15 8
15 12
15 13
15 15
15 20
15 21
15 23
15 24
15 25
15 27
15 28
15 30
15 31
15 32
15 34
15 35
16 3
16 4
16 5
16 6
16 7
16 8
16 9
16 10
16 11
16 14
16 17
16 18
16 21
16 24
16 26
16 32
16 33
16 35
17 1
17 2
17 3
17 5
17 6
17 7
17 10
17 14
17 18
17 22
17 23
17 24
17 27
17 28
17 29
17 32
17 33
17 34
17 35
18 4
18 5
18 8
18 10
18 11
18 12
18 16
18 17
18 21
18 23
18 24
18 28
18 31
18 32
18 33
19 3
19 6
19 8
19 9
19 10
19 11
19 14
19 16
19 17
19 19
19 20
19 21
19 22
19 23
19 24
19 25
19 26
19 30
19 31
19 33
19 34
19 35
20 1
20 2
20 5
20 7
20 14
20 15
20 16
20 17
20 19
20 21
20 22
20 23
20 24
20 30
20 32
20 33
20 34
21 2
21 3
21 12
21 19
21 20
21 21
21 22
21 25
21 27
21 28
21 29
21 31
21 34
21 35
22 5
22 7
22 10
22 15
22 16
22 17
22 20
22 22
22 23
22 24
22 35
23 1
23 2
23 4
23 5
23 7
23 9
23 11
23 12
23 14
23 15
23 16
23 19
23 26
23 32
24 4
24 5
24 9
24 10
24 11
24 12
24 13
24 14
24 16
24 19
24 23
24 24
24 25
24 26
24 27
24 28
24 30
24 31
24 35
25 1
25 2
25 4
25 7
25 8
25 10
25 12
25 15
25 19
25 21
25 24
25 25
25 26
25 27
26 2
26 3
26 4
26 5
26 6
26 7
26 8
26 9
26 10
26 12
26 13
26 16
26 17
26 18
26 21
26 23
26 24
26 26
26 27
26 30
26 31
26 33
26 34
27 4
27 6
27 7
27 8
27 9
27 10
27 11
27 13
27 14
27 15
27 17
27 18
27 22
27 24
27 25
27 26
27 27
27 28
27 29
27 33
27 34
28 2
28 3
28 4
28 5
28 6
28 8
28 9
28 10
28 11
28 13
28 14
28 15
28 17
28 18
28 19
28 23
28 25
28 30
28 34
28 35
29 1
29 3
29 5
29 6
29 7
29 8
29 9
29 11
29 12
29 13
29 15
29 16
29 17
29 18
29 20
29 22
29 23
29 24
29 25
29 26
29 27
29 28
29 32
29 33
30 4
30 5
30 6
30 7
30 8
30 9
30 10
30 11
30 13
30 14
30 17
30 22
30 27
30 28
30 30
30 31
30 32
30 35
31 3
31 4
31 9
31 13
31 14
31 15
31 16
31 18
31 19
31 25
31 26
31 27
31 28
31 29
31 32
31 34
32 4
32 10
32 12
32 13
32 15
32 17
32 18
32 19
32 21
32 22
32 23
32 24
32 25
32 27
32 28
32 30
33 2
33 4
33 5
33 6
33 8
33 9
33 10
33 11
33 12
33 14
33 15
33 16
33 17
33 18
33 24
33 25
33 26
33 27
33 28
33 30
33 34
33 35
34 1
34 3
34 4
34 8
34 9
34 10
34 11
34 12
34 13
34 14
34 15
34 16
34 17
34 18
34 24
34 29
34 32
34 33
34 35
35 9
35 11
35 13
35 16
35 18
35 23
35 24
35 28
35 29
35 30
35 32
35 33
35 34
35 35
