1000
370 867
205 30
661 980
411 677
806 489
725 873
437 122
630 335
716 438
218 719
269 296
270 254
852 314
621 38
908 456
854 970
810 325
620 954
225 819
236 225
794 896
2 99
265 230
63 780
718 201
978 817
760 535
740 860
324 893
908 380
363 275
945 779
542 599
425 996
696 105
718 590
420 885
527 880
608 401
909 177
657 264
39 957
410 423
691 470
443 530
663 444
892 415
355 722
772 729
819 278
937 417
707 623
745 905
47 355
610 974
384 282
127 620
778 843
476 36
788 395
531 252
102 886
331 877
989 382
279 840
134 741
47 106
153 888
351 775
235 463
324 516
719 578
105 178
242 184
15 121
304 428
460 71
546 838
452 687
954 175
262 511
288 215
653 36
291 434
556 808
749 551
179 776
512 430
392 978
817 567
731 442
593 625
886 146
636 419
24 990
317 594
348 666
134 711
295 661
695 740
33 965
930 644
737 86
81 246
433 952
739 942
754 734
258 790
255 710
724 293
691 287
197 912
415 387
477 452
387 433
18 900
53 327
660 222
852 35
883 177
574 146
195 815
943 107
628 653
173 484
944 357
168 368
573 177
597 10
873 727
774 19
318 619
484 464
271 150
55 217
581 257
422 370
602 249
729 142
112 654
881 903
224 61
7 31
192 162
384 509
496 990
37 500
412 219
776 69
135 504
880 8
137 4
313 809
1000 834
209 263
27 268
661 502
214 75
75 304
818 140
600 479
280 923
754 270
70 31
605 120
997 139
25 399
154 836
633 548
259 655
961 528
317 156
233 514
536 443
407 498
674 873
216 774
786 583
609 902
723 562
409 532
590 237
496 619
567 439
300 511
178 695
969 867
505 384
481 101
400 727
883 757
270 67
368 358
453 679
86 1000
262 182
441 477
44 50
152 727
754 947
992 124
261 819
454 41
280 687
948 417
345 687
530 384
473 198
980 423
337 514
427 724
84 473
850 551
828 407
385 122
24 512
186 339
60 159
180 703
161 827
719 33
464 790
708 826
376 354
594 441
277 692
326 821
382 934
360 641
891 434
451 985
597 864
386 884
983 46
733 718
38 701
365 303
38 131
521 469
867 989
726 104
499 610
11 851
664 778
810 381
590 544
567 795
159 554
543 513
571 951
916 889
714 845
937 845
596 73
174 418
416 622
394 356
492 854
360 418
154 194
410 22
863 267
777 433
559 571
266 33
638 966
375 24
605 920
30 966
572 475
756 701
259 663
264 341
442 935
104 912
374 754
275 210
483 632
915 233
797 38
468 930
990 223
170 739
129 262
918 837
407 843
197 572
895 272
238 104
10 521
27 373
789 673
986 53
925 171
988 221
810 174
363 528
973 465
566 496
47 117
209 405
935 906
489 484
284 148
320 398
400 774
723 877
273 856
907 534
334 443
389 812
364 131
325 323
335 903
751 69
66 578
862 559
613 534
709 949
354 152
962 716
866 751
955 795
878 645
79 383
721 9
824 900
61 471
919 892
761 352
291 280
18 813
679 844
409 542
829 693
744 437
693 493
489 645
549 629
310 811
292 404
377 892
735 818
457 484
934 720
974 172
91 856
643 599
918 3
792 678
816 615
128 643
443 560
636 397
122 722
544 854
721 324
21 95
287 440
708 107
832 584
309 717
834 31
679 10
79 510
435 490
902 562
897 178
482 52
308 275
959 101
598 925
159 986
504 621
116 994
52 594
438 871
381 534
665 376
22 1000
722 291
931 71
509 253
398 432
76 929
617 881
679 404
156 736
64 544
134 184
792 121
966 787
161 412
315 597
815 174
32 855
443 207
644 951
111 734
595 767
652 960
631 320
568 522
975 684
68 622
883 646
213 799
786 956
102 638
376 490
8 74
359 956
604 750
775 203
152 74
756 432
271 538
834 86
582 40
449 480
226 286
669 356
854 200
395 158
282 536
428 947
950 838
927 183
13 104
373 972
288 504
830 752
706 204
480 111
313 548
148 126
459 208
234 638
91 621
171 302
619 931
513 336
197 420
334 386
441 388
881 663
140 778
66 575
749 788
851 744
349 887
771 282
707 671
577 813
134 246
515 132
472 338
161 859
414 509
598 678
192 402
652 139
484 664
905 504
920 955
778 312
458 576
639 908
997 503
758 843
958 567
259 851
251 626
856 363
896 927
2 838
456 512
298 817
10 845
935 894
195 827
982 618
491 853
460 412
254 263
765 71
298 406
22 226
624 207
848 612
654 659
76 770
985 46
955 5
433 679
466 834
932 185
827 566
16 451
212 466
335 517
395 408
726 745
747 104
122 199
95 794
556 106
634 102
437 8
391 983
942 823
402 742
823 929
733 740
233 559
223 747
97 8
249 696
530 80
958 854
201 993
158 394
145 635
17 131
434 628
774 722
536 929
815 99
838 166
553 922
185 273
160 122
554 663
693 620
289 304
409 97
129 545
941 635
92 13
825 741
569 496
723 599
635 39
799 384
183 47
584 21
492 680
309 600
619 448
336 140
598 46
154 850
53 157
945 194
635 576
228 94
304 882
438 227
445 308
603 281
606 544
937 797
309 918
872 613
760 100
467 727
377 146
679 945
397 327
303 706
115 464
774 218
102 761
233 526
271 941
260 14
776 236
558 291
389 234
371 348
869 782
945 334
931 415
418 426
935 461
583 446
520 795
18 907
735 601
360 710
754 384
846 328
39 126
487 873
875 387
375 709
84 414
261 68
176 907
973 787
863 515
385 934
639 295
337 406
988 104
694 630
511 35
938 489
967 907
278 494
228 169
307 73
558 593
124 176
141 702
453 630
18 23
892 261
484 752
547 533
715 986
772 472
472 144
782 238
429 753
213 201
303 218
731 478
13 385
969 196
768 802
98 174
481 927
774 822
439 168
400 963
60 327
984 675
623 209
246 226
258 213
936 308
226 660
948 458
552 221
673 611
904 165
999 200
222 550
529 530
787 555
122 758
236 100
977 834
841 403
3 527
986 423
591 138
964 848
590 531
361 136
613 90
569 258
121 137
426 218
279 484
438 857
863 965
477 444
58 19
478 501
497 880
961 342
286 979
961 340
956 86
205 25
862 892
834 389
17 513
471 333
5 232
493 322
957 479
414 276
25 303
468 34
308 106
561 117
253 146
521 899
449 415
361 273
763 538
998 639
124 908
908 284
215 383
953 57
640 815
329 907
94 397
919 860
11 509
45 78
36 829
998 271
188 192
176 543
648 106
157 828
259 71
735 820
448 36
717 562
69 686
13 49
202 688
217 3
557 132
752 496
869 459
208 554
103 102
731 950
242 375
981 474
981 779
445 228
394 932
423 554
11 691
64 938
614 102
845 251
569 363
271 769
494 237
46 469
946 720
995 809
137 107
866 224
616 791
975 684
196 64
414 447
403 960
410 308
46 496
69 79
261 859
80 422
438 779
25 194
268 552
5 796
599 577
421 806
897 193
438 158
643 719
607 441
353 536
677 452
65 728
912 671
76 979
323 844
129 78
452 200
806 697
503 735
518 104
152 990
330 290
350 378
965 875
967 362
2 949
143 651
635 131
960 839
875 347
111 38
290 649
198 193
470 331
760 125
266 887
668 165
654 749
59 555
385 592
71 882
302 135
699 479
86 745
484 906
796 9
570 872
230 573
612 333
704 532
997 158
143 961
290 80
924 97
877 436
461 375
939 316
118 578
535 348
417 605
534 285
591 656
118 254
60 669
412 36
413 816
436 781
154 601
668 659
293 456
818 830
849 9
539 113
137 497
835 238
263 749
709 757
757 696
744 528
385 294
722 77
45 776
199 712
30 593
147 81
184 930
501 226
678 45
417 191
381 220
309 355
278 753
673 251
997 418
428 61
452 304
3 775
919 172
741 143
868 887
320 112
423 862
116 895
934 35
163 802
596 68
733 492
645 592
622 840
948 17
432 518
302 500
150 308
203 244
246 581
627 520
442 369
557 170
317 685
560 24
561 697
612 392
171 692
306 344
835 731
921 384
741 760
342 838
772 699
30 709
484 539
820 87
116 527
622 235
754 863
853 649
994 285
991 659
91 278
431 328
376 741
507 308
355 918
394 892
848 840
706 306
99 488
134 177
527 584
378 767
907 301
419 194
837 113
171 517
885 625
632 895
232 692
131 808
596 359
434 669
106 826
344 646
696 478
925 221
642 291
300 360
660 419
278 652
930 909
840 191
536 3
605 778
809 419
481 158
170 797
498 945
31 691
79 905
809 886
250 317
595 687
34 817
834 197
663 271
198 720
945 383
220 337
4 84
46 996
46 731
212 773
951 316
63 798
843 239
741 615
981 606
645 710
677 953
524 348
569 489
42 91
321 270
614 45
701 763
117 460
520 12
902 717
396 1
18 204
956 542
621 193
674 908
699 321
633 245
144 149
31 842
597 949
58 112
621 677
830 733
334 925
770 189
777 663
479 35
800 545
362 860
118 705
324 564
698 762
199 661
88 773
387 223
242 349
186 966
932 143
431 41
44 826
221 500
792 868
657 336
542 280
81 71
189 873
182 486
313 704
587 538
