5000
66 60
37 6 37 7
45 27 46 27
37 0 36 0
3 38 3 39
39 22 38 22
11 6 11 5
34 17 35 17
59 27 58 27
24 40 24 41
9 15 9 16
43 32 43 31
37 25 36 25
2 21 3 21
27 1 27 2
46 15 45 15
26 16 27 16
39 0 40 0
4 5 5 5
10 3 10 4
55 23 55 22
31 14 30 14
13 13 13 12
26 10 26 11
4 26 5 26
30 20 30 21
43 53 43 52
51 11 50 11
62 55 61 55
34 4 34 3
17 26 16 26
30 54 30 55
20 52 21 52
21 60 22 60
18 7 18 6
27 49 28 49
22 7 21 7
47 30 47 31
2 6 1 6
41 6 41 7
28 16 29 16
62 51 62 52
16 54 15 54
64 10 64 11
59 34 59 33
55 35 55 36
17 19 17 18
24 8 24 9
39 2 39 3
34 41 35 41
13 29 13 28
41 5 41 4
62 26 62 25
65 23 65 22
12 37 11 37
51 26 51 27
65 13 65 12
46 40 47 40
61 46 60 46
2 19 1 19
23 25 23 26
34 1 34 2
2 56 1 56
8 24 9 24
11 36 11 37
15 13 14 13
52 35 51 35
55 6 55 5
66 20 65 20
0 55 1 55
10 21 10 22
54 47 54 46
30 43 30 44
27 24 27 25
16 2 16 3
27 15 27 16
34 30 35 30
60 2 60 3
66 46 65 46
58 2 58 3
0 7 0 6
45 9 45 10
24 26 23 26
63 57 62 57
42 16 42 17
51 27 51 26
60 53 61 53
55 59 54 59
7 15 7 16
17 14 17 15
65 49 65 50
54 43 55 43
44 26 43 26
53 58 53 57
7 53 7 54
5 13 6 13
41 2 40 2
40 2 40 3
34 51 34 52
12 16 13 16
33 34 33 35
18 31 19 31
28 15 29 15
26 5 25 5
7 55 7 54
14 32 14 33
51 25 52 25
9 15 9 14
2 9 3 9
23 20 23 19
30 58 29 58
7 4 8 4
39 21 40 21
38 34 38 33
60 34 60 35
1 28 0 28
14 50 13 50
47 17 47 16
45 9 44 9
16 55 15 55
5 4 5 5
21 33 21 34
21 2 22 2
9 54 8 54
63 12 63 11
34 20 34 19
35 52 34 52
11 31 10 31
11 55 10 55
4 52 4 51
50 1 51 1
4 50 5 50
49 5 50 5
24 47 25 47
37 35 38 35
48 18 49 18
1 39 2 39
21 7 20 7
13 57 13 56
10 13 10 12
53 27 52 27
44 22 43 22
13 16 12 16
66 9 66 10
22 46 21 46
10 60 9 60
53 23 53 22
15 27 14 27
65 38 66 38
28 11 29 11
23 24 23 23
15 24 16 24
46 11 46 10
23 24 24 24
8 18 9 18
40 21 41 21
39 45 40 45
52 25 52 26
53 24 54 24
57 43 57 42
36 19 35 19
57 4 56 4
29 10 29 9
6 21 6 20
0 26 1 26
30 26 30 25
15 51 15 52
22 22 22 21
62 20 62 19
3 26 2 26
13 44 14 44
41 27 42 27
23 12 22 12
60 10 61 10
13 1 14 1
9 1 9 2
27 49 27 48
61 39 60 39
5 29 6 29
48 51 49 51
22 59 22 58
16 50 16 49
39 20 40 20
18 7 18 8
14 45 14 46
7 29 8 29
10 18 9 18
61 18 61 19
31 8 31 7
15 51 14 51
29 2 28 2
5 33 5 32
31 18 32 18
13 26 13 27
51 22 50 22
66 32 66 31
50 7 50 8
48 11 47 11
30 8 30 9
38 45 39 45
49 44 49 43
39 33 38 33
60 56 60 57
49 12 50 12
55 45 55 44
37 16 37 15
38 9 38 8
13 31 12 31
28 53 29 53
34 4 35 4
39 45 38 45
33 59 33 60
9 9 9 8
16 6 16 5
28 10 28 11
29 14 29 13
44 54 43 54
49 51 49 50
46 19 46 18
5 13 4 13
45 26 44 26
35 23 36 23
49 27 50 27
8 55 7 55
4 47 4 46
35 41 34 41
25 17 25 18
62 4 62 3
43 30 44 30
37 6 38 6
5 56 4 56
42 44 41 44
27 54 28 54
57 10 57 11
66 19 65 19
5 44 5 45
43 53 43 54
18 42 19 42
59 53 58 53
53 55 54 55
31 7 31 8
33 43 34 43
20 18 19 18
27 9 27 8
21 23 21 22
13 9 14 9
18 9 18 10
24 9 25 9
2 0 2 1
56 43 57 43
36 4 36 5
61 25 62 25
37 40 38 40
3 30 3 29
17 33 16 33
1 30 1 31
11 11 11 12
66 5 66 4
60 42 60 41
47 21 48 21
17 36 17 35
8 29 7 29
35 53 36 53
15 57 14 57
45 56 46 56
34 42 35 42
36 54 36 53
53 9 52 9
16 44 16 43
35 49 35 48
58 53 59 53
29 58 29 57
9 32 9 33
29 40 28 40
35 33 35 34
40 45 41 45
55 18 56 18
30 12 30 13
49 46 48 46
28 25 28 26
20 52 21 52
53 20 53 19
22 14 21 14
24 46 24 47
31 56 31 57
42 45 42 44
66 49 66 48
14 10 14 11
54 53 54 54
34 36 35 36
26 26 27 26
33 11 34 11
18 58 17 58
8 37 8 36
58 48 58 47
11 13 11 12
19 4 20 4
0 33 1 33
34 36 33 36
33 12 34 12
41 47 41 48
11 21 11 22
27 39 26 39
41 8 41 7
19 4 18 4
31 10 31 11
10 2 10 1
35 23 35 22
5 0 5 1
30 14 31 14
62 48 63 48
13 35 13 34
28 8 29 8
8 23 9 23
44 0 44 1
6 38 7 38
37 52 38 52
33 21 34 21
32 11 31 11
59 42 60 42
12 51 13 51
41 52 41 53
52 22 52 23
65 60 65 59
10 11 10 12
37 60 37 59
12 28 12 27
20 41 21 41
18 28 18 29
45 46 44 46
33 50 33 51
63 7 63 8
51 45 52 45
2 36 2 37
35 54 36 54
63 17 62 17
22 22 23 22
28 51 28 50
7 46 8 46
44 26 43 26
61 33 62 33
61 58 61 59
56 36 57 36
61 56 62 56
12 34 12 33
54 51 55 51
48 40 48 41
30 35 30 36
60 11 59 11
57 35 57 36
40 47 40 46
66 2 65 2
20 19 19 19
5 29 5 30
15 13 14 13
6 18 6 17
48 0 48 1
27 15 27 14
66 54 66 53
52 58 52 59
24 32 25 32
11 17 11 16
53 11 52 11
25 48 25 49
32 0 33 0
21 6 22 6
47 19 47 20
47 40 48 40
19 32 19 31
21 15 21 14
50 11 51 11
56 27 56 26
6 33 5 33
11 24 10 24
40 52 39 52
7 5 8 5
28 52 27 52
26 34 25 34
56 39 55 39
37 45 37 44
0 24 1 24
4 51 3 51
32 23 32 22
18 39 17 39
59 55 59 54
27 16 26 16
39 41 39 40
6 20 6 19
2 22 1 22
66 47 66 46
1 19 1 20
17 50 18 50
31 36 32 36
29 48 29 47
44 31 43 31
57 36 57 35
27 25 26 25
50 27 49 27
30 42 29 42
15 55 15 54
50 59 50 58
22 51 22 52
12 57 12 58
13 25 13 24
28 9 27 9
30 22 29 22
4 52 3 52
66 7 66 6
30 23 31 23
64 41 65 41
45 3 46 3
57 15 57 16
25 7 25 8
60 37 61 37
17 9 17 8
0 56 0 55
1 6 2 6
26 59 26 60
57 44 58 44
9 49 9 48
4 50 3 50
54 53 53 53
11 24 11 25
33 29 32 29
50 0 50 1
4 0 4 1
47 11 47 10
41 0 40 0
1 29 1 30
12 30 12 31
53 2 53 1
29 44 30 44
31 1 30 1
34 33 34 34
22 60 22 59
24 18 25 18
22 24 21 24
12 41 13 41
41 29 41 30
55 26 56 26
14 35 15 35
58 50 57 50
15 25 15 26
11 15 10 15
49 55 49 56
12 1 13 1
24 10 23 10
65 39 65 40
41 60 41 59
60 14 60 13
56 50 56 49
17 50 16 50
49 37 50 37
35 18 35 19
65 20 64 20
34 35 34 36
38 59 38 58
48 14 48 13
66 54 65 54
51 58 51 57
19 16 19 17
8 1 9 1
40 7 39 7
37 40 36 40
44 15 44 16
31 40 30 40
35 22 35 23
16 39 16 40
11 43 10 43
38 8 37 8
47 51 48 51
44 54 44 53
55 37 55 36
25 8 24 8
37 16 38 16
44 22 43 22
18 37 18 38
3 60 3 59
9 34 9 33
53 52 53 53
10 9 10 10
63 11 62 11
14 24 13 24
15 15 15 16
18 9 17 9
3 59 4 59
15 44 15 43
33 13 32 13
53 21 53 22
34 29 34 28
39 8 39 7
23 19 24 19
36 44 35 44
53 34 54 34
10 18 11 18
33 33 33 34
8 48 8 49
54 47 54 48
20 19 20 20
66 21 65 21
29 10 29 9
52 12 52 11
40 34 40 33
27 53 26 53
37 45 38 45
9 33 9 34
23 45 22 45
32 39 32 38
47 27 46 27
15 4 16 4
39 43 38 43
23 11 23 12
32 20 33 20
9 48 10 48
27 10 28 10
64 22 64 21
43 56 43 57
43 20 42 20
20 8 19 8
21 49 22 49
35 25 35 24
40 12 40 11
62 42 62 43
1 48 1 49
21 36 20 36
0 7 1 7
39 55 39 54
29 21 29 20
21 9 21 8
56 58 56 57
14 57 13 57
2 17 2 18
0 47 1 47
19 52 19 51
14 31 14 30
28 5 28 6
7 54 7 55
3 13 4 13
3 10 3 9
10 21 10 22
40 11 39 11
21 18 21 19
34 39 33 39
66 21 66 20
31 27 31 26
22 59 22 60
24 42 25 42
64 44 63 44
54 48 54 49
5 14 6 14
58 47 58 48
39 13 40 13
3 37 4 37
18 45 17 45
53 43 54 43
37 35 38 35
48 53 48 52
22 57 22 56
41 28 40 28
41 38 41 39
43 33 43 32
25 3 25 2
10 23 11 23
60 43 60 42
35 58 35 59
35 8 34 8
61 1 60 1
44 26 45 26
7 33 7 32
27 23 26 23
53 3 52 3
44 34 44 35
66 5 66 4
25 19 26 19
62 30 62 31
26 49 26 48
33 44 33 45
3 3 3 4
55 48 55 49
43 50 44 50
35 19 34 19
36 26 36 25
61 32 62 32
48 14 49 14
29 34 30 34
63 29 63 28
28 60 28 59
66 45 66 46
1 17 2 17
30 0 30 1
39 5 39 4
15 42 15 43
6 50 5 50
52 52 53 52
20 49 21 49
12 44 12 45
29 43 28 43
6 37 6 38
31 12 31 13
45 42 45 41
43 54 43 55
52 35 52 36
5 51 6 51
19 52 19 53
34 35 34 36
12 0 11 0
10 29 10 30
32 32 31 32
5 35 4 35
55 60 55 59
52 12 51 12
57 23 57 22
6 39 7 39
57 17 57 18
45 29 45 28
8 41 8 42
54 56 54 57
7 19 6 19
44 7 44 8
65 1 64 1
16 40 16 41
45 56 46 56
63 43 62 43
3 35 3 36
55 51 55 50
34 48 34 49
63 34 63 33
47 2 48 2
7 41 7 42
31 49 31 48
21 19 20 19
36 13 36 14
48 37 48 38
5 15 5 16
62 40 62 41
59 40 59 39
24 0 24 1
31 27 31 26
0 6 1 6
41 6 40 6
55 4 55 5
17 23 16 23
45 5 46 5
2 0 3 0
47 37 47 38
8 24 8 23
12 37 11 37
20 7 21 7
26 59 26 60
63 52 62 52
14 28 13 28
59 7 59 6
42 49 42 50
22 29 22 28
15 7 16 7
37 38 37 37
11 32 10 32
20 40 20 39
48 40 47 40
4 35 3 35
1 40 1 39
35 47 35 48
12 10 11 10
10 32 9 32
19 60 19 59
21 13 21 12
23 10 23 9
64 55 64 54
61 20 62 20
57 38 58 38
11 27 11 26
55 32 55 33
26 0 26 1
44 5 43 5
60 58 60 57
8 10 8 11
15 19 14 19
59 44 60 44
52 31 52 32
49 23 50 23
48 41 48 42
33 12 32 12
11 48 11 47
54 39 54 38
27 25 27 24
16 18 16 17
61 45 61 46
26 26 26 27
42 0 42 1
32 25 31 25
47 13 47 14
54 49 55 49
40 8 40 9
25 11 25 12
25 51 25 50
56 9 56 10
29 25 28 25
60 21 60 20
50 9 51 9
61 13 61 12
30 16 30 15
12 23 12 24
32 11 31 11
7 39 8 39
7 17 7 16
6 36 7 36
59 21 59 20
25 31 24 31
50 33 50 32
36 19 35 19
4 13 4 14
44 34 45 34
57 45 57 44
18 53 19 53
45 26 46 26
46 49 45 49
35 54 34 54
58 26 58 27
54 5 54 6
39 28 40 28
50 31 51 31
0 58 1 58
17 37 17 36
54 38 54 39
55 16 54 16
65 43 64 43
60 17 59 17
39 6 38 6
31 36 31 35
22 24 22 25
63 1 64 1
55 20 55 21
26 52 27 52
57 29 58 29
40 28 41 28
55 31 56 31
58 9 58 10
12 8 11 8
53 5 53 6
49 3 49 4
15 3 14 3
11 6 11 7
56 15 56 14
48 32 48 31
22 28 21 28
9 50 9 51
50 55 50 54
28 26 28 25
33 9 33 8
66 37 66 38
4 27 4 26
14 3 13 3
47 24 48 24
65 10 64 10
23 59 24 59
49 54 48 54
61 52 62 52
21 57 22 57
5 19 4 19
41 10 42 10
47 42 48 42
15 14 16 14
52 15 51 15
64 51 64 50
14 18 15 18
28 12 28 11
5 42 6 42
0 7 1 7
33 29 34 29
14 44 13 44
63 35 63 34
20 40 21 40
0 2 1 2
46 30 46 31
31 32 31 31
2 13 2 14
62 5 62 6
66 57 65 57
17 43 17 42
49 38 50 38
27 15 26 15
21 11 20 11
23 6 23 7
34 20 34 19
17 0 16 0
52 39 52 38
22 29 23 29
47 6 48 6
6 50 6 51
31 16 32 16
34 25 35 25
0 30 0 31
27 44 27 45
64 17 64 18
41 45 41 44
27 12 26 12
22 15 23 15
47 7 47 8
49 8 50 8
1 11 0 11
21 31 21 32
46 58 47 58
46 39 47 39
20 17 19 17
8 35 8 36
34 31 34 30
34 45 34 46
48 42 48 41
46 29 46 30
36 3 35 3
26 10 26 9
53 52 53 51
28 8 28 7
32 24 33 24
44 46 43 46
63 46 64 46
17 53 18 53
11 18 11 17
45 40 44 40
13 45 12 45
56 38 56 39
1 57 1 56
23 7 23 8
62 53 62 52
58 58 58 57
13 10 13 9
61 7 60 7
27 56 27 55
23 31 23 32
6 39 5 39
17 8 18 8
24 43 24 44
5 39 5 38
56 29 57 29
37 26 38 26
38 59 37 59
43 10 43 11
7 23 7 24
65 14 66 14
42 12 42 11
0 51 0 50
3 3 3 2
9 28 8 28
24 34 24 33
60 29 59 29
57 51 57 50
9 44 9 43
33 9 34 9
65 31 66 31
37 30 37 29
13 13 14 13
4 13 5 13
1 2 2 2
47 11 47 10
15 14 14 14
30 1 31 1
42 16 42 15
11 13 10 13
54 23 55 23
2 2 2 3
58 17 58 16
60 52 60 53
21 29 22 29
8 39 8 40
16 25 15 25
59 35 60 35
45 0 45 1
34 6 33 6
35 13 36 13
64 48 65 48
15 27 16 27
27 33 28 33
17 27 17 28
27 36 28 36
51 46 51 47
20 19 21 19
31 17 31 18
48 45 48 46
51 42 51 43
43 39 44 39
59 24 59 25
35 11 36 11
36 33 35 33
23 15 23 14
13 34 12 34
62 51 62 52
14 10 14 11
60 22 59 22
59 37 59 36
53 28 54 28
22 1 22 2
25 13 25 12
41 29 40 29
2 16 1 16
62 19 63 19
47 28 47 27
22 43 22 44
54 0 53 0
30 19 30 18
12 14 13 14
29 27 28 27
11 13 12 13
6 38 7 38
20 4 19 4
28 6 27 6
33 51 33 52
23 45 23 46
55 23 54 23
40 58 40 57
28 5 28 6
65 28 65 29
62 25 61 25
8 6 8 5
32 21 31 21
28 13 28 14
39 4 39 3
41 53 41 52
57 1 57 2
51 11 51 10
47 4 47 5
28 14 28 15
21 3 21 2
25 24 24 24
40 53 39 53
51 48 50 48
16 36 16 35
35 54 35 55
62 1 61 1
52 30 52 31
50 34 51 34
42 49 42 48
13 53 13 52
31 39 32 39
6 29 7 29
15 28 14 28
6 53 7 53
14 32 14 33
55 19 55 18
45 16 45 17
21 10 21 9
29 60 30 60
43 39 43 40
0 1 0 2
49 46 50 46
63 8 62 8
30 25 30 26
33 15 34 15
44 45 44 44
44 40 43 40
31 17 31 18
64 35 64 34
31 18 32 18
57 36 57 37
12 20 12 19
45 57 45 56
53 50 52 50
62 16 63 16
15 8 16 8
48 5 48 6
44 39 45 39
18 28 18 27
7 10 7 9
49 1 50 1
30 33 29 33
38 58 38 57
10 8 11 8
16 23 16 24
9 0 9 1
4 49 5 49
53 3 53 4
39 40 39 39
44 2 44 3
61 37 61 38
36 52 36 51
6 34 7 34
33 8 33 9
32 19 32 18
52 5 53 5
13 35 14 35
63 15 63 16
27 12 27 11
33 2 32 2
24 8 25 8
61 38 61 37
14 4 14 3
10 44 10 45
0 15 1 15
4 38 5 38
13 33 12 33
57 17 57 16
28 51 28 52
1 51 1 50
52 7 52 6
64 45 63 45
24 15 24 14
11 11 11 10
53 8 53 7
4 32 3 32
38 50 38 49
64 29 64 30
43 41 43 42
11 0 11 1
25 37 25 36
39 45 39 44
21 3 20 3
55 4 55 3
10 14 11 14
54 26 54 27
39 53 38 53
54 41 54 40
25 2 26 2
32 37 33 37
6 12 7 12
52 13 52 12
41 43 42 43
21 53 22 53
28 56 28 55
53 45 52 45
30 12 30 13
53 8 54 8
5 33 6 33
0 46 0 47
6 36 7 36
4 24 5 24
48 28 47 28
23 27 24 27
62 4 63 4
17 2 17 1
13 7 14 7
40 21 40 22
10 25 10 26
17 25 17 24
24 9 25 9
9 50 9 49
3 44 3 43
14 3 15 3
11 9 11 8
39 35 40 35
3 51 2 51
20 16 20 17
63 48 63 47
45 38 44 38
50 54 51 54
12 55 12 54
8 3 9 3
34 35 34 34
21 12 22 12
56 19 56 18
23 36 23 35
35 8 35 9
11 42 10 42
31 7 31 8
56 20 55 20
63 48 63 49
40 24 41 24
60 33 61 33
22 38 22 37
35 49 35 50
47 23 46 23
1 54 1 55
39 48 39 49
1 1 1 0
50 49 50 48
52 16 52 17
1 54 0 54
52 1 52 2
31 19 30 19
64 47 64 46
51 45 51 46
3 18 2 18
53 9 53 10
63 8 63 7
64 2 64 3
13 58 13 57
15 36 15 35
13 58 14 58
40 31 41 31
36 7 36 8
37 9 38 9
44 13 45 13
31 42 31 43
65 40 65 39
53 45 53 46
50 53 50 52
45 10 46 10
6 41 7 41
12 31 11 31
8 16 7 16
10 37 9 37
16 24 15 24
52 12 51 12
16 47 17 47
18 28 18 29
9 47 9 46
61 25 60 25
49 10 50 10
10 15 10 14
7 27 7 26
37 48 36 48
2 37 1 37
33 45 33 46
44 42 45 42
7 38 6 38
63 10 63 9
15 45 16 45
0 60 0 59
8 50 9 50
28 8 27 8
5 47 5 48
31 51 31 52
3 29 3 30
42 21 42 22
19 49 20 49
19 25 18 25
3 16 3 17
66 31 66 32
64 25 64 26
8 7 7 7
20 8 20 7
59 1 58 1
4 30 5 30
55 24 55 25
51 19 51 20
20 37 19 37
15 25 15 26
46 57 46 58
47 54 48 54
34 6 34 7
59 43 60 43
14 8 14 9
21 49 21 48
12 59 12 58
8 53 7 53
11 38 11 39
50 39 50 38
4 38 4 37
18 9 17 9
3 2 3 1
27 40 26 40
11 57 12 57
42 29 41 29
46 1 46 2
13 47 12 47
22 10 22 11
21 18 22 18
38 60 38 59
55 8 55 9
24 12 25 12
27 36 27 37
23 27 23 28
5 4 4 4
14 14 14 15
62 23 61 23
6 38 5 38
61 19 60 19
25 42 25 43
48 31 49 31
41 11 41 10
10 4 10 5
45 26 44 26
12 26 12 27
30 49 30 48
62 57 61 57
40 38 40 37
34 58 34 59
2 17 3 17
53 55 52 55
18 17 18 16
64 5 64 4
10 18 11 18
48 0 48 1
47 12 47 11
37 39 38 39
20 47 20 48
36 28 36 27
65 59 65 60
61 33 61 32
4 20 3 20
30 50 30 51
10 49 10 50
20 14 21 14
26 34 25 34
21 37 20 37
12 48 11 48
8 48 7 48
4 46 5 46
38 13 37 13
2 42 3 42
64 42 65 42
15 55 15 54
62 18 62 19
35 33 35 34
4 5 5 5
2 5 3 5
50 45 51 45
32 59 33 59
14 51 13 51
23 55 23 56
5 49 6 49
64 40 64 41
28 58 28 57
12 10 13 10
45 60 45 59
10 41 10 40
37 2 37 3
6 18 6 17
1 18 0 18
22 37 21 37
63 24 63 25
2 34 1 34
42 2 42 1
12 8 12 9
27 32 27 33
25 50 24 50
57 30 57 31
46 7 45 7
9 15 9 16
8 52 7 52
24 34 24 35
39 5 39 4
16 24 16 25
40 40 40 41
54 30 53 30
10 43 9 43
39 4 40 4
6 44 7 44
1 10 1 11
25 21 25 20
4 27 4 28
10 56 10 55
6 33 6 34
35 17 34 17
37 20 37 21
30 46 30 47
15 16 16 16
50 35 51 35
62 55 61 55
30 28 30 27
66 38 65 38
62 35 62 36
34 9 33 9
11 21 10 21
56 10 57 10
39 29 38 29
59 45 59 46
55 50 56 50
39 51 39 50
60 20 59 20
29 18 30 18
63 43 63 44
22 37 22 36
21 36 22 36
59 28 60 28
48 40 48 39
18 18 17 18
25 4 24 4
43 43 43 42
17 20 17 19
41 6 41 7
43 60 44 60
66 59 66 60
55 36 55 35
60 50 60 49
1 29 1 28
23 59 22 59
38 53 39 53
24 54 24 53
1 59 1 60
39 11 38 11
10 22 10 23
10 34 10 35
9 22 9 21
18 29 18 30
45 32 44 32
60 47 60 48
12 42 13 42
43 38 43 39
41 1 40 1
38 34 39 34
36 39 36 40
22 11 21 11
11 38 10 38
18 32 19 32
13 5 14 5
7 42 7 43
21 39 21 40
48 33 48 32
41 18 41 19
0 56 1 56
54 54 53 54
2 22 3 22
12 23 12 24
60 21 60 20
14 31 13 31
33 17 33 16
53 56 53 57
28 37 28 36
8 60 9 60
50 58 49 58
1 21 0 21
30 34 31 34
21 6 20 6
41 43 41 44
49 37 49 36
37 47 36 47
55 52 55 51
66 37 65 37
14 5 14 4
14 23 15 23
52 3 52 4
34 49 34 48
50 13 49 13
54 33 53 33
51 8 50 8
41 27 41 26
62 21 62 20
12 17 12 16
21 24 21 23
3 25 2 25
64 22 63 22
62 50 62 49
31 9 31 10
15 12 16 12
11 1 11 0
46 11 46 12
64 2 64 1
45 34 44 34
24 51 24 52
20 34 21 34
15 21 16 21
29 18 29 19
40 55 40 56
57 41 57 42
2 2 3 2
15 35 15 36
53 43 53 42
36 4 35 4
19 5 19 6
31 52 31 53
12 60 11 60
7 23 6 23
12 57 12 56
52 3 52 4
39 42 39 41
44 57 44 58
50 56 49 56
6 5 6 4
48 43 49 43
5 51 5 50
36 16 35 16
33 59 34 59
29 20 29 21
39 54 39 53
2 16 2 17
19 32 19 33
41 14 42 14
21 47 21 48
19 1 19 2
7 42 8 42
42 23 42 24
53 36 52 36
21 51 21 50
13 21 14 21
39 52 38 52
22 35 21 35
64 9 63 9
50 35 50 34
7 18 6 18
11 39 10 39
36 13 36 14
51 40 50 40
31 42 30 42
29 46 29 45
64 58 64 57
46 49 46 48
53 19 52 19
49 51 49 52
12 57 12 56
38 34 39 34
17 8 16 8
48 3 48 2
52 45 52 44
16 25 16 24
66 14 66 13
26 47 26 48
59 28 58 28
48 37 48 36
25 3 25 2
56 58 56 57
28 60 28 59
56 21 55 21
37 42 37 41
2 5 2 4
60 51 60 52
42 30 43 30
3 57 2 57
31 46 31 45
42 30 42 29
16 24 15 24
19 29 19 30
4 24 4 25
14 38 15 38
31 56 31 55
34 37 35 37
16 37 15 37
59 53 60 53
62 14 62 13
51 56 52 56
8 48 9 48
4 8 3 8
21 46 22 46
9 54 9 55
10 2 10 3
23 12 23 13
64 34 64 33
8 38 9 38
46 4 45 4
6 57 5 57
21 7 20 7
47 31 46 31
25 37 25 38
8 31 9 31
62 59 63 59
55 26 55 27
9 44 9 45
35 32 35 31
18 2 17 2
61 52 62 52
61 57 61 56
21 18 20 18
57 13 58 13
48 47 49 47
6 28 6 27
56 29 56 30
21 4 21 5
19 6 20 6
14 6 15 6
18 37 19 37
31 23 31 24
43 12 43 11
8 14 8 15
59 14 58 14
27 23 28 23
25 17 26 17
64 20 63 20
54 12 54 13
31 19 31 20
49 35 49 34
43 0 42 0
35 31 34 31
45 39 45 40
15 32 15 31
43 47 42 47
28 25 29 25
35 46 35 45
7 16 6 16
40 24 40 25
25 51 25 50
41 14 41 15
11 39 10 39
34 58 35 58
4 50 3 50
61 60 61 59
51 52 50 52
58 0 58 1
43 11 44 11
32 5 33 5
34 26 35 26
63 36 63 35
11 55 11 56
55 2 55 1
0 22 1 22
16 26 17 26
63 7 63 6
35 51 35 50
21 25 22 25
17 20 16 20
44 48 44 49
59 37 58 37
55 49 55 50
63 48 63 47
54 27 54 28
34 25 34 26
27 30 26 30
43 48 42 48
31 16 31 15
38 24 39 24
49 8 48 8
3 27 3 26
20 42 20 41
19 17 19 16
59 52 58 52
49 3 50 3
0 14 1 14
3 12 4 12
52 4 52 3
1 26 2 26
52 46 52 47
36 22 35 22
4 3 4 2
15 34 15 35
2 27 3 27
12 12 11 12
62 56 62 57
7 37 8 37
46 8 46 7
33 10 32 10
46 34 45 34
0 42 0 43
41 5 41 6
0 9 0 8
5 20 5 19
40 49 40 48
66 12 65 12
15 7 15 8
60 46 59 46
20 35 21 35
32 19 31 19
24 5 25 5
25 58 25 57
29 26 29 25
61 59 62 59
20 10 20 9
62 2 62 1
2 39 2 38
18 6 19 6
11 7 10 7
58 22 58 21
1 31 1 30
57 16 56 16
62 22 62 21
30 25 30 26
16 23 16 24
5 19 4 19
28 0 27 0
9 18 10 18
0 16 0 17
31 27 30 27
30 36 30 37
14 15 13 15
30 1 29 1
43 56 42 56
54 21 53 21
45 39 45 38
16 28 16 27
3 3 3 4
1 8 0 8
31 21 31 20
29 21 29 22
25 49 26 49
12 38 13 38
47 27 46 27
65 38 66 38
0 2 0 1
0 30 1 30
19 18 19 17
41 21 42 21
63 20 62 20
64 38 63 38
60 17 60 16
7 34 6 34
17 19 17 18
4 2 4 3
28 35 28 34
22 52 22 51
58 59 59 59
0 45 1 45
18 15 18 16
9 3 8 3
28 31 27 31
13 1 13 2
20 12 20 11
19 53 19 52
33 33 33 34
8 42 7 42
0 22 1 22
25 60 26 60
12 12 12 13
16 52 16 51
32 16 32 15
41 39 42 39
39 57 38 57
56 29 56 28
51 46 51 45
56 49 56 50
42 23 42 24
32 37 31 37
32 22 32 21
60 21 59 21
32 55 33 55
10 33 9 33
65 35 66 35
51 48 51 47
22 57 22 58
6 0 7 0
35 22 35 23
33 7 34 7
20 13 21 13
13 5 12 5
2 33 1 33
31 51 31 50
51 39 50 39
8 14 8 15
33 55 32 55
16 47 16 48
5 8 4 8
32 32 31 32
24 8 23 8
31 60 30 60
16 17 16 18
34 43 35 43
0 38 1 38
60 50 59 50
37 9 38 9
13 10 13 11
64 9 64 8
62 41 61 41
52 56 51 56
43 8 43 9
66 48 65 48
4 25 3 25
51 32 51 31
20 34 21 34
46 58 46 59
54 14 55 14
48 48 48 49
43 9 43 10
28 7 27 7
26 0 26 1
66 21 65 21
53 29 53 30
34 25 34 26
58 28 58 29
25 47 25 46
50 24 50 23
20 55 21 55
9 53 9 52
50 19 51 19
12 30 12 31
9 12 10 12
1 19 0 19
11 4 12 4
38 46 39 46
28 56 27 56
39 36 39 35
53 3 52 3
62 11 62 10
17 11 17 12
45 52 44 52
30 50 29 50
44 19 45 19
60 54 59 54
4 29 3 29
33 27 33 26
21 59 20 59
30 41 30 42
35 20 35 19
45 7 46 7
51 29 52 29
22 10 22 9
41 9 40 9
33 40 33 39
42 4 42 3
50 13 51 13
61 47 60 47
26 43 25 43
47 45 48 45
66 55 65 55
48 54 49 54
66 43 66 44
55 4 55 3
42 40 43 40
21 41 21 40
35 1 36 1
17 9 17 10
6 58 7 58
22 34 22 33
65 50 65 51
4 18 3 18
41 57 42 57
47 53 47 54
24 0 24 1
46 59 47 59
25 9 25 10
56 1 55 1
22 25 22 24
17 25 17 26
17 38 16 38
6 19 7 19
1 55 1 54
54 57 54 56
52 29 53 29
41 25 40 25
37 60 37 59
16 8 16 9
19 3 19 4
20 9 20 8
43 30 43 31
0 4 0 3
38 41 37 41
31 24 30 24
34 56 35 56
21 48 21 49
48 17 48 18
1 4 1 5
23 8 22 8
7 51 7 52
21 24 21 23
56 59 56 60
24 29 24 30
61 22 62 22
6 12 6 13
62 35 63 35
26 44 26 43
52 1 52 0
54 23 54 22
12 35 13 35
30 32 30 31
46 51 46 52
21 2 20 2
48 46 48 45
51 14 51 13
61 52 61 51
65 28 64 28
14 53 13 53
29 5 29 4
43 56 43 55
20 9 19 9
42 0 42 1
12 35 12 36
3 44 3 43
7 19 8 19
40 27 39 27
44 47 43 47
65 44 65 45
41 31 42 31
51 12 51 13
52 20 52 19
6 50 5 50
54 60 54 59
2 47 3 47
52 5 52 6
12 21 11 21
47 5 47 6
22 13 22 12
46 25 47 25
31 45 31 44
1 54 0 54
7 18 7 17
49 12 49 11
21 7 21 8
17 33 17 32
5 31 5 30
59 13 59 14
9 8 9 7
2 56 3 56
15 34 15 35
46 55 46 54
16 3 16 2
62 15 63 15
13 9 13 8
52 5 52 6
21 12 20 12
43 13 42 13
20 46 21 46
35 3 34 3
24 53 24 52
41 41 41 42
38 10 37 10
57 40 57 41
15 37 14 37
55 44 55 45
38 57 39 57
9 29 9 28
16 27 17 27
0 9 0 8
66 15 66 16
16 15 16 16
9 34 9 35
61 43 61 44
26 52 27 52
65 24 66 24
3 41 3 42
63 10 63 9
62 49 61 49
63 48 64 48
8 58 7 58
18 11 17 11
18 44 19 44
0 34 0 35
2 44 1 44
27 45 27 44
7 14 7 15
17 58 17 57
16 58 16 57
44 31 45 31
41 10 41 11
53 51 53 50
18 32 19 32
7 5 6 5
17 59 16 59
45 16 44 16
15 8 14 8
17 33 18 33
31 32 31 33
41 35 41 34
31 48 31 49
37 38 37 39
47 46 47 47
44 4 44 3
17 31 17 30
49 9 50 9
44 19 45 19
62 15 62 16
3 55 3 56
60 9 60 8
37 47 36 47
31 33 31 32
34 33 34 34
42 36 41 36
1 36 2 36
1 43 1 42
54 28 55 28
46 18 46 17
42 5 41 5
35 42 36 42
32 54 32 53
24 27 24 26
48 41 48 42
15 59 16 59
19 56 20 56
21 59 21 58
44 44 44 45
15 8 16 8
47 10 46 10
23 43 22 43
49 60 49 59
2 20 2 21
47 34 46 34
2 40 2 41
32 49 31 49
66 56 66 55
25 56 25 57
40 0 41 0
29 59 29 58
21 35 22 35
8 35 8 34
49 48 49 47
19 17 18 17
8 56 7 56
37 43 36 43
20 39 20 40
26 20 25 20
66 36 65 36
2 8 2 9
22 25 21 25
44 10 44 9
11 40 10 40
53 58 52 58
66 41 66 42
11 32 11 33
7 60 7 59
53 22 52 22
64 28 64 29
45 51 44 51
22 31 22 32
17 5 17 6
2 15 2 14
36 43 37 43
26 60 27 60
57 24 56 24
44 11 44 12
42 10 42 9
49 17 50 17
45 16 45 15
4 5 4 4
18 58 19 58
58 12 59 12
40 37 41 37
46 40 45 40
44 40 45 40
53 5 53 6
28 51 29 51
42 52 42 51
22 12 21 12
39 54 39 53
2 12 1 12
46 48 47 48
26 15 25 15
26 37 26 38
65 39 65 38
35 35 34 35
7 14 7 15
58 15 58 16
59 45 59 44
64 0 64 1
50 35 50 34
4 58 4 57
50 47 49 47
14 25 13 25
38 40 38 41
25 9 24 9
48 57 47 57
29 40 28 40
8 52 7 52
22 38 23 38
27 55 27 54
29 40 28 40
48 15 48 16
62 21 62 22
43 17 43 16
66 60 66 59
15 3 15 2
38 35 38 36
61 52 61 51
44 21 44 20
54 36 55 36
46 31 47 31
28 33 27 33
30 1 30 0
11 14 11 15
49 49 49 48
57 52 58 52
60 43 59 43
36 20 36 21
47 11 47 10
49 19 50 19
53 59 54 59
15 44 15 45
8 6 8 7
33 1 34 1
47 33 48 33
32 17 33 17
26 20 26 19
50 30 50 31
10 59 10 60
16 13 16 14
55 0 56 0
7 2 6 2
53 39 52 39
11 20 10 20
29 51 29 50
28 22 27 22
56 3 55 3
36 52 37 52
29 2 30 2
61 51 61 52
33 56 33 55
8 45 8 44
27 27 27 26
64 1 63 1
35 43 36 43
42 35 42 34
31 24 31 25
45 54 45 55
59 12 60 12
23 27 22 27
54 18 54 19
54 43 54 44
49 39 50 39
30 2 30 1
57 8 57 7
26 48 27 48
55 15 54 15
45 40 45 39
56 28 55 28
7 43 7 44
38 49 39 49
47 53 48 53
34 25 34 24
43 13 43 12
6 9 5 9
31 27 31 28
14 16 14 17
5 10 4 10
59 9 58 9
3 54 3 53
61 9 61 10
63 33 64 33
30 37 30 38
5 5 5 6
33 11 34 11
47 24 48 24
21 54 21 55
45 1 45 2
60 52 59 52
21 36 20 36
18 45 17 45
53 35 53 34
24 2 23 2
36 13 36 14
37 25 37 26
43 55 42 55
51 18 51 17
42 13 41 13
47 49 48 49
58 42 58 41
8 58 7 58
12 21 12 22
46 19 46 20
7 48 8 48
18 47 17 47
32 4 31 4
19 34 20 34
41 31 40 31
32 33 33 33
45 39 46 39
12 40 12 41
3 55 3 56
53 43 53 44
34 26 34 27
16 41 15 41
11 43 10 43
18 10 17 10
61 44 62 44
9 1 8 1
50 2 49 2
16 25 15 25
48 25 48 24
56 55 57 55
19 10 20 10
38 12 38 11
22 25 22 24
59 12 60 12
42 45 42 44
33 49 33 50
58 51 57 51
28 58 28 59
40 59 40 60
31 19 31 18
31 30 31 29
32 22 33 22
36 46 35 46
42 39 43 39
20 23 19 23
22 31 22 30
14 6 13 6
58 45 57 45
45 44 44 44
10 41 11 41
6 37 6 38
21 16 21 17
21 31 22 31
51 50 52 50
50 5 51 5
46 15 47 15
62 50 61 50
7 2 8 2
22 44 21 44
57 6 57 5
15 38 16 38
60 42 61 42
8 12 7 12
22 44 22 45
3 41 3 40
7 54 7 53
54 52 54 53
53 6 54 6
39 26 39 25
53 53 52 53
28 57 28 58
55 31 55 32
55 0 54 0
25 28 25 29
44 52 44 53
34 4 33 4
5 59 4 59
37 22 36 22
46 29 47 29
54 34 53 34
8 46 7 46
20 25 19 25
53 28 54 28
18 14 17 14
16 5 16 4
60 36 61 36
63 51 63 50
12 43 12 42
62 6 62 7
23 43 23 42
54 21 54 22
65 27 66 27
35 8 35 9
16 32 17 32
21 27 20 27
44 17 44 16
56 24 56 23
6 51 5 51
22 19 23 19
61 4 61 3
44 27 45 27
26 40 26 41
0 12 1 12
61 24 61 25
10 41 11 41
37 26 36 26
28 29 28 30
45 36 44 36
33 46 34 46
7 48 6 48
19 32 19 31
15 26 16 26
12 36 12 35
20 35 20 34
61 13 60 13
17 40 17 39
42 58 42 59
51 54 52 54
25 10 26 10
50 21 51 21
3 15 3 16
47 44 47 45
15 60 15 59
54 27 53 27
21 60 20 60
41 3 40 3
3 14 3 15
44 16 44 15
29 16 29 17
29 22 29 21
66 5 65 5
49 33 48 33
55 47 56 47
23 3 23 4
13 27 12 27
63 43 62 43
48 4 48 5
29 12 28 12
41 16 41 15
62 24 62 25
32 45 32 46
56 53 55 53
21 16 22 16
60 42 59 42
45 22 46 22
29 49 29 48
12 0 13 0
52 13 52 12
43 1 43 2
39 24 38 24
59 8 59 7
65 20 66 20
27 44 27 45
41 22 42 22
16 11 15 11
5 24 4 24
54 51 53 51
12 33 12 34
17 31 16 31
19 7 19 8
24 46 24 47
53 44 53 45
6 52 7 52
17 39 18 39
27 10 27 9
23 24 24 24
39 16 38 16
19 23 20 23
16 32 17 32
35 25 34 25
23 51 24 51
52 6 52 5
38 0 38 1
49 39 49 38
54 39 54 38
59 46 59 45
58 1 58 0
43 5 42 5
29 9 29 10
5 35 4 35
5 32 5 33
34 3 35 3
20 22 20 23
28 50 27 50
7 51 6 51
2 3 1 3
52 12 51 12
56 56 56 57
48 43 47 43
9 60 9 59
63 56 64 56
10 0 9 0
52 12 52 11
0 39 0 40
13 55 12 55
55 44 55 45
27 20 26 20
10 10 11 10
54 2 55 2
46 15 45 15
42 10 43 10
5 40 4 40
62 7 62 6
56 35 57 35
45 25 46 25
29 21 30 21
18 32 18 33
64 60 65 60
24 0 24 1
41 28 41 29
48 43 48 42
26 23 25 23
12 21 12 20
26 51 27 51
12 7 13 7
2 49 1 49
1 43 2 43
45 26 44 26
17 13 18 13
64 47 65 47
18 12 18 13
5 25 5 24
49 16 48 16
36 54 37 54
24 50 24 49
22 13 23 13
64 44 65 44
1 7 1 6
37 34 37 35
52 58 53 58
13 15 12 15
27 34 26 34
1 49 1 50
0 31 0 32
0 5 0 4
48 29 48 30
33 57 33 58
51 3 51 4
31 7 31 6
61 14 62 14
20 47 19 47
13 17 14 17
63 34 62 34
60 16 60 17
24 40 24 41
41 26 42 26
4 13 4 12
39 27 39 26
39 8 39 7
5 3 5 4
8 25 8 26
35 10 36 10
10 5 10 4
32 30 32 29
12 6 12 7
17 41 16 41
23 4 23 5
63 58 63 57
49 7 49 6
57 29 56 29
16 31 15 31
24 48 24 49
42 56 42 57
13 12 12 12
4 32 4 31
65 23 64 23
46 42 46 41
34 3 34 4
59 40 60 40
33 7 34 7
6 12 6 13
43 44 42 44
11 18 12 18
57 50 57 49
39 49 40 49
23 49 23 48
55 58 54 58
20 51 20 50
5 18 5 19
12 41 12 42
32 37 31 37
43 6 43 5
11 38 10 38
1 46 1 47
15 24 16 24
53 21 53 20
55 59 55 60
59 2 59 1
33 56 32 56
31 33 32 33
28 58 29 58
54 45 53 45
48 19 48 18
15 35 14 35
35 58 35 59
21 53 21 54
55 11 54 11
9 0 8 0
56 47 57 47
19 31 18 31
44 55 45 55
32 52 32 53
34 34 34 35
17 42 18 42
22 7 22 6
33 48 32 48
54 23 53 23
54 31 53 31
66 2 65 2
40 32 40 33
13 37 14 37
12 4 12 5
14 32 14 33
23 19 23 18
38 21 37 21
62 29 62 28
35 39 35 38
38 57 38 56
6 44 5 44
32 40 32 39
39 7 39 6
34 36 34 37
58 15 59 15
23 5 23 6
22 56 22 57
39 60 40 60
17 23 17 24
39 37 39 36
35 53 34 53
8 15 8 16
24 49 24 50
63 49 63 48
27 56 26 56
13 19 13 18
10 35 9 35
25 22 26 22
14 45 14 46
49 57 49 58
50 28 51 28
35 40 35 39
17 9 18 9
53 3 54 3
21 1 21 2
53 17 53 18
0 51 1 51
53 51 52 51
39 15 39 14
26 19 25 19
62 34 62 33
37 24 36 24
14 60 14 59
24 56 23 56
24 50 23 50
3 44 4 44
50 58 50 59
2 25 2 24
19 57 20 57
48 35 48 34
49 47 50 47
37 41 38 41
26 59 27 59
46 15 46 14
41 2 40 2
60 52 59 52
41 20 41 19
4 45 4 46
15 44 15 43
39 44 39 45
66 53 65 53
57 29 57 28
38 7 38 8
54 8 53 8
45 43 45 44
26 50 26 49
48 56 48 57
27 47 28 47
37 39 38 39
25 31 25 30
62 36 62 35
30 31 30 30
8 15 7 15
50 21 50 20
0 45 1 45
2 57 2 58
39 20 40 20
60 4 60 5
39 44 39 45
56 55 57 55
47 60 46 60
59 32 60 32
64 18 65 18
36 51 37 51
15 51 16 51
4 4 4 5
54 26 53 26
51 41 52 41
25 16 25 17
61 33 61 34
22 10 22 9
40 0 41 0
32 14 32 15
14 23 15 23
3 52 3 53
31 45 30 45
46 51 46 52
8 32 7 32
37 14 37 15
33 39 33 38
8 7 9 7
36 41 36 40
25 32 26 32
47 3 48 3
47 13 47 12
13 41 13 40
4 34 4 35
36 34 36 33
0 20 1 20
54 52 55 52
43 54 43 55
51 1 52 1
54 59 53 59
47 56 48 56
37 21 38 21
21 19 22 19
32 29 32 30
59 27 59 28
4 23 4 22
8 0 8 1
8 54 9 54
16 43 15 43
40 37 40 36
12 32 12 31
9 31 8 31
10 35 11 35
5 5 5 4
17 13 18 13
26 35 26 34
15 3 16 3
51 19 52 19
20 59 19 59
0 2 0 1
14 52 13 52
66 0 66 1
9 1 9 0
59 47 60 47
20 24 20 23
8 8 8 7
22 28 22 29
15 38 15 37
30 3 31 3
29 3 29 2
44 33 45 33
29 35 29 34
52 12 52 11
41 0 41 1
17 53 17 54
63 10 63 11
53 30 52 30
23 59 24 59
2 1 2 0
35 36 36 36
40 2 41 2
24 48 24 47
47 11 46 11
45 37 46 37
63 19 64 19
33 54 34 54
27 9 26 9
66 9 65 9
23 26 22 26
53 24 53 25
9 40 10 40
38 13 37 13
36 58 36 59
62 27 61 27
17 3 18 3
27 28 28 28
26 5 26 6
5 24 5 23
42 20 42 21
50 17 50 16
16 44 17 44
17 11 17 10
51 37 50 37
49 11 50 11
65 12 65 13
23 6 23 7
4 40 4 39
41 34 41 35
7 26 6 26
30 10 31 10
42 13 42 14
29 52 29 51
44 55 44 54
56 40 55 40
41 47 41 46
64 57 64 58
13 31 14 31
63 13 63 12
26 8 26 7
59 30 59 29
59 20 58 20
58 55 58 54
51 8 50 8
15 34 15 33
59 5 59 6
36 3 37 3
50 41 50 40
14 18 15 18
3 60 2 60
42 53 42 54
0 28 1 28
4 34 4 33
46 11 47 11
23 16 24 16
6 36 5 36
43 14 43 13
34 30 35 30
36 49 36 48
24 20 25 20
25 12 25 11
65 53 65 54
51 0 52 0
23 43 23 42
7 59 6 59
21 12 21 13
48 1 49 1
11 60 10 60
61 33 61 32
43 15 42 15
3 43 2 43
20 28 20 27
8 44 8 43
40 14 40 15
24 2 23 2
31 31 31 32
12 55 12 56
59 36 60 36
29 45 30 45
0 32 0 31
11 42 11 41
3 56 3 57
38 24 39 24
66 1 66 2
4 36 4 35
32 8 31 8
11 10 10 10
50 49 51 49
53 48 53 49
32 60 31 60
4 53 4 54
49 20 50 20
48 25 48 24
6 8 6 7
63 48 63 47
47 43 48 43
65 50 65 49
55 42 55 43
39 39 39 38
13 25 12 25
30 0 31 0
24 22 25 22
30 45 31 45
38 51 38 50
21 6 20 6
63 26 62 26
0 8 1 8
17 47 18 47
1 27 0 27
64 23 63 23
0 49 0 48
60 38 60 39
18 9 18 10
61 29 61 28
60 24 61 24
13 51 13 50
50 15 49 15
20 0 20 1
53 15 53 14
37 48 37 47
39 54 38 54
43 58 43 57
66 26 65 26
18 4 18 3
66 7 66 6
14 13 15 13
4 30 4 31
25 34 24 34
26 42 27 42
11 11 12 11
18 11 19 11
17 15 17 16
45 14 45 15
16 56 17 56
28 48 27 48
60 10 61 10
43 48 43 47
43 45 42 45
8 42 8 41
7 46 6 46
65 24 65 25
45 57 45 58
63 59 63 58
56 50 56 51
1 33 1 34
6 33 5 33
23 28 23 27
58 9 58 8
58 25 57 25
65 33 64 33
19 16 19 17
19 50 20 50
34 43 34 44
50 12 49 12
48 21 48 22
66 18 66 17
0 57 1 57
13 33 14 33
54 48 55 48
1 9 1 8
37 7 38 7
16 21 16 22
17 25 18 25
18 32 19 32
38 47 38 48
50 23 49 23
38 53 39 53
20 43 20 44
36 9 37 9
47 38 47 37
34 25 34 24
5 24 4 24
38 9 39 9
16 6 16 7
43 6 43 5
38 50 38 51
48 38 47 38
20 44 20 43
53 35 53 36
62 59 62 58
37 34 37 33
7 34 7 33
41 13 42 13
30 54 29 54
41 58 40 58
58 0 59 0
15 9 14 9
7 32 7 33
61 49 61 50
24 42 24 41
53 30 52 30
10 19 9 19
28 13 29 13
47 58 48 58
32 25 32 24
4 20 4 21
60 41 59 41
34 54 33 54
17 25 18 25
9 10 10 10
47 1 47 2
10 31 10 32
24 40 25 40
7 44 7 45
11 6 11 7
63 29 63 30
24 52 23 52
56 52 57 52
19 4 19 3
3 35 4 35
35 35 34 35
32 33 32 34
55 35 56 35
45 22 45 23
13 7 14 7
3 35 2 35
10 4 10 5
10 60 9 60
13 20 13 21
15 26 15 27
49 60 49 59
65 59 65 60
23 57 24 57
36 28 37 28
10 13 11 13
24 59 24 58
57 20 57 19
63 13 62 13
38 10 37 10
34 34 34 35
3 57 3 58
45 44 46 44
15 54 16 54
1 24 1 23
49 49 49 50
44 44 44 45
31 8 32 8
10 35 10 34
31 7 31 6
56 56 55 56
17 1 17 2
22 4 22 3
36 5 37 5
33 3 33 4
57 31 57 30
32 31 32 30
66 52 66 51
63 19 64 19
33 30 33 29
33 35 32 35
46 27 46 28
9 31 9 30
27 37 27 38
55 6 55 5
26 41 25 41
28 41 29 41
46 44 47 44
50 58 50 59
0 18 1 18
13 0 13 1
26 13 25 13
56 29 55 29
30 1 30 2
4 36 4 35
60 51 60 52
66 35 65 35
16 32 17 32
65 34 65 33
47 53 46 53
42 10 42 11
24 55 24 54
25 5 25 6
11 31 11 32
21 12 20 12
36 2 37 2
19 40 20 40
14 30 13 30
30 45 30 44
58 29 59 29
25 8 25 7
17 46 16 46
65 38 66 38
10 21 10 22
13 10 14 10
23 40 23 39
32 26 31 26
39 7 39 6
17 21 17 20
16 25 15 25
62 41 63 41
9 30 9 31
28 50 28 49
23 21 23 22
61 47 61 46
16 42 16 43
49 51 50 51
0 11 0 10
26 48 26 47
22 57 21 57
56 39 56 40
59 49 59 50
58 15 58 16
50 9 50 10
60 32 60 33
60 32 60 31
55 54 55 53
60 46 61 46
24 56 24 55
60 3 61 3
35 43 35 42
12 33 12 34
38 0 38 1
65 52 66 52
29 46 29 45
58 59 57 59
61 36 61 35
61 38 60 38
62 46 62 47
58 50 58 49
65 1 64 1
33 20 33 21
42 3 42 2
63 4 62 4
43 51 42 51
42 49 42 50
23 2 22 2
42 18 42 17
8 42 8 43
37 48 37 47
42 19 41 19
5 51 6 51
45 10 44 10
40 20 40 19
46 31 46 30
55 4 56 4
7 19 7 20
29 34 29 35
22 19 21 19
65 52 65 51
2 27 2 28
4 18 4 19
8 48 7 48
3 1 2 1
11 53 10 53
66 39 65 39
17 26 18 26
41 39 41 38
22 20 22 19
30 4 29 4
61 45 61 46
16 30 16 31
53 33 52 33
62 9 63 9
61 9 61 8
19 24 19 25
26 35 27 35
65 37 65 38
54 59 53 59
8 5 9 5
25 20 26 20
32 7 31 7
12 31 11 31
11 4 12 4
24 30 25 30
55 41 55 42
37 0 36 0
10 53 11 53
49 59 48 59
61 23 61 22
4 49 4 48
63 26 63 27
48 8 47 8
59 42 59 43
40 27 39 27
7 31 6 31
37 48 36 48
1 13 1 14
39 42 39 41
11 56 11 57
14 13 13 13
62 26 63 26
25 53 24 53
9 49 9 50
33 33 34 33
44 39 43 39
26 3 26 4
14 6 14 7
28 57 29 57
46 8 46 9
17 28 18 28
54 53 55 53
44 17 45 17
39 52 38 52
47 45 47 44
63 31 64 31
39 50 39 49
39 46 39 45
48 37 48 36
36 49 37 49
5 13 4 13
63 10 63 11
62 45 62 44
56 54 56 55
65 25 64 25
22 6 23 6
66 17 66 18
51 24 50 24
38 14 38 15
4 18 3 18
55 54 56 54
19 18 19 19
34 20 34 21
19 54 18 54
7 12 6 12
25 49 25 48
13 5 14 5
16 22 16 23
63 26 63 25
60 26 61 26
41 45 41 44
47 23 47 24
55 52 55 53
6 31 7 31
53 21 54 21
19 16 18 16
64 4 65 4
61 31 62 31
26 51 27 51
49 15 49 14
8 15 8 16
32 49 32 48
22 3 23 3
14 44 14 43
46 23 46 22
2 56 2 57
28 10 27 10
58 46 58 47
43 18 43 17
0 10 0 11
51 12 52 12
8 17 7 17
43 9 42 9
16 50 17 50
32 59 32 60
9 60 10 60
62 28 62 29
10 54 10 53
16 7 15 7
30 49 30 48
10 22 10 23
52 35 53 35
26 4 26 3
12 46 12 47
38 29 38 30
7 9 7 8
20 55 20 56
20 27 19 27
56 42 56 43
0 24 0 23
9 19 10 19
62 19 62 18
42 59 41 59
64 27 64 28
2 21 2 20
12 24 13 24
50 51 50 52
43 46 43 47
18 51 18 50
24 53 25 53
30 26 30 27
1 45 2 45
22 47 21 47
31 18 31 17
52 52 51 52
17 1 17 2
23 33 23 32
59 51 58 51
6 60 6 59
23 22 23 21
6 41 7 41
15 42 14 42
30 49 31 49
18 32 19 32
5 39 6 39
60 40 60 41
10 45 10 46
61 43 61 42
31 1 31 2
23 10 23 11
0 5 1 5
16 19 17 19
55 45 54 45
9 30 10 30
8 27 7 27
35 34 36 34
34 59 35 59
35 19 35 20
18 52 17 52
4 2 3 2
14 41 13 41
12 24 13 24
50 54 51 54
26 32 25 32
66 35 65 35
50 22 50 23
45 10 45 9
8 4 8 5
50 36 49 36
44 34 44 35
47 1 47 0
13 26 13 27
0 10 0 9
49 9 50 9
60 11 61 11
8 51 8 52
53 55 53 56
50 8 51 8
60 33 61 33
11 11 12 11
7 15 7 14
29 40 28 40
27 25 26 25
56 59 56 60
17 0 18 0
11 60 11 59
40 60 40 59
8 33 8 34
1 36 2 36
20 24 21 24
17 13 17 14
39 40 39 39
40 40 40 39
65 52 66 52
53 19 53 20
27 14 27 15
60 54 60 53
40 60 40 59
16 25 16 26
52 2 52 3
14 53 13 53
37 21 36 21
52 13 53 13
36 39 35 39
46 1 47 1
59 47 58 47
4 34 4 33
16 21 16 22
54 57 55 57
59 40 59 41
14 11 15 11
42 60 41 60
63 42 62 42
50 9 50 8
20 18 19 18
35 60 35 59
66 26 66 27
38 32 38 31
41 25 41 24
13 45 12 45
58 52 58 53
58 10 57 10
19 12 20 12
35 35 36 35
18 52 19 52
6 23 6 22
53 42 53 41
27 12 28 12
25 4 25 3
4 40 3 40
28 36 28 35
11 48 12 48
40 16 41 16
42 29 43 29
13 2 13 1
13 43 13 42
0 19 1 19
31 21 31 20
58 9 59 9
29 1 28 1
16 37 17 37
1 12 2 12
47 30 47 31
18 48 17 48
1 40 1 39
56 55 56 56
58 43 57 43
45 17 45 18
52 31 51 31
27 42 28 42
64 56 64 55
15 26 15 27
20 7 19 7
41 53 40 53
12 5 12 4
39 17 40 17
2 36 3 36
40 43 39 43
52 30 51 30
33 39 32 39
51 9 50 9
5 6 5 5
20 5 20 6
45 9 44 9
50 56 51 56
2 39 2 38
38 45 39 45
51 37 52 37
27 10 28 10
9 55 9 56
56 44 56 43
29 14 29 15
37 42 37 41
9 55 8 55
24 1 25 1
6 35 6 36
18 40 17 40
23 43 22 43
36 3 37 3
9 53 8 53
63 47 63 46
51 39 51 40
8 53 9 53
17 45 17 46
31 49 31 48
51 10 50 10
50 8 50 9
49 4 48 4
32 0 32 1
24 28 23 28
33 26 33 27
0 4 0 3
48 42 49 42
22 57 22 56
2 8 2 7
53 15 54 15
25 40 25 41
19 22 19 23
61 22 61 23
16 35 16 36
39 26 38 26
18 39 18 38
49 51 50 51
8 58 8 57
31 54 31 53
48 4 47 4
57 2 57 3
34 45 33 45
50 4 49 4
45 50 45 49
60 19 61 19
46 47 47 47
21 20 20 20
43 6 43 7
61 28 61 27
35 35 34 35
22 23 22 22
45 46 45 47
25 38 24 38
16 17 16 18
52 21 52 20
57 59 57 60
4 37 4 38
60 11 60 10
52 15 52 16
8 8 8 7
61 29 60 29
16 53 16 52
12 11 12 12
16 13 17 13
33 23 33 22
31 0 31 1
26 4 26 3
29 54 30 54
37 14 37 13
25 6 25 7
45 32 45 33
27 53 28 53
66 38 65 38
15 35 14 35
1 15 2 15
25 31 25 30
65 42 66 42
2 43 2 44
17 40 17 39
5 26 5 27
40 32 40 33
59 33 60 33
7 30 8 30
30 31 30 32
43 29 44 29
50 24 50 23
9 5 9 6
61 3 62 3
23 7 24 7
18 6 17 6
35 30 35 31
36 42 36 41
57 14 57 15
7 47 7 48
54 55 53 55
26 48 26 47
19 5 20 5
42 39 41 39
65 1 64 1
11 24 11 25
22 40 23 40
15 2 15 3
1 13 0 13
7 14 8 14
63 49 63 48
48 41 48 42
19 24 20 24
44 35 44 36
35 43 35 44
1 0 0 0
49 10 48 10
23 17 22 17
47 19 47 18
10 31 10 32
65 20 65 21
2 12 2 11
17 8 18 8
4 49 4 50
32 0 33 0
22 48 21 48
13 58 12 58
28 32 28 31
49 57 49 58
45 37 45 36
34 54 34 55
34 13 33 13
13 53 12 53
9 43 8 43
3 8 2 8
30 21 30 20
61 15 61 14
39 12 40 12
12 0 13 0
37 41 36 41
25 28 24 28
32 41 33 41
63 59 63 60
18 60 19 60
19 10 20 10
13 13 13 14
43 13 43 14
63 29 62 29
42 28 43 28
19 53 20 53
30 38 30 37
47 36 47 35
41 2 41 1
51 8 51 9
66 12 66 13
1 18 1 19
23 6 24 6
53 19 53 20
9 9 9 8
54 10 53 10
14 31 14 32
55 20 56 20
9 40 8 40
54 60 55 60
57 38 56 38
17 52 16 52
65 9 66 9
63 9 63 10
29 59 30 59
11 26 10 26
45 26 44 26
53 21 54 21
33 23 32 23
43 5 44 5
56 19 57 19
65 35 65 34
52 28 51 28
9 7 9 6
54 44 54 45
10 50 11 50
15 33 16 33
55 34 54 34
29 32 29 33
35 55 35 54
11 19 11 20
29 34 29 35
15 28 16 28
10 2 10 1
6 45 6 44
27 7 27 6
53 58 53 59
25 10 24 10
64 54 64 55
14 43 14 44
66 52 66 53
50 20 49 20
18 33 18 34
32 38 32 37
18 9 19 9
41 46 41 47
3 29 2 29
46 4 45 4
22 4 23 4
39 51 38 51
17 3 17 2
39 35 38 35
32 52 32 51
6 27 5 27
40 60 39 60
35 25 35 26
49 30 50 30
57 40 56 40
56 42 56 41
55 14 54 14
0 5 0 4
25 44 25 45
50 11 50 10
16 27 16 28
9 21 9 20
16 26 16 25
49 32 50 32
33 2 34 2
22 40 22 39
62 26 62 25
35 53 34 53
44 60 45 60
11 59 11 58
43 19 42 19
60 4 60 5
48 60 47 60
64 25 64 24
61 18 61 17
8 55 8 54
18 39 17 39
17 35 18 35
23 47 24 47
3 15 4 15
66 11 66 12
8 39 8 40
1 38 2 38
23 49 22 49
35 9 35 10
59 1 59 2
18 41 18 40
26 44 27 44
9 32 9 33
52 15 52 14
57 58 56 58
29 38 29 37
56 6 56 5
16 26 15 26
59 30 59 29
39 45 40 45
38 34 38 35
36 22 35 22
45 59 45 60
18 51 18 50
2 17 2 18
51 40 51 39
28 30 28 31
28 30 27 30
19 12 19 11
65 38 65 39
13 30 13 31
14 51 13 51
6 46 6 47
13 33 12 33
35 36 36 36
51 59 50 59
56 39 57 39
62 27 62 28
45 46 45 47
14 10 14 11
63 57 62 57
57 6 58 6
48 58 48 57
19 12 19 13
5 24 4 24
50 30 50 29
36 13 36 14
39 11 39 12
45 44 45 43
3 28 3 27
38 14 38 13
45 9 45 8
16 42 15 42
23 21 22 21
17 12 17 13
7 43 6 43
2 34 1 34
23 2 23 3
33 45 34 45
51 51 51 52
8 54 8 55
47 31 47 32
38 10 38 11
40 39 41 39
29 6 30 6
48 58 49 58
22 55 22 56
28 38 28 37
16 49 16 50
65 7 66 7
15 54 16 54
45 0 45 1
17 7 16 7
4 12 5 12
66 55 66 56
55 43 56 43
61 10 61 11
37 38 36 38
45 11 44 11
31 21 31 22
1 42 2 42
40 54 40 55
55 37 55 38
56 45 56 46
39 15 38 15
52 28 53 28
4 58 5 58
46 47 46 46
51 30 50 30
63 50 62 50
44 56 45 56
46 5 46 4
52 51 51 51
49 26 49 25
64 5 64 6
56 13 56 12
0 53 0 52
3 33 3 32
48 50 48 49
64 47 64 48
21 43 21 42
33 23 34 23
26 57 25 57
36 48 35 48
31 24 31 23
3 24 3 25
31 12 32 12
25 6 25 5
59 18 58 18
65 29 66 29
65 22 65 23
6 56 5 56
60 20 60 19
23 8 24 8
57 52 56 52
58 42 58 43
3 36 4 36
60 25 60 24
63 45 62 45
45 52 45 53
5 29 6 29
10 50 11 50
33 34 33 35
11 28 11 27
27 7 28 7
18 8 18 9
50 10 51 10
7 55 7 56
58 8 58 9
51 53 50 53
65 13 65 14
64 7 63 7
35 51 34 51
22 57 23 57
41 60 40 60
19 50 20 50
22 13 22 12
51 47 51 48
29 12 28 12
19 7 18 7
42 55 41 55
48 8 48 7
34 19 33 19
5 28 5 29
44 40 44 39
19 5 19 6
39 44 38 44
40 35 40 34
22 8 22 7
57 3 57 2
54 33 55 33
30 56 31 56
14 34 14 33
4 23 4 24
26 57 27 57
65 11 65 12
52 15 52 16
36 22 36 23
30 41 30 42
62 29 62 28
23 52 23 51
17 16 16 16
56 53 57 53
44 17 44 16
11 27 10 27
20 47 20 46
4 16 4 17
52 4 51 4
7 46 8 46
64 55 64 54
58 6 57 6
50 1 51 1
23 9 23 10
26 25 26 24
52 6 52 7
61 5 62 5
4 21 4 22
36 37 37 37
65 8 66 8
58 36 57 36
54 27 55 27
36 56 35 56
50 11 49 11
26 55 26 56
45 42 44 42
53 44 53 43
52 56 52 57
45 31 45 32
30 38 29 38
25 25 25 24
10 23 10 24
29 39 29 40
37 13 38 13
41 33 41 32
15 31 14 31
2 15 1 15
54 16 54 15
46 46 46 45
18 48 18 49
62 28 63 28
13 15 12 15
18 28 17 28
46 59 46 58
11 58 12 58
53 23 53 22
47 48 46 48
55 48 56 48
13 24 13 23
64 23 63 23
3 22 4 22
12 42 12 41
0 54 0 53
44 31 44 30
46 5 45 5
61 47 62 47
13 50 13 49
11 31 12 31
4 9 3 9
49 45 50 45
16 33 17 33
0 8 0 9
39 48 39 47
23 28 23 27
16 38 16 39
41 47 41 46
48 31 47 31
0 18 1 18
47 42 47 43
11 26 11 27
3 14 2 14
43 48 42 48
15 27 15 28
49 39 48 39
21 4 21 5
13 29 13 28
53 39 54 39
15 41 15 40
13 42 13 41
31 60 30 60
58 25 58 24
15 54 14 54
24 1 25 1
1 1 1 0
16 18 16 19
42 18 43 18
15 59 16 59
11 5 10 5
50 2 51 2
8 28 8 27
10 45 10 44
44 54 43 54
34 55 35 55
30 35 30 34
5 37 5 38
36 60 37 60
10 20 10 19
59 35 59 34
18 30 17 30
40 33 40 34
51 51 50 51
5 27 6 27
57 18 56 18
38 33 38 34
34 19 34 20
41 13 41 12
59 17 59 18
42 10 43 10
65 44 65 43
52 16 52 15
43 47 44 47
25 8 26 8
1 25 0 25
23 10 23 11
11 9 12 9
54 25 54 26
36 39 36 38
61 0 61 1
3 46 3 47
56 19 56 18
57 56 57 55
63 25 62 25
58 21 58 20
53 17 54 17
41 0 41 1
13 13 12 13
36 50 36 51
59 56 60 56
66 31 66 32
20 43 21 43
56 11 56 10
59 1 59 0
27 17 27 16
58 10 59 10
53 49 53 48
48 39 49 39
37 39 38 39
61 19 61 20
31 7 31 8
18 7 17 7
16 35 16 34
64 6 65 6
30 1 30 0
4 12 4 11
56 21 57 21
43 18 42 18
17 42 18 42
12 21 13 21
18 19 19 19
12 28 12 27
58 40 58 41
4 32 5 32
24 50 23 50
31 43 31 42
55 22 54 22
30 57 30 58
36 15 35 15
66 9 65 9
22 24 22 25
60 26 60 27
11 44 11 43
48 59 48 60
40 54 40 53
31 47 30 47
15 29 16 29
12 57 11 57
26 15 25 15
34 36 35 36
21 23 21 24
8 4 8 3
26 58 26 57
14 49 14 50
9 59 9 58
14 50 14 51
17 60 17 59
45 14 45 15
6 33 5 33
42 7 42 6
29 48 30 48
62 29 61 29
47 21 47 22
46 11 46 10
43 42 43 43
45 35 44 35
33 34 34 34
7 37 7 38
14 15 15 15
58 59 59 59
61 36 61 37
18 19 19 19
8 57 9 57
44 23 45 23
61 13 62 13
60 22 60 23
56 59 56 58
3 55 4 55
47 58 46 58
27 41 28 41
15 14 15 15
11 23 10 23
60 2 60 1
44 24 43 24
0 23 0 22
38 23 38 24
10 39 9 39
64 21 63 21
19 28 19 27
12 34 12 35
65 39 65 38
34 35 35 35
1 36 1 37
61 10 61 11
12 9 13 9
25 9 26 9
16 16 17 16
29 55 28 55
43 60 44 60
37 12 36 12
32 30 32 31
19 51 18 51
65 18 64 18
6 40 5 40
57 37 57 36
3 24 4 24
1 2 0 2
45 18 45 19
65 21 64 21
12 12 11 12
55 0 56 0
21 15 21 16
49 45 49 44
9 20 8 20
44 35 44 36
46 8 46 7
29 35 28 35
39 58 40 58
33 55 33 56
40 60 40 59
52 10 52 9
22 36 21 36
63 36 63 35
13 56 13 57
42 58 43 58
62 48 62 49
48 10 48 11
56 34 57 34
22 19 22 18
37 15 37 16
23 51 23 52
18 50 18 51
30 5 30 4
54 59 53 59
28 23 28 22
9 58 10 58
47 30 47 29
9 15 10 15
54 15 53 15
4 14 4 15
55 47 56 47
21 6 21 7
40 54 41 54
59 27 60 27
54 0 53 0
54 10 55 10
7 25 7 24
3 52 3 51
16 31 15 31
58 55 59 55
15 20 14 20
42 44 43 44
33 16 33 15
63 53 63 52
21 40 20 40
48 28 49 28
65 10 65 9
55 5 54 5
41 2 40 2
32 41 33 41
60 30 59 30
30 46 30 47
64 57 63 57
31 60 31 59
62 39 63 39
44 51 45 51
58 51 59 51
48 5 49 5
25 41 24 41
61 18 60 18
61 3 61 2
4 9 5 9
31 1 31 2
37 29 36 29
29 6 29 7
15 19 14 19
50 18 50 17
61 43 61 44
12 21 13 21
54 49 54 48
23 25 24 25
53 30 53 29
48 35 47 35
45 37 44 37
56 18 57 18
1 23 2 23
14 33 14 34
37 1 38 1
8 58 8 57
6 1 5 1
30 54 30 53
39 34 39 33
51 20 51 19
2 0 2 1
64 8 64 7
13 59 13 60
61 48 60 48
20 33 20 32
23 42 23 41
56 45 56 46
35 37 36 37
0 45 1 45
44 8 45 8
42 16 41 16
24 39 23 39
25 58 24 58
9 19 9 18
22 23 21 23
11 51 12 51
46 15 45 15
50 17 50 18
51 34 51 33
31 31 31 30
25 41 25 42
25 32 26 32
44 44 44 43
8 32 9 32
8 41 8 40
50 43 49 43
19 42 18 42
47 20 47 21
63 59 63 58
38 20 39 20
60 1 60 2
60 2 60 1
43 43 43 42
33 1 32 1
21 20 22 20
19 25 19 24
47 28 48 28
29 57 29 58
39 14 38 14
56 28 55 28
36 53 35 53
48 33 48 32
11 52 11 51
54 29 54 28
55 23 55 24
60 34 60 35
41 38 40 38
18 57 18 58
33 51 33 52
63 8 62 8
1 46 1 47
24 52 23 52
17 30 16 30
2 38 3 38
40 27 39 27
45 0 45 1
3 37 3 36
3 2 3 1
5 5 5 6
63 7 62 7
39 46 39 45
9 24 9 23
33 1 34 1
19 45 19 46
31 41 31 40
6 15 6 16
44 4 44 3
44 19 44 18
55 1 55 2
49 3 49 2
23 47 22 47
31 2 31 1
12 15 11 15
11 1 10 1
12 34 11 34
38 4 39 4
52 6 51 6
48 49 48 48
28 17 27 17
37 34 37 35
36 32 35 32
13 22 13 21
22 45 22 46
17 54 17 53
63 7 64 7
35 29 35 30
51 30 52 30
5 32 4 32
41 33 41 32
9 49 10 49
5 17 4 17
39 29 40 29
41 31 41 32
65 33 65 34
57 8 57 7
48 8 48 7
24 53 24 52
47 33 47 34
33 48 32 48
41 30 42 30
22 14 23 14
47 57 48 57
47 47 46 47
3 43 4 43
3 54 2 54
8 4 9 4
63 34 62 34
31 1 32 1
0 49 0 50
10 53 10 52
29 49 28 49
33 49 33 48
44 17 43 17
9 13 10 13
60 35 60 36
3 60 2 60
4 23 4 22
19 39 19 38
25 19 25 18
10 50 9 50
20 41 19 41
37 54 36 54
20 32 20 33
43 37 44 37
31 59 31 58
47 47 47 48
31 48 32 48
5 28 5 27
21 56 20 56
57 9 58 9
27 2 27 3
12 3 12 4
66 32 65 32
13 10 13 9
18 57 17 57
59 57 60 57
25 2 25 3
62 41 61 41
46 1 46 0
28 24 28 23
28 33 29 33
30 0 30 1
44 35 44 36
3 2 2 2
44 26 44 27
24 8 23 8
62 24 61 24
12 56 12 57
61 23 62 23
47 14 48 14
45 5 46 5
46 26 45 26
60 4 61 4
45 15 45 14
0 19 0 18
66 47 66 46
64 58 65 58
29 39 30 39
17 30 18 30
41 45 42 45
57 36 57 37
45 54 45 53
43 38 43 39
40 9 39 9
33 27 34 27
5 12 6 12
3 28 3 27
28 0 28 1
64 54 65 54
44 36 43 36
50 23 50 24
25 4 24 4
38 13 38 14
9 30 9 31
21 5 21 6
36 11 36 12
14 45 15 45
65 29 64 29
27 48 26 48
23 40 23 41
21 14 21 15
32 46 31 46
5 32 4 32
5 22 4 22
38 55 38 56
8 31 8 32
61 50 61 51
43 10 42 10
60 8 61 8
19 46 20 46
34 7 33 7
32 39 32 40
55 9 54 9
60 6 60 7
22 19 23 19
58 35 59 35
16 12 16 13
34 55 35 55
64 45 64 46
48 10 48 9
33 19 33 18
56 15 55 15
17 52 17 51
4 2 4 1
52 54 53 54
44 56 44 57
21 35 21 36
24 21 25 21
35 37 35 36
30 49 30 48
24 9 24 8
19 32 19 31
33 35 33 36
30 53 30 54
40 38 40 37
65 47 64 47
61 45 60 45
38 58 38 59
44 53 43 53
16 35 16 36
23 2 23 3
7 21 7 22
26 16 26 15
3 20 3 21
2 34 1 34
44 1 44 0
66 25 66 26
19 9 20 9
14 5 14 4
39 53 38 53
47 46 47 47
29 53 28 53
19 2 20 2
47 37 47 36
25 25 24 25
22 28 22 27
51 15 51 16
22 59 22 58
59 47 58 47
11 1 11 2
28 22 28 23
40 22 40 21
52 34 53 34
59 55 60 55
4 7 4 8
26 16 27 16
38 45 39 45
28 45 28 46
31 28 31 29
62 36 61 36
59 50 60 50
32 41 33 41
19 32 18 32
19 50 19 49
60 7 61 7
43 51 43 50
31 48 31 47
29 48 29 49
54 26 54 25
33 4 32 4
52 50 52 49
24 9 24 8
44 47 43 47
21 6 20 6
57 47 56 47
54 60 54 59
65 21 65 20
33 26 33 27
20 36 20 35
7 41 7 40
24 0 23 0
12 1 11 1
54 23 53 23
5 2 6 2
32 40 32 41
51 8 52 8
3 30 3 29
62 42 61 42
41 43 40 43
25 29 26 29
3 37 3 38
0 45 1 45
23 36 23 35
43 30 43 31
62 32 63 32
22 49 21 49
18 50 18 51
8 49 8 50
61 60 61 59
50 3 49 3
7 33 6 33
57 48 57 47
66 20 65 20
50 47 51 47
55 35 55 36
5 33 5 34
9 41 9 42
36 2 36 3
45 43 45 42
22 36 22 37
28 1 27 1
0 37 0 36
61 7 61 8
50 9 50 8
15 10 16 10
63 56 63 55
1 27 0 27
55 8 55 9
3 36 4 36
22 52 22 51
46 36 46 37
7 37 7 36
63 39 64 39
15 53 15 52
61 23 60 23
41 25 40 25
16 48 16 47
6 25 5 25
61 59 62 59
39 16 40 16
55 38 55 37
2 7 3 7
66 47 65 47
38 43 37 43
19 57 18 57
62 28 63 28
0 53 1 53
56 6 56 5
22 13 23 13
37 60 37 59
39 2 38 2
51 9 51 10
12 4 12 3
64 46 65 46
7 28 8 28
19 42 19 41
7 33 7 34
60 44 59 44
61 33 61 32
24 15 24 14
29 24 30 24
32 22 32 21
51 8 51 7
28 60 28 59
61 29 61 30
27 56 27 57
66 17 66 16
38 27 38 26
33 35 34 35
2 10 2 11
30 27 29 27
15 12 15 13
4 37 4 36
5 8 4 8
14 12 14 13
65 38 64 38
1 2 0 2
49 48 49 49
28 22 29 22
48 4 48 3
1 37 0 37
49 54 50 54
53 36 53 37
23 4 23 5
5 9 5 8
24 18 23 18
10 10 10 9
6 33 6 34
59 26 59 25
28 1 27 1
10 52 9 52
3 54 3 55
23 27 22 27
27 41 27 40
59 24 60 24
64 10 64 9
36 45 37 45
19 41 20 41
22 6 22 7
38 38 38 39
38 2 38 3
48 22 49 22
25 2 24 2
61 26 60 26
21 29 22 29
34 42 35 42
23 36 23 35
39 51 38 51
60 20 60 19
24 7 24 8
10 13 10 12
34 32 35 32
1 51 0 51
36 30 37 30
7 27 7 28
15 37 16 37
65 50 64 50
4 50 3 50
51 59 52 59
5 47 6 47
52 57 51 57
21 26 22 26
41 8 42 8
50 20 51 20
34 46 33 46
45 37 46 37
14 35 15 35
27 22 27 21
4 35 4 36
64 32 64 33
36 36 36 35
60 22 60 23
51 58 51 59
21 26 21 25
49 49 48 49
41 5 42 5
34 48 35 48
65 36 64 36
23 51 23 50
32 6 32 7
42 13 42 12
8 45 7 45
32 60 31 60
49 11 49 10
41 55 40 55
39 11 38 11
46 20 46 21
57 46 57 45
36 25 37 25
64 43 63 43
0 40 0 41
17 7 16 7
46 2 45 2
40 10 39 10
56 11 56 12
17 31 16 31
55 54 55 53
64 17 64 18
13 10 14 10
12 15 11 15
54 22 54 23
5 34 4 34
0 19 1 19
28 23 27 23
9 26 8 26
19 53 18 53
20 58 20 59
17 19 17 20
18 4 18 5
44 50 43 50
9 41 9 42
33 16 34 16
24 45 23 45
36 7 36 6
47 41 46 41
34 29 33 29
11 7 11 6
59 51 59 50
31 11 30 11
39 38 40 38
60 49 60 50
36 24 36 25
43 28 44 28
46 19 46 18
44 34 45 34
38 4 37 4
36 28 36 27
25 32 24 32
17 22 16 22
57 33 56 33
57 35 58 35
45 36 44 36
55 52 56 52
59 2 58 2
32 55 31 55
63 25 64 25
47 24 47 25
65 10 66 10
42 26 43 26
22 41 22 42
35 12 35 11
18 7 17 7
60 31 59 31
8 19 8 20
7 33 6 33
19 34 20 34
64 58 64 59
4 58 3 58
50 36 50 37
58 41 59 41
0 42 1 42
19 43 19 42
64 32 64 31
6 54 7 54
34 35 35 35
10 38 10 37
64 30 64 29
66 28 65 28
44 22 43 22
42 33 42 32
0 52 1 52
39 56 40 56
36 6 35 6
14 59 14 60
53 31 52 31
13 19 13 20
25 1 25 2
53 22 52 22
4 20 4 21
46 44 47 44
8 42 8 41
36 14 36 15
7 37 8 37
0 5 0 6
38 55 38 56
6 27 6 28
33 20 34 20
26 31 26 30
34 37 34 36
62 15 61 15
41 53 42 53
38 21 38 22
38 33 39 33
38 4 38 3
56 35 56 34
2 56 3 56
64 6 65 6
61 7 62 7
56 35 55 35
49 5 50 5
24 48 23 48
25 2 25 3
13 18 14 18
12 7 11 7
53 46 52 46
50 0 50 1
41 33 42 33
16 35 15 35
29 38 29 39
42 39 42 38
16 48 16 49
52 15 53 15
47 36 48 36
49 22 50 22
5 34 4 34
45 33 45 32
11 29 12 29
37 27 37 26
12 50 11 50
28 7 28 8
42 10 43 10
27 2 28 2
53 13 53 12
32 53 32 52
27 24 27 25
15 0 15 1
29 9 28 9
14 18 14 17
42 17 42 18
35 7 36 7
37 29 37 30
21 16 20 16
15 21 16 21
38 26 37 26
26 5 27 5
20 44 21 44
25 43 25 42
36 25 35 25
55 15 55 16
0 2 0 3
59 24 60 24
3 16 3 15
17 42 18 42
36 55 36 56
26 3 25 3
29 28 29 27
2 18 1 18
50 4 51 4
33 20 33 19
18 21 19 21
42 53 42 54
15 37 15 38
17 40 17 39
7 36 7 35
2 45 2 44
51 23 51 22
39 51 38 51
34 20 35 20
0 26 0 25
54 5 54 6
5 55 5 54
10 17 11 17
45 48 46 48
32 57 32 56
9 7 9 6
63 51 63 50
45 24 46 24
5 33 5 34
30 2 31 2
5 4 4 4
10 4 10 3
64 7 64 6
21 29 20 29
27 52 27 53
47 14 48 14
9 8 9 7
41 27 41 28
51 25 52 25
37 37 36 37
1 33 1 32
27 5 26 5
24 25 24 26
51 6 51 7
36 27 35 27
49 22 49 23
45 28 45 27
10 8 9 8
5 60 6 60
8 20 9 20
54 19 53 19
15 11 14 11
7 49 7 50
6 36 6 35
10 40 9 40
51 32 52 32
1 32 2 32
61 25 61 24
21 9 21 10
2 28 2 29
35 27 35 26
16 18 16 17
38 1 38 0
48 11 47 11
26 58 27 58
36 58 37 58
18 43 19 43
53 18 53 17
15 44 15 43
23 54 23 55
23 17 24 17
1 51 1 50
35 20 35 21
1 30 0 30
59 17 60 17
19 60 19 59
2 52 1 52
10 3 10 4
59 12 59 13
16 33 15 33
11 17 10 17
48 27 48 28
53 2 53 3
12 54 12 53
35 21 35 22
6 59 6 60
49 23 49 24
11 42 12 42
3 50 3 49
62 52 62 51
61 13 62 13
33 4 33 3
48 33 47 33
8 53 7 53
56 29 56 30
12 21 12 22
22 25 23 25
26 35 26 34
55 56 55 55
48 4 48 3
18 44 19 44
20 12 19 12
24 48 25 48
19 5 20 5
17 40 17 39
54 59 55 59
39 35 39 34
20 22 19 22
25 34 25 35
15 3 15 2
24 34 25 34
58 20 59 20
63 37 63 38
61 55 61 54
56 37 57 37
17 31 16 31
57 58 57 59
2 19 1 19
38 12 37 12
50 6 51 6
15 33 14 33
36 11 36 10
14 59 14 60
47 19 46 19
65 37 66 37
11 0 10 0
50 19 50 20
5 44 6 44
21 59 20 59
3 13 3 14
31 39 31 38
57 40 57 39
36 0 36 1
30 26 31 26
1 56 1 57
51 47 52 47
45 57 46 57
37 42 37 41
21 28 21 27
48 27 48 28
55 30 54 30
9 14 9 13
33 49 34 49
22 59 22 58
58 33 57 33
51 41 51 42
12 18 11 18
15 9 15 8
49 32 49 33
51 4 52 4
56 29 56 30
16 50 16 49
50 34 49 34
66 36 66 37
12 37 11 37
4 2 5 2
14 15 13 15
23 42 23 41
66 32 65 32
3 37 3 36
28 45 28 44
65 49 64 49
9 21 9 20
63 22 63 21
53 40 52 40
56 30 57 30
35 29 35 30
17 32 17 33
24 16 23 16
51 0 51 1
37 14 37 15
11 36 10 36
11 43 10 43
63 27 62 27
18 59 19 59
46 23 47 23
11 58 11 59
13 40 14 40
2 17 2 18
16 60 17 60
1 53 2 53
21 32 20 32
14 5 14 6
59 22 58 22
37 49 37 50
60 35 61 35
20 47 21 47
0 14 0 13
27 0 27 1
10 17 11 17
24 56 24 55
38 38 38 39
12 7 11 7
54 14 54 15
53 22 53 21
30 3 30 2
58 45 58 46
53 4 54 4
31 56 31 57
16 55 16 56
26 55 25 55
32 54 32 53
47 25 47 24
34 46 34 45
42 20 42 21
2 53 3 53
33 17 32 17
44 6 44 7
32 35 31 35
62 22 62 21
63 7 62 7
35 20 35 21
7 10 7 11
57 23 56 23
42 15 43 15
34 41 35 41
44 45 43 45
60 9 59 9
57 42 57 41
56 15 56 14
9 21 8 21
22 34 23 34
66 4 65 4
32 58 32 57
29 39 30 39
29 40 29 39
57 53 57 54
16 20 16 21
36 25 36 24
60 58 60 57
14 5 13 5
35 1 34 1
63 44 62 44
26 12 25 12
51 40 50 40
16 9 17 9
11 46 11 45
14 22 15 22
49 1 48 1
45 31 46 31
5 17 5 18
8 31 8 32
10 29 11 29
30 27 31 27
23 43 22 43
47 56 48 56
60 21 59 21
52 59 51 59
35 51 34 51
45 0 45 1
66 8 66 9
13 4 14 4
51 0 51 1
53 54 54 54
11 50 12 50
51 47 50 47
30 59 30 58
3 27 4 27
38 12 38 13
49 13 49 12
51 45 51 44
40 7 40 8
31 11 31 10
24 3 24 2
44 6 45 6
38 10 38 11
64 20 65 20
58 20 59 20
31 53 32 53
21 56 21 57
48 7 48 6
17 29 17 28
27 42 27 43
31 30 31 31
2 4 2 5
49 40 48 40
1 60 2 60
55 10 56 10
14 1 13 1
42 7 42 8
48 58 49 58
55 47 55 46
60 47 60 46
44 38 44 39
12 60 13 60
61 53 62 53
55 49 56 49
62 50 62 51
60 42 60 41
65 47 64 47
63 56 62 56
61 54 62 54
23 56 23 55
18 25 18 24
66 55 66 54
53 56 52 56
31 27 31 26
47 33 47 34
44 55 44 56
49 28 50 28
38 52 37 52
65 18 66 18
33 47 33 46
64 58 63 58
20 31 19 31
47 23 48 23
52 30 52 31
15 25 14 25
29 47 30 47
66 29 65 29
4 8 5 8
26 28 25 28
53 54 53 53
57 26 57 27
23 1 24 1
12 10 12 9
60 2 61 2
48 21 47 21
15 40 14 40
62 17 61 17
28 57 28 56
49 19 50 19
46 37 45 37
2 3 2 2
41 19 41 20
37 13 37 14
21 7 21 6
64 28 64 27
6 20 5 20
56 47 56 46
2 35 3 35
29 37 28 37
22 2 23 2
4 1 4 0
39 53 39 52
30 50 31 50
24 32 23 32
17 28 18 28
18 60 18 59
34 11 33 11
42 13 43 13
26 2 26 3
40 19 40 18
15 44 14 44
62 27 63 27
17 17 17 16
34 27 34 26
50 49 49 49
20 7 20 8
1 42 2 42
23 56 22 56
66 58 66 57
24 49 23 49
56 38 56 39
20 7 21 7
43 9 43 10
20 50 21 50
12 10 12 11
31 2 30 2
23 51 23 52
60 34 60 35
59 12 60 12
17 7 17 8
58 44 59 44
7 1 6 1
51 60 52 60
15 24 16 24
44 25 44 26
65 22 65 23
50 43 50 42
32 10 32 11
35 56 35 55
37 39 38 39
60 14 60 13
27 4 26 4
15 25 15 26
65 41 65 42
57 50 57 51
26 52 26 51
16 8 17 8
21 7 20 7
23 48 23 49
27 17 27 18
38 30 37 30
28 30 28 31
20 35 20 34
10 26 11 26
37 0 38 0
58 56 59 56
44 25 45 25
27 41 26 41
24 41 24 42
29 40 29 39
57 36 58 36
50 58 49 58
3 28 3 27
13 0 13 1
2 19 3 19
2 39 3 39
13 14 14 14
11 36 11 37
1 55 2 55
10 43 10 42
40 33 40 32
41 2 40 2
36 44 35 44
17 46 17 45
37 48 38 48
64 34 64 33
63 1 63 2
63 16 62 16
13 53 13 54
49 54 48 54
50 29 51 29
64 6 64 7
19 51 20 51
57 8 56 8
51 21 50 21
2 24 1 24
12 29 12 28
6 56 5 56
57 41 57 40
45 29 46 29
4 25 3 25
7 4 7 5
9 15 9 16
59 53 58 53
59 20 58 20
55 41 54 41
4 41 5 41
24 13 23 13
2 36 2 37
34 18 34 19
17 13 17 14
7 18 7 17
27 15 28 15
35 7 35 8
57 37 56 37
60 16 60 17
53 13 53 14
18 43 17 43
33 16 32 16
2 13 3 13
63 21 63 20
40 41 40 40
43 37 44 37
51 10 51 11
2 43 1 43
16 9 16 8
28 39 28 38
27 19 26 19
1 47 0 47
27 3 26 3
22 57 23 57
59 49 59 50
65 59 66 59
53 28 54 28
46 12 46 11
20 21 21 21
38 15 38 16
58 57 58 58
36 4 35 4
16 16 16 17
43 26 43 27
26 60 26 59
22 40 22 39
21 9 22 9
33 52 33 53
15 28 15 29
12 9 13 9
49 27 49 26
14 26 14 27
20 28 20 27
21 60 20 60
46 5 46 4
55 58 55 59
22 55 23 55
52 44 52 43
26 4 25 4
59 16 58 16
24 55 24 56
43 48 43 49
7 10 6 10
17 21 16 21
43 50 44 50
26 57 26 58
59 47 59 46
34 51 34 50
26 22 26 21
10 49 10 50
7 0 7 1
59 54 60 54
35 38 35 37
45 31 46 31
30 35 30 36
3 36 2 36
35 19 35 18
26 17 25 17
30 26 30 25
19 16 18 16
9 17 8 17
55 27 55 26
32 56 32 55
45 29 45 30
13 49 12 49
7 6 8 6
57 18 57 17
2 34 3 34
14 34 13 34
31 8 31 7
6 19 6 20
53 45 53 44
15 6 14 6
42 6 42 7
17 24 17 23
39 34 39 35
16 22 16 23
13 29 14 29
9 19 9 18
26 2 25 2
55 48 55 47
43 25 43 26
63 47 63 48
40 28 39 28
26 40 27 40
21 58 21 59
57 37 57 38
31 16 31 17
8 14 8 13
25 2 25 1
29 19 30 19
62 59 62 58
24 3 25 3
11 34 11 33
33 37 34 37
41 60 41 59
24 40 24 41
56 38 56 37
6 27 6 28
24 43 23 43
14 34 14 35
5 44 5 43
56 58 57 58
37 43 36 43
57 2 57 1
40 14 39 14
55 8 56 8
2 50 2 49
34 22 34 21
40 58 40 57
50 0 50 1
62 33 62 34
34 1 33 1
21 39 21 40
3 8 2 8
44 7 44 6
55 1 54 1
8 48 8 47
57 39 57 40
29 11 28 11
28 3 27 3
1 8 1 9
42 52 42 51
57 32 57 33
55 44 54 44
23 38 23 39
7 24 8 24
20 21 20 22
2 53 2 54
18 47 18 48
4 19 4 18
18 58 18 59
7 7 6 7
12 55 12 56
45 20 44 20
57 55 56 55
36 57 36 58
4 15 4 16
12 21 11 21
6 40 5 40
4 4 3 4
61 43 62 43
50 0 51 0
26 46 26 47
6 24 6 25
39 59 39 58
51 31 52 31
34 17 33 17
37 11 37 10
23 24 23 25
33 37 33 36
29 18 28 18
66 19 66 18
36 15 37 15
43 28 44 28
65 36 65 37
14 41 14 40
21 17 21 16
64 28 64 29
54 27 54 28
45 25 46 25
9 32 9 31
50 54 49 54
15 25 16 25
66 22 65 22
11 24 12 24
21 45 21 44
0 59 0 60
43 14 43 13
29 29 28 29
51 50 52 50
34 41 33 41
17 29 18 29
33 58 34 58
58 29 57 29
17 16 16 16
34 28 34 29
52 8 53 8
35 12 36 12
60 12 60 11
7 26 6 26
50 30 50 31
17 42 16 42
61 55 62 55
43 4 43 3
60 41 60 40
26 13 26 12
59 37 59 38
48 28 49 28
59 30 59 31
49 24 50 24
29 25 29 24
16 11 16 12
59 19 60 19
43 26 43 27
64 49 64 48
40 40 39 40
51 49 52 49
41 33 40 33
50 43 50 44
66 51 65 51
49 1 50 1
53 11 54 11
5 1 5 0
61 3 61 4
16 46 17 46
6 38 6 37
51 44 51 45
31 43 31 44
57 37 57 38
39 35 40 35
20 24 19 24
43 19 43 18
17 10 17 11
32 8 32 7
43 0 42 0
36 2 36 1
52 41 51 41
6 43 6 44
16 45 15 45
59 4 58 4
15 33 15 32
9 2 9 1
25 2 25 1
26 27 26 26
8 47 8 48
44 3 43 3
50 60 50 59
28 60 28 59
14 34 14 35
25 25 26 25
20 23 21 23
47 13 47 12
63 43 62 43
33 53 34 53
55 53 55 52
65 3 65 4
65 10 64 10
10 38 10 39
29 4 29 5
