5000
60 68
43 2 43 1
47 26 47 25
58 50 57 50
47 5 47 6
8 56 8 57
19 44 20 44
11 44 12 44
53 1 53 2
26 31 26 30
55 13 54 13
15 10 15 9
47 35 48 35
41 43 42 43
19 1 19 2
53 35 53 36
22 33 21 33
6 41 6 40
34 3 34 2
7 18 7 17
45 22 45 23
6 33 6 32
18 6 18 7
37 23 37 22
46 45 45 45
34 28 33 28
55 61 54 61
12 21 12 20
34 13 34 14
16 41 15 41
49 62 48 62
40 13 40 14
50 18 50 17
35 13 36 13
8 55 8 56
11 30 11 31
50 37 50 36
57 48 57 49
31 8 32 8
17 60 17 59
25 4 25 3
54 9 53 9
8 20 7 20
47 42 47 41
46 53 46 52
53 42 54 42
47 53 46 53
13 1 13 0
34 32 33 32
20 17 21 17
19 12 20 12
58 67 59 67
1 43 1 42
27 30 27 31
18 13 18 14
1 37 1 36
31 31 32 31
6 39 6 40
1 0 1 1
51 5 51 4
41 63 42 63
10 9 10 10
36 12 35 12
11 3 11 2
41 58 40 58
23 13 23 14
33 16 32 16
56 52 57 52
60 58 60 59
20 36 21 36
39 37 39 38
10 26 9 26
23 13 22 13
42 6 42 7
1 16 2 16
37 34 36 34
3 60 3 61
16 39 16 38
10 67 11 67
49 33 49 32
18 55 17 55
35 1 34 1
54 41 54 40
40 22 40 21
7 27 7 28
5 37 5 38
39 46 40 46
14 18 15 18
3 46 4 46
32 10 32 11
40 63 40 62
59 27 59 28
48 55 47 55
25 12 26 12
13 67 12 67
57 49 58 49
34 30 34 29
43 51 42 51
2 32 3 32
33 30 33 31
49 42 50 42
31 63 31 62
54 18 54 17
26 39 26 40
16 65 15 65
5 23 4 23
11 67 11 68
15 9 14 9
32 50 32 49
52 57 52 56
47 63 48 63
2 35 2 36
9 59 8 59
25 68 25 67
35 67 35 66
5 24 5 23
35 1 35 2
19 10 19 11
54 45 53 45
3 21 2 21
34 58 33 58
17 29 17 30
39 36 39 37
7 24 6 24
9 42 9 43
51 38 50 38
0 20 1 20
58 23 57 23
17 25 16 25
25 11 24 11
3 43 4 43
22 16 22 17
58 5 59 5
50 8 50 7
14 47 15 47
59 20 60 20
45 49 45 50
41 0 40 0
54 43 55 43
25 36 24 36
52 32 51 32
28 36 27 36
42 13 43 13
55 61 54 61
14 21 15 21
41 36 41 37
54 8 55 8
36 50 36 49
21 8 22 8
59 56 59 55
24 38 24 37
60 17 59 17
30 23 29 23
57 22 56 22
50 17 50 18
23 37 24 37
42 53 42 54
26 14 26 13
33 5 33 4
15 19 16 19
52 6 51 6
43 49 43 48
30 61 29 61
3 61 2 61
21 20 22 20
52 43 51 43
39 48 38 48
52 17 52 16
50 27 49 27
26 20 25 20
45 47 44 47
17 17 17 18
47 65 46 65
21 30 21 31
18 50 18 51
21 41 22 41
40 56 40 55
52 11 51 11
41 32 40 32
46 22 45 22
0 24 1 24
49 68 49 67
5 47 6 47
30 22 30 23
48 58 47 58
35 7 34 7
17 64 18 64
56 30 57 30
17 51 16 51
36 24 36 25
14 15 15 15
11 8 11 7
11 49 12 49
52 30 52 29
18 54 18 53
57 56 56 56
7 25 7 26
54 62 55 62
44 52 44 53
35 8 36 8
58 33 58 34
38 63 37 63
17 27 17 26
25 10 25 11
44 25 43 25
26 33 25 33
24 48 24 49
31 11 31 10
54 31 54 30
41 61 41 60
36 15 37 15
27 8 27 9
44 60 43 60
60 33 60 34
45 4 45 5
14 65 14 64
23 9 22 9
10 42 10 43
34 7 33 7
52 66 51 66
15 39 15 38
35 62 35 63
5 49 5 48
45 63 46 63
57 67 58 67
46 60 45 60
40 26 39 26
41 29 42 29
48 11 49 11
43 26 44 26
7 54 7 55
31 31 32 31
56 6 55 6
56 40 55 40
15 64 14 64
10 46 9 46
19 49 18 49
13 43 14 43
39 51 39 50
60 12 59 12
29 4 28 4
2 57 3 57
7 6 7 7
33 50 32 50
47 57 48 57
2 14 2 15
53 13 53 12
52 33 53 33
4 1 5 1
27 60 27 61
29 30 28 30
32 47 32 48
19 50 19 49
55 39 55 40
2 2 2 3
49 3 49 2
39 2 39 3
11 7 11 8
12 10 12 9
34 25 34 24
44 63 45 63
1 10 1 11
32 18 32 19
13 20 13 21
4 4 5 4
11 33 11 34
57 17 58 17
20 18 20 19
0 23 0 24
47 2 48 2
33 33 32 33
51 49 52 49
25 51 25 52
37 28 38 28
48 14 47 14
37 4 38 4
5 40 5 39
33 22 33 23
3 60 2 60
34 68 34 67
11 55 11 54
36 28 36 29
9 37 9 36
7 57 6 57
30 24 31 24
30 66 30 65
2 26 2 27
21 5 21 6
50 3 51 3
15 25 15 26
25 20 26 20
28 18 27 18
13 44 12 44
13 21 13 20
53 21 53 20
32 40 32 41
31 38 30 38
25 55 26 55
21 45 22 45
26 11 25 11
10 6 11 6
28 60 28 59
16 51 16 52
52 57 52 58
34 37 34 38
4 18 5 18
0 33 0 34
8 22 7 22
43 14 43 13
48 63 47 63
58 46 58 47
39 32 38 32
37 49 37 48
42 34 42 33
11 52 12 52
16 34 17 34
52 20 51 20
35 41 35 42
5 27 5 26
58 51 57 51
57 1 57 0
4 13 4 14
56 32 55 32
53 52 52 52
35 22 35 23
35 64 34 64
38 57 37 57
24 17 24 18
27 62 28 62
12 55 12 54
17 44 18 44
39 5 38 5
6 3 7 3
41 0 40 0
39 3 39 2
48 11 48 10
11 38 12 38
4 53 4 52
2 34 1 34
10 17 9 17
6 14 6 15
47 65 46 65
6 8 5 8
9 56 10 56
15 67 15 68
36 55 36 54
26 46 25 46
25 50 24 50
49 2 49 1
60 10 59 10
19 58 18 58
44 8 44 7
24 64 23 64
44 65 44 64
6 63 5 63
29 59 29 60
9 16 8 16
5 43 6 43
33 45 34 45
18 57 18 56
55 8 55 9
19 60 19 61
23 41 23 42
31 0 30 0
22 9 23 9
55 58 55 59
44 14 43 14
36 26 36 25
43 56 44 56
38 67 37 67
40 21 41 21
17 17 17 16
46 68 45 68
7 48 6 48
5 3 4 3
32 34 31 34
27 39 28 39
14 22 14 23
24 53 24 54
8 16 8 17
26 52 25 52
30 38 30 37
33 58 34 58
46 47 46 46
8 37 8 36
13 19 14 19
17 14 17 15
36 21 37 21
30 7 30 8
30 6 31 6
42 64 43 64
36 64 36 65
56 21 55 21
35 31 34 31
33 37 32 37
34 54 34 55
60 21 60 22
17 64 17 63
10 7 11 7
51 22 50 22
45 39 44 39
51 59 52 59
33 31 33 32
0 5 1 5
55 32 55 31
15 48 15 47
36 39 37 39
35 30 36 30
50 2 50 3
2 61 1 61
5 11 6 11
34 14 35 14
30 62 29 62
28 39 27 39
10 66 10 65
18 13 18 14
12 64 13 64
36 20 36 19
32 54 31 54
4 24 4 23
22 39 22 40
42 42 43 42
28 58 29 58
5 41 4 41
37 37 38 37
22 45 21 45
29 62 29 61
6 30 5 30
10 36 9 36
49 1 49 2
24 21 24 22
2 15 3 15
34 28 35 28
40 57 41 57
45 63 44 63
22 66 22 67
56 0 55 0
50 11 51 11
5 40 6 40
53 35 53 34
33 60 33 59
4 60 4 61
24 26 24 27
30 21 31 21
17 55 18 55
40 5 41 5
44 47 43 47
39 54 39 55
23 26 23 27
35 67 36 67
6 58 6 57
6 24 7 24
0 18 0 17
16 53 16 54
35 39 35 40
17 66 17 67
41 19 40 19
18 39 18 38
40 39 39 39
36 22 37 22
42 47 42 46
34 24 34 23
17 60 16 60
23 15 23 16
55 41 56 41
20 9 21 9
11 12 12 12
8 32 9 32
4 20 3 20
30 43 31 43
43 10 43 9
9 39 10 39
42 49 41 49
14 27 14 26
47 9 46 9
9 1 9 0
45 64 44 64
1 38 2 38
56 22 56 21
44 43 44 42
2 44 2 45
10 23 11 23
36 27 37 27
12 50 13 50
49 4 50 4
48 17 47 17
51 25 51 24
45 5 45 4
54 13 54 12
25 20 25 19
47 6 46 6
52 48 52 47
8 26 8 25
43 60 44 60
34 36 34 37
23 54 23 53
13 61 13 60
0 50 1 50
48 34 48 33
24 33 24 32
0 50 1 50
37 47 38 47
21 52 22 52
49 67 49 66
55 56 55 57
41 26 40 26
11 22 11 21
37 2 36 2
16 20 17 20
26 36 26 35
58 49 58 48
59 64 59 65
19 26 18 26
41 19 40 19
24 59 23 59
28 35 28 36
34 30 34 31
31 49 30 49
36 29 36 30
40 6 41 6
52 11 52 10
10 38 9 38
36 24 37 24
24 43 23 43
33 5 33 6
33 25 32 25
19 52 20 52
60 62 60 61
35 53 35 54
58 42 58 41
23 8 23 7
30 28 30 27
4 32 4 31
32 62 32 63
57 15 56 15
54 61 54 62
3 62 3 61
26 36 25 36
43 8 44 8
31 36 30 36
26 36 25 36
54 68 54 67
3 39 3 40
56 23 55 23
18 33 18 34
27 14 27 13
17 46 16 46
49 10 48 10
42 34 43 34
21 13 22 13
17 60 16 60
26 30 26 29
50 43 49 43
52 31 51 31
54 35 54 34
41 52 41 53
46 16 46 17
34 13 33 13
21 54 21 53
35 56 35 55
0 32 0 31
4 6 3 6
31 17 31 16
59 39 59 38
3 62 3 63
23 9 23 8
44 60 45 60
53 13 54 13
22 44 22 43
58 4 58 3
14 52 13 52
59 16 58 16
40 56 39 56
23 16 22 16
16 59 17 59
44 47 44 46
41 68 42 68
23 66 23 65
8 31 9 31
28 33 28 32
12 44 12 43
6 62 6 61
9 59 10 59
43 57 43 56
58 33 58 32
58 16 58 15
7 39 8 39
28 41 28 40
33 22 33 23
47 54 46 54
28 10 29 10
55 45 55 46
57 11 56 11
55 54 54 54
19 7 20 7
43 24 43 23
10 50 10 49
12 57 12 58
32 23 33 23
51 44 51 43
9 18 9 17
41 48 40 48
52 21 53 21
35 61 36 61
11 24 11 25
60 52 59 52
50 32 49 32
56 35 56 36
57 45 58 45
19 0 19 1
14 35 14 34
35 35 34 35
49 41 49 42
8 55 7 55
48 47 48 48
10 4 11 4
29 61 29 60
41 29 40 29
55 13 55 14
48 63 48 62
49 58 50 58
37 40 37 41
5 5 4 5
33 18 33 17
46 15 46 16
10 9 9 9
7 3 7 2
24 37 23 37
24 10 23 10
60 26 60 25
49 24 48 24
12 49 12 50
0 62 0 63
28 17 27 17
17 49 16 49
24 45 24 44
42 19 42 20
7 59 7 60
13 11 13 10
57 45 57 46
25 0 25 1
44 8 44 7
16 54 16 53
37 57 36 57
28 16 27 16
57 33 57 34
46 33 45 33
50 68 49 68
57 18 57 19
39 12 40 12
35 53 36 53
59 53 60 53
57 68 57 67
11 63 11 62
13 58 13 57
40 22 39 22
30 10 31 10
11 2 11 1
53 2 52 2
15 43 14 43
20 32 19 32
42 58 43 58
23 39 22 39
3 45 3 44
9 10 9 9
30 53 29 53
33 66 33 67
17 48 17 47
35 0 35 1
54 62 53 62
27 68 27 67
55 56 56 56
40 21 40 20
37 8 37 9
48 7 49 7
45 68 45 67
47 10 48 10
15 66 16 66
33 5 34 5
28 24 29 24
27 61 26 61
2 58 2 59
27 15 27 16
25 43 24 43
4 21 3 21
54 25 53 25
35 67 35 68
24 2 23 2
31 67 31 66
0 2 0 3
14 48 14 49
57 24 56 24
24 68 23 68
13 55 12 55
1 52 2 52
56 42 56 43
11 56 10 56
12 66 12 65
43 57 42 57
15 4 15 5
3 59 2 59
27 27 28 27
17 1 16 1
47 47 48 47
50 0 50 1
25 28 26 28
60 9 59 9
52 42 52 41
57 16 57 15
43 52 42 52
29 28 29 29
14 25 15 25
51 57 52 57
33 56 32 56
46 5 46 6
3 61 3 62
43 13 42 13
26 23 27 23
38 53 37 53
7 30 6 30
23 56 22 56
27 32 27 31
60 41 60 42
24 63 24 64
50 13 49 13
21 50 21 49
16 51 17 51
7 63 7 64
49 67 49 66
32 1 31 1
47 10 47 11
30 19 29 19
10 21 11 21
8 38 8 37
2 47 2 46
32 56 33 56
30 61 31 61
25 13 25 12
36 6 36 7
41 39 41 40
19 15 20 15
21 46 21 45
21 27 20 27
25 9 26 9
36 29 36 28
10 20 10 21
16 46 15 46
31 12 30 12
56 23 56 22
49 65 48 65
38 39 37 39
56 14 56 15
38 20 39 20
36 36 37 36
56 57 56 56
26 37 25 37
56 5 56 6
53 7 53 8
13 49 12 49
3 4 2 4
39 55 39 54
46 26 45 26
13 49 12 49
12 64 13 64
3 45 3 44
41 50 41 49
20 64 19 64
60 63 60 64
58 12 58 11
10 46 11 46
1 62 0 62
34 38 33 38
44 1 44 0
55 11 54 11
32 42 32 43
32 45 32 46
26 57 26 56
53 8 53 9
15 47 15 48
38 68 38 67
18 63 18 64
41 17 41 18
44 33 44 32
53 35 52 35
44 34 44 35
43 27 43 28
53 46 53 45
20 47 20 46
51 5 51 4
34 23 34 24
7 65 7 64
13 67 12 67
60 25 60 26
22 22 21 22
12 20 12 21
28 9 28 10
46 9 47 9
46 40 45 40
35 67 35 66
44 11 44 10
41 39 42 39
49 56 48 56
29 52 28 52
37 63 36 63
47 59 48 59
43 51 43 50
8 34 8 35
18 31 19 31
22 40 22 41
34 64 34 65
2 44 2 43
26 29 26 30
9 53 9 54
55 56 54 56
60 41 59 41
57 49 56 49
13 22 14 22
34 13 35 13
15 17 15 16
14 61 13 61
48 5 49 5
31 11 32 11
45 37 45 36
41 60 41 59
39 62 40 62
5 32 5 31
22 7 22 6
45 53 45 54
60 64 59 64
18 27 18 28
59 25 60 25
58 55 58 56
33 29 33 28
11 68 10 68
8 33 7 33
40 61 39 61
6 21 7 21
31 65 32 65
51 20 50 20
31 0 32 0
56 6 55 6
19 28 18 28
47 40 47 41
59 57 59 56
13 15 12 15
22 47 23 47
18 25 18 24
48 59 48 58
36 52 36 53
43 67 42 67
15 7 14 7
34 38 35 38
7 60 6 60
3 34 3 35
47 45 48 45
55 4 55 5
9 26 9 27
30 11 31 11
30 49 30 48
18 60 17 60
8 8 7 8
17 44 17 43
27 49 28 49
56 32 56 31
49 40 49 41
30 40 30 41
40 20 40 19
25 43 25 42
47 58 47 59
24 35 24 34
19 14 19 13
6 58 5 58
35 53 35 54
3 67 2 67
58 23 58 22
18 6 18 5
22 55 22 54
29 59 30 59
8 29 7 29
54 27 55 27
9 24 9 23
52 33 52 32
55 64 55 65
25 0 26 0
31 26 31 27
7 14 7 15
54 51 54 52
45 21 45 22
46 32 45 32
3 21 2 21
47 24 48 24
35 30 35 31
41 14 40 14
42 12 42 11
4 10 4 11
57 37 57 38
0 64 1 64
54 60 54 59
25 37 25 36
33 45 34 45
11 19 11 18
53 60 53 59
51 9 50 9
57 65 57 66
25 18 26 18
35 9 36 9
28 51 27 51
15 49 15 50
36 41 36 42
56 49 55 49
41 8 41 9
4 52 4 51
38 62 39 62
55 10 56 10
10 41 10 40
1 22 2 22
36 12 37 12
42 22 43 22
38 19 39 19
23 53 24 53
55 28 55 27
36 61 36 60
35 54 36 54
40 58 41 58
4 37 3 37
59 12 59 11
3 16 2 16
40 56 39 56
20 30 20 31
47 6 47 5
16 44 17 44
37 25 36 25
57 8 57 7
2 49 2 50
7 60 7 59
60 27 60 28
35 60 36 60
31 57 31 56
23 24 22 24
37 34 36 34
1 40 1 39
24 1 24 0
51 23 52 23
14 54 14 53
13 20 14 20
54 2 54 3
17 12 17 13
44 56 43 56
25 55 25 56
11 44 12 44
39 48 38 48
47 26 47 25
52 67 53 67
0 18 0 17
43 16 42 16
46 23 45 23
41 18 41 17
3 38 4 38
54 1 54 0
19 18 19 19
23 45 23 46
27 31 28 31
9 30 9 29
38 19 38 20
27 18 27 17
55 0 55 1
0 7 0 8
18 33 19 33
10 44 10 43
54 1 54 2
45 37 45 36
36 45 36 46
45 52 44 52
16 28 16 29
5 4 4 4
3 37 3 36
32 62 33 62
53 15 53 14
27 62 27 63
41 46 42 46
33 61 34 61
27 66 27 67
19 26 19 27
55 58 55 57
60 30 60 29
33 64 33 63
27 32 27 31
16 14 16 15
9 18 9 19
16 63 16 64
60 15 60 16
28 43 29 43
41 56 41 57
52 35 52 36
18 32 19 32
26 42 26 41
38 17 38 16
23 53 22 53
3 9 3 10
30 27 30 26
48 14 48 15
60 20 60 19
2 44 2 45
55 57 55 56
19 33 20 33
33 23 33 22
38 14 38 13
55 29 54 29
32 68 31 68
38 12 39 12
32 21 32 20
16 29 15 29
42 45 41 45
43 44 43 43
11 47 11 46
44 18 44 19
26 36 27 36
35 18 35 19
12 56 13 56
32 2 31 2
21 51 20 51
58 30 58 31
10 39 11 39
56 47 56 46
5 31 4 31
35 34 34 34
14 63 14 64
48 17 49 17
55 63 55 64
28 0 27 0
4 30 3 30
41 23 42 23
11 48 11 47
21 55 21 56
49 6 49 7
16 47 17 47
45 3 45 4
2 45 2 44
32 58 33 58
6 25 6 24
11 22 12 22
43 18 44 18
48 66 48 65
4 31 4 30
9 57 9 56
14 44 13 44
51 16 50 16
30 36 30 37
19 27 19 26
59 47 60 47
35 45 35 44
39 52 39 51
37 65 37 66
57 27 57 26
44 56 44 55
7 17 6 17
32 27 33 27
51 6 50 6
14 26 15 26
49 60 49 59
44 60 44 59
14 52 15 52
1 21 0 21
59 57 60 57
38 5 38 6
26 58 25 58
10 18 11 18
59 61 60 61
15 19 15 18
26 30 26 29
32 56 31 56
20 67 21 67
34 24 34 25
14 50 14 49
43 51 44 51
53 31 54 31
57 15 57 14
21 31 20 31
10 41 10 40
46 65 45 65
16 50 16 49
29 39 28 39
12 20 12 19
35 36 35 35
50 4 51 4
42 4 43 4
3 24 3 25
2 53 3 53
37 2 37 3
14 23 15 23
15 53 15 54
34 15 34 16
21 6 21 7
30 65 30 66
46 49 46 48
55 24 56 24
7 15 8 15
45 59 46 59
53 42 54 42
4 27 4 26
40 43 40 44
26 44 27 44
35 46 35 47
57 49 57 48
22 53 21 53
33 48 33 49
48 8 48 9
13 0 12 0
26 30 27 30
23 37 23 38
24 2 24 1
50 25 51 25
5 15 4 15
45 47 44 47
32 35 31 35
14 43 14 42
16 7 16 8
42 58 41 58
35 32 36 32
30 48 30 49
58 45 57 45
9 16 8 16
21 24 22 24
32 50 31 50
27 32 26 32
31 1 31 0
40 39 39 39
17 48 17 49
2 65 2 66
49 40 49 39
5 46 5 47
33 57 33 56
20 55 21 55
31 56 31 57
45 59 45 60
41 56 41 57
22 59 23 59
20 54 20 55
14 43 15 43
11 37 10 37
47 60 48 60
15 48 15 47
1 38 0 38
23 53 23 52
58 58 58 59
41 35 41 34
13 18 12 18
24 10 23 10
31 34 31 35
58 17 57 17
10 57 11 57
8 46 9 46
40 23 40 22
58 30 58 29
29 3 29 2
38 3 37 3
47 35 47 36
9 25 10 25
50 32 50 33
59 24 58 24
47 19 48 19
54 65 53 65
43 21 43 22
5 6 6 6
52 1 51 1
32 61 32 62
59 11 60 11
43 13 43 14
50 58 50 59
51 60 51 61
2 22 3 22
30 40 29 40
10 30 10 29
40 19 39 19
33 60 34 60
31 45 30 45
57 0 58 0
60 12 59 12
53 30 52 30
14 5 14 4
47 67 46 67
9 35 8 35
11 14 11 13
46 35 46 34
46 53 46 54
23 64 24 64
3 54 4 54
40 6 39 6
7 7 7 6
54 14 55 14
38 38 39 38
11 44 10 44
30 11 29 11
59 65 58 65
10 61 10 60
9 56 9 57
30 11 30 10
26 61 25 61
19 14 19 13
12 18 13 18
10 15 9 15
6 14 7 14
53 7 53 6
59 43 59 44
26 55 25 55
10 18 11 18
17 7 18 7
38 52 39 52
10 57 11 57
29 35 28 35
38 28 38 29
54 8 54 7
16 43 16 42
13 4 12 4
49 8 49 9
47 62 47 61
50 10 49 10
37 49 36 49
60 7 60 6
41 11 40 11
58 27 58 26
36 40 36 41
26 9 26 10
36 63 37 63
39 66 38 66
38 2 37 2
28 45 28 44
30 1 30 2
3 14 3 13
49 30 49 29
0 4 1 4
19 24 20 24
40 54 40 55
33 61 32 61
48 16 47 16
60 33 59 33
60 9 59 9
57 26 57 27
20 47 19 47
42 38 42 39
52 51 52 50
26 13 26 14
17 26 17 25
17 66 17 65
12 52 12 53
45 51 45 52
25 47 24 47
23 44 24 44
3 26 3 25
50 37 51 37
56 23 57 23
49 41 50 41
28 60 28 59
42 29 42 30
27 37 28 37
42 8 42 7
50 30 50 29
4 61 5 61
30 51 31 51
59 28 60 28
35 32 35 33
10 29 10 30
35 49 36 49
56 59 56 60
56 31 55 31
21 61 22 61
45 64 46 64
39 13 39 14
60 49 60 50
49 7 49 6
25 4 25 5
42 63 42 62
47 56 46 56
52 12 52 13
28 34 28 35
24 66 25 66
23 8 24 8
56 25 57 25
0 44 0 45
1 36 2 36
40 16 40 17
58 44 57 44
6 23 6 24
27 44 27 43
26 17 25 17
39 6 38 6
57 15 56 15
57 61 56 61
38 57 38 56
22 31 23 31
42 5 42 4
2 35 3 35
4 37 3 37
4 4 4 3
7 7 7 6
60 14 60 15
23 54 23 53
20 31 21 31
20 35 20 34
37 4 38 4
41 36 42 36
1 50 1 49
4 18 5 18
50 7 50 8
24 21 25 21
40 45 39 45
9 43 9 44
27 28 27 27
11 48 10 48
6 19 6 20
23 64 23 63
48 51 47 51
32 17 33 17
14 11 14 12
9 43 8 43
25 4 25 5
44 54 45 54
30 66 31 66
32 67 32 66
26 63 26 64
24 28 23 28
49 58 49 59
27 37 26 37
28 49 28 48
31 49 30 49
60 43 59 43
4 56 5 56
11 55 12 55
3 60 4 60
10 39 10 40
15 47 15 46
3 36 2 36
52 39 52 38
35 29 35 30
15 67 15 66
22 30 23 30
27 11 27 10
22 18 22 17
49 16 48 16
2 43 3 43
22 45 22 46
34 32 34 31
30 38 29 38
5 23 5 24
50 35 50 34
58 7 59 7
19 23 19 22
18 44 18 43
54 4 53 4
35 30 35 31
6 63 6 62
1 50 0 50
5 22 4 22
41 23 40 23
8 31 8 32
58 65 58 64
59 48 59 47
30 42 29 42
23 54 22 54
17 64 18 64
52 27 52 26
6 51 6 50
32 68 33 68
10 62 10 61
12 66 12 65
25 58 24 58
20 46 20 47
27 16 28 16
38 21 37 21
54 55 54 54
15 28 15 27
42 66 43 66
8 59 8 60
33 2 33 3
9 0 9 1
8 37 9 37
55 41 56 41
40 34 40 33
51 56 51 57
39 48 40 48
52 37 51 37
31 1 31 2
31 29 32 29
45 32 45 33
48 45 47 45
19 61 20 61
27 53 28 53
55 8 54 8
7 25 6 25
7 28 7 29
15 54 14 54
44 68 44 67
10 43 10 42
12 22 12 23
52 49 52 48
31 23 32 23
5 60 4 60
43 49 42 49
16 1 16 0
50 66 49 66
52 47 52 46
49 35 48 35
5 9 4 9
16 57 15 57
8 29 8 30
4 58 5 58
6 5 5 5
21 14 21 13
6 61 6 60
12 31 12 32
11 26 11 27
9 26 9 27
41 65 40 65
3 37 4 37
53 45 54 45
11 1 11 0
26 67 26 68
29 41 29 40
60 26 59 26
23 60 23 59
18 28 17 28
37 41 37 40
13 2 14 2
11 19 11 18
19 15 20 15
11 37 11 36
40 19 41 19
23 48 23 47
2 19 2 20
16 58 15 58
16 39 16 38
26 21 26 20
29 36 29 35
16 6 15 6
56 21 57 21
36 33 36 34
13 21 12 21
23 22 23 21
41 62 41 63
22 47 21 47
50 39 51 39
43 5 43 6
27 27 27 26
48 40 47 40
43 33 43 34
10 50 10 51
0 8 1 8
33 62 34 62
56 36 55 36
1 27 1 26
6 17 6 16
42 0 42 1
35 52 35 53
27 19 27 18
24 60 23 60
14 0 14 1
56 35 56 36
51 24 52 24
34 14 34 13
32 7 32 8
7 57 7 58
55 67 55 68
45 24 45 23
27 9 28 9
18 45 19 45
58 43 58 42
39 67 38 67
42 57 42 58
38 17 38 18
3 23 4 23
37 56 37 55
20 0 20 1
58 65 57 65
27 1 28 1
7 53 7 54
0 43 0 42
1 8 1 9
19 55 18 55
41 14 42 14
56 1 56 2
43 67 42 67
37 45 36 45
46 43 45 43
56 51 57 51
21 7 22 7
40 44 40 43
8 62 7 62
31 59 31 58
3 4 4 4
12 57 13 57
10 28 10 29
1 50 1 51
26 47 26 46
52 55 52 54
17 12 17 13
38 26 39 26
6 21 6 22
19 17 18 17
56 57 57 57
30 61 29 61
2 42 2 41
55 12 55 11
41 16 40 16
2 3 2 4
12 58 12 57
44 21 43 21
34 43 35 43
52 22 51 22
45 29 45 30
48 17 49 17
47 12 47 13
57 51 58 51
18 59 17 59
42 42 42 41
35 50 36 50
25 38 24 38
2 18 3 18
39 4 40 4
5 62 5 63
0 20 0 19
19 45 19 44
16 62 16 61
28 40 28 41
26 65 26 66
2 18 3 18
5 40 5 41
46 25 47 25
39 52 39 51
22 58 22 57
46 16 45 16
13 4 13 3
25 57 25 58
55 34 54 34
35 56 34 56
9 28 10 28
1 37 2 37
29 23 29 24
48 56 48 55
11 31 11 30
7 41 7 42
11 53 12 53
41 15 41 16
40 53 40 52
30 21 30 22
29 23 30 23
50 45 49 45
45 28 46 28
21 52 22 52
41 61 42 61
14 50 14 51
28 32 28 31
14 31 15 31
13 32 13 31
50 26 50 25
7 50 6 50
39 40 40 40
16 9 16 8
59 61 58 61
1 25 1 24
51 10 51 11
9 36 9 37
10 63 9 63
34 41 34 40
2 27 2 26
60 38 60 37
49 24 48 24
31 41 31 42
30 16 31 16
38 61 37 61
31 14 31 15
17 57 16 57
6 37 7 37
56 0 55 0
19 16 20 16
58 41 57 41
15 29 15 28
57 19 56 19
22 2 23 2
43 38 43 39
15 32 15 33
25 33 26 33
31 18 31 19
10 16 10 17
4 30 3 30
39 60 39 59
0 46 1 46
4 13 4 12
20 44 21 44
45 42 45 43
17 14 18 14
60 20 60 21
38 51 38 50
39 27 39 28
56 56 57 56
58 30 59 30
12 1 12 0
12 15 12 16
38 48 38 49
15 59 15 60
48 28 47 28
19 51 20 51
53 55 53 54
60 46 60 47
42 35 42 36
23 60 24 60
22 22 23 22
11 46 10 46
27 7 27 8
58 26 58 27
33 48 33 49
16 58 17 58
29 25 30 25
34 52 33 52
12 53 12 54
4 28 4 29
9 49 9 50
34 57 33 57
6 47 7 47
14 13 15 13
38 2 37 2
29 33 30 33
16 35 16 34
25 11 25 10
0 13 0 14
29 24 30 24
14 20 15 20
41 50 41 51
38 2 38 1
21 19 20 19
60 25 59 25
4 15 3 15
37 4 37 3
53 15 54 15
9 35 9 36
9 47 9 46
0 30 0 31
21 60 21 59
18 24 19 24
11 9 10 9
19 8 18 8
4 2 4 3
17 18 17 17
0 0 0 1
7 6 7 5
1 52 0 52
46 11 46 10
34 61 34 60
1 23 1 24
6 36 6 37
51 58 51 59
7 60 7 61
8 14 8 13
5 60 4 60
41 50 41 51
10 37 11 37
20 4 20 5
20 20 19 20
39 11 38 11
46 50 45 50
46 22 47 22
8 18 9 18
53 22 54 22
25 31 26 31
5 10 4 10
21 55 21 56
25 42 25 43
30 26 31 26
54 53 54 52
0 40 0 39
15 21 15 20
57 0 56 0
59 8 58 8
21 66 20 66
40 52 40 53
22 22 23 22
16 63 16 64
51 26 50 26
20 59 20 60
23 38 23 37
4 39 5 39
5 59 4 59
48 26 49 26
44 24 44 25
55 4 56 4
50 29 50 30
0 38 1 38
1 67 0 67
27 23 26 23
18 10 18 9
16 63 17 63
50 47 51 47
30 9 31 9
60 58 59 58
5 45 5 44
18 65 18 66
25 15 26 15
57 29 56 29
42 30 43 30
23 8 23 7
48 27 47 27
58 39 58 38
5 37 5 38
58 4 57 4
24 65 24 64
39 16 40 16
31 32 31 33
43 3 44 3
5 68 5 67
41 1 42 1
52 37 52 36
17 31 16 31
22 49 22 50
19 0 20 0
1 14 0 14
57 55 56 55
23 13 23 14
56 38 55 38
2 56 1 56
6 10 6 9
13 52 12 52
10 45 9 45
15 49 16 49
50 7 49 7
36 30 36 31
39 27 39 28
8 13 7 13
25 60 24 60
22 10 23 10
40 54 40 53
51 58 52 58
17 43 18 43
6 35 7 35
43 29 44 29
55 64 56 64
4 64 4 63
20 63 19 63
58 15 58 14
48 1 48 0
31 10 30 10
27 0 27 1
27 31 27 30
4 57 4 56
42 66 42 67
4 15 4 14
7 20 8 20
48 15 49 15
10 54 10 53
51 27 51 28
60 68 59 68
37 46 37 47
9 50 9 51
3 27 3 26
1 67 0 67
25 37 26 37
45 38 45 37
2 12 1 12
48 3 48 4
35 57 34 57
19 39 19 40
50 12 50 11
49 50 50 50
58 21 58 22
13 22 14 22
43 55 43 56
18 25 18 26
59 5 58 5
18 60 17 60
21 47 20 47
19 7 20 7
31 51 32 51
17 44 17 43
23 58 24 58
1 47 0 47
39 45 38 45
44 66 43 66
19 54 19 53
30 43 30 42
20 23 21 23
54 62 54 63
44 6 43 6
2 52 1 52
19 26 19 25
50 51 51 51
20 0 21 0
20 19 20 20
33 61 34 61
11 9 11 10
3 31 3 30
51 6 52 6
9 24 8 24
6 10 6 9
1 7 1 6
7 45 7 44
52 28 52 27
50 17 51 17
30 42 30 43
49 44 49 45
3 61 3 62
11 34 10 34
30 17 31 17
60 68 60 67
19 4 18 4
2 30 2 31
31 16 30 16
60 60 59 60
5 1 6 1
2 24 3 24
41 11 41 12
1 7 1 8
39 28 38 28
40 20 40 19
31 54 32 54
29 59 29 60
10 41 10 40
9 15 9 16
8 60 7 60
12 59 12 58
38 30 39 30
32 16 32 17
10 52 10 53
27 36 26 36
8 20 9 20
17 49 18 49
11 62 12 62
5 25 5 24
12 59 12 58
60 53 59 53
41 12 40 12
41 65 41 64
52 58 52 57
52 58 53 58
10 60 9 60
38 63 38 62
21 10 22 10
43 32 44 32
30 24 29 24
10 48 10 47
31 58 30 58
3 63 2 63
15 20 14 20
7 45 8 45
58 15 59 15
52 35 52 36
35 18 36 18
51 48 50 48
26 65 27 65
10 6 10 7
30 62 30 63
35 47 34 47
12 11 12 10
32 20 33 20
34 1 34 0
11 6 12 6
21 27 21 28
19 10 18 10
43 17 44 17
47 18 47 17
52 64 52 65
3 68 2 68
17 1 18 1
27 2 27 1
47 9 48 9
37 10 36 10
52 4 51 4
58 14 59 14
3 63 4 63
17 8 18 8
29 30 29 29
30 48 30 47
13 41 14 41
54 42 53 42
50 12 49 12
2 22 2 21
35 65 35 66
53 13 53 12
0 10 0 11
5 23 5 24
16 65 16 64
59 32 58 32
9 14 9 15
29 8 28 8
59 53 58 53
31 18 31 17
32 5 31 5
18 50 17 50
44 35 45 35
46 11 45 11
39 39 39 38
44 59 44 60
29 66 29 67
54 35 54 36
35 27 34 27
0 51 1 51
60 46 60 45
5 50 5 51
21 53 20 53
54 25 53 25
9 58 9 57
44 55 44 56
44 39 44 38
45 68 44 68
42 0 41 0
29 56 28 56
19 12 19 11
48 67 49 67
41 51 41 52
20 30 20 31
59 62 59 61
52 36 53 36
48 27 48 28
60 3 60 2
51 14 51 13
49 2 50 2
47 58 47 59
49 64 50 64
21 8 20 8
1 65 0 65
18 48 18 49
23 40 23 41
34 32 33 32
17 17 17 16
60 34 59 34
48 5 48 6
55 26 56 26
42 28 42 29
22 61 22 62
54 13 55 13
38 56 39 56
27 16 26 16
48 29 47 29
13 51 12 51
1 31 1 32
17 46 18 46
29 15 28 15
43 44 42 44
53 10 54 10
6 40 6 39
55 14 54 14
14 0 15 0
16 37 17 37
29 25 28 25
55 52 55 53
55 50 54 50
6 32 6 31
29 37 28 37
51 17 51 18
51 37 51 36
46 44 46 43
21 11 22 11
36 47 37 47
4 35 5 35
35 25 35 24
57 20 57 21
24 17 24 18
26 34 26 35
58 42 58 43
35 48 35 47
50 23 51 23
11 11 11 12
17 3 17 4
25 18 24 18
53 44 53 43
26 27 27 27
50 3 49 3
1 1 1 0
0 8 1 8
60 16 59 16
37 36 37 37
51 22 52 22
51 14 52 14
43 36 43 35
32 3 33 3
24 57 24 58
50 39 50 40
28 47 27 47
47 13 46 13
4 6 5 6
28 1 28 0
38 25 38 26
1 58 1 59
44 13 44 14
55 27 54 27
15 5 14 5
46 1 46 2
49 32 49 31
33 15 33 14
12 55 12 56
46 45 47 45
12 66 12 65
60 30 59 30
29 33 30 33
60 68 59 68
30 40 31 40
43 19 44 19
10 31 9 31
19 68 18 68
43 5 44 5
17 49 17 48
29 39 30 39
40 19 41 19
51 5 51 6
34 9 35 9
55 31 56 31
57 29 58 29
56 39 56 40
25 8 25 7
32 33 32 32
54 53 54 54
34 24 34 25
34 62 34 63
1 31 1 30
22 54 22 53
14 46 15 46
52 59 53 59
26 45 26 46
17 35 16 35
33 4 33 5
23 23 23 24
43 49 43 48
51 43 51 42
53 13 53 12
24 16 25 16
40 65 40 64
58 62 59 62
32 32 31 32
15 18 15 17
58 16 59 16
23 58 23 57
37 58 38 58
6 41 7 41
8 31 9 31
52 48 53 48
23 18 23 17
9 45 10 45
49 59 49 60
22 23 22 24
47 4 46 4
34 24 35 24
38 3 37 3
3 57 4 57
56 16 57 16
8 57 8 58
36 42 36 41
50 34 51 34
18 4 19 4
1 43 2 43
43 9 43 10
9 4 10 4
38 23 38 22
36 65 36 64
49 16 49 15
33 43 34 43
36 64 37 64
46 59 46 58
33 8 32 8
58 40 57 40
39 39 40 39
6 29 7 29
27 9 28 9
25 4 25 3
44 60 45 60
15 31 14 31
56 40 55 40
8 51 7 51
45 5 45 6
42 48 42 47
40 28 41 28
10 34 11 34
5 16 5 15
37 51 37 52
53 11 52 11
37 54 37 55
2 61 3 61
47 20 47 19
44 11 43 11
46 39 46 40
27 67 26 67
29 33 28 33
42 21 41 21
53 51 54 51
12 24 13 24
49 8 48 8
1 55 0 55
2 54 3 54
30 7 29 7
3 6 2 6
48 42 47 42
22 54 22 55
7 2 7 1
20 10 21 10
9 1 8 1
19 64 20 64
23 29 22 29
29 16 30 16
46 42 46 43
56 9 57 9
48 23 47 23
3 11 3 10
53 27 52 27
52 50 53 50
35 43 34 43
56 12 55 12
55 63 56 63
56 31 55 31
49 36 49 35
18 5 19 5
56 25 56 26
31 64 31 63
2 36 2 37
45 37 46 37
50 4 50 3
40 20 39 20
60 20 60 21
30 15 30 16
33 60 32 60
26 39 27 39
59 9 59 10
47 34 47 35
1 7 1 6
19 55 18 55
55 23 55 22
53 11 53 10
21 41 21 42
26 5 27 5
16 67 16 66
2 3 2 4
19 44 20 44
57 27 56 27
5 16 4 16
9 22 9 21
13 37 13 38
26 42 26 43
4 33 3 33
7 4 8 4
3 10 3 9
32 68 32 67
35 13 35 12
15 17 15 16
5 16 6 16
23 56 24 56
45 35 45 34
46 14 46 13
12 54 12 53
26 8 26 7
26 39 26 40
1 17 2 17
26 4 26 3
3 14 4 14
39 4 40 4
53 18 53 17
56 42 56 43
57 33 58 33
43 62 42 62
52 65 52 64
13 23 12 23
48 65 49 65
3 11 2 11
38 35 37 35
39 37 39 38
45 40 46 40
10 51 9 51
4 31 4 32
42 59 43 59
10 1 11 1
24 36 23 36
35 11 36 11
51 16 51 15
40 12 40 11
2 5 1 5
43 11 44 11
3 23 3 22
43 26 44 26
2 21 3 21
46 11 46 10
37 30 37 29
44 3 45 3
4 65 4 66
47 34 47 33
48 61 48 62
56 48 56 47
31 20 31 21
57 61 56 61
16 39 16 40
19 37 20 37
17 52 17 51
42 43 43 43
14 4 14 5
2 19 3 19
42 8 42 7
42 67 42 68
4 52 3 52
1 45 1 44
46 63 47 63
1 41 0 41
35 21 35 20
35 23 35 24
29 40 29 41
39 21 38 21
42 1 42 0
28 41 29 41
3 61 3 62
53 2 53 3
13 46 12 46
2 35 3 35
0 33 1 33
6 3 7 3
11 11 11 12
23 21 24 21
18 68 19 68
47 33 48 33
15 7 15 6
60 36 60 37
38 0 39 0
4 11 3 11
3 33 3 34
24 64 24 65
32 34 31 34
1 52 1 51
29 59 29 58
31 25 30 25
60 50 59 50
38 32 38 33
22 17 23 17
58 23 58 24
9 58 9 59
46 40 46 39
55 62 55 63
57 45 58 45
15 37 14 37
4 23 4 22
1 26 2 26
10 55 9 55
40 29 41 29
46 62 46 63
55 36 56 36
20 56 19 56
31 30 30 30
41 15 41 16
3 57 2 57
4 23 4 22
54 55 54 54
49 67 48 67
37 49 38 49
29 27 30 27
21 43 21 44
18 32 19 32
20 24 20 25
25 52 24 52
33 54 33 53
22 45 23 45
44 28 43 28
1 62 2 62
21 15 21 16
45 38 46 38
22 44 22 45
19 30 19 31
38 60 38 61
56 48 55 48
21 23 22 23
20 67 21 67
20 50 20 51
22 20 23 20
27 19 27 18
55 19 54 19
24 58 25 58
57 43 58 43
16 25 17 25
32 16 32 17
56 61 57 61
31 52 32 52
32 44 32 45
22 25 22 24
37 23 36 23
45 20 46 20
47 56 47 55
4 16 4 17
8 30 8 29
6 64 6 63
0 67 1 67
24 49 25 49
0 38 0 39
47 10 47 9
55 14 56 14
23 39 22 39
25 64 25 65
8 13 9 13
21 6 22 6
48 9 48 10
53 34 53 33
27 15 27 16
33 8 32 8
0 49 0 50
57 15 57 16
18 49 18 50
12 53 11 53
50 18 50 17
36 24 37 24
30 8 30 7
44 62 44 61
48 25 47 25
34 0 35 0
36 12 35 12
34 57 34 58
36 21 36 22
11 36 11 35
15 51 14 51
22 42 22 43
58 18 57 18
57 19 58 19
26 32 27 32
12 14 12 15
57 9 56 9
23 11 24 11
53 58 53 59
42 57 41 57
10 45 10 44
33 56 34 56
34 38 35 38
26 68 26 67
40 68 41 68
2 66 2 67
5 19 4 19
47 64 46 64
11 2 11 3
36 43 35 43
57 52 56 52
10 4 9 4
57 18 57 19
37 24 37 23
55 20 55 19
45 67 45 66
54 4 54 5
47 12 46 12
3 63 3 62
7 35 7 36
58 22 59 22
15 49 16 49
8 6 7 6
32 47 31 47
6 60 6 59
31 35 31 36
38 19 38 18
52 68 51 68
43 36 43 35
56 25 56 24
26 34 25 34
52 45 52 46
25 24 25 25
23 14 23 13
28 31 28 30
23 39 24 39
59 53 60 53
19 25 19 24
0 8 1 8
3 28 2 28
3 66 3 65
18 26 18 25
50 14 50 13
4 38 4 39
35 22 36 22
11 61 11 60
38 2 37 2
15 45 15 44
45 21 45 20
47 11 47 10
28 56 29 56
20 55 19 55
9 8 8 8
26 38 26 39
20 43 21 43
39 54 39 53
50 46 51 46
30 15 30 14
7 61 7 60
52 43 52 42
9 14 8 14
27 6 28 6
15 38 15 39
7 37 6 37
59 67 60 67
26 17 25 17
28 61 27 61
35 15 34 15
39 39 38 39
5 7 6 7
33 43 33 42
29 63 30 63
21 22 20 22
52 38 52 37
20 54 21 54
7 27 7 28
11 6 12 6
21 17 22 17
28 58 29 58
49 1 50 1
19 33 20 33
28 54 28 55
47 54 47 53
14 5 13 5
30 41 29 41
13 52 13 51
53 14 52 14
19 66 20 66
16 58 16 57
60 49 60 48
59 22 60 22
19 36 18 36
16 64 16 65
1 51 0 51
53 33 54 33
17 5 18 5
27 68 27 67
22 22 22 23
21 57 21 56
6 43 7 43
20 19 19 19
30 38 29 38
22 35 21 35
55 17 55 16
9 60 10 60
28 3 27 3
19 9 19 10
45 63 46 63
55 51 56 51
50 6 50 7
12 30 11 30
9 55 9 54
17 43 17 44
46 31 45 31
29 64 30 64
23 8 23 9
49 27 49 28
33 44 33 45
37 46 38 46
29 22 29 21
22 33 22 32
42 2 42 1
55 62 54 62
29 11 29 12
57 8 57 9
46 59 45 59
5 39 4 39
30 19 31 19
56 56 56 55
57 4 56 4
30 31 29 31
47 68 47 67
33 31 33 32
32 62 32 63
9 55 8 55
13 13 13 12
21 29 21 28
20 68 20 67
2 29 2 28
3 61 3 62
7 22 7 23
1 17 2 17
53 60 54 60
27 19 28 19
48 30 48 31
5 63 5 62
22 41 23 41
3 60 3 59
32 44 31 44
50 33 49 33
23 27 23 26
14 54 13 54
10 40 11 40
28 9 29 9
24 24 24 23
50 12 50 13
8 56 7 56
32 36 32 37
23 12 23 13
1 7 1 6
14 51 13 51
51 9 51 8
24 60 25 60
10 50 10 51
1 63 1 64
33 35 32 35
49 11 49 10
20 55 20 54
0 30 0 29
8 60 8 61
25 42 24 42
37 13 38 13
9 52 8 52
23 59 22 59
39 39 40 39
54 48 53 48
39 7 39 8
59 32 60 32
55 63 55 64
51 25 51 26
3 36 3 37
60 10 59 10
33 57 34 57
4 22 4 23
36 0 36 1
3 16 4 16
57 38 58 38
48 12 49 12
56 32 55 32
58 44 58 45
48 3 48 2
54 27 54 28
50 64 50 65
54 24 55 24
49 64 49 63
38 52 37 52
36 63 35 63
43 52 43 51
58 50 57 50
39 24 38 24
19 17 20 17
52 12 52 13
24 42 25 42
16 43 17 43
15 12 14 12
56 6 55 6
51 55 50 55
27 36 26 36
19 15 19 14
50 27 49 27
42 14 41 14
27 42 28 42
17 39 17 40
60 46 59 46
19 58 19 57
33 68 32 68
29 32 30 32
41 48 41 49
52 67 52 68
26 50 25 50
30 22 30 23
52 9 51 9
34 61 34 62
8 15 8 14
36 52 36 53
47 7 46 7
24 41 24 42
28 0 27 0
36 5 37 5
60 31 59 31
29 54 29 55
16 38 16 37
7 66 7 65
52 12 52 13
52 2 51 2
52 38 52 37
2 60 3 60
28 2 29 2
9 15 9 16
22 36 22 37
11 54 11 55
18 23 18 22
1 7 2 7
26 7 26 6
10 29 9 29
55 45 54 45
6 45 5 45
16 16 17 16
27 36 27 35
57 21 57 22
17 47 17 46
30 36 30 35
12 55 12 56
45 66 46 66
28 47 28 46
56 37 56 38
22 33 23 33
31 10 32 10
53 30 53 29
32 29 32 30
28 10 29 10
39 45 39 46
30 6 31 6
55 54 55 55
26 37 26 38
3 12 2 12
47 33 47 34
17 47 17 48
12 35 12 36
28 37 29 37
16 29 15 29
37 10 36 10
55 60 56 60
54 4 53 4
1 28 1 27
57 19 58 19
37 58 36 58
10 36 11 36
49 59 48 59
2 15 3 15
34 7 34 6
12 15 11 15
16 13 15 13
15 7 16 7
16 59 15 59
54 24 54 25
27 36 27 37
46 30 47 30
48 3 48 2
14 68 13 68
58 48 58 49
5 8 5 9
49 32 49 31
7 16 7 17
24 4 24 5
60 40 59 40
2 7 3 7
23 0 23 1
53 35 54 35
48 19 48 18
52 22 51 22
49 66 48 66
47 29 47 28
37 22 38 22
34 53 35 53
11 15 10 15
53 67 52 67
52 12 53 12
8 58 8 57
46 18 47 18
32 66 33 66
23 26 23 27
5 50 6 50
56 39 55 39
35 22 36 22
56 19 56 18
12 41 13 41
54 26 55 26
44 47 44 48
53 42 52 42
19 34 18 34
2 58 2 59
14 34 14 33
22 60 22 59
38 50 38 51
53 28 53 27
40 52 41 52
56 1 57 1
59 14 58 14
7 58 7 57
57 33 58 33
6 34 7 34
44 1 44 2
50 5 51 5
8 59 9 59
43 21 42 21
3 65 4 65
5 42 4 42
29 8 30 8
38 0 37 0
58 28 59 28
12 17 11 17
52 48 52 47
0 34 0 35
46 62 46 63
30 7 30 6
8 11 7 11
30 46 31 46
36 18 36 17
32 8 33 8
8 49 8 48
0 62 0 61
1 63 1 62
30 13 31 13
37 42 37 43
20 68 19 68
32 38 32 39
56 46 57 46
42 46 43 46
40 11 39 11
19 0 18 0
49 63 49 62
28 22 29 22
18 51 19 51
51 17 51 16
19 15 18 15
20 27 20 28
25 12 26 12
32 6 32 7
24 35 25 35
20 47 20 48
36 34 36 33
33 40 33 39
24 22 24 21
4 42 5 42
40 58 40 57
52 68 53 68
44 8 45 8
22 58 23 58
5 12 4 12
60 5 59 5
7 28 6 28
32 4 32 5
17 25 16 25
43 26 44 26
25 5 26 5
16 26 16 27
52 56 52 57
14 55 13 55
29 39 28 39
31 67 30 67
52 30 52 31
14 30 14 31
36 17 35 17
33 46 33 47
37 33 37 34
33 32 33 33
20 61 19 61
36 7 36 8
44 43 45 43
50 39 49 39
36 9 36 10
25 1 26 1
21 67 22 67
30 16 29 16
43 62 43 63
55 8 54 8
11 45 12 45
45 18 44 18
24 1 24 2
49 61 48 61
21 12 21 11
29 22 29 21
11 68 11 67
35 13 35 12
57 6 57 5
20 35 21 35
13 51 14 51
13 31 12 31
12 64 12 65
31 26 30 26
38 13 37 13
12 1 12 0
18 5 17 5
22 6 21 6
18 53 18 52
54 30 53 30
32 5 33 5
24 29 24 28
25 48 25 47
12 48 11 48
30 21 30 22
14 38 15 38
29 52 29 51
24 32 24 31
32 38 33 38
20 63 20 64
54 10 55 10
24 16 24 17
19 42 18 42
33 54 33 53
2 61 1 61
13 54 13 53
38 15 37 15
6 2 6 1
60 66 60 67
31 36 31 37
2 46 1 46
2 12 3 12
1 25 1 26
16 1 16 2
4 67 5 67
49 50 50 50
15 43 15 44
49 34 50 34
38 38 38 37
49 1 49 0
19 50 19 51
39 23 38 23
51 23 50 23
35 67 36 67
7 62 8 62
19 64 19 65
7 25 7 26
21 7 20 7
18 63 19 63
53 47 52 47
38 14 38 13
49 41 50 41
19 47 18 47
14 57 13 57
45 51 45 50
17 27 17 26
10 7 10 8
39 56 39 57
55 62 56 62
52 11 52 12
8 61 8 62
1 60 0 60
41 3 42 3
15 21 16 21
34 54 34 55
36 39 35 39
53 39 53 38
22 25 23 25
31 68 31 67
14 62 14 61
52 23 53 23
10 42 11 42
5 44 6 44
5 35 5 36
57 63 56 63
14 21 14 22
54 60 55 60
54 67 54 66
14 9 14 10
47 32 46 32
39 19 38 19
26 24 26 25
16 32 16 31
6 14 6 13
44 11 44 10
33 30 33 29
60 15 59 15
5 57 6 57
18 47 17 47
8 39 7 39
51 40 50 40
31 55 31 56
38 23 37 23
53 33 52 33
39 37 39 36
50 1 51 1
1 62 0 62
33 19 33 18
27 16 27 15
49 66 49 65
1 31 2 31
35 15 34 15
36 3 37 3
26 14 25 14
23 57 22 57
33 26 32 26
27 33 28 33
32 62 31 62
37 34 36 34
45 42 46 42
7 59 7 60
37 18 37 17
26 8 26 7
11 67 12 67
7 51 7 52
17 24 17 25
31 1 31 2
23 36 23 37
30 49 30 48
33 59 33 60
19 31 19 30
24 39 25 39
2 10 2 9
54 62 54 61
51 24 52 24
14 16 14 15
30 60 30 61
26 54 27 54
21 38 21 37
23 11 22 11
29 21 29 20
13 35 13 36
33 54 33 53
8 32 8 31
45 41 46 41
48 45 47 45
36 12 36 13
45 65 45 66
56 24 57 24
27 2 28 2
26 17 25 17
35 48 35 49
12 38 12 37
33 30 33 29
52 40 51 40
21 64 21 63
53 9 54 9
26 40 26 39
24 61 23 61
49 14 49 15
24 17 24 16
42 44 43 44
46 13 45 13
27 7 28 7
4 59 3 59
56 6 57 6
1 0 1 1
47 52 46 52
52 22 52 23
59 26 60 26
42 50 42 51
51 39 50 39
25 18 25 17
17 23 18 23
39 15 39 14
16 35 16 34
42 60 42 61
7 63 7 62
1 9 1 10
43 51 43 50
53 23 52 23
51 32 52 32
6 15 7 15
43 49 43 50
22 26 21 26
7 20 7 19
36 48 37 48
52 15 51 15
46 5 45 5
37 23 37 24
53 22 53 21
15 11 15 10
33 47 33 46
37 17 38 17
11 9 11 8
0 61 1 61
52 36 53 36
48 30 49 30
49 53 49 52
48 48 48 49
21 6 21 5
1 47 2 47
41 31 40 31
46 64 46 65
42 29 41 29
45 7 44 7
38 13 38 14
25 27 24 27
4 6 4 5
1 1 1 2
22 64 22 65
3 61 3 60
43 33 43 34
57 30 57 29
39 22 38 22
36 18 35 18
3 8 4 8
39 6 38 6
56 9 56 8
41 66 40 66
15 2 15 3
14 31 15 31
56 13 56 12
27 18 27 17
28 15 28 16
8 10 8 9
26 35 26 36
10 54 11 54
58 20 57 20
5 34 5 33
27 27 28 27
30 4 30 5
47 65 48 65
57 59 58 59
52 6 52 5
57 24 58 24
52 12 51 12
13 60 13 59
48 51 47 51
35 22 34 22
23 0 24 0
19 62 20 62
45 16 45 17
25 32 26 32
55 35 56 35
20 66 20 65
55 44 55 43
31 34 31 33
1 26 1 27
38 14 39 14
27 6 27 7
30 29 30 30
33 28 34 28
57 62 57 61
45 29 44 29
55 55 55 56
53 26 53 27
13 35 13 34
59 2 59 1
4 57 3 57
18 65 19 65
53 58 54 58
50 49 50 48
11 68 11 67
26 4 25 4
4 66 4 67
16 2 16 1
58 52 59 52
16 2 15 2
44 47 45 47
3 10 3 9
22 60 23 60
48 6 49 6
38 22 38 21
12 22 13 22
44 34 44 33
56 37 55 37
31 14 31 13
35 39 34 39
7 1 7 2
47 53 46 53
56 13 57 13
21 3 21 4
58 57 59 57
28 31 28 30
4 35 5 35
20 66 19 66
22 28 22 27
9 57 9 58
54 14 54 15
4 36 4 35
24 48 23 48
12 49 12 48
23 7 24 7
24 35 25 35
59 35 58 35
10 13 9 13
12 68 12 67
46 32 46 31
59 39 59 38
36 8 35 8
22 5 23 5
29 52 28 52
51 35 51 34
27 12 26 12
47 16 48 16
2 51 3 51
13 29 13 28
23 2 24 2
17 48 17 49
1 22 1 21
3 61 3 60
46 44 46 43
20 2 19 2
46 11 46 12
26 62 27 62
18 33 19 33
47 8 48 8
53 36 53 37
52 51 51 51
31 35 32 35
50 49 50 48
48 36 47 36
21 16 21 15
37 24 38 24
19 22 20 22
7 61 6 61
10 47 11 47
54 7 54 6
47 36 47 35
13 46 14 46
11 65 10 65
18 51 18 50
60 66 60 67
14 65 14 64
39 46 39 45
30 49 30 50
32 19 32 18
9 41 10 41
40 32 40 31
7 34 7 33
43 48 44 48
32 30 32 29
37 2 38 2
14 54 13 54
42 31 43 31
4 2 3 2
13 30 12 30
47 17 46 17
19 24 18 24
57 5 57 4
49 49 50 49
54 0 55 0
0 16 0 15
38 53 37 53
18 67 18 66
37 38 36 38
7 41 8 41
5 4 5 5
19 66 19 67
48 1 48 0
60 43 60 44
6 31 6 30
1 63 1 64
32 16 32 15
10 32 10 31
8 58 9 58
3 10 3 9
45 52 45 53
22 62 22 61
4 32 3 32
40 9 41 9
40 19 41 19
15 33 15 34
22 51 22 52
8 9 9 9
57 13 58 13
9 36 9 35
28 9 29 9
21 45 21 44
14 31 14 30
35 58 35 59
51 17 52 17
18 3 19 3
25 10 25 11
46 59 46 60
52 13 53 13
17 15 16 15
55 18 55 19
48 61 47 61
55 9 56 9
31 41 32 41
58 41 59 41
8 49 9 49
33 17 33 16
30 26 31 26
6 1 5 1
24 54 24 55
30 57 30 58
8 41 8 40
18 53 18 52
16 16 16 17
40 10 40 9
19 2 19 3
14 17 14 18
30 17 30 16
35 20 36 20
47 55 48 55
24 8 24 7
42 32 42 33
44 13 43 13
56 40 56 41
1 59 0 59
44 15 43 15
49 36 49 37
0 66 0 65
29 47 28 47
13 64 13 63
42 43 41 43
29 31 29 32
2 48 2 47
12 57 11 57
24 44 23 44
35 53 35 52
57 40 57 41
7 40 6 40
24 62 24 61
48 66 48 65
17 16 16 16
10 0 10 1
10 1 10 2
54 13 54 14
54 27 54 28
17 20 18 20
33 15 33 16
48 67 49 67
31 18 32 18
49 26 49 25
44 32 43 32
44 34 45 34
35 36 36 36
31 10 31 9
5 10 6 10
49 24 49 23
59 31 59 32
42 15 41 15
20 50 19 50
0 3 0 4
24 12 23 12
6 18 6 17
37 0 38 0
32 45 31 45
18 57 19 57
10 37 10 38
35 35 34 35
37 45 38 45
43 23 42 23
22 41 23 41
37 44 37 45
4 40 4 41
46 33 46 34
13 14 13 15
34 12 34 11
30 39 30 40
28 41 27 41
43 64 42 64
14 32 14 31
24 37 25 37
35 52 35 53
30 5 29 5
18 25 18 26
11 32 10 32
36 31 36 32
8 47 8 48
9 45 8 45
21 55 20 55
6 33 7 33
10 18 9 18
15 65 16 65
50 25 49 25
10 35 9 35
18 3 17 3
18 29 19 29
30 62 29 62
46 28 46 29
11 13 11 12
17 20 17 21
45 43 44 43
16 34 16 35
24 57 25 57
0 52 1 52
26 21 27 21
10 22 9 22
45 48 44 48
33 44 33 45
5 66 5 65
7 49 6 49
52 31 53 31
55 0 54 0
32 51 32 50
24 54 24 55
2 10 2 11
6 27 6 28
34 22 34 21
16 4 16 3
43 9 44 9
58 58 57 58
35 56 35 55
27 31 27 30
57 0 57 1
18 27 19 27
2 56 2 55
34 10 33 10
31 17 31 16
33 60 33 59
4 16 5 16
12 52 12 53
36 26 36 27
4 24 4 25
32 63 32 64
21 27 21 26
5 8 5 7
46 24 46 25
11 21 11 22
5 68 6 68
0 35 0 34
41 12 41 11
20 65 20 64
1 46 2 46
52 64 51 64
28 23 28 22
22 0 22 1
27 53 28 53
42 54 42 53
13 38 13 39
41 16 40 16
22 23 23 23
11 52 11 51
0 14 0 15
6 44 5 44
45 13 45 12
2 55 3 55
2 44 2 43
19 27 18 27
39 1 40 1
3 19 2 19
19 56 19 57
24 11 25 11
54 54 54 55
4 1 5 1
49 2 50 2
11 4 10 4
49 39 49 38
41 14 41 15
47 53 46 53
38 17 39 17
37 22 37 23
5 30 6 30
18 18 18 17
47 1 47 2
36 30 35 30
42 0 42 1
9 57 9 56
15 29 14 29
5 62 5 61
53 30 53 31
57 1 57 2
44 15 43 15
7 20 7 19
15 38 15 39
52 55 51 55
23 13 22 13
2 34 2 33
53 49 52 49
17 45 17 46
36 36 35 36
33 59 33 60
1 33 1 34
19 35 19 34
51 64 51 63
46 31 46 30
59 43 58 43
15 48 15 47
51 39 52 39
22 2 23 2
13 23 12 23
41 1 42 1
10 1 11 1
23 38 23 39
25 11 26 11
17 57 16 57
54 26 55 26
29 55 29 54
43 22 43 23
1 52 2 52
47 52 47 53
5 61 5 60
25 8 25 9
35 30 35 31
20 49 21 49
25 7 26 7
7 4 8 4
56 36 56 37
14 41 13 41
13 12 12 12
28 15 29 15
35 37 36 37
35 61 36 61
18 29 18 30
28 10 27 10
28 59 28 60
6 14 6 15
50 62 49 62
56 46 55 46
20 8 21 8
8 63 8 62
15 16 15 15
27 14 27 13
11 0 10 0
51 26 52 26
49 8 50 8
60 24 59 24
0 47 1 47
29 63 29 64
8 37 7 37
34 34 34 35
2 30 1 30
37 11 37 12
21 17 21 16
32 18 32 17
53 33 54 33
21 7 22 7
43 45 42 45
58 17 57 17
30 11 29 11
54 14 53 14
45 17 45 16
41 56 41 55
59 18 59 19
42 56 42 57
57 46 57 47
2 4 3 4
44 15 44 16
39 37 39 36
55 11 54 11
43 5 43 6
54 36 55 36
2 54 3 54
25 17 25 18
49 8 49 9
43 27 43 28
5 43 6 43
6 17 5 17
51 62 50 62
45 19 44 19
22 31 22 30
58 25 58 26
13 5 12 5
10 41 10 40
13 14 13 15
13 42 12 42
40 9 40 8
39 50 40 50
21 0 20 0
25 50 24 50
19 4 19 5
19 34 18 34
40 2 39 2
32 45 33 45
35 51 34 51
41 0 41 1
21 36 21 37
57 3 58 3
59 18 58 18
26 33 25 33
3 17 4 17
41 12 40 12
18 27 19 27
54 4 53 4
13 23 12 23
31 51 31 52
34 30 34 29
43 32 44 32
40 4 41 4
18 59 17 59
23 66 24 66
24 27 23 27
3 4 4 4
42 52 41 52
14 37 14 36
8 38 8 37
9 64 10 64
24 30 24 31
18 22 18 21
5 63 6 63
17 43 18 43
5 60 4 60
32 61 32 62
46 6 46 7
55 30 54 30
22 65 23 65
47 12 48 12
58 48 58 49
37 12 36 12
49 5 49 6
26 1 26 2
56 59 57 59
3 42 3 43
7 32 8 32
53 64 53 63
40 53 39 53
7 19 7 20
21 47 21 48
16 51 15 51
3 1 2 1
41 55 42 55
7 30 7 29
50 59 50 58
3 58 2 58
18 50 17 50
8 17 7 17
55 15 55 14
59 12 58 12
49 16 49 17
25 36 25 37
54 1 53 1
37 22 36 22
8 37 9 37
54 22 55 22
42 16 41 16
29 43 29 44
16 31 16 32
1 35 1 36
28 43 29 43
25 8 25 7
13 66 12 66
16 36 16 35
14 2 15 2
19 14 20 14
53 66 54 66
23 67 23 68
41 1 41 0
43 22 44 22
43 67 44 67
51 21 51 22
56 50 56 51
25 24 26 24
22 50 23 50
57 63 57 64
53 22 53 23
52 30 52 29
34 40 33 40
13 44 14 44
48 12 48 11
20 50 21 50
20 34 20 35
58 60 58 59
52 20 52 21
32 40 32 39
14 16 13 16
16 36 16 37
45 9 44 9
2 61 3 61
33 30 32 30
43 8 43 7
11 53 11 54
40 63 40 64
6 54 7 54
51 21 51 20
59 38 60 38
36 25 36 26
47 54 47 53
43 38 43 37
16 9 15 9
15 68 15 67
45 40 45 39
2 45 3 45
51 11 50 11
36 38 37 38
34 10 34 9
46 59 45 59
30 55 30 54
42 37 42 36
9 18 10 18
34 28 34 29
5 55 6 55
38 30 37 30
35 29 35 30
39 50 39 49
17 10 17 9
32 24 32 23
9 40 9 41
26 58 27 58
28 31 28 30
0 2 1 2
52 31 53 31
43 18 43 17
27 6 26 6
22 46 22 47
47 11 47 12
10 21 9 21
16 25 16 24
49 7 49 8
49 45 48 45
45 48 44 48
39 68 39 67
22 30 23 30
31 1 31 2
29 40 28 40
19 51 19 50
58 24 58 25
8 36 7 36
35 29 36 29
14 13 13 13
53 38 53 39
34 14 35 14
22 23 23 23
14 47 14 48
56 41 57 41
3 42 4 42
19 25 19 26
23 12 23 13
5 28 4 28
24 49 24 50
60 43 59 43
16 37 15 37
58 53 58 52
27 13 26 13
21 17 20 17
8 10 8 11
12 52 11 52
34 33 33 33
20 52 19 52
58 59 58 60
54 3 54 2
15 8 15 9
3 36 3 35
17 17 18 17
15 59 15 58
47 38 48 38
48 64 48 65
14 16 14 17
6 6 7 6
38 68 39 68
36 28 36 29
3 0 4 0
30 47 30 46
14 28 14 27
43 28 43 29
28 7 28 8
27 45 27 46
39 66 38 66
32 20 31 20
48 14 49 14
34 25 33 25
28 12 27 12
22 31 23 31
11 41 11 42
27 48 27 49
37 35 38 35
40 62 39 62
26 23 26 22
28 31 29 31
26 44 26 45
41 41 41 42
53 54 54 54
23 42 22 42
18 18 19 18
49 45 48 45
44 66 44 65
21 41 21 40
14 14 13 14
37 57 37 56
11 20 11 19
16 29 17 29
6 31 7 31
10 27 11 27
48 39 49 39
45 21 46 21
53 31 52 31
39 57 39 58
20 21 20 22
11 53 12 53
55 33 56 33
47 15 47 16
27 32 26 32
57 7 57 8
29 53 29 54
23 29 23 30
15 12 16 12
47 55 48 55
9 25 9 26
45 36 45 35
40 1 41 1
30 68 31 68
35 42 35 43
14 64 14 63
37 4 36 4
18 47 18 46
7 9 7 10
42 8 42 9
34 42 33 42
11 3 11 2
40 28 40 27
44 6 44 7
2 63 3 63
45 37 45 36
21 10 21 9
50 30 50 31
38 31 38 32
20 49 21 49
35 8 36 8
34 17 35 17
26 55 26 56
38 48 37 48
43 6 43 5
1 61 1 62
22 40 22 41
15 39 14 39
45 55 45 56
34 31 35 31
27 54 26 54
9 0 9 1
35 43 34 43
25 68 25 67
27 43 26 43
43 1 43 2
8 20 9 20
54 42 54 41
48 35 48 34
36 14 35 14
53 51 52 51
32 31 32 30
14 23 14 22
17 34 18 34
38 6 38 7
55 1 55 0
57 18 56 18
18 37 19 37
40 22 39 22
51 19 52 19
59 29 59 28
12 23 12 22
14 68 14 67
1 66 0 66
2 9 2 10
5 22 6 22
31 44 31 43
8 32 7 32
3 17 3 18
38 22 38 23
7 33 7 34
3 1 2 1
53 6 52 6
19 65 19 64
43 61 42 61
56 11 56 10
36 64 36 65
45 61 44 61
43 14 44 14
44 22 44 21
45 20 44 20
19 58 20 58
17 3 16 3
45 51 46 51
56 26 56 27
46 55 45 55
32 38 32 39
30 36 29 36
32 38 33 38
22 57 22 56
38 21 38 22
2 46 3 46
45 36 45 35
30 11 30 12
27 65 27 66
48 57 48 58
6 0 6 1
55 60 55 59
13 13 12 13
25 26 24 26
16 48 16 49
12 0 12 1
36 23 35 23
12 60 12 59
40 60 40 59
18 39 19 39
38 16 37 16
23 55 22 55
9 22 8 22
11 66 11 65
58 7 57 7
56 48 56 47
32 56 32 57
22 29 22 28
26 59 27 59
50 21 49 21
38 59 38 58
17 18 17 19
30 47 30 48
58 66 58 65
55 63 56 63
34 18 34 17
50 33 51 33
34 41 34 40
17 50 16 50
36 23 36 24
50 2 50 3
53 60 52 60
32 23 31 23
9 13 10 13
27 18 27 19
45 52 45 51
43 41 43 42
21 14 20 14
33 0 33 1
16 62 17 62
30 39 31 39
3 10 4 10
38 19 38 18
3 48 3 47
1 16 0 16
56 8 56 7
39 51 40 51
41 15 41 14
17 20 16 20
27 51 26 51
59 5 59 6
16 42 16 41
30 55 31 55
44 46 44 47
40 39 41 39
8 13 9 13
23 6 22 6
16 47 16 48
6 59 7 59
45 28 46 28
47 47 47 48
10 25 10 26
5 27 5 28
58 28 58 29
5 55 4 55
21 55 21 56
27 67 28 67
45 25 44 25
45 28 46 28
53 11 53 12
14 67 13 67
15 12 14 12
4 64 4 63
2 10 2 11
27 55 26 55
29 23 28 23
57 16 56 16
43 63 43 64
54 21 54 20
20 27 20 28
18 8 17 8
46 5 46 4
56 22 55 22
37 50 37 49
26 48 26 47
55 43 55 44
15 65 15 64
9 0 8 0
26 41 27 41
27 62 27 61
18 58 17 58
60 56 60 57
10 57 10 58
0 68 1 68
50 10 50 9
57 8 57 7
59 51 59 50
1 58 1 57
23 46 24 46
3 26 3 25
58 16 58 17
15 37 16 37
42 65 43 65
3 43 4 43
35 22 36 22
36 26 36 25
58 41 58 42
53 21 53 20
57 25 57 26
7 6 7 5
57 12 57 13
22 56 22 55
44 32 43 32
8 19 8 20
55 8 54 8
53 60 52 60
6 4 5 4
50 15 51 15
11 55 10 55
44 2 43 2
38 51 38 52
32 6 33 6
28 30 29 30
46 28 45 28
13 38 13 37
14 65 15 65
33 53 32 53
37 15 36 15
1 43 1 44
24 27 24 28
6 67 6 66
15 1 16 1
45 44 46 44
37 0 37 1
29 44 29 45
17 67 16 67
15 18 16 18
40 37 40 36
42 66 42 67
10 20 11 20
7 38 6 38
24 29 25 29
12 45 13 45
35 28 34 28
60 34 60 35
59 39 60 39
15 5 15 4
38 34 38 33
38 34 37 34
6 19 7 19
14 52 13 52
8 55 7 55
19 5 20 5
36 8 37 8
34 68 33 68
32 48 32 47
10 6 9 6
14 27 14 28
9 37 10 37
27 34 28 34
19 40 19 39
42 1 42 0
51 12 51 13
54 42 53 42
30 40 31 40
19 20 20 20
33 43 34 43
3 46 3 47
39 66 40 66
29 40 29 39
0 10 1 10
52 52 52 51
47 9 48 9
48 38 49 38
23 25 22 25
14 29 13 29
13 39 13 38
54 34 54 33
30 39 31 39
36 25 35 25
49 62 50 62
35 32 35 31
41 40 41 41
24 38 24 37
36 24 36 25
41 18 41 19
53 67 53 68
55 57 54 57
54 31 54 32
30 61 29 61
43 38 43 37
38 3 37 3
41 63 41 64
54 2 55 2
18 10 17 10
3 19 4 19
46 19 47 19
19 41 20 41
41 52 41 51
10 42 10 43
50 20 50 21
47 53 48 53
29 11 30 11
40 17 41 17
19 12 20 12
3 1 4 1
49 9 50 9
37 6 37 5
16 36 17 36
21 36 21 37
11 8 11 9
30 64 29 64
15 3 14 3
17 54 17 53
5 27 5 26
36 38 36 37
31 36 32 36
17 4 16 4
52 13 53 13
42 1 41 1
10 33 10 32
54 59 53 59
1 17 0 17
45 52 45 53
59 68 60 68
44 15 44 14
25 54 25 53
37 36 38 36
36 27 36 28
46 61 46 62
45 29 46 29
25 57 26 57
30 18 31 18
18 27 18 26
3 25 3 24
35 33 36 33
25 32 26 32
60 55 60 54
42 11 42 10
49 58 49 57
34 46 35 46
54 16 54 17
3 17 3 18
27 24 27 25
11 37 11 38
5 46 5 45
26 36 27 36
28 63 27 63
31 55 32 55
58 20 58 19
7 56 8 56
19 40 20 40
56 5 56 4
46 59 46 58
53 30 54 30
53 19 53 18
44 40 43 40
60 3 59 3
54 19 53 19
29 24 28 24
33 53 33 52
14 10 14 9
45 4 45 3
22 21 23 21
10 10 11 10
10 9 11 9
24 49 24 50
36 2 35 2
57 54 57 53
3 19 2 19
2 64 2 63
56 33 55 33
0 10 1 10
43 37 44 37
41 68 41 67
47 46 47 45
34 31 33 31
58 14 58 15
6 64 6 65
54 30 54 29
53 55 53 56
1 41 2 41
10 60 9 60
7 44 7 43
52 40 52 39
24 13 25 13
53 57 52 57
19 37 18 37
49 22 48 22
30 26 29 26
56 19 57 19
41 2 41 3
48 10 47 10
53 50 53 51
43 24 43 23
36 20 36 21
37 30 37 29
58 62 57 62
1 6 1 5
16 60 15 60
28 20 29 20
36 8 37 8
10 57 11 57
33 44 32 44
33 50 33 49
9 44 9 45
15 0 16 0
47 24 48 24
57 59 57 60
1 25 1 24
11 14 12 14
34 23 33 23
5 42 4 42
60 18 59 18
0 58 1 58
53 38 52 38
54 23 55 23
14 32 15 32
46 10 47 10
19 59 19 60
4 24 5 24
57 59 58 59
7 16 7 17
9 25 9 24
52 66 52 65
29 64 29 65
10 5 10 6
29 3 30 3
6 0 6 1
33 65 32 65
1 21 2 21
5 27 5 26
32 46 32 47
57 31 56 31
38 8 38 7
33 2 33 3
33 50 33 49
11 26 11 27
9 33 9 32
33 45 33 44
2 48 2 47
60 47 59 47
19 54 19 55
15 6 15 7
51 53 51 54
56 2 56 3
33 31 32 31
0 30 0 31
48 66 47 66
58 57 59 57
37 37 38 37
27 42 27 43
0 22 1 22
44 15 45 15
29 54 28 54
40 4 40 5
15 48 15 49
28 18 28 19
58 24 57 24
18 33 17 33
30 14 30 13
56 10 55 10
41 40 41 41
25 17 25 16
44 51 44 50
2 22 1 22
53 15 53 14
37 43 38 43
12 30 13 30
56 11 55 11
11 15 11 14
23 36 24 36
38 13 38 14
52 21 52 22
45 43 46 43
19 27 19 28
26 37 25 37
39 38 40 38
37 35 38 35
39 19 39 20
0 25 1 25
55 10 55 9
55 11 56 11
37 67 37 66
49 54 49 53
25 17 25 18
51 2 50 2
15 16 16 16
41 15 41 16
33 41 32 41
7 56 7 55
0 29 0 30
54 18 54 19
2 56 1 56
14 66 14 65
6 30 7 30
3 49 3 48
39 63 39 62
60 48 60 47
11 45 10 45
56 12 56 13
12 18 11 18
13 51 13 52
19 66 19 65
9 42 8 42
18 49 17 49
10 43 9 43
52 63 53 63
47 27 46 27
4 34 3 34
10 24 9 24
6 48 6 49
39 36 40 36
35 54 34 54
27 19 28 19
34 2 33 2
9 8 9 7
29 41 29 42
9 7 9 8
58 49 58 48
43 19 43 18
21 39 21 40
29 52 29 51
12 3 11 3
21 44 20 44
44 11 45 11
27 27 27 26
4 66 5 66
37 49 38 49
44 15 45 15
54 29 54 28
36 4 35 4
4 68 3 68
13 13 12 13
35 45 34 45
43 29 42 29
35 36 35 35
30 5 31 5
26 56 26 55
10 5 11 5
12 35 12 34
17 29 17 28
42 56 42 55
34 14 33 14
57 10 58 10
43 12 42 12
37 31 37 30
52 54 53 54
43 27 43 26
21 11 21 12
1 8 1 9
59 14 60 14
32 24 32 23
53 10 52 10
4 13 4 14
14 53 14 54
58 46 59 46
9 4 10 4
45 0 44 0
37 21 38 21
23 24 22 24
3 5 2 5
1 56 2 56
34 40 34 39
19 59 19 60
19 43 18 43
5 68 6 68
25 44 24 44
2 25 3 25
7 4 6 4
53 46 54 46
1 5 1 6
22 41 23 41
2 60 3 60
16 26 16 27
60 12 60 13
51 48 51 47
25 18 25 19
7 66 7 65
42 60 42 61
10 44 10 43
42 43 42 44
6 9 6 8
20 16 20 15
38 33 38 34
9 19 9 18
25 21 25 22
34 23 34 22
56 28 57 28
15 8 16 8
46 57 46 56
56 18 56 19
58 58 58 59
35 11 36 11
7 37 7 36
43 30 43 29
53 40 53 39
25 41 25 42
34 44 34 45
44 14 43 14
48 24 48 23
53 39 52 39
57 14 57 15
12 19 11 19
37 15 37 16
57 8 56 8
58 59 57 59
14 58 13 58
4 41 4 42
5 1 4 1
20 13 19 13
3 42 3 43
12 41 12 40
16 13 16 12
4 40 4 39
54 27 54 26
27 7 26 7
17 31 17 30
54 56 54 57
55 48 56 48
14 21 15 21
23 30 22 30
39 9 40 9
2 42 2 43
12 12 12 13
57 60 57 59
35 50 35 51
32 2 31 2
44 65 44 66
44 59 43 59
54 57 54 56
21 11 21 12
34 18 33 18
39 10 40 10
23 43 22 43
43 56 42 56
1 29 2 29
13 9 14 9
28 58 28 57
26 53 26 52
56 11 55 11
38 17 39 17
58 25 59 25
8 50 9 50
10 0 10 1
34 13 33 13
11 54 11 55
50 53 51 53
50 6 49 6
29 48 29 49
33 14 33 15
52 14 52 13
45 1 46 1
5 55 5 56
2 39 2 38
44 52 43 52
33 49 34 49
6 60 6 61
25 39 26 39
54 32 53 32
32 14 32 15
9 4 10 4
7 4 7 3
5 59 5 58
19 9 20 9
60 68 59 68
31 38 31 39
20 19 21 19
7 47 7 48
18 14 17 14
58 9 58 10
31 8 31 7
39 15 39 16
54 63 53 63
30 36 30 37
32 36 31 36
46 7 45 7
18 64 19 64
37 4 37 5
30 37 30 36
0 29 0 28
20 8 20 9
13 23 12 23
42 66 41 66
39 20 39 21
13 32 13 33
31 61 31 62
14 18 13 18
59 21 59 22
57 67 57 68
15 66 15 65
44 66 44 65
34 63 34 62
37 27 37 28
14 44 15 44
54 30 55 30
13 59 14 59
15 53 15 54
56 27 57 27
43 28 43 29
39 52 40 52
5 41 5 40
9 50 10 50
2 53 1 53
23 39 23 40
13 56 12 56
48 64 48 65
12 21 11 21
35 16 36 16
58 14 57 14
36 51 35 51
34 47 34 48
53 39 54 39
57 3 56 3
39 10 39 9
53 0 52 0
50 4 50 5
59 29 59 28
17 46 16 46
8 56 7 56
54 28 54 27
55 65 54 65
23 39 23 38
57 10 56 10
38 45 39 45
42 7 43 7
18 56 18 57
57 68 57 67
43 45 43 46
7 13 7 14
21 0 22 0
3 48 3 49
59 50 58 50
9 26 10 26
19 39 20 39
11 24 10 24
32 42 31 42
57 26 58 26
31 44 32 44
38 46 37 46
21 25 21 24
41 55 41 54
32 53 31 53
41 46 42 46
42 61 41 61
1 50 1 51
58 12 58 13
55 13 55 12
7 40 7 39
53 19 53 20
43 14 42 14
2 51 2 52
17 49 18 49
38 43 38 42
20 39 20 40
50 52 50 51
15 44 15 45
58 49 58 48
16 54 15 54
35 50 34 50
18 5 17 5
55 1 55 2
44 18 43 18
33 50 33 51
23 31 23 30
47 61 47 62
54 27 55 27
11 46 12 46
33 38 33 37
58 7 59 7
17 3 17 4
18 8 18 7
37 18 36 18
56 10 57 10
31 32 31 33
55 39 54 39
53 49 53 50
15 25 15 26
45 58 46 58
48 20 47 20
27 67 27 66
11 19 12 19
51 64 51 65
46 52 47 52
10 4 10 5
38 68 38 67
22 64 22 65
50 30 50 31
22 43 22 44
40 29 41 29
3 60 4 60
17 36 17 35
25 34 26 34
33 20 33 21
14 14 15 14
8 15 9 15
13 3 14 3
31 19 32 19
52 8 52 9
7 52 7 53
26 48 25 48
45 40 45 41
50 2 49 2
13 14 13 15
43 32 44 32
47 5 47 4
9 46 9 47
15 12 16 12
56 34 57 34
43 42 44 42
31 51 31 50
16 64 16 65
23 8 23 9
7 47 7 46
31 32 32 32
5 61 5 62
32 20 33 20
26 49 26 50
2 4 2 3
7 22 6 22
33 7 32 7
41 49 42 49
8 9 8 8
21 4 20 4
23 21 22 21
52 54 51 54
28 66 28 65
56 67 57 67
52 39 52 40
25 64 25 63
43 26 43 27
35 65 34 65
46 30 46 29
10 63 10 64
22 7 22 6
45 1 45 0
23 58 24 58
48 48 49 48
35 36 35 37
10 20 10 19
16 17 17 17
23 56 23 57
28 48 28 49
32 65 31 65
16 26 16 27
43 58 43 59
43 39 44 39
17 45 18 45
2 15 2 14
8 64 9 64
7 42 7 43
21 36 20 36
26 41 27 41
44 48 44 49
27 47 27 48
60 44 60 43
14 44 14 43
5 9 5 8
5 7 6 7
31 4 31 3
49 35 49 34
55 7 55 6
55 1 54 1
8 16 9 16
25 34 25 33
18 19 18 18
11 43 10 43
9 8 9 9
3 34 4 34
33 10 32 10
1 19 0 19
53 55 53 56
35 27 35 28
49 0 49 1
5 15 5 14
55 42 56 42
31 41 30 41
12 39 12 40
25 65 24 65
23 36 23 37
35 35 34 35
40 10 40 11
41 23 42 23
56 16 57 16
56 12 56 11
58 51 58 50
27 60 26 60
24 29 23 29
34 40 33 40
10 35 11 35
17 48 16 48
16 51 16 52
6 60 5 60
10 48 10 49
35 25 35 26
4 60 3 60
51 30 52 30
52 24 52 25
38 5 39 5
6 58 6 59
30 48 29 48
56 62 56 63
29 8 28 8
33 23 33 22
52 31 52 32
4 45 5 45
2 17 1 17
12 9 13 9
44 37 43 37
24 19 24 20
37 3 37 2
9 8 10 8
44 53 45 53
16 37 15 37
46 10 46 11
24 65 24 66
52 30 52 29
2 23 3 23
18 44 18 43
11 55 10 55
40 17 40 16
50 3 50 4
54 57 54 58
14 51 14 52
49 59 49 60
28 43 28 44
22 27 22 28
23 52 22 52
55 63 55 64
38 23 37 23
30 19 30 20
58 3 59 3
7 64 8 64
37 49 36 49
54 63 53 63
42 30 42 29
39 31 39 30
37 34 37 33
40 4 41 4
12 61 12 60
60 50 60 51
31 24 30 24
41 6 40 6
19 57 20 57
17 39 18 39
60 65 60 64
53 7 53 8
31 15 31 16
39 66 38 66
8 9 8 8
44 57 45 57
47 5 46 5
48 52 49 52
59 19 58 19
24 63 24 62
39 48 39 49
57 39 58 39
58 9 57 9
50 52 50 51
34 47 34 48
18 51 17 51
40 52 40 53
54 47 54 48
4 32 5 32
1 32 1 33
58 48 58 49
35 10 35 9
46 64 46 65
44 5 43 5
28 32 28 33
16 23 16 24
28 14 27 14
42 8 41 8
39 61 38 61
23 3 23 2
44 4 44 5
35 67 36 67
27 51 28 51
56 52 56 51
20 34 19 34
22 0 21 0
38 2 38 3
53 39 52 39
38 65 38 66
53 1 53 2
5 7 4 7
1 49 2 49
49 58 49 59
44 7 44 6
15 44 15 45
51 34 51 35
5 61 5 60
31 2 31 1
23 49 22 49
57 40 57 39
16 46 16 47
8 48 8 47
3 30 3 29
38 6 38 7
43 50 42 50
3 51 3 52
34 13 34 14
45 25 46 25
40 65 39 65
41 46 41 47
44 58 44 57
9 35 8 35
17 54 17 53
58 46 57 46
6 17 7 17
2 6 2 5
37 66 37 67
50 67 50 66
11 42 12 42
58 65 59 65
14 1 14 2
44 17 45 17
41 58 41 57
1 33 1 32
20 61 19 61
11 55 12 55
13 40 13 39
58 66 58 65
27 1 27 2
24 23 23 23
38 51 38 50
39 13 39 14
0 64 1 64
11 51 11 52
12 12 13 12
33 51 34 51
43 16 44 16
29 39 30 39
21 19 21 18
48 21 47 21
47 56 48 56
16 55 16 54
48 48 47 48
29 8 29 9
38 6 38 5
17 27 18 27
52 53 52 52
49 14 50 14
57 32 58 32
34 63 35 63
39 17 39 18
29 31 29 30
43 9 43 10
14 27 14 28
31 37 32 37
18 11 18 12
51 39 52 39
2 45 2 44
56 63 55 63
8 58 7 58
12 65 12 66
22 26 21 26
10 2 10 3
29 24 29 25
56 67 55 67
49 2 50 2
8 55 8 56
42 35 41 35
55 42 55 41
0 50 1 50
41 49 41 50
10 61 10 62
31 16 30 16
8 64 8 63
44 41 44 40
53 22 53 21
20 17 21 17
7 27 7 26
15 14 14 14
55 0 55 1
14 7 14 8
24 55 24 54
2 35 2 34
29 51 28 51
10 5 10 4
8 17 9 17
7 48 7 47
37 24 37 25
32 11 32 12
49 68 48 68
2 59 2 60
38 34 38 33
15 58 15 57
55 36 55 35
31 60 31 61
3 37 4 37
58 48 58 47
47 1 47 0
29 48 29 47
3 32 2 32
24 2 24 1
6 44 7 44
21 14 22 14
55 40 55 41
10 18 11 18
14 23 13 23
26 26 25 26
32 2 33 2
57 23 57 22
5 25 5 26
12 3 12 2
28 4 28 3
55 1 54 1
34 57 33 57
53 30 52 30
3 51 4 51
56 38 57 38
19 43 19 42
25 35 24 35
35 17 35 18
19 38 18 38
0 55 0 56
49 65 49 64
52 7 53 7
13 26 12 26
24 11 25 11
44 31 44 30
57 58 56 58
60 5 60 4
51 41 51 40
33 40 33 39
12 60 12 61
20 56 21 56
3 12 2 12
51 11 52 11
14 12 14 11
49 23 50 23
40 8 39 8
6 26 6 25
53 60 53 59
44 48 44 47
43 58 42 58
45 59 44 59
47 17 47 18
23 59 22 59
14 39 15 39
46 0 46 1
45 13 44 13
32 49 33 49
18 61 19 61
19 30 19 29
21 23 20 23
57 29 56 29
31 19 30 19
21 17 21 16
27 43 26 43
21 56 20 56
33 23 33 24
36 5 35 5
33 61 33 60
12 45 13 45
52 39 51 39
22 7 22 6
48 61 47 61
34 58 34 57
14 22 14 23
46 23 45 23
49 45 48 45
8 50 8 49
47 36 46 36
48 37 47 37
48 22 48 23
11 43 10 43
23 40 23 39
20 14 21 14
10 31 10 30
7 44 8 44
44 23 44 24
35 63 35 62
42 16 41 16
49 20 49 21
27 32 27 33
56 50 57 50
29 53 29 54
0 13 1 13
36 29 36 28
21 52 21 53
8 50 7 50
18 46 19 46
5 66 5 67
8 55 8 54
24 45 23 45
47 51 47 50
14 68 15 68
45 13 44 13
34 15 33 15
35 23 36 23
8 47 8 46
53 60 53 61
13 36 13 35
39 63 38 63
39 33 40 33
14 7 14 8
24 10 24 9
49 6 49 5
9 55 9 56
40 38 39 38
16 31 16 30
53 66 53 65
52 59 52 58
2 67 2 66
26 33 26 34
46 68 46 67
5 66 4 66
28 38 27 38
25 57 24 57
53 13 53 12
56 22 55 22
53 35 53 36
45 66 44 66
7 23 6 23
13 2 14 2
26 52 26 53
47 31 47 32
52 23 52 24
49 5 49 6
22 23 22 24
19 39 20 39
60 20 59 20
24 30 23 30
34 63 34 64
51 22 50 22
18 25 18 24
58 11 58 10
51 12 51 11
4 53 5 53
36 48 37 48
10 67 10 66
50 62 50 61
17 67 18 67
18 56 17 56
18 16 18 15
40 54 40 55
52 41 52 40
21 4 20 4
10 45 10 44
9 29 9 28
14 52 14 51
21 4 21 3
44 18 44 17
22 66 22 67
47 27 47 28
32 27 32 28
32 50 33 50
59 51 59 50
49 62 48 62
0 62 1 62
58 13 58 12
5 38 5 37
28 24 28 23
33 42 32 42
35 48 34 48
49 57 50 57
58 2 59 2
22 13 22 12
54 50 53 50
12 1 11 1
56 2 57 2
30 20 29 20
39 13 38 13
45 39 46 39
58 67 59 67
60 11 59 11
6 3 6 2
19 2 20 2
51 51 50 51
20 66 20 65
14 20 15 20
35 54 34 54
19 43 19 42
55 63 56 63
56 18 56 19
16 13 15 13
47 13 47 14
6 31 5 31
11 9 12 9
13 59 13 60
32 33 32 34
27 41 27 42
45 0 44 0
23 27 23 28
52 17 52 16
4 46 5 46
10 35 10 34
21 55 22 55
38 43 38 44
26 34 27 34
53 0 53 1
20 33 20 32
50 3 51 3
43 34 43 33
48 64 48 65
50 30 49 30
47 57 46 57
20 15 20 14
58 61 59 61
16 17 16 16
16 38 15 38
45 42 45 41
56 51 56 52
48 53 49 53
59 34 59 35
56 2 56 3
8 53 9 53
41 36 42 36
20 48 20 49
36 59 35 59
60 20 60 21
11 18 11 19
42 64 43 64
26 3 26 2
36 18 37 18
31 3 31 2
4 68 4 67
5 11 6 11
13 10 12 10
0 14 0 13
47 54 47 55
50 21 51 21
22 24 22 23
2 9 1 9
32 58 33 58
6 46 6 45
53 5 52 5
35 9 36 9
48 43 49 43
8 60 8 59
1 47 1 46
54 11 54 10
20 52 20 51
53 28 52 28
41 44 40 44
2 33 1 33
38 37 37 37
41 17 40 17
25 2 25 1
35 55 35 54
40 32 39 32
46 65 46 66
44 51 45 51
35 27 36 27
44 50 44 49
40 28 39 28
29 37 30 37
45 3 45 2
38 46 38 45
43 0 42 0
22 50 23 50
25 22 25 21
36 36 36 35
8 21 7 21
34 26 34 25
50 60 51 60
9 16 9 17
49 26 49 25
43 6 42 6
49 56 48 56
59 60 59 61
0 50 1 50
44 25 44 24
52 21 52 22
13 52 14 52
0 43 1 43
20 40 20 41
22 21 22 22
24 36 24 37
25 1 26 1
34 2 33 2
25 66 24 66
44 49 45 49
14 25 15 25
6 33 7 33
26 32 26 31
53 47 52 47
54 64 54 63
28 47 27 47
26 47 25 47
6 38 6 37
53 37 53 36
59 44 59 45
19 0 18 0
15 8 15 7
58 32 58 31
37 8 38 8
39 57 39 58
44 37 43 37
24 40 24 39
42 68 41 68
60 7 59 7
31 41 31 42
51 60 52 60
17 62 16 62
28 2 29 2
30 36 31 36
50 22 50 21
21 47 20 47
60 41 60 40
