5000
1393 1410
1013 517 1013 516
1306 628 1307 628
1359 812 1359 811
975 742 976 742
481 531 481 530
133 674 132 674
872 689 872 688
1251 152 1251 151
557 1110 557 1111
31 344 30 344
374 1342 373 1342
291 1193 291 1192
286 45 287 45
929 640 929 641
75 311 76 311
597 828 597 829
395 429 395 430
906 1084 906 1083
110 747 110 746
591 802 591 803
364 471 364 472
1393 401 1392 401
401 178 401 177
706 960 705 960
1037 1240 1037 1241
236 386 237 386
121 193 121 192
1113 17 1112 17
390 419 390 418
984 726 984 725
1321 738 1322 738
924 858 923 858
322 652 321 652
830 1333 829 1333
438 887 437 887
739 1363 739 1362
1046 1120 1046 1121
1351 538 1351 539
279 585 278 585
1237 855 1238 855
19 1403 19 1404
1249 932 1250 932
1071 1386 1071 1387
541 1375 541 1376
994 230 994 229
651 1399 652 1399
3 1120 4 1120
217 1256 217 1257
523 1393 523 1392
601 1144 600 1144
67 895 66 895
527 1275 526 1275
765 887 765 888
1345 1171 1344 1171
974 139 975 139
921 962 922 962
1013 122 1012 122
1121 1233 1122 1233
1301 587 1302 587
231 1216 231 1215
143 512 143 513
808 512 807 512
1324 694 1323 694
1174 1326 1175 1326
1321 1246 1321 1245
316 120 316 121
181 278 182 278
1321 96 1320 96
660 576 659 576
546 1292 546 1291
366 1269 367 1269
717 327 717 328
164 1349 165 1349
45 1267 45 1268
1207 456 1207 455
1047 1156 1047 1155
77 997 78 997
539 106 539 107
887 1083 888 1083
1076 1297 1076 1298
555 1227 554 1227
1224 923 1224 922
729 73 729 74
622 140 621 140
284 542 283 542
614 387 614 388
213 1255 214 1255
30 750 30 749
489 1278 488 1278
282 230 281 230
660 470 660 469
603 1283 602 1283
1068 872 1067 872
831 659 831 658
831 1016 831 1015
449 1084 450 1084
71 910 70 910
106 227 106 228
487 1299 487 1300
496 891 495 891
81 852 81 851
1007 428 1007 427
37 292 36 292
680 139 680 140
2 79 3 79
219 502 219 503
1133 851 1133 850
450 329 450 328
152 1258 153 1258
648 484 648 485
193 1354 193 1355
824 967 823 967
400 842 400 843
668 1160 669 1160
828 1339 827 1339
1022 161 1023 161
752 407 753 407
1139 557 1140 557
1196 765 1196 764
176 95 177 95
559 1311 558 1311
907 575 907 576
412 1066 412 1065
1369 346 1369 347
1319 1015 1319 1014
450 972 449 972
88 1053 87 1053
1174 968 1175 968
105 965 105 966
894 1334 894 1333
565 1058 566 1058
350 729 350 728
963 600 963 601
847 110 846 110
1108 711 1108 712
74 1120 73 1120
799 524 799 523
590 308 590 307
1369 970 1369 971
498 156 499 156
297 883 296 883
694 1007 693 1007
885 612 884 612
1317 1384 1318 1384
582 558 582 557
493 878 492 878
657 653 656 653
1082 556 1082 557
863 630 864 630
188 554 188 553
752 170 752 169
255 74 254 74
200 1162 200 1161
289 273 290 273
353 495 354 495
167 404 167 403
349 855 349 856
565 152 566 152
577 430 578 430
58 383 59 383
723 293 724 293
862 1359 863 1359
98 782 99 782
125 1110 125 1109
389 679 389 678
1277 354 1277 353
642 1277 643 1277
1185 1246 1184 1246
119 500 119 501
267 695 267 694
330 434 329 434
1012 436 1012 437
124 920 123 920
461 1032 460 1032
543 20 543 19
1182 292 1181 292
912 1252 913 1252
239 1340 240 1340
409 458 408 458
629 938 629 937
647 430 647 429
519 1364 519 1365
1023 1105 1022 1105
256 642 255 642
392 1137 392 1138
1331 1048 1332 1048
1059 704 1058 704
816 434 815 434
228 630 228 629
103 360 103 361
85 639 84 639
282 13 282 14
1228 183 1229 183
376 1074 375 1074
500 1193 500 1192
441 713 442 713
1010 1144 1011 1144
982 1138 983 1138
205 1075 205 1074
238 813 238 814
944 1243 944 1244
245 1339 244 1339
1375 242 1374 242
673 499 674 499
88 85 89 85
1156 985 1156 984
207 1221 206 1221
1028 1148 1027 1148
1362 545 1362 546
684 165 683 165
1268 872 1267 872
304 992 304 991
1332 817 1332 818
70 1285 70 1284
695 325 694 325
787 1060 788 1060
1045 689 1044 689
1260 765 1260 764
1316 811 1315 811
852 1266 851 1266
632 414 631 414
1102 137 1101 137
1084 154 1084 153
708 1192 708 1191
684 814 684 813
29 1372 29 1371
317 741 317 742
435 405 434 405
239 361 238 361
897 314 897 313
944 997 944 996
54 156 54 157
270 859 270 858
805 443 806 443
1299 1184 1300 1184
1016 852 1016 851
830 38 829 38
1221 371 1220 371
589 228 588 228
1047 485 1048 485
149 1012 149 1013
1343 644 1344 644
856 915 856 914
835 82 835 83
886 162 885 162
145 1189 145 1188
806 1213 807 1213
232 1264 231 1264
388 335 388 334
502 7 501 7
1271 684 1272 684
1245 554 1245 553
938 925 939 925
541 489 541 490
1181 1196 1181 1195
148 513 149 513
1043 1156 1043 1155
356 593 356 594
541 1062 542 1062
922 513 921 513
233 764 232 764
944 762 944 761
739 124 740 124
446 600 446 601
22 1167 22 1166
109 398 109 399
432 509 432 508
1204 464 1203 464
798 1113 797 1113
377 998 378 998
443 918 442 918
132 491 132 492
1320 716 1319 716
547 706 547 705
488 1270 489 1270
365 216 364 216
109 1243 110 1243
378 1376 378 1377
25 954 25 955
1321 849 1322 849
1220 1236 1220 1235
656 267 657 267
1216 74 1216 73
1255 337 1256 337
357 456 357 455
1371 134 1371 135
933 1208 934 1208
1119 238 1118 238
1113 690 1113 689
1163 425 1163 424
307 835 307 834
648 647 649 647
1224 857 1223 857
334 159 334 160
314 621 314 622
0 478 1 478
734 382 735 382
600 234 599 234
1097 102 1097 101
368 1097 368 1098
1225 720 1225 719
725 1385 726 1385
365 464 366 464
646 1044 646 1043
1031 226 1030 226
1325 404 1325 403
408 1399 408 1398
617 1054 617 1055
1376 568 1376 567
746 681 747 681
812 618 813 618
1250 699 1251 699
826 1233 827 1233
608 128 608 129
84 694 84 693
744 240 744 239
1051 896 1052 896
1203 1353 1203 1354
1234 1234 1233 1234
1387 871 1387 872
1041 851 1041 852
814 1160 815 1160
739 77 739 76
152 454 153 454
210 195 210 194
189 306 189 307
1081 589 1081 588
970 490 971 490
1271 1201 1270 1201
1020 38 1019 38
1105 903 1106 903
999 426 999 427
294 428 294 429
243 64 243 63
443 263 443 262
499 1131 498 1131
936 721 937 721
977 284 978 284
905 1056 905 1057
1182 189 1182 190
886 790 886 789
75 1326 75 1327
493 564 492 564
1170 546 1171 546
746 864 745 864
424 921 425 921
382 107 382 108
1087 725 1087 724
567 376 568 376
1391 46 1392 46
605 706 605 707
28 631 28 632
671 463 671 462
305 433 306 433
787 426 788 426
526 553 526 554
903 117 904 117
120 636 119 636
577 328 577 327
849 982 850 982
434 943 433 943
1374 1057 1374 1056
379 507 379 506
690 558 690 557
871 1269 871 1270
442 197 442 196
1196 74 1197 74
565 368 565 369
255 480 255 479
1297 893 1297 894
372 829 371 829
138 642 138 641
301 785 301 786
194 557 195 557
490 1177 489 1177
751 434 751 435
1317 584 1317 583
1242 1355 1242 1354
458 303 457 303
1060 1339 1060 1340
1178 235 1178 236
151 306 151 305
385 1285 386 1285
859 733 859 734
544 128 544 129
1000 432 1001 432
433 1199 434 1199
1012 1214 1012 1215
561 1001 561 1000
312 375 312 376
1163 505 1163 504
56 154 56 153
1299 1288 1299 1287
498 305 498 306
656 846 656 845
324 1370 325 1370
657 725 657 726
696 1059 697 1059
1156 1103 1155 1103
560 958 560 957
941 838 941 837
325 224 324 224
1312 784 1312 783
1373 659 1373 658
435 934 436 934
1051 518 1051 519
163 1352 163 1353
341 249 340 249
1333 1128 1333 1129
985 953 985 954
781 1136 781 1135
966 580 965 580
1039 790 1039 789
477 518 476 518
188 1027 188 1028
1090 112 1091 112
1043 690 1042 690
874 918 873 918
1366 522 1366 523
969 443 969 444
351 523 351 522
420 928 420 929
1032 1258 1032 1257
1166 286 1166 285
814 129 814 128
800 734 800 735
904 814 903 814
1019 94 1020 94
363 591 363 590
616 824 617 824
1127 91 1128 91
1318 1120 1319 1120
604 1306 604 1305
1189 1229 1190 1229
319 41 320 41
1290 618 1290 619
820 1244 819 1244
615 449 614 449
700 1128 700 1127
1060 890 1059 890
80 583 81 583
464 317 464 316
1111 775 1111 774
631 427 630 427
146 239 146 238
1333 416 1333 415
21 118 20 118
1061 1289 1061 1288
723 987 724 987
149 422 149 423
1043 101 1043 102
950 452 951 452
1366 139 1367 139
713 935 713 934
899 683 899 684
494 342 493 342
1319 386 1319 385
829 1084 829 1085
697 74 697 73
231 144 231 143
990 1037 989 1037
375 1017 375 1016
1173 1339 1172 1339
1072 639 1072 640
57 1322 57 1323
1138 777 1138 778
1232 146 1231 146
1370 1374 1370 1375
1221 804 1221 803
851 436 852 436
463 1226 463 1227
1213 596 1213 595
424 1069 424 1070
292 189 292 190
633 1001 634 1001
398 752 398 751
1203 1105 1204 1105
1084 1144 1085 1144
62 916 62 915
1139 499 1138 499
200 706 201 706
196 810 196 811
11 1232 10 1232
936 243 936 242
94 529 93 529
486 581 486 580
810 632 809 632
1227 1158 1226 1158
1019 269 1019 268
824 679 824 680
742 668 742 669
929 732 929 731
546 1320 546 1321
1319 1223 1319 1224
654 995 655 995
118 1124 118 1123
881 712 881 711
872 440 872 441
410 903 410 904
912 602 912 603
817 509 816 509
809 642 809 643
1231 84 1230 84
108 1265 109 1265
594 383 595 383
915 337 915 338
1045 923 1045 922
126 729 126 728
144 737 145 737
50 1336 50 1337
548 612 548 613
471 1032 470 1032
955 979 955 980
1296 510 1297 510
685 1139 684 1139
714 482 714 483
759 502 760 502
229 258 230 258
604 197 603 197
578 42 579 42
930 311 930 310
1271 102 1271 101
920 739 920 740
58 368 59 368
630 463 630 464
949 1238 949 1239
1098 577 1098 576
571 1107 571 1108
1324 385 1324 386
1074 56 1073 56
692 1364 691 1364
949 171 949 170
159 853 159 854
173 597 174 597
655 390 656 390
1080 715 1081 715
827 916 826 916
282 196 282 195
763 1365 763 1366
304 1328 305 1328
807 25 807 26
637 1103 637 1104
1143 961 1143 962
119 1382 120 1382
1108 1375 1109 1375
974 1394 974 1393
606 394 605 394
847 547 848 547
1078 1276 1078 1277
217 809 217 808
58 931 57 931
323 1256 323 1255
512 1104 512 1105
448 1393 447 1393
54 1297 55 1297
871 1088 872 1088
451 125 452 125
480 1280 480 1279
1009 1313 1009 1314
1222 750 1222 751
875 1338 875 1337
1312 136 1311 136
1323 886 1323 887
634 1252 634 1253
318 1323 318 1324
442 378 442 377
472 206 471 206
568 62 569 62
103 57 103 56
682 1159 682 1158
462 786 462 787
532 140 533 140
686 1247 686 1248
1108 757 1108 756
851 1341 852 1341
233 788 234 788
111 1269 112 1269
1271 919 1272 919
647 1326 648 1326
1121 494 1121 495
211 1172 210 1172
1263 819 1263 820
484 961 485 961
561 48 561 47
1260 419 1259 419
212 888 212 889
18 1115 18 1114
426 1163 426 1162
659 9 660 9
899 141 899 140
906 1075 906 1076
1235 708 1234 708
812 268 811 268
1216 1035 1217 1035
1303 547 1303 546
166 640 167 640
1349 815 1349 816
111 1352 112 1352
294 968 295 968
470 1386 471 1386
272 1264 272 1263
1044 869 1045 869
1391 1122 1392 1122
1119 588 1119 587
1381 1219 1380 1219
626 969 626 970
89 768 88 768
675 287 675 288
82 1172 82 1171
788 1396 787 1396
1275 585 1275 584
719 1340 718 1340
500 142 500 143
649 99 649 98
1277 1254 1278 1254
250 101 250 100
747 1374 746 1374
464 478 465 478
44 418 43 418
985 1223 985 1224
259 1222 260 1222
191 1149 191 1148
720 1288 719 1288
331 440 331 439
1 242 2 242
450 992 451 992
1250 557 1249 557
932 497 932 498
1244 1098 1243 1098
1285 906 1285 905
1264 1102 1265 1102
726 160 726 161
60 1234 61 1234
592 806 593 806
197 197 198 197
703 1047 703 1046
12 5 12 4
626 1108 626 1109
857 684 857 683
1331 743 1332 743
918 830 918 831
558 1202 559 1202
1324 327 1325 327
379 537 378 537
283 1157 283 1158
1291 1032 1292 1032
162 111 163 111
332 330 332 331
188 186 189 186
1245 906 1244 906
219 192 219 193
373 692 374 692
1366 1051 1367 1051
294 617 295 617
787 792 786 792
1169 864 1170 864
1078 1057 1078 1058
1229 738 1229 739
617 681 616 681
1220 1361 1221 1361
250 830 251 830
484 689 483 689
1129 508 1129 509
611 654 610 654
549 1271 548 1271
164 130 164 131
391 24 390 24
741 516 741 517
421 636 422 636
1353 25 1353 26
617 1026 617 1025
928 455 929 455
377 105 377 106
249 1030 249 1029
433 630 433 629
112 624 112 623
390 655 391 655
93 282 93 281
1024 525 1025 525
370 608 370 609
1332 897 1332 896
1095 934 1095 935
1079 621 1080 621
363 1149 364 1149
304 509 304 508
672 251 673 251
27 894 27 895
1260 68 1261 68
707 1238 708 1238
716 782 716 781
1333 928 1334 928
1160 415 1161 415
925 1252 925 1251
398 692 398 691
155 631 154 631
1031 865 1030 865
1063 765 1064 765
1142 261 1142 260
701 1231 701 1232
161 1315 161 1314
43 688 43 689
686 673 685 673
1307 534 1307 533
338 892 338 893
561 104 562 104
1222 1019 1222 1018
1093 214 1093 215
1328 975 1328 974
896 1275 897 1275
1318 743 1318 744
794 8 794 7
1140 615 1141 615
511 1182 511 1181
157 169 157 170
721 924 721 925
626 143 626 142
542 1021 543 1021
905 316 904 316
190 279 190 280
897 696 897 695
861 1239 861 1240
327 87 327 88
886 1325 886 1326
971 554 971 553
101 168 100 168
1054 1011 1055 1011
1337 1262 1337 1261
85 1337 86 1337
374 529 375 529
982 24 981 24
905 882 904 882
355 223 354 223
731 1046 730 1046
873 961 873 962
652 1348 653 1348
29 1273 30 1273
1334 183 1333 183
54 214 54 213
931 275 930 275
572 127 572 128
646 839 646 840
730 1247 731 1247
511 59 512 59
953 78 952 78
1174 1189 1175 1189
895 880 895 881
1046 1007 1045 1007
1129 85 1128 85
582 190 581 190
289 1217 290 1217
1388 438 1388 437
1179 695 1179 696
16 831 17 831
1232 246 1232 247
919 1092 920 1092
1007 1282 1007 1281
699 126 700 126
527 1200 528 1200
1041 441 1042 441
445 898 444 898
188 1273 188 1272
399 438 400 438
84 1205 84 1206
851 21 851 20
82 507 81 507
352 1128 351 1128
1198 1198 1198 1197
802 1368 803 1368
794 1009 794 1010
93 1133 93 1132
831 536 831 537
1191 985 1190 985
12 737 11 737
1259 128 1260 128
384 405 384 406
818 262 819 262
785 296 785 295
54 662 54 661
1117 580 1117 579
1139 1058 1138 1058
1240 7 1241 7
1195 1203 1196 1203
510 327 511 327
643 243 643 244
614 637 614 638
256 555 255 555
995 275 996 275
1361 663 1360 663
313 412 313 411
156 55 155 55
494 829 494 830
900 603 901 603
803 31 803 32
229 637 229 638
1264 269 1264 270
1112 538 1111 538
153 114 153 113
1102 755 1102 754
1113 900 1113 899
1094 1365 1094 1364
675 1246 676 1246
837 1156 837 1155
349 154 349 155
952 226 951 226
853 1288 854 1288
735 954 734 954
241 1169 241 1168
302 521 302 522
1132 1116 1132 1117
493 1053 492 1053
955 362 955 363
174 967 174 966
531 731 532 731
826 848 825 848
160 1243 159 1243
349 621 348 621
1377 302 1378 302
274 847 275 847
1254 1325 1254 1324
245 3 244 3
839 1060 838 1060
111 219 112 219
364 1163 364 1164
1384 446 1384 447
1075 1380 1075 1379
1065 509 1066 509
686 1006 685 1006
517 1192 516 1192
581 466 582 466
645 753 646 753
302 897 302 898
357 1368 358 1368
1119 553 1118 553
748 1163 747 1163
368 390 368 391
338 290 338 291
505 173 505 174
1383 1041 1383 1040
840 32 839 32
76 949 76 950
943 87 944 87
1296 368 1296 367
976 640 976 639
615 580 614 580
494 1179 493 1179
492 531 492 530
464 1308 464 1307
1156 113 1156 112
876 350 875 350
152 519 152 518
1068 1086 1068 1085
873 178 873 179
922 458 923 458
598 379 598 378
397 157 397 156
918 1012 918 1013
355 793 354 793
1075 1150 1075 1151
1049 828 1049 827
1337 102 1336 102
1093 297 1093 298
118 874 118 873
965 1410 965 1409
769 555 769 556
346 1131 346 1130
912 1128 912 1127
180 210 179 210
252 1014 253 1014
128 865 128 866
1301 1387 1302 1387
129 48 129 49
81 1368 81 1369
1260 1393 1261 1393
21 833 22 833
875 1025 874 1025
727 1112 728 1112
1236 202 1236 203
527 142 527 141
188 1280 189 1280
503 1149 503 1148
967 926 967 925
115 826 115 827
448 575 447 575
230 922 230 921
298 227 298 226
339 1049 339 1048
126 170 127 170
1090 158 1091 158
424 42 423 42
266 103 266 102
335 549 335 550
1297 1270 1296 1270
940 99 940 98
1152 189 1152 190
415 10 415 11
589 525 589 524
710 1309 711 1309
303 32 303 31
1032 327 1032 326
1182 1031 1182 1030
862 1157 862 1158
1053 245 1052 245
959 632 958 632
11 172 12 172
1218 1161 1218 1160
8 598 9 598
552 917 552 916
798 307 799 307
1116 559 1117 559
134 139 133 139
1376 216 1377 216
279 934 280 934
651 201 650 201
1264 226 1263 226
57 104 57 105
760 210 760 211
674 1217 674 1216
1275 1071 1274 1071
593 1059 593 1060
936 1215 936 1216
754 1296 753 1296
1096 1104 1097 1104
1282 249 1281 249
267 36 267 35
969 1135 969 1136
807 541 807 540
727 36 728 36
1069 44 1068 44
895 821 896 821
738 940 739 940
142 680 142 679
843 522 844 522
1024 302 1024 301
573 722 573 723
708 142 708 141
1104 452 1105 452
792 953 793 953
10 56 10 57
462 1383 461 1383
410 231 411 231
1209 713 1210 713
1088 677 1089 677
410 447 411 447
671 515 670 515
42 707 42 706
109 1224 108 1224
1249 981 1249 982
747 605 746 605
1340 1051 1340 1052
999 161 998 161
592 803 592 802
1277 929 1276 929
1124 715 1124 714
367 1342 367 1343
565 596 566 596
871 36 870 36
60 392 59 392
1379 299 1379 300
545 203 544 203
903 121 903 120
144 1074 144 1075
440 1290 441 1290
1008 823 1008 822
574 577 575 577
98 1039 98 1040
846 1312 845 1312
165 694 164 694
1210 1088 1211 1088
759 481 758 481
490 1021 489 1021
943 1269 944 1269
830 871 831 871
1376 204 1375 204
864 661 864 662
818 218 817 218
680 378 680 379
1102 386 1103 386
1373 302 1372 302
389 495 389 494
914 1161 914 1162
528 372 528 373
655 505 655 504
1255 405 1255 406
1081 483 1081 482
1152 637 1151 637
47 555 47 554
150 404 151 404
114 810 115 810
377 556 376 556
1300 419 1300 418
1279 126 1279 125
930 366 931 366
391 11 391 10
1087 1155 1086 1155
981 331 982 331
198 1002 198 1001
339 421 340 421
92 1179 91 1179
1306 872 1306 873
720 1216 720 1215
8 775 8 776
348 62 348 63
1218 1312 1218 1313
318 634 318 635
386 1285 385 1285
1210 1116 1210 1117
1173 12 1173 13
593 1090 593 1089
604 220 604 221
1205 625 1205 626
732 989 733 989
762 511 762 510
691 772 691 773
1210 160 1211 160
1206 1042 1205 1042
712 881 713 881
909 740 909 741
571 795 570 795
107 1270 107 1269
1003 314 1003 313
685 787 685 788
299 40 299 41
1202 513 1203 513
1389 1378 1389 1377
1204 107 1205 107
772 329 772 328
880 396 880 397
1314 251 1314 252
117 1374 117 1375
803 558 803 559
1090 366 1089 366
341 478 340 478
126 959 127 959
317 1023 316 1023
1258 172 1257 172
1014 685 1014 686
733 1217 733 1218
629 93 628 93
551 225 551 226
704 251 703 251
1132 1214 1132 1215
422 1267 422 1268
1141 1142 1141 1141
479 280 480 280
507 341 508 341
1039 827 1039 826
947 391 946 391
809 1284 810 1284
483 112 483 111
1247 138 1247 137
576 1079 575 1079
73 445 72 445
319 709 318 709
1061 35 1061 34
751 138 752 138
1235 1291 1235 1290
877 892 877 893
555 762 554 762
727 875 727 874
558 1239 558 1240
708 528 707 528
221 455 220 455
1033 477 1032 477
695 328 694 328
65 891 66 891
276 213 277 213
841 1211 841 1210
289 204 289 205
1342 412 1341 412
1031 1208 1030 1208
559 56 559 57
425 1398 425 1399
1349 785 1350 785
776 910 776 909
744 179 743 179
126 578 126 579
1279 678 1279 679
464 1047 464 1046
607 1237 607 1236
747 243 747 242
70 176 69 176
257 877 258 877
1077 1328 1076 1328
449 1131 449 1132
198 881 197 881
416 270 416 269
925 359 926 359
564 1174 563 1174
544 527 543 527
2 49 1 49
722 1242 721 1242
22 1052 22 1051
863 356 863 355
1247 948 1246 948
38 495 37 495
456 937 455 937
36 884 35 884
870 373 871 373
699 784 698 784
1381 668 1382 668
1122 198 1122 197
984 1354 984 1355
90 875 90 874
211 237 211 236
267 1026 268 1026
635 637 635 636
715 1210 715 1209
1351 1145 1350 1145
1362 1325 1362 1326
67 716 67 717
1132 352 1132 351
259 668 260 668
131 367 131 368
418 732 418 731
557 1223 556 1223
1145 58 1146 58
25 1061 25 1060
197 897 198 897
25 163 25 162
1290 735 1289 735
954 665 955 665
122 567 121 567
561 166 560 166
1001 96 1001 95
744 745 745 745
1290 503 1289 503
1056 87 1055 87
1345 846 1346 846
872 564 872 565
298 1331 298 1332
711 1184 711 1183
558 65 559 65
1087 130 1087 131
724 1339 723 1339
633 380 633 379
363 902 363 903
61 647 60 647
1172 1095 1172 1094
1389 650 1389 651
206 994 207 994
1009 1221 1010 1221
488 1258 489 1258
901 281 902 281
77 1388 76 1388
501 194 501 195
1331 351 1332 351
697 655 697 654
132 178 133 178
457 1373 458 1373
898 839 898 838
615 249 616 249
791 354 790 354
736 432 736 433
459 717 460 717
1094 1267 1093 1267
1162 873 1162 872
819 250 819 249
839 811 839 812
483 482 482 482
1136 997 1136 998
643 1151 642 1151
598 476 599 476
570 985 570 984
103 250 103 251
1031 549 1031 548
970 827 970 826
648 1283 647 1283
118 224 117 224
378 1050 378 1049
975 801 974 801
670 1384 670 1385
929 367 930 367
1147 10 1147 9
57 565 57 564
333 992 332 992
1300 354 1299 354
311 1405 311 1406
759 882 759 883
1080 147 1080 148
477 812 477 813
909 356 910 356
319 450 320 450
437 496 437 495
705 1405 705 1404
728 1173 728 1172
293 689 293 690
1197 279 1197 280
245 1346 245 1347
560 621 561 621
755 525 755 524
23 1117 24 1117
659 684 658 684
622 293 622 292
507 782 508 782
667 1041 666 1041
1347 635 1347 634
1051 1151 1051 1150
143 1258 142 1258
292 676 291 676
730 412 729 412
845 267 844 267
763 506 763 507
22 933 22 932
199 379 199 380
635 1352 635 1351
857 731 857 730
487 1373 487 1372
297 1357 296 1357
124 655 123 655
40 312 40 313
848 234 848 235
471 1273 472 1273
1226 220 1225 220
1295 1160 1296 1160
1263 377 1263 378
622 1083 621 1083
141 1200 141 1201
806 755 806 756
264 937 263 937
133 616 134 616
138 421 137 421
1210 1055 1210 1054
50 834 51 834
826 1134 826 1133
891 190 890 190
1181 688 1181 689
1141 631 1141 630
882 1223 881 1223
305 1261 305 1262
107 228 108 228
1282 1129 1281 1129
1231 643 1232 643
46 906 47 906
304 1114 304 1115
504 814 503 814
1292 1070 1293 1070
41 143 41 144
899 929 899 928
360 531 360 530
173 30 173 31
841 32 841 33
359 672 359 671
1307 746 1306 746
1316 78 1316 77
1150 1394 1151 1394
619 1026 619 1027
1040 442 1040 443
633 1349 632 1349
754 489 754 488
526 201 525 201
1227 981 1228 981
1231 170 1231 171
265 1125 266 1125
1175 45 1176 45
1195 1096 1196 1096
295 758 295 759
575 205 576 205
1336 1130 1336 1131
213 72 213 73
498 102 499 102
196 583 196 582
573 1002 572 1002
301 470 300 470
126 1263 126 1264
734 34 734 35
744 513 744 512
686 55 686 56
880 433 881 433
790 365 789 365
468 331 468 330
150 943 151 943
676 1246 677 1246
544 1406 543 1406
1272 660 1272 661
146 582 146 583
1238 213 1239 213
919 906 920 906
721 56 722 56
898 1109 898 1110
168 526 167 526
1210 702 1210 701
1000 439 999 439
1319 1216 1319 1217
872 214 872 215
883 656 883 657
1143 143 1143 144
692 868 692 869
607 1190 606 1190
529 1284 529 1283
900 1315 900 1316
1001 1184 1001 1185
886 811 886 810
261 386 261 387
527 4 527 3
457 743 456 743
439 67 439 68
119 92 119 93
1041 1005 1041 1006
414 163 414 164
161 1129 162 1129
866 272 866 271
818 1110 817 1110
1387 788 1388 788
73 689 73 688
1019 487 1018 487
790 135 791 135
790 1233 790 1232
881 368 880 368
616 479 616 478
37 584 37 585
153 868 154 868
689 628 689 629
772 1222 771 1222
849 113 850 113
1115 883 1115 882
1279 1002 1279 1001
678 361 678 362
38 1160 39 1160
23 624 22 624
1361 900 1361 899
1337 1405 1337 1406
1092 1203 1091 1203
1281 1360 1282 1360
248 1046 249 1046
97 520 97 521
273 1166 274 1166
342 193 341 193
1056 19 1056 18
513 735 512 735
1229 955 1230 955
137 1278 137 1277
1120 561 1119 561
1106 1337 1106 1338
664 765 665 765
841 1198 841 1199
1177 75 1177 74
1143 631 1144 631
677 377 677 378
66 714 66 713
1139 583 1139 582
98 202 97 202
735 561 734 561
90 976 91 976
1117 77 1116 77
496 1361 496 1360
80 540 81 540
236 1178 235 1178
18 765 19 765
848 540 849 540
641 447 641 448
1266 340 1265 340
715 1403 715 1402
22 820 23 820
647 71 647 70
919 1230 918 1230
1239 399 1239 398
547 452 546 452
1159 563 1159 562
449 1347 448 1347
261 685 262 685
959 1198 960 1198
164 105 165 105
93 1054 93 1053
937 1373 937 1372
290 862 290 863
1243 664 1244 664
199 1123 199 1124
1016 675 1015 675
139 307 139 308
1216 672 1216 673
808 14 808 13
885 1139 884 1139
695 987 696 987
3 131 3 132
1005 793 1006 793
944 798 943 798
1223 309 1223 310
643 482 643 481
742 316 742 317
118 797 119 797
924 228 925 228
746 1376 746 1377
258 965 257 965
847 171 847 170
1104 184 1104 183
367 1274 368 1274
536 247 536 248
350 1233 349 1233
1333 672 1334 672
1133 734 1133 733
1131 1050 1130 1050
771 258 772 258
150 858 150 859
513 450 513 449
11 1000 11 1001
1010 843 1009 843
1031 1361 1031 1360
1199 1093 1199 1092
1219 901 1219 902
1260 1274 1261 1274
189 1317 190 1317
887 1232 887 1231
808 1144 808 1143
428 429 429 429
604 757 604 758
93 1312 92 1312
979 328 979 329
950 1241 951 1241
60 1138 60 1139
572 1232 572 1233
1338 148 1338 149
1037 1014 1037 1013
476 1100 475 1100
22 277 23 277
749 741 749 740
973 973 973 972
961 1377 960 1377
976 935 976 936
566 1047 567 1047
63 117 63 116
1392 150 1392 149
642 254 641 254
623 232 623 231
489 1360 490 1360
903 693 903 694
796 292 796 293
575 345 575 346
1217 749 1216 749
106 93 107 93
124 1020 124 1019
641 89 640 89
437 700 437 699
896 365 897 365
1180 368 1181 368
219 624 218 624
1369 1354 1370 1354
953 356 952 356
953 500 952 500
995 1167 995 1166
1170 875 1170 876
647 341 648 341
810 597 809 597
754 1305 754 1304
510 1331 509 1331
594 1308 595 1308
163 57 163 58
483 931 482 931
1316 1151 1316 1150
781 389 782 389
674 1404 675 1404
267 799 267 800
1169 1241 1170 1241
1072 1232 1072 1233
190 1408 190 1407
1355 1030 1355 1031
179 730 179 729
1384 410 1384 409
332 231 331 231
766 814 766 813
381 1330 381 1329
1281 1396 1281 1397
318 312 318 313
474 1047 474 1048
1257 779 1257 780
190 246 189 246
157 1116 158 1116
295 947 296 947
1320 517 1320 518
49 1160 49 1161
539 406 539 407
1281 588 1281 589
232 820 231 820
546 351 546 352
56 1391 56 1390
1318 337 1318 336
470 623 471 623
1042 1131 1042 1132
421 744 420 744
300 392 299 392
637 445 637 444
766 278 765 278
779 765 779 766
1028 451 1028 452
1128 1236 1128 1237
321 149 321 148
528 143 529 143
840 61 840 60
1245 401 1245 402
1239 963 1240 963
158 1146 157 1146
303 1112 303 1111
1093 1026 1093 1025
557 1021 558 1021
513 142 514 142
913 544 913 543
943 381 943 382
1265 375 1266 375
1055 1170 1055 1169
798 1086 799 1086
1211 1263 1211 1264
384 680 385 680
804 837 805 837
1134 792 1134 793
501 1336 500 1336
372 927 372 926
485 393 485 394
1196 1111 1195 1111
489 1134 489 1135
367 519 368 519
731 727 731 728
527 1377 526 1377
1218 1179 1217 1179
438 391 439 391
729 1108 728 1108
451 974 451 973
864 1346 865 1346
1387 16 1386 16
53 367 52 367
863 831 864 831
994 638 995 638
1017 972 1016 972
1023 1206 1023 1207
1344 1357 1344 1358
1278 1029 1277 1029
969 115 968 115
592 449 593 449
1387 356 1388 356
820 421 820 422
1164 461 1163 461
309 1382 310 1382
374 1108 373 1108
220 430 220 431
248 880 248 879
1104 693 1104 694
592 488 592 489
970 616 970 617
943 222 944 222
30 913 30 912
378 914 377 914
493 987 494 987
679 224 678 224
72 424 71 424
1258 206 1259 206
658 1206 657 1206
5 1333 5 1332
36 752 37 752
374 1069 375 1069
1129 53 1128 53
955 1068 955 1067
515 397 515 398
747 714 747 713
1089 656 1089 657
757 354 756 354
69 1061 69 1060
521 1233 521 1232
111 1311 110 1311
789 86 788 86
1108 1328 1107 1328
933 440 933 439
231 1191 231 1190
643 934 642 934
901 1259 902 1259
1069 6 1069 5
590 195 589 195
633 901 633 902
1025 105 1024 105
101 1159 101 1158
335 709 336 709
443 136 443 135
1015 719 1016 719
502 1386 501 1386
1290 872 1290 873
1172 908 1172 907
74 743 75 743
1161 1155 1161 1154
1067 830 1066 830
121 586 121 585
932 42 932 43
928 1218 927 1218
184 188 185 188
494 492 494 491
81 728 81 729
550 153 549 153
1175 951 1175 952
76 1237 76 1238
816 342 815 342
1272 990 1272 991
1301 126 1301 125
1220 1132 1221 1132
474 681 474 680
1391 358 1391 357
399 1185 399 1184
1356 695 1355 695
1226 1206 1226 1207
562 717 562 718
1011 458 1011 457
1074 1120 1074 1119
1362 731 1363 731
1016 276 1016 275
472 260 472 259
896 1310 896 1309
1052 840 1053 840
443 570 444 570
811 390 811 389
149 921 150 921
668 857 668 858
714 722 715 722
891 208 891 209
978 272 978 273
207 747 206 747
725 1409 726 1409
258 1071 257 1071
482 1410 481 1410
345 290 345 291
91 930 90 930
1086 542 1086 543
625 1017 626 1017
428 43 429 43
1077 409 1077 410
328 1338 327 1338
616 1314 615 1314
581 882 581 883
1094 1068 1093 1068
429 1408 428 1408
808 1071 808 1070
785 87 786 87
20 538 20 539
1360 1029 1360 1030
893 59 894 59
1 1402 1 1403
105 291 105 292
788 0 787 0
303 1272 302 1272
52 440 52 441
667 26 667 27
1337 1288 1337 1289
965 587 965 588
780 1280 780 1279
965 996 965 995
63 217 62 217
94 346 94 345
797 1238 797 1239
897 1341 897 1342
515 1133 515 1132
98 1150 99 1150
1184 953 1183 953
1335 1089 1336 1089
1360 821 1361 821
1002 1072 1002 1071
927 1204 926 1204
378 924 379 924
183 1213 183 1214
819 1323 820 1323
759 1375 759 1374
793 1231 793 1230
488 885 488 886
34 1369 33 1369
225 534 224 534
205 666 205 665
1098 1190 1098 1189
456 268 456 269
736 308 736 309
1282 667 1282 666
298 1162 299 1162
445 495 445 496
351 1042 352 1042
953 230 952 230
800 51 799 51
169 549 168 549
431 867 430 867
43 42 43 41
854 1201 853 1201
1149 135 1149 134
607 1104 607 1105
615 1255 616 1255
1287 904 1287 903
383 1168 384 1168
809 1136 809 1137
704 1292 704 1291
1034 1118 1034 1117
272 1001 271 1001
3 1061 4 1061
1028 769 1028 768
1320 1295 1320 1296
776 200 776 201
486 1132 485 1132
718 655 717 655
51 17 51 18
405 1100 404 1100
496 1094 496 1095
492 546 491 546
1090 1066 1091 1066
1384 162 1385 162
1066 987 1067 987
434 955 435 955
807 409 808 409
498 651 497 651
733 773 733 772
1313 1204 1313 1205
1375 1140 1376 1140
1345 1173 1346 1173
622 1020 622 1019
1324 1296 1324 1295
80 200 81 200
375 1397 374 1397
13 186 13 187
896 944 897 944
11 473 11 472
1176 828 1175 828
343 895 343 896
909 454 910 454
345 684 344 684
575 797 575 796
957 1238 956 1238
759 1362 758 1362
764 339 764 338
174 158 174 159
1039 32 1040 32
1263 529 1263 528
1166 1278 1167 1278
667 899 667 900
892 430 892 431
835 344 834 344
1332 698 1332 697
740 1153 739 1153
1149 1141 1149 1140
146 1146 146 1147
539 380 540 380
1205 1006 1205 1007
207 451 206 451
772 1089 773 1089
1110 870 1111 870
374 1006 374 1007
627 887 627 886
437 1384 438 1384
384 1056 384 1057
1173 217 1173 218
380 978 380 979
254 1121 254 1120
849 1098 849 1099
1062 1202 1062 1203
1189 899 1190 899
219 219 219 220
730 1398 730 1397
704 1022 704 1021
1072 230 1072 229
1110 849 1110 850
964 1161 964 1160
822 1399 822 1400
48 675 47 675
577 172 577 171
1248 1140 1248 1141
1205 1385 1204 1385
1050 202 1049 202
612 1347 612 1346
1387 26 1387 27
254 1139 253 1139
774 649 773 649
72 1143 71 1143
884 47 883 47
123 991 122 991
423 578 422 578
494 224 493 224
1201 1044 1201 1045
1131 225 1132 225
949 1153 950 1153
269 472 270 472
218 613 217 613
618 267 619 267
1118 1079 1118 1080
1378 1371 1378 1372
209 405 210 405
1301 452 1301 451
390 164 390 163
1125 820 1125 821
16 135 15 135
887 407 887 406
202 907 203 907
718 584 719 584
115 1072 116 1072
884 396 884 397
1196 558 1195 558
616 1240 617 1240
1214 312 1213 312
572 1116 572 1117
485 528 486 528
59 1130 60 1130
263 802 263 803
376 528 377 528
1392 782 1391 782
820 232 820 231
1169 558 1169 559
152 1376 153 1376
277 560 278 560
442 350 442 351
1221 493 1220 493
600 750 600 749
251 762 250 762
1290 25 1289 25
388 393 388 392
400 168 400 169
1148 1171 1148 1170
425 859 424 859
559 166 559 165
213 941 214 941
1288 864 1287 864
1350 13 1349 13
1110 287 1109 287
363 701 363 700
1081 1293 1081 1294
931 1011 930 1011
664 332 664 333
1111 909 1111 910
438 1034 437 1034
137 1136 136 1136
1048 1249 1048 1248
723 1362 724 1362
1104 578 1103 578
1227 1154 1226 1154
595 48 594 48
609 118 608 118
870 1042 870 1043
467 2 468 2
963 373 963 374
1292 1358 1293 1358
13 1387 14 1387
47 1284 48 1284
1057 1343 1057 1342
1264 1116 1264 1117
47 1344 46 1344
1232 574 1233 574
146 459 146 458
611 766 611 765
255 833 255 834
203 44 203 45
169 1309 169 1308
88 801 88 800
296 10 297 10
611 974 612 974
1045 1026 1046 1026
753 344 752 344
1106 723 1107 723
520 337 519 337
1243 238 1244 238
1225 833 1225 832
421 1344 421 1345
441 701 441 702
1335 814 1334 814
1041 1194 1041 1193
308 482 309 482
496 70 497 70
101 5 102 5
514 974 514 973
333 637 333 638
1145 1063 1145 1064
503 14 503 13
800 525 801 525
1206 320 1205 320
962 119 963 119
244 1367 244 1368
401 1288 402 1288
1177 898 1178 898
1274 71 1275 71
1114 40 1115 40
669 311 669 312
521 861 522 861
427 1255 428 1255
807 724 807 725
357 380 357 381
543 897 543 898
513 280 512 280
1061 436 1061 435
732 837 731 837
1011 750 1011 751
185 9 185 10
1280 448 1280 449
1121 1137 1122 1137
754 952 754 953
1121 114 1120 114
220 1212 221 1212
1174 515 1174 516
569 1326 570 1326
758 1282 758 1281
587 1155 587 1154
209 290 209 289
486 928 485 928
737 622 737 623
499 1385 498 1385
885 1044 884 1044
1091 78 1090 78
787 1057 787 1058
1252 883 1253 883
1124 720 1123 720
559 517 558 517
427 736 426 736
791 645 790 645
892 633 891 633
465 87 464 87
1361 588 1362 588
1027 1100 1027 1101
670 880 670 881
123 1122 123 1121
246 350 247 350
386 34 385 34
423 890 422 890
496 1300 497 1300
55 674 54 674
272 91 273 91
82 666 83 666
865 1229 864 1229
906 589 905 589
935 404 936 404
878 449 877 449
999 1248 998 1248
96 461 95 461
901 945 901 944
921 219 921 218
973 24 973 25
555 772 555 773
946 499 946 498
467 255 467 254
770 735 769 735
1169 1145 1170 1145
262 151 263 151
144 1394 144 1395
519 654 520 654
365 752 366 752
1368 894 1368 895
1127 151 1127 152
690 351 690 352
498 467 498 466
474 1381 474 1380
810 753 810 754
765 478 766 478
1114 1220 1113 1220
507 711 507 710
1113 96 1113 97
481 49 480 49
656 791 656 790
206 35 206 34
1252 281 1251 281
389 1297 389 1298
316 344 316 343
1158 346 1158 347
621 320 620 320
4 1103 5 1103
1025 1377 1025 1378
374 820 374 819
255 515 255 516
1216 870 1216 869
651 894 650 894
459 70 459 71
1128 958 1128 957
1222 671 1222 672
650 589 650 590
77 1224 77 1225
722 66 722 67
852 1364 853 1364
727 1154 727 1153
932 1327 931 1327
974 732 974 733
598 107 597 107
1021 745 1021 746
1310 869 1309 869
765 1185 765 1184
295 464 294 464
1227 483 1226 483
844 944 844 945
581 1048 581 1049
858 165 858 164
330 859 331 859
1080 928 1080 929
836 1091 837 1091
645 1297 644 1297
1280 736 1279 736
868 1338 868 1339
904 236 904 237
135 360 134 360
116 1276 116 1275
1333 705 1334 705
884 354 884 353
1096 1168 1096 1167
0 632 1 632
865 13 864 13
901 219 902 219
773 199 773 200
118 1242 118 1241
1023 1400 1024 1400
607 1202 607 1203
361 685 360 685
1139 460 1139 461
91 258 91 259
389 560 389 561
59 608 58 608
402 1184 403 1184
196 1353 195 1353
154 1219 155 1219
555 252 555 253
311 1014 310 1014
449 756 448 756
502 1024 503 1024
15 1027 14 1027
366 1135 366 1136
196 258 196 259
1387 902 1386 902
1152 1288 1153 1288
227 738 226 738
815 93 815 94
718 8 719 8
272 967 272 968
630 751 630 750
206 1407 206 1406
1090 624 1090 625
272 565 273 565
419 207 419 206
453 1303 453 1302
552 293 552 292
1065 698 1064 698
226 1221 225 1221
700 900 700 901
1319 1154 1320 1154
93 175 92 175
1055 998 1056 998
1327 1353 1327 1354
722 693 722 694
1188 603 1187 603
757 742 758 742
4 920 4 921
612 918 612 919
1077 340 1076 340
704 1270 704 1271
402 1338 403 1338
460 120 461 120
808 846 808 845
1239 137 1239 136
1082 1336 1083 1336
1024 228 1023 228
648 555 648 554
1200 817 1200 816
1165 1004 1166 1004
624 289 624 288
636 1178 636 1177
1287 327 1288 327
932 564 933 564
731 324 730 324
823 963 823 962
146 835 147 835
969 442 968 442
873 638 873 639
721 757 721 756
231 1272 232 1272
346 1110 346 1111
267 203 267 202
1070 759 1071 759
1385 654 1385 653
258 618 259 618
1301 1300 1301 1301
168 957 168 956
2 20 2 19
1138 1170 1139 1170
1001 450 1002 450
922 530 923 530
667 921 668 921
513 890 513 889
223 789 223 790
1001 746 1001 745
1109 311 1108 311
1205 532 1205 531
1129 734 1129 733
1121 375 1121 376
421 1106 421 1105
1130 9 1129 9
791 1174 791 1175
433 89 432 89
971 950 971 951
174 744 174 745
20 1282 21 1282
880 712 879 712
574 1373 574 1372
960 693 959 693
550 807 549 807
16 300 15 300
98 1336 97 1336
1316 1043 1316 1044
485 836 485 835
142 780 141 780
1233 455 1233 454
616 1095 615 1095
429 1048 429 1047
1037 498 1037 497
192 969 193 969
135 693 135 694
269 100 268 100
397 989 397 988
651 1165 652 1165
1151 551 1151 550
155 1258 156 1258
1192 1152 1192 1153
1086 389 1087 389
432 257 433 257
864 492 863 492
204 152 203 152
1347 1378 1348 1378
502 650 503 650
957 566 958 566
144 603 144 602
674 1092 675 1092
1201 1391 1201 1390
303 1216 302 1216
1249 934 1248 934
1380 45 1381 45
799 919 799 920
1357 632 1358 632
610 255 610 256
1376 135 1376 134
609 1146 608 1146
1178 49 1177 49
1152 508 1151 508
1377 855 1376 855
822 86 821 86
983 540 984 540
850 1154 850 1153
743 1185 743 1184
699 125 699 124
303 1016 302 1016
781 243 780 243
1139 470 1139 469
731 946 730 946
1245 417 1245 418
1045 1297 1045 1298
424 958 425 958
1293 957 1293 958
163 1259 164 1259
938 678 938 677
149 339 149 340
975 407 976 407
599 244 599 243
281 840 281 841
1381 1330 1381 1331
3 879 3 878
265 561 265 560
40 191 40 192
1269 1216 1268 1216
216 743 215 743
451 1407 451 1408
584 641 583 641
890 877 890 878
302 641 301 641
799 1283 798 1283
1306 492 1307 492
1156 23 1157 23
699 74 699 73
1065 677 1065 678
1184 193 1184 192
1171 194 1172 194
80 962 80 961
613 517 612 517
1309 471 1309 472
1387 1143 1387 1142
378 25 378 26
437 191 436 191
799 1229 798 1229
1113 468 1112 468
965 1315 965 1314
218 3 217 3
539 1245 539 1246
537 1250 537 1251
474 796 475 796
1374 1092 1374 1093
741 1143 740 1143
1322 1190 1321 1190
605 556 605 557
288 881 287 881
1001 1101 1001 1102
1267 1170 1267 1169
992 1376 992 1375
1114 940 1114 939
441 70 440 70
878 1365 878 1364
470 524 471 524
103 1308 103 1309
339 186 340 186
479 1086 478 1086
934 675 934 674
54 1122 54 1121
91 412 90 412
638 1095 639 1095
1187 620 1187 621
913 508 913 507
1179 566 1179 567
919 611 920 611
1201 1025 1202 1025
1002 249 1001 249
628 154 627 154
245 815 246 815
1015 43 1015 42
161 542 161 541
1177 1064 1178 1064
827 1351 827 1350
114 188 113 188
1332 19 1331 19
1150 862 1149 862
340 1072 340 1073
1088 1345 1089 1345
715 1115 716 1115
332 724 332 725
1376 820 1376 821
511 540 510 540
466 566 466 567
23 321 24 321
446 507 446 506
126 231 126 230
448 900 448 901
780 1180 779 1180
1116 1090 1116 1091
1071 1194 1072 1194
1053 1121 1053 1122
174 542 175 542
1003 858 1003 859
89 361 89 360
752 175 753 175
588 1293 587 1293
414 727 414 726
580 198 580 199
914 623 914 624
108 1021 107 1021
1305 197 1306 197
464 1367 465 1367
1174 392 1174 391
1341 561 1341 562
1393 668 1392 668
1354 1184 1354 1183
783 1233 783 1232
279 885 279 886
9 365 8 365
306 174 306 173
1108 13 1108 12
326 126 326 125
408 25 408 24
419 696 419 697
820 1007 821 1007
934 975 933 975
231 1157 230 1157
526 1164 526 1165
1064 679 1063 679
166 1229 165 1229
1040 932 1040 931
1230 454 1230 455
126 474 127 474
1323 273 1323 274
159 801 160 801
1245 331 1245 332
1310 583 1311 583
1072 1189 1071 1189
169 998 168 998
630 683 629 683
625 313 625 314
575 1367 574 1367
1104 1148 1104 1149
1059 411 1058 411
808 1335 808 1334
777 177 777 176
949 488 949 487
450 714 450 713
1217 169 1217 170
126 750 125 750
912 716 912 715
1389 978 1389 979
140 1184 139 1184
266 372 266 371
1227 127 1228 127
457 352 456 352
347 1346 346 1346
181 257 181 256
1288 1108 1288 1107
327 65 327 64
493 705 492 705
698 1260 698 1259
208 1121 208 1120
1292 996 1291 996
500 888 501 888
337 564 337 563
348 866 348 867
1289 780 1288 780
1362 1288 1361 1288
777 859 777 858
719 1213 718 1213
208 1375 209 1375
944 585 945 585
247 377 247 378
497 1055 497 1056
406 457 407 457
1368 1336 1368 1335
257 714 256 714
665 234 664 234
881 1299 881 1298
779 903 778 903
1360 862 1360 861
81 970 82 970
209 1105 209 1104
88 930 88 929
334 660 334 661
102 74 101 74
692 945 691 945
1278 385 1277 385
136 253 137 253
770 474 771 474
528 781 528 782
501 434 501 433
92 113 92 114
1205 1172 1206 1172
1110 1147 1109 1147
1127 609 1127 610
133 340 133 341
288 926 288 927
831 126 832 126
456 244 455 244
719 910 718 910
80 107 80 108
55 602 56 602
1277 494 1278 494
580 323 580 322
226 1110 226 1109
68 1311 67 1311
742 922 743 922
470 554 470 553
863 713 863 714
303 296 303 297
18 813 19 813
157 414 156 414
351 386 351 387
1096 1340 1097 1340
1291 70 1292 70
472 396 472 397
244 484 245 484
717 456 717 457
1062 389 1061 389
775 248 776 248
135 1103 135 1104
68 713 68 714
479 712 479 713
1107 1201 1106 1201
199 443 200 443
301 779 301 780
89 499 89 498
322 1272 323 1272
1194 972 1195 972
1352 710 1353 710
299 1143 298 1143
421 962 422 962
1131 186 1131 187
1099 1182 1099 1181
844 243 844 242
661 387 660 387
619 997 619 996
1143 347 1142 347
164 1033 163 1033
182 581 183 581
1089 486 1089 487
723 51 724 51
933 560 933 559
488 766 489 766
208 687 209 687
1367 859 1366 859
401 824 402 824
1091 636 1091 635
781 1054 782 1054
614 374 614 373
1058 769 1057 769
28 1183 27 1183
758 1023 757 1023
762 40 762 41
383 259 383 260
770 1363 771 1363
526 984 526 983
62 602 63 602
1116 810 1117 810
662 634 662 633
1034 509 1033 509
225 487 225 486
916 1029 916 1030
496 1108 495 1108
8 88 7 88
61 1207 61 1208
1191 223 1191 222
491 635 490 635
216 206 215 206
177 786 178 786
766 259 766 258
613 622 613 623
382 1269 381 1269
138 320 137 320
786 543 787 543
171 1230 172 1230
733 846 734 846
62 16 62 17
1245 385 1245 384
1175 1139 1176 1139
1155 531 1155 532
1283 1130 1282 1130
575 483 575 484
202 61 203 61
103 598 103 597
969 795 968 795
1076 260 1077 260
239 1177 239 1178
1368 451 1368 452
129 327 129 326
429 3 430 3
313 1173 313 1174
731 394 731 393
349 1360 350 1360
747 1166 748 1166
830 1383 831 1383
483 691 483 690
155 832 155 831
366 1129 366 1130
1117 1325 1116 1325
542 1181 541 1181
513 104 514 104
149 1341 148 1341
257 1300 258 1300
1086 1244 1085 1244
1143 1306 1144 1306
158 436 159 436
130 1032 129 1032
1365 1240 1365 1239
507 1111 507 1110
904 1022 904 1023
787 969 786 969
772 1331 772 1332
165 422 165 421
488 1001 488 1000
105 1166 106 1166
604 15 604 16
568 663 568 664
617 596 617 595
205 418 206 418
1254 189 1255 189
568 1154 568 1155
791 1005 791 1006
748 765 748 764
732 405 732 406
567 286 568 286
1299 376 1298 376
858 101 857 101
634 795 634 794
795 86 795 85
165 1116 165 1117
673 349 673 348
1344 1055 1345 1055
444 1345 443 1345
29 860 29 859
345 380 346 380
798 378 798 377
1268 612 1267 612
181 120 181 119
650 30 650 29
223 730 222 730
1226 5 1226 6
80 670 81 670
284 176 285 176
905 1048 905 1047
1086 391 1086 392
330 1241 330 1242
952 397 952 398
1008 411 1008 410
466 1306 466 1307
368 181 367 181
666 1287 667 1287
825 857 825 856
587 1360 587 1359
82 796 81 796
599 1243 598 1243
585 389 585 388
1062 685 1062 684
677 944 676 944
1278 194 1278 193
1347 1006 1347 1005
440 1044 439 1044
470 1113 471 1113
603 693 603 692
952 4 953 4
807 1031 807 1030
1 547 1 548
404 1183 405 1183
316 660 316 661
982 862 982 863
898 1331 898 1330
349 138 350 138
954 695 954 696
184 465 184 466
574 1291 575 1291
791 1315 790 1315
481 1384 482 1384
449 341 449 340
23 709 24 709
1102 1289 1101 1289
732 389 732 390
902 316 901 316
909 1221 909 1220
1008 1380 1008 1381
129 268 129 269
216 566 215 566
742 1015 743 1015
463 614 464 614
358 151 358 150
68 282 67 282
1204 963 1204 964
436 1247 437 1247
497 429 496 429
1255 753 1255 752
27 257 28 257
1285 586 1285 587
760 1258 760 1259
442 995 441 995
967 121 966 121
659 1021 659 1020
1016 1081 1015 1081
1235 803 1234 803
135 905 134 905
1028 1226 1028 1227
827 1031 828 1031
828 1226 828 1227
837 346 837 347
1037 1403 1037 1402
137 902 137 901
1143 163 1143 162
251 259 251 258
881 1148 880 1148
175 1358 174 1358
682 325 682 324
636 518 637 518
81 1113 81 1114
915 949 915 950
1017 1161 1018 1161
914 1300 913 1300
453 561 453 562
1197 679 1198 679
761 1269 761 1270
407 1292 408 1292
643 109 644 109
632 214 633 214
1332 567 1332 566
497 1293 498 1293
815 1288 814 1288
930 524 930 525
1301 385 1300 385
678 650 679 650
9 983 10 983
1124 382 1124 383
793 535 793 534
411 452 412 452
225 744 224 744
885 514 886 514
1290 13 1290 12
1201 887 1201 888
1262 1226 1261 1226
761 1000 761 1001
543 216 543 215
143 381 144 381
1007 1259 1006 1259
886 550 887 550
1344 1349 1344 1350
548 160 549 160
980 287 980 286
940 1014 939 1014
75 315 76 315
1061 102 1062 102
1026 320 1026 321
1393 1194 1392 1194
1235 378 1235 377
440 547 439 547
785 896 785 895
683 378 682 378
640 350 640 349
100 304 101 304
800 1322 800 1321
937 1029 938 1029
124 137 123 137
558 277 557 277
1159 804 1158 804
731 290 732 290
509 345 509 346
1256 1020 1257 1020
10 569 9 569
0 579 0 580
583 865 583 866
389 1021 390 1021
417 280 416 280
854 293 853 293
134 355 134 356
1252 1162 1252 1161
332 993 332 992
546 950 545 950
418 481 417 481
928 220 927 220
680 111 679 111
145 91 145 90
558 1313 558 1312
1006 667 1006 668
1213 300 1212 300
1378 621 1378 622
1109 103 1109 102
559 494 559 495
352 295 352 296
232 421 233 421
826 1067 826 1068
1310 1312 1311 1312
670 1250 669 1250
368 633 368 634
974 612 974 613
575 726 575 725
93 370 92 370
1009 700 1009 699
617 274 617 275
849 75 848 75
1179 970 1179 969
442 436 442 437
1201 883 1201 882
483 941 483 942
753 463 753 462
93 1207 92 1207
109 341 109 340
871 1306 871 1307
349 38 350 38
1174 1315 1173 1315
1380 1362 1379 1362
1035 194 1034 194
1095 723 1094 723
673 844 674 844
119 638 120 638
287 29 287 28
136 904 136 905
1386 16 1387 16
563 549 562 549
1068 458 1068 457
860 324 860 323
397 280 398 280
581 3 581 2
406 378 407 378
1217 1273 1216 1273
891 100 892 100
1224 201 1224 200
757 1324 756 1324
517 407 518 407
120 451 120 452
593 269 593 268
630 1018 630 1019
78 1071 78 1070
425 984 425 985
1254 438 1254 437
338 625 338 624
1262 384 1262 385
326 60 327 60
1127 139 1127 138
785 652 785 651
968 1265 969 1265
1137 534 1137 533
1331 200 1331 201
701 114 702 114
556 902 555 902
788 918 787 918
234 41 234 40
1044 763 1044 762
90 12 89 12
1380 735 1380 736
876 67 877 67
843 917 842 917
277 331 276 331
711 805 712 805
389 433 388 433
734 142 734 141
288 1187 289 1187
1226 1104 1225 1104
11 942 11 943
400 842 400 841
1228 1070 1229 1070
406 1004 406 1005
1276 376 1276 377
751 600 752 600
563 666 563 665
47 729 48 729
1059 1067 1058 1067
360 994 360 995
326 107 327 107
224 614 223 614
960 1160 960 1159
636 103 636 102
410 505 411 505
937 1384 936 1384
1273 753 1273 754
115 1378 116 1378
1223 25 1223 26
1098 577 1098 578
618 1137 618 1138
359 1169 358 1169
505 975 506 975
313 1114 312 1114
314 198 314 197
548 1350 548 1351
1316 1231 1315 1231
357 35 357 34
130 194 131 194
47 1086 48 1086
147 284 146 284
17 22 17 23
789 1234 788 1234
245 241 246 241
819 820 819 821
1168 520 1169 520
795 1097 795 1098
624 99 624 98
66 1389 66 1388
1235 1284 1234 1284
856 1168 856 1169
1294 793 1294 792
981 939 981 940
905 249 904 249
112 669 111 669
655 716 656 716
168 964 168 963
715 491 714 491
1308 1112 1308 1111
651 255 651 256
337 724 338 724
568 1378 567 1378
485 928 485 927
546 1199 546 1198
783 462 783 463
731 1057 732 1057
573 703 573 702
588 683 587 683
42 1203 42 1202
613 170 613 171
943 59 943 60
69 506 68 506
1078 1093 1079 1093
1222 10 1222 11
583 1170 583 1169
919 771 919 770
340 319 341 319
1110 437 1109 437
524 1104 525 1104
690 90 691 90
899 1043 900 1043
375 1223 375 1224
1262 667 1261 667
351 783 351 784
394 146 394 145
1045 1342 1045 1343
504 1293 504 1294
975 1030 974 1030
989 337 990 337
15 663 15 664
299 113 299 114
665 574 665 575
960 583 960 582
1373 93 1372 93
1229 1409 1229 1410
605 1161 606 1161
1330 1330 1331 1330
796 1178 795 1178
1093 562 1093 561
527 1221 528 1221
1160 939 1159 939
93 179 94 179
407 1135 407 1136
927 292 928 292
990 881 990 880
1249 120 1249 119
142 384 142 383
624 911 623 911
717 1168 718 1168
666 1310 666 1311
1 1407 2 1407
75 30 75 29
1016 854 1016 853
68 987 67 987
193 395 193 396
1053 1022 1053 1021
207 902 207 901
317 338 317 339
1231 267 1232 267
504 372 504 371
752 57 751 57
195 1270 195 1269
359 9 360 9
367 620 367 619
836 514 836 515
1087 158 1086 158
558 1088 558 1087
1332 831 1331 831
1387 834 1387 833
1236 1383 1235 1383
1028 467 1027 467
1094 535 1094 536
924 905 923 905
610 14 610 15
1241 715 1240 715
720 648 720 649
1078 1276 1078 1275
224 43 223 43
1150 347 1150 348
1194 1102 1194 1101
384 724 384 725
76 67 75 67
569 879 569 880
1100 955 1100 954
1363 723 1362 723
1080 28 1081 28
975 1069 976 1069
201 766 202 766
843 1227 842 1227
139 411 140 411
119 931 120 931
1270 513 1270 512
50 312 49 312
750 347 751 347
948 1138 947 1138
266 607 267 607
1056 858 1056 857
960 1225 960 1224
124 214 124 213
429 1090 429 1091
687 650 687 649
277 1233 276 1233
876 268 876 269
838 1035 838 1034
450 640 451 640
377 61 378 61
752 423 753 423
802 1162 803 1162
819 418 819 417
1122 1310 1121 1310
1235 57 1234 57
529 337 529 336
334 632 335 632
415 346 415 345
664 1365 664 1366
1059 773 1059 774
1243 369 1242 369
9 479 9 480
427 158 427 157
65 708 66 708
909 1410 909 1409
170 132 171 132
167 110 166 110
404 1043 404 1044
338 0 339 0
506 393 505 393
133 745 133 744
635 104 635 103
1087 345 1087 344
506 1031 507 1031
931 1064 930 1064
881 840 880 840
1327 1364 1327 1363
1111 591 1110 591
1126 1235 1126 1236
1013 56 1013 57
669 1287 670 1287
1179 920 1180 920
1338 216 1339 216
128 928 128 929
844 783 845 783
282 320 282 319
801 1112 801 1113
633 694 633 693
155 850 156 850
729 54 729 53
199 164 198 164
1070 1321 1070 1322
150 363 151 363
1248 304 1248 303
1213 665 1213 666
1223 1118 1223 1117
1194 1276 1195 1276
1343 1105 1344 1105
437 816 438 816
92 669 92 668
1137 950 1136 950
157 1052 157 1051
75 182 74 182
364 934 364 933
854 136 853 136
357 1332 358 1332
614 505 613 505
994 1327 993 1327
136 413 136 414
1123 784 1123 783
941 1236 940 1236
1045 1395 1046 1395
419 985 419 986
662 714 661 714
603 647 604 647
1112 381 1112 382
195 90 195 91
855 110 855 109
331 144 330 144
778 255 777 255
442 1233 441 1233
1173 1108 1173 1107
633 1176 633 1177
193 710 193 709
51 1082 51 1083
1156 508 1156 507
653 1134 652 1134
482 503 481 503
275 603 274 603
701 672 700 672
1344 296 1343 296
672 1389 672 1390
114 108 114 109
1129 1185 1129 1186
1030 232 1029 232
1089 1354 1089 1353
688 491 688 492
443 136 443 135
43 806 42 806
1309 839 1309 840
586 219 586 218
445 763 444 763
710 615 709 615
838 891 839 891
712 579 712 578
281 324 281 323
1122 887 1123 887
1204 949 1205 949
1262 465 1262 464
1298 481 1297 481
1261 1125 1262 1125
482 679 482 680
981 1263 980 1263
1355 265 1356 265
1324 1261 1324 1262
642 773 642 772
1266 1149 1267 1149
37 675 37 676
498 1136 498 1135
1045 1157 1046 1157
383 231 384 231
607 416 606 416
613 175 612 175
756 1246 756 1245
1143 574 1143 573
69 1344 68 1344
384 33 384 32
1019 1278 1018 1278
504 103 504 102
1346 302 1346 301
75 386 74 386
857 1234 856 1234
1320 466 1321 466
574 1010 574 1009
1222 1062 1223 1062
174 369 174 370
297 364 297 365
1249 405 1249 406
241 197 240 197
304 913 305 913
539 740 539 741
1052 1319 1052 1318
772 499 771 499
1132 1000 1133 1000
690 227 691 227
202 1154 202 1155
2 1290 1 1290
293 1147 292 1147
1262 669 1261 669
546 1252 546 1251
199 332 198 332
950 804 950 805
72 258 71 258
778 495 779 495
109 318 109 317
3 464 4 464
453 1331 453 1332
777 167 776 167
1227 1211 1227 1210
782 169 783 169
699 881 699 880
915 508 915 509
824 875 824 874
134 328 134 329
1110 1061 1109 1061
74 253 74 252
1239 585 1239 584
624 31 625 31
64 1071 64 1070
93 477 93 476
469 864 470 864
822 1213 822 1212
1201 134 1200 134
330 726 330 725
1363 277 1364 277
158 745 158 746
1227 527 1227 528
314 1158 313 1158
1218 1173 1219 1173
32 611 31 611
1007 818 1007 819
1191 1116 1192 1116
1250 1191 1249 1191
113 550 113 551
805 1315 805 1314
941 1136 940 1136
1226 187 1225 187
443 317 442 317
1125 841 1124 841
61 1189 60 1189
176 21 176 20
205 453 204 453
256 719 256 718
1190 50 1191 50
352 391 352 392
655 242 656 242
769 1364 770 1364
902 897 902 896
420 1231 421 1231
1079 1029 1079 1028
884 314 884 313
29 205 28 205
1289 817 1290 817
1085 1080 1085 1081
841 1235 842 1235
863 772 864 772
394 574 395 574
995 733 994 733
437 924 437 925
1266 237 1265 237
1080 979 1080 980
1155 116 1155 115
1150 1244 1150 1243
1384 34 1383 34
174 1292 173 1292
224 1168 224 1169
680 833 679 833
516 906 516 905
1022 856 1022 857
1304 158 1304 157
81 670 80 670
380 522 380 523
1019 769 1019 768
1332 1088 1333 1088
1218 210 1219 210
1148 1267 1148 1266
167 911 167 910
906 1025 905 1025
1132 1377 1132 1376
1145 1210 1144 1210
1034 1382 1034 1383
522 815 522 816
262 696 263 696
791 459 791 460
100 1058 99 1058
3 980 3 979
1323 1291 1323 1292
292 747 292 746
734 1245 734 1246
1265 1002 1265 1001
1332 1363 1332 1362
153 1283 153 1282
757 1144 756 1144
154 177 153 177
155 814 155 813
1137 503 1136 503
169 540 170 540
441 526 441 525
459 432 459 433
1257 921 1256 921
481 1402 481 1401
188 276 188 277
457 684 457 683
860 601 860 600
46 1089 46 1090
1339 303 1339 302
1140 928 1140 927
259 237 258 237
359 1386 358 1386
950 815 951 815
418 319 417 319
630 1297 630 1298
690 693 690 692
755 1280 756 1280
158 462 157 462
446 229 446 228
1144 538 1143 538
122 889 123 889
542 1001 542 1002
972 969 972 970
171 1321 171 1320
643 539 644 539
1378 1082 1378 1083
1160 614 1159 614
756 1261 757 1261
749 108 749 109
930 336 930 335
190 110 189 110
171 680 170 680
504 624 505 624
124 344 123 344
537 927 537 928
226 244 226 243
59 1186 58 1186
1309 501 1309 502
401 689 402 689
927 754 926 754
777 88 777 87
1172 509 1172 510
1323 984 1323 983
1273 28 1272 28
103 971 103 970
347 1337 347 1338
708 910 709 910
1392 315 1392 316
558 869 559 869
1086 189 1086 188
1057 189 1057 188
1332 1028 1333 1028
1335 952 1336 952
1193 720 1193 719
1239 546 1239 545
272 774 272 775
837 1083 837 1082
1149 1024 1149 1023
898 158 897 158
677 639 678 639
148 790 148 789
1374 1214 1374 1213
497 612 497 613
836 1245 837 1245
993 765 992 765
1349 1139 1349 1138
1271 628 1271 627
1031 1365 1032 1365
753 458 753 457
314 131 314 132
409 822 410 822
370 767 371 767
1191 1012 1190 1012
583 743 582 743
685 1326 684 1326
727 124 726 124
46 1369 45 1369
1018 418 1019 418
567 1359 567 1360
679 990 680 990
34 1083 35 1083
292 249 292 250
480 261 480 260
947 674 948 674
483 196 483 197
43 1290 42 1290
455 129 455 128
1260 1046 1261 1046
95 993 95 992
559 762 559 763
382 1363 383 1363
1022 1113 1023 1113
689 829 690 829
882 646 882 645
1005 410 1005 411
1281 482 1280 482
663 668 664 668
546 293 546 292
1330 1244 1331 1244
1371 47 1371 46
403 392 403 393
60 302 59 302
907 820 908 820
305 1288 305 1287
198 910 197 910
907 712 906 712
369 600 368 600
133 78 133 79
954 1300 954 1301
786 1328 786 1329
839 729 839 730
345 1244 344 1244
117 1331 117 1330
255 591 254 591
173 704 174 704
693 1276 693 1277
235 415 235 416
345 534 344 534
1375 501 1375 500
564 839 565 839
125 280 125 281
434 201 435 201
441 396 441 397
749 396 749 397
321 742 320 742
177 423 178 423
1200 1283 1200 1282
1299 601 1299 602
972 427 973 427
740 1195 739 1195
50 1148 50 1149
601 216 601 217
471 42 471 43
690 687 690 686
933 412 933 413
630 567 629 567
764 1287 764 1288
1269 1146 1269 1147
457 205 456 205
1104 159 1103 159
1197 353 1196 353
1117 251 1118 251
704 918 704 917
1117 605 1116 605
1257 484 1258 484
1056 536 1057 536
1134 1385 1134 1384
724 143 724 142
852 1059 852 1058
59 294 59 293
1230 189 1231 189
417 14 417 15
60 530 61 530
714 1306 714 1305
969 521 969 520
227 873 227 874
325 404 324 404
487 951 487 952
326 698 326 699
962 411 963 411
1344 904 1345 904
124 1360 124 1359
399 17 399 16
1241 766 1241 767
968 1061 968 1062
151 1319 151 1320
249 303 250 303
1225 300 1226 300
15 980 15 979
3 115 3 114
65 450 64 450
1149 324 1149 323
630 680 630 681
367 664 367 665
1030 849 1029 849
103 975 103 974
1198 655 1197 655
368 95 369 95
227 1331 227 1330
988 854 988 855
3 590 4 590
765 887 764 887
88 1021 87 1021
577 565 576 565
450 774 450 773
1017 656 1017 657
980 1015 980 1014
478 881 478 880
785 806 785 807
39 132 38 132
450 1112 450 1111
88 1313 87 1313
1084 562 1085 562
80 863 80 864
1034 900 1033 900
238 1014 238 1015
633 909 633 908
843 835 844 835
198 348 197 348
278 1127 278 1128
262 760 263 760
214 857 214 856
1053 993 1054 993
429 392 430 392
364 1188 364 1187
1290 747 1289 747
752 1215 753 1215
42 1200 42 1201
37 1217 37 1216
1015 407 1015 408
793 1159 793 1160
1368 461 1367 461
253 866 253 865
1020 732 1020 731
792 952 792 951
629 1327 628 1327
570 653 571 653
52 680 52 679
1050 976 1050 975
52 1088 51 1088
1022 1239 1022 1238
1347 1181 1346 1181
1217 1345 1218 1345
360 950 361 950
1366 1006 1366 1005
825 903 825 904
1277 640 1276 640
779 778 779 777
1184 1123 1185 1123
1040 1215 1039 1215
491 1115 490 1115
918 1195 918 1194
185 754 185 753
789 1158 789 1157
1083 1022 1083 1023
453 707 454 707
184 999 184 998
769 3 768 3
296 594 297 594
499 244 499 243
902 1253 902 1252
381 878 381 877
840 959 841 959
144 189 144 190
637 423 637 424
985 1273 985 1274
492 434 493 434
1356 1377 1356 1376
435 1329 435 1328
1390 1194 1391 1194
329 987 328 987
1050 1379 1050 1380
1360 1021 1361 1021
1031 348 1031 347
440 1349 440 1350
119 120 118 120
1082 869 1082 870
458 76 458 75
672 406 673 406
532 55 531 55
515 991 514 991
237 94 237 95
15 1319 14 1319
478 160 478 161
1248 398 1249 398
41 1345 41 1346
729 1369 729 1370
1170 859 1171 859
133 495 134 495
1021 931 1021 930
759 380 758 380
1078 927 1078 926
1390 121 1390 122
199 886 198 886
986 1237 986 1238
125 22 125 21
640 565 640 564
32 1302 32 1303
704 202 704 203
480 220 479 220
479 1254 478 1254
8 976 7 976
948 16 948 17
1154 1299 1155 1299
652 26 652 27
1344 706 1345 706
1074 587 1075 587
1121 704 1121 703
147 981 146 981
454 1006 453 1006
439 472 439 473
1312 698 1313 698
34 129 33 129
1388 321 1387 321
807 1323 808 1323
1382 1051 1383 1051
1254 278 1253 278
141 805 141 806
1329 1164 1329 1163
723 1404 723 1405
718 542 718 543
305 753 304 753
783 50 783 51
238 486 238 485
847 116 848 116
921 1173 922 1173
174 1348 175 1348
73 715 72 715
467 1362 468 1362
625 816 625 817
855 780 855 779
364 1250 363 1250
727 305 727 306
1352 498 1351 498
481 492 481 491
206 263 205 263
101 1203 100 1203
595 170 595 169
610 1128 609 1128
876 811 876 810
147 1348 147 1347
116 1166 115 1166
516 1016 517 1016
20 691 20 692
388 205 388 206
1273 1403 1272 1403
483 28 482 28
361 309 361 310
973 1016 973 1017
1299 1236 1300 1236
317 1130 317 1129
4 1085 3 1085
76 1366 75 1366
1144 673 1144 672
1360 1100 1360 1101
379 1410 380 1410
1080 914 1080 913
445 706 444 706
1064 1242 1065 1242
458 429 458 428
617 325 617 326
145 1040 146 1040
1270 754 1271 754
762 1058 763 1058
842 627 841 627
435 965 435 966
1257 993 1257 992
993 355 993 354
297 1406 298 1406
600 1325 600 1324
163 246 162 246
1302 933 1302 932
618 1384 617 1384
1208 1222 1207 1222
1228 1048 1228 1047
986 372 986 371
1267 1344 1266 1344
576 166 576 167
192 579 192 578
1133 720 1134 720
849 1309 848 1309
799 653 799 654
329 778 329 777
175 300 175 299
1257 266 1258 266
1376 782 1376 781
720 1184 720 1183
1017 742 1016 742
710 600 710 601
487 130 488 130
724 1014 723 1014
1357 1194 1358 1194
1320 1063 1320 1064
898 323 898 322
815 403 815 404
280 1355 280 1356
777 921 776 921
74 76 74 77
37 385 37 386
1238 27 1239 27
1091 52 1090 52
1170 1099 1170 1098
625 843 625 842
10 1130 11 1130
192 121 192 122
42 1370 43 1370
404 235 403 235
1378 1223 1377 1223
984 311 984 310
1023 846 1024 846
754 105 753 105
131 986 131 987
708 498 708 499
333 1044 333 1045
550 830 550 831
310 1313 310 1312
1251 379 1251 380
806 965 805 965
67 751 67 750
611 1091 610 1091
553 913 553 912
420 711 421 711
189 479 190 479
209 1408 208 1408
327 913 326 913
1213 868 1213 869
71 564 71 563
77 1131 78 1131
867 421 868 421
1223 1028 1224 1028
249 849 248 849
610 1216 610 1215
937 309 938 309
1214 944 1213 944
1209 668 1208 668
317 735 318 735
736 1308 736 1309
614 595 613 595
892 347 891 347
681 692 682 692
987 406 987 407
513 590 513 591
207 1105 208 1105
98 24 98 25
35 39 34 39
927 137 927 136
542 739 541 739
302 336 302 337
1137 12 1137 13
1072 753 1072 754
245 1401 244 1401
523 558 524 558
17 98 18 98
69 1087 68 1087
790 746 790 747
387 919 387 920
261 521 262 521
998 534 997 534
581 804 582 804
927 46 927 45
498 892 498 891
489 1340 489 1341
1298 981 1298 980
340 582 340 581
673 1339 672 1339
196 446 196 447
120 346 119 346
833 842 833 843
1041 631 1041 632
62 416 63 416
504 419 504 418
1372 1052 1373 1052
802 962 802 961
399 697 399 698
1036 694 1037 694
488 155 488 156
1118 193 1117 193
695 1320 696 1320
424 909 424 908
733 393 733 392
21 578 22 578
1218 625 1217 625
941 817 941 816
1105 986 1105 985
1369 1059 1370 1059
1230 1173 1229 1173
1157 389 1156 389
755 1294 756 1294
1145 1061 1144 1061
1086 374 1086 375
1391 875 1392 875
792 74 792 75
538 942 537 942
481 260 482 260
482 732 482 731
727 266 727 267
27 1273 26 1273
429 93 429 94
1012 1253 1012 1252
419 21 418 21
496 283 497 283
903 452 903 453
1074 1156 1074 1157
549 369 550 369
741 1374 741 1375
970 520 970 519
218 368 219 368
320 898 320 897
390 923 390 922
885 125 884 125
601 267 600 267
822 1278 821 1278
608 1196 608 1197
344 939 344 940
75 19 76 19
1231 402 1230 402
2 1383 3 1383
1202 178 1201 178
1255 369 1254 369
838 820 838 821
785 380 785 381
1252 1182 1251 1182
1130 1190 1131 1190
214 476 214 475
608 2 609 2
1311 1393 1310 1393
829 281 829 280
1025 537 1024 537
1354 892 1353 892
433 850 433 851
1177 534 1176 534
611 184 612 184
1314 847 1313 847
752 522 753 522
1312 827 1313 827
417 1194 417 1195
1034 1142 1035 1142
1244 598 1244 599
238 742 239 742
1100 1410 1100 1409
171 41 170 41
8 475 8 476
797 470 797 471
1335 584 1335 583
269 51 268 51
1356 1156 1356 1155
372 303 371 303
862 302 861 302
831 1095 832 1095
384 93 384 94
76 1204 76 1205
431 1337 431 1338
613 570 614 570
988 236 988 237
1327 934 1327 933
616 658 616 659
13 138 14 138
7 962 7 963
175 1125 176 1125
882 211 881 211
19 90 19 89
498 550 498 551
15 240 15 239
1341 732 1341 731
86 679 86 678
184 137 183 137
387 1091 387 1090
1309 1220 1309 1221
670 1348 670 1347
1202 911 1201 911
449 1165 448 1165
343 646 344 646
381 415 381 414
307 253 307 254
644 335 643 335
134 5 133 5
1303 628 1303 629
626 182 625 182
1256 1023 1256 1024
1092 701 1092 700
747 988 747 987
364 1215 363 1215
712 364 712 365
480 722 479 722
147 1133 148 1133
960 578 959 578
252 710 252 711
150 757 150 758
395 124 395 125
663 534 662 534
215 1140 216 1140
592 1252 591 1252
1371 378 1371 379
229 885 229 886
1090 66 1090 67
1065 32 1066 32
826 859 827 859
823 943 822 943
196 728 196 729
987 1268 986 1268
465 518 465 519
1280 461 1279 461
65 902 64 902
364 965 365 965
762 256 763 256
818 606 817 606
469 1285 469 1286
1364 841 1364 840
1328 972 1329 972
1304 1164 1304 1165
901 1294 901 1293
1009 1104 1009 1103
1019 54 1020 54
699 0 699 1
978 239 978 240
171 527 172 527
1374 1327 1373 1327
115 906 116 906
659 326 660 326
537 669 537 670
715 1021 715 1022
186 569 186 568
1063 1295 1062 1295
975 1184 976 1184
466 1032 465 1032
1255 709 1255 708
1021 1315 1021 1314
878 525 877 525
670 1141 669 1141
396 1087 395 1087
165 241 165 240
189 1115 189 1114
531 574 531 575
22 552 23 552
79 510 80 510
1343 997 1343 996
1048 1174 1048 1175
523 710 522 710
1327 967 1328 967
381 894 382 894
1224 1374 1224 1373
229 1148 230 1148
1008 464 1008 465
1070 884 1070 885
366 1169 366 1168
1354 605 1354 604
1194 818 1193 818
643 202 643 201
1310 21 1310 22
648 69 649 69
1046 1291 1046 1290
318 524 319 524
1008 1300 1008 1301
285 336 285 335
1285 125 1284 125
577 381 577 380
1366 834 1367 834
399 1402 398 1402
586 1341 585 1341
74 1263 75 1263
558 196 558 195
997 185 997 184
763 255 762 255
452 822 451 822
154 1283 155 1283
1133 286 1134 286
516 675 516 676
233 1133 234 1133
745 794 745 793
80 9 79 9
1269 526 1269 527
1034 739 1035 739
879 1148 878 1148
1373 1025 1374 1025
572 440 571 440
221 32 220 32
991 1330 992 1330
550 405 550 406
1034 1350 1034 1349
679 906 678 906
1308 1349 1308 1350
147 414 148 414
318 1116 318 1115
773 908 773 909
924 743 925 743
1026 900 1025 900
78 942 79 942
788 1357 789 1357
353 1065 352 1065
1057 351 1056 351
483 347 484 347
1227 352 1226 352
867 771 868 771
1275 488 1275 487
956 928 956 929
968 550 969 550
1389 311 1388 311
448 562 448 561
936 530 936 531
848 1071 849 1071
387 945 388 945
564 413 564 412
997 320 998 320
745 1178 744 1178
465 485 465 486
124 685 125 685
160 1343 160 1342
1225 863 1226 863
859 1042 859 1041
560 1269 560 1270
614 905 614 906
451 145 451 146
307 669 308 669
418 1133 418 1132
915 213 916 213
595 953 596 953
385 1401 386 1401
404 246 404 245
1231 366 1232 366
520 208 520 207
735 823 735 824
260 64 260 65
150 367 149 367
283 23 284 23
26 274 25 274
831 1181 831 1180
292 1295 292 1296
1165 636 1166 636
809 1204 810 1204
343 1400 343 1401
80 618 79 618
1341 900 1341 901
417 245 417 244
1087 1201 1087 1202
801 12 802 12
1388 1076 1389 1076
443 560 443 561
1287 503 1288 503
734 334 735 334
920 78 919 78
494 592 493 592
708 1119 709 1119
95 1260 95 1259
221 451 220 451
829 58 830 58
208 60 207 60
773 797 773 796
312 283 313 283
779 839 778 839
385 415 384 415
612 248 612 247
0 913 0 914
218 663 218 662
15 999 14 999
1099 538 1099 539
957 1291 957 1290
1133 332 1134 332
190 592 190 593
24 729 25 729
61 838 60 838
1200 1263 1200 1264
450 1321 450 1322
653 1274 653 1273
665 330 665 329
612 912 611 912
883 536 883 535
243 780 242 780
33 641 34 641
70 595 70 596
133 10 134 10
487 88 486 88
510 1171 509 1171
320 535 319 535
33 452 33 453
1187 346 1187 347
789 156 789 155
98 709 98 710
1256 482 1255 482
1165 1288 1166 1288
1167 742 1168 742
469 7 469 8
863 748 864 748
753 91 753 90
524 980 523 980
848 1363 848 1362
660 210 661 210
1326 1090 1325 1090
381 756 380 756
1035 213 1035 214
246 205 246 206
979 196 978 196
1100 460 1100 461
580 1089 580 1088
990 1252 990 1251
56 174 56 173
448 140 449 140
737 545 736 545
678 746 679 746
1155 1347 1155 1348
1382 671 1382 672
1370 227 1369 227
924 57 924 56
1089 1372 1089 1371
877 379 877 378
605 556 605 555
697 305 697 306
848 1134 847 1134
9 1194 9 1195
466 720 466 719
480 800 481 800
672 676 672 677
805 327 805 328
788 482 787 482
123 1123 122 1123
210 1273 209 1273
1058 358 1058 357
736 1249 737 1249
1226 119 1227 119
265 493 265 494
208 1011 209 1011
684 804 684 805
1304 774 1304 775
565 1198 565 1199
817 37 817 38
1122 283 1121 283
426 641 426 642
239 836 240 836
417 1212 416 1212
979 80 979 81
330 350 330 349
297 939 297 940
151 220 152 220
400 357 399 357
1026 1157 1027 1157
1315 626 1315 627
814 828 814 827
92 960 92 959
231 1277 232 1277
978 697 978 698
226 337 226 338
1010 39 1009 39
1343 1315 1343 1314
507 487 508 487
910 962 909 962
1370 86 1370 87
1100 1331 1100 1332
196 791 197 791
778 160 777 160
1165 1325 1166 1325
215 94 216 94
424 986 424 985
1247 655 1248 655
390 161 389 161
209 710 210 710
250 897 249 897
70 264 69 264
564 1035 564 1036
1054 742 1054 741
318 90 318 91
1158 705 1159 705
668 533 668 534
675 1163 675 1162
28 1296 27 1296
1269 1053 1269 1052
341 487 342 487
1189 1327 1189 1326
884 958 883 958
16 405 15 405
1111 1028 1111 1027
1010 1054 1010 1055
922 817 921 817
1040 933 1040 932
787 828 787 829
674 450 674 451
1204 651 1203 651
233 1401 233 1402
553 558 554 558
175 240 176 240
1102 153 1101 153
93 460 92 460
1110 472 1110 473
10 848 10 847
14 1383 14 1382
438 933 438 934
322 639 323 639
675 233 675 232
823 912 822 912
320 830 320 829
657 823 657 824
1261 95 1261 96
1201 1099 1202 1099
877 214 877 215
898 580 898 579
1339 998 1338 998
958 818 959 818
1383 890 1383 889
1322 0 1322 1
152 1326 152 1325
299 643 299 642
794 1100 794 1101
505 396 505 397
232 722 232 723
566 83 566 84
578 10 579 10
117 119 116 119
1340 1261 1340 1260
128 1050 128 1051
818 1281 817 1281
1213 1253 1214 1253
1329 769 1330 769
917 1264 917 1263
387 351 387 352
811 1029 812 1029
817 287 818 287
652 115 652 114
1257 1179 1258 1179
614 931 614 932
516 67 515 67
973 188 972 188
949 383 948 383
850 175 849 175
1098 1082 1098 1081
1324 630 1323 630
544 787 545 787
120 989 121 989
585 1198 585 1197
1271 23 1270 23
1046 37 1045 37
655 1257 655 1258
428 181 428 180
708 330 708 329
974 366 974 365
1373 453 1372 453
469 165 469 164
1159 813 1159 814
470 880 469 880
828 258 828 259
1038 639 1038 640
631 128 631 127
381 441 381 442
804 592 804 591
552 563 551 563
810 63 809 63
1032 626 1032 627
618 463 618 462
1316 1013 1316 1012
605 1147 605 1148
943 684 943 685
915 649 916 649
72 1019 72 1020
666 1087 667 1087
1162 1028 1162 1029
1298 1320 1298 1319
1257 418 1257 419
1335 336 1336 336
801 179 802 179
375 1284 376 1284
1293 174 1292 174
175 1201 174 1201
404 388 404 389
1235 422 1236 422
369 533 368 533
1060 478 1061 478
299 1096 300 1096
453 1144 452 1144
961 216 960 216
1283 895 1282 895
824 1211 824 1210
240 390 240 391
1264 141 1263 141
884 890 885 890
854 610 854 609
164 401 165 401
1165 629 1164 629
754 756 753 756
994 724 994 725
887 995 887 994
464 511 464 510
475 1351 475 1352
174 942 175 942
893 344 894 344
662 1406 661 1406
649 634 650 634
162 1157 161 1157
289 640 288 640
323 367 323 366
984 228 984 229
394 46 395 46
864 345 865 345
1025 1407 1025 1406
850 186 849 186
115 389 115 390
181 917 181 916
1311 269 1311 270
1254 775 1254 776
506 880 507 880
276 362 276 363
474 1353 474 1352
1251 25 1251 24
645 1193 646 1193
1128 836 1127 836
74 408 73 408
217 1190 218 1190
1346 334 1347 334
321 322 320 322
871 482 871 481
973 1324 973 1323
1388 1192 1388 1193
517 607 517 606
352 806 353 806
1155 558 1155 559
798 596 799 596
1004 840 1004 841
549 868 549 867
1316 1006 1316 1005
424 1257 424 1258
427 1075 427 1074
12 1233 12 1234
386 792 386 793
1061 1220 1060 1220
1032 1128 1032 1129
295 1279 294 1279
1227 227 1227 226
480 458 481 458
1326 575 1327 575
955 659 955 658
542 394 543 394
1340 117 1340 116
635 958 634 958
695 1315 694 1315
595 1154 595 1153
1365 123 1365 122
111 1259 111 1260
809 1054 808 1054
308 779 308 778
73 211 73 212
586 520 586 519
854 1284 854 1285
758 1281 758 1280
1120 698 1121 698
53 995 52 995
1238 812 1239 812
1288 1146 1289 1146
360 1034 360 1033
217 628 216 628
261 792 262 792
84 1383 83 1383
383 840 383 841
1159 237 1159 236
1092 1000 1092 1001
915 103 915 102
312 133 312 134
401 678 400 678
1205 188 1205 189
115 810 115 811
1380 182 1379 182
1031 537 1030 537
721 544 722 544
798 1057 799 1057
709 554 710 554
962 504 963 504
1351 1274 1351 1273
577 1243 576 1243
435 269 436 269
1329 88 1329 89
330 908 330 909
212 310 213 310
981 616 981 615
764 721 765 721
747 118 747 117
275 1051 275 1052
548 337 548 338
1114 245 1113 245
783 711 783 712
779 922 779 923
596 1032 596 1033
1151 495 1151 494
742 692 742 693
717 1188 716 1188
1335 1161 1335 1162
1011 683 1011 684
512 310 512 309
812 142 812 143
547 571 547 570
898 735 898 734
1214 484 1214 485
1353 230 1354 230
723 1255 723 1254
79 1392 80 1392
32 1191 33 1191
921 194 922 194
862 973 863 973
595 503 594 503
397 1233 397 1232
1316 331 1316 330
1069 426 1069 425
56 589 57 589
364 1009 363 1009
668 59 667 59
793 1266 793 1265
285 555 285 556
64 1020 64 1021
677 609 677 608
199 1161 198 1161
576 918 575 918
94 813 95 813
528 616 529 616
547 1253 547 1252
1014 927 1013 927
380 937 380 938
647 1026 648 1026
1065 402 1064 402
760 644 761 644
420 1395 420 1394
924 848 924 849
628 1028 629 1028
433 903 433 902
676 1311 676 1310
663 544 664 544
1031 204 1031 203
118 851 119 851
813 1055 813 1054
154 486 153 486
512 1109 512 1108
1322 518 1322 517
1389 1257 1389 1256
304 173 304 172
870 932 870 931
693 189 694 189
796 1080 796 1079
583 970 583 969
316 1025 316 1026
229 492 229 491
1158 110 1158 109
83 692 82 692
1393 868 1392 868
921 533 922 533
537 779 538 779
1044 978 1045 978
999 411 1000 411
41 909 41 910
1048 920 1049 920
1257 668 1257 669
1135 959 1134 959
427 415 427 416
158 37 157 37
306 209 305 209
242 82 242 83
26 794 26 793
171 990 171 989
89 277 90 277
261 858 262 858
1040 206 1040 205
340 543 339 543
249 571 250 571
20 427 21 427
528 331 528 330
1106 715 1106 714
1316 651 1315 651
935 752 935 753
1171 597 1170 597
694 1180 695 1180
242 498 241 498
711 1314 711 1315
540 325 540 324
1043 137 1043 138
777 940 777 939
907 741 907 740
1305 973 1306 973
361 716 360 716
262 845 263 845
1242 916 1242 915
576 656 576 657
493 297 494 297
332 160 332 161
1137 306 1138 306
1181 1378 1180 1378
778 1266 778 1267
554 1283 553 1283
2 1066 2 1065
1010 1323 1009 1323
110 435 110 434
719 340 718 340
1010 586 1010 587
1211 398 1211 399
1164 766 1165 766
891 500 892 500
737 1002 738 1002
129 874 129 873
1284 643 1284 642
880 425 879 425
171 1 170 1
160 593 159 593
1215 412 1215 411
374 302 374 303
408 409 408 408
1333 89 1334 89
1180 1179 1179 1179
1172 1114 1173 1114
162 378 161 378
1213 482 1214 482
1074 500 1073 500
923 947 924 947
16 1032 16 1031
4 440 4 439
171 758 170 758
904 1043 904 1044
888 704 887 704
1118 175 1117 175
136 1295 136 1294
166 937 166 938
1110 86 1111 86
809 1036 808 1036
131 1112 131 1113
1113 1336 1114 1336
472 872 472 871
1174 302 1175 302
1284 1278 1284 1279
636 182 637 182
121 86 120 86
890 392 890 391
513 673 514 673
828 1374 829 1374
1100 389 1100 388
725 296 724 296
13 1208 13 1207
837 649 836 649
684 1311 684 1312
1325 1245 1324 1245
96 1271 95 1271
1290 216 1290 217
1392 14 1393 14
1202 603 1202 602
734 41 735 41
1067 1128 1068 1128
245 813 245 814
98 1299 97 1299
29 354 30 354
1100 577 1099 577
1258 46 1259 46
1345 193 1346 193
501 667 502 667
609 856 609 855
42 1 42 0
703 378 702 378
684 825 683 825
1194 821 1194 822
948 5 948 4
214 913 215 913
339 826 338 826
910 369 911 369
535 678 535 679
203 638 202 638
75 934 75 933
110 1136 111 1136
788 1247 789 1247
717 1044 716 1044
883 140 882 140
329 1116 329 1117
301 141 302 141
19 1320 19 1321
1028 749 1027 749
809 617 808 617
818 890 819 890
1208 1038 1208 1037
704 300 705 300
1057 711 1057 712
375 471 374 471
1026 645 1027 645
708 408 708 407
940 1352 940 1351
1076 1176 1076 1175
1114 1188 1114 1187
1284 377 1284 376
542 1229 542 1230
211 848 210 848
183 49 184 49
334 645 333 645
493 147 494 147
675 626 674 626
1172 677 1172 676
992 967 992 966
291 45 290 45
978 1087 978 1086
164 171 163 171
175 1044 175 1043
606 797 606 796
10 419 9 419
994 690 993 690
146 1120 147 1120
739 865 739 864
526 291 526 290
946 241 945 241
486 871 486 872
122 260 122 259
492 153 492 152
1245 447 1245 448
534 1282 533 1282
954 640 954 641
503 102 503 101
415 205 415 204
517 999 517 1000
244 567 244 566
759 947 759 946
966 637 965 637
210 1011 211 1011
1154 33 1154 32
489 1010 489 1009
1220 1197 1221 1197
461 511 462 511
772 259 772 258
1321 1048 1321 1047
593 221 593 220
941 695 941 696
586 838 585 838
983 1268 983 1269
210 121 210 120
1230 369 1231 369
1205 299 1205 300
1282 979 1282 978
496 814 496 815
241 742 242 742
152 231 152 230
898 991 897 991
902 1224 903 1224
653 70 653 71
1104 1036 1104 1037
1314 163 1314 162
670 233 670 232
324 671 324 672
1303 161 1302 161
1021 435 1022 435
483 394 484 394
836 686 836 685
452 981 452 982
1146 560 1146 561
663 1381 662 1381
521 319 521 320
1083 1326 1082 1326
642 415 642 416
464 169 463 169
1274 1273 1273 1273
991 456 991 457
364 702 365 702
602 1006 603 1006
545 351 545 350
561 208 562 208
1181 43 1181 44
1070 1140 1070 1139
1212 1234 1213 1234
824 203 825 203
786 1196 786 1195
1235 1058 1235 1057
542 212 542 213
1040 1122 1041 1122
778 1203 779 1203
481 327 481 326
822 1372 822 1373
239 579 238 579
223 1145 223 1146
166 863 166 864
1068 45 1069 45
417 649 418 649
909 181 910 181
705 399 705 398
779 1345 779 1346
698 771 698 772
455 1113 454 1113
585 1153 584 1153
676 223 675 223
702 123 702 124
1080 1138 1081 1138
898 1315 899 1315
1288 209 1287 209
1273 245 1273 246
563 577 564 577
472 231 473 231
690 1074 690 1073
1070 100 1070 99
56 784 55 784
858 791 857 791
668 748 669 748
542 302 542 303
422 317 422 316
668 842 669 842
713 587 714 587
1135 314 1135 315
1335 423 1334 423
1252 347 1253 347
1276 428 1277 428
1271 1363 1272 1363
1340 520 1339 520
213 401 213 402
134 993 134 992
48 965 48 964
200 1267 200 1266
188 522 188 523
1029 54 1029 53
62 397 61 397
538 50 539 50
512 677 512 678
465 386 464 386
971 529 972 529
620 740 619 740
1318 482 1318 481
351 833 352 833
159 1221 159 1222
346 892 346 893
1177 281 1176 281
25 1133 25 1134
170 758 171 758
1018 310 1017 310
859 1308 859 1307
350 319 350 320
338 109 338 110
459 289 459 290
1339 1024 1339 1023
1377 1203 1376 1203
459 622 459 621
1175 1042 1175 1043
1281 1280 1280 1280
971 693 971 694
1001 976 1001 975
195 635 196 635
872 119 871 119
1324 1256 1324 1255
417 808 417 809
11 227 12 227
1019 435 1019 434
92 20 91 20
364 732 364 733
1072 223 1073 223
1362 828 1361 828
795 704 795 703
686 1410 685 1410
354 1376 353 1376
436 741 437 741
403 603 403 604
972 166 971 166
532 585 532 584
296 888 297 888
1266 882 1267 882
472 70 471 70
807 548 807 549
1157 954 1156 954
83 315 84 315
258 1369 258 1370
526 925 525 925
751 1208 751 1209
634 170 634 171
61 1402 61 1401
1378 1302 1377 1302
249 607 249 606
702 490 701 490
626 1387 626 1386
295 599 296 599
466 950 466 949
100 184 100 185
1073 854 1072 854
1157 712 1158 712
1060 155 1060 156
322 484 322 485
370 119 369 119
1379 362 1380 362
247 532 247 533
470 305 469 305
262 842 261 842
1138 1289 1138 1288
1207 939 1207 938
191 862 190 862
919 1239 919 1238
791 208 790 208
261 598 260 598
257 428 257 429
370 776 369 776
228 847 229 847
538 1049 539 1049
222 24 221 24
1254 870 1253 870
1004 256 1004 257
1288 456 1287 456
1082 111 1081 111
170 1276 171 1276
666 367 666 368
1304 960 1303 960
558 1406 558 1407
45 1069 46 1069
1055 1394 1056 1394
335 967 335 966
322 567 321 567
88 15 88 14
1024 958 1024 957
1115 1087 1115 1086
816 297 815 297
1242 1157 1242 1156
413 1329 413 1330
1141 1005 1141 1004
1236 37 1235 37
1345 314 1345 315
173 1347 173 1348
789 1156 788 1156
857 1243 858 1243
646 684 646 683
1353 72 1352 72
1169 224 1169 223
473 761 473 760
524 185 524 184
802 1062 802 1061
146 818 147 818
371 401 372 401
955 852 955 851
560 654 559 654
596 131 596 130
183 876 184 876
485 1302 485 1303
1086 408 1086 407
898 1007 897 1007
1247 1343 1247 1344
470 1175 471 1175
180 599 180 598
442 1377 442 1378
270 528 271 528
530 415 530 416
568 349 569 349
1391 599 1390 599
1130 210 1130 209
1330 661 1330 662
1147 1157 1147 1158
1029 1405 1030 1405
595 1273 595 1272
1142 504 1142 503
855 1400 854 1400
764 260 765 260
431 458 430 458
1083 45 1083 46
134 385 133 385
711 1351 711 1350
512 488 511 488
1390 1026 1389 1026
1281 49 1281 48
1243 42 1242 42
134 1107 134 1108
598 447 597 447
1114 1164 1115 1164
59 1094 58 1094
821 334 821 335
228 1342 228 1343
49 99 50 99
720 1006 720 1007
246 1274 245 1274
397 803 397 804
173 141 173 140
597 340 597 341
502 798 503 798
347 528 348 528
920 1061 920 1062
1387 1115 1387 1114
311 770 311 771
668 708 669 708
765 79 765 78
653 507 653 508
1062 26 1062 27
1102 1092 1102 1091
868 67 868 68
147 525 146 525
830 600 830 601
300 1245 300 1246
1221 822 1222 822
1124 386 1125 386
784 531 785 531
1108 86 1107 86
1070 671 1069 671
876 650 875 650
1141 932 1141 931
241 1362 242 1362
1383 90 1383 91
1324 975 1323 975
594 1299 594 1300
266 677 265 677
177 333 177 334
688 1254 689 1254
1316 677 1315 677
701 21 700 21
1365 815 1365 814
570 1014 570 1015
690 1127 689 1127
302 1080 302 1081
879 18 880 18
1273 105 1272 105
820 484 821 484
347 1367 347 1366
1324 135 1325 135
322 903 323 903
801 1372 801 1373
216 1051 217 1051
462 106 462 105
551 1380 552 1380
241 1259 242 1259
600 1363 600 1364
286 272 285 272
1047 426 1048 426
1135 85 1135 86
458 874 458 875
492 1097 492 1096
880 695 879 695
318 970 317 970
835 896 834 896
1198 655 1199 655
538 97 539 97
1018 1389 1018 1390
1020 202 1020 203
529 399 529 400
275 1209 275 1210
795 369 795 370
777 1104 777 1105
1321 49 1321 48
1172 606 1173 606
1102 222 1103 222
1360 957 1360 956
510 761 509 761
975 1385 975 1384
556 922 556 923
995 1130 995 1131
1045 436 1044 436
426 1111 426 1110
700 536 701 536
552 1215 552 1216
1036 333 1035 333
355 711 356 711
1093 437 1093 438
214 724 215 724
131 430 130 430
258 1159 258 1160
894 1276 894 1275
297 88 296 88
174 254 174 255
714 199 714 200
1037 1318 1038 1318
906 1361 907 1361
773 542 772 542
849 1108 849 1107
161 457 162 457
1243 571 1244 571
1012 711 1013 711
800 1094 801 1094
818 191 818 192
1266 246 1267 246
258 96 258 95
1019 1141 1019 1142
663 465 662 465
1219 31 1219 30
378 456 377 456
1215 615 1216 615
144 158 144 157
693 1299 692 1299
187 590 188 590
1374 749 1374 750
149 1372 149 1371
1337 950 1337 949
52 927 51 927
538 1385 538 1384
889 1317 888 1317
929 108 930 108
105 1091 104 1091
875 507 876 507
102 394 101 394
312 300 311 300
568 992 568 993
1093 158 1092 158
773 712 772 712
1069 292 1070 292
800 1014 800 1015
1351 162 1352 162
662 370 662 371
32 69 31 69
788 66 788 65
1364 973 1363 973
453 238 453 237
851 385 852 385
151 1063 151 1064
1157 1138 1157 1137
1172 1269 1173 1269
5 1160 4 1160
306 316 306 317
1114 1138 1114 1139
13 291 13 292
783 36 783 37
297 249 297 248
235 287 235 286
34 1286 35 1286
160 615 161 615
1377 1245 1378 1245
1292 417 1291 417
546 649 546 650
1305 646 1305 647
310 159 311 159
808 91 808 92
1096 908 1096 907
968 563 967 563
235 775 236 775
179 159 179 160
1052 1329 1052 1328
570 1201 571 1201
1385 1060 1385 1059
330 38 330 37
604 1158 605 1158
371 999 371 998
935 193 934 193
1314 232 1314 231
504 854 504 853
430 495 430 494
867 800 867 799
1317 521 1318 521
1026 47 1025 47
960 367 960 368
606 1313 607 1313
517 438 518 438
166 263 166 264
1250 292 1250 291
558 1275 559 1275
422 154 421 154
770 294 769 294
54 29 54 28
1062 17 1062 18
210 468 210 467
725 309 725 310
1352 33 1352 32
825 958 825 957
377 746 378 746
496 1334 497 1334
557 117 557 118
907 1338 907 1337
1254 632 1254 631
122 1263 123 1263
1154 743 1154 742
268 683 269 683
61 737 60 737
533 355 534 355
661 465 661 464
1220 1145 1220 1146
192 1392 193 1392
1341 868 1341 869
1296 1082 1296 1083
789 287 788 287
1236 828 1235 828
708 1106 708 1105
1062 1127 1061 1127
44 1399 44 1398
903 1345 903 1344
429 660 428 660
787 30 788 30
1306 1277 1305 1277
932 1380 933 1380
505 455 504 455
1086 957 1085 957
595 1400 595 1401
42 1068 43 1068
683 625 683 626
83 1038 83 1039
846 112 846 111
96 949 96 948
293 474 292 474
1234 919 1233 919
855 1125 855 1124
1085 414 1084 414
794 1132 795 1132
335 1372 334 1372
1195 403 1195 402
1355 854 1355 853
647 1305 647 1304
351 1396 351 1395
1206 445 1205 445
507 1010 507 1009
847 933 848 933
934 163 933 163
226 438 227 438
959 277 958 277
736 376 736 377
911 1129 911 1128
524 1070 523 1070
1320 744 1321 744
208 1290 207 1290
610 830 610 829
924 153 923 153
1309 832 1308 832
769 487 769 486
2 882 3 882
753 514 753 513
661 1182 660 1182
570 860 570 859
1176 164 1176 163
800 1058 801 1058
40 1164 40 1163
457 864 456 864
224 209 225 209
151 432 150 432
716 1215 716 1214
887 175 887 176
1376 486 1375 486
201 115 202 115
659 741 659 742
80 1123 80 1124
1263 1215 1263 1216
870 1090 869 1090
431 795 432 795
1271 479 1270 479
140 867 140 866
892 210 893 210
2 1048 3 1048
172 61 173 61
1271 1045 1271 1044
332 308 331 308
1168 541 1169 541
1047 145 1046 145
152 128 152 127
850 1251 850 1252
675 904 676 904
354 820 355 820
1332 1345 1332 1346
164 422 164 421
1045 745 1045 744
995 694 995 693
904 84 904 83
1206 529 1206 530
14 868 13 868
1365 1217 1366 1217
269 317 269 318
1296 1004 1296 1003
887 554 886 554
474 838 474 839
1105 565 1105 564
1056 376 1055 376
581 1115 580 1115
1379 807 1378 807
494 1070 494 1069
1010 141 1011 141
374 1045 373 1045
316 251 316 250
1236 167 1235 167
1152 897 1152 898
843 824 842 824
1342 1281 1341 1281
332 1373 332 1372
1092 182 1092 181
279 859 279 860
252 103 252 104
1223 1248 1223 1249
1136 189 1135 189
349 884 348 884
1097 784 1096 784
184 858 184 859
743 55 744 55
674 760 675 760
154 13 154 14
1157 701 1157 702
862 829 863 829
537 615 537 616
109 1261 109 1262
1143 183 1142 183
411 307 410 307
797 1061 797 1060
1324 476 1323 476
272 872 273 872
657 926 657 925
1113 569 1114 569
1290 1029 1290 1028
442 1388 442 1389
442 907 443 907
894 36 894 35
688 431 688 430
500 642 500 643
450 106 450 107
9 941 10 941
597 921 597 922
542 499 542 500
129 1305 129 1306
413 889 412 889
1024 579 1024 580
596 427 596 428
990 131 989 131
610 1343 609 1343
341 1140 340 1140
1358 1383 1358 1384
289 1305 289 1306
1244 1259 1244 1258
353 730 353 731
1324 66 1325 66
203 949 203 950
1197 1402 1198 1402
72 1407 72 1408
592 1225 591 1225
860 1287 860 1286
508 529 508 530
1045 49 1045 48
1230 841 1229 841
68 261 69 261
849 497 849 496
53 686 54 686
61 87 62 87
358 809 358 808
165 1334 164 1334
521 1279 521 1280
481 1222 480 1222
188 334 189 334
635 254 635 253
203 404 203 405
555 1353 555 1354
1023 813 1024 813
582 1341 582 1340
246 907 245 907
264 708 264 707
281 1235 281 1236
479 1020 479 1021
1310 46 1310 45
884 1261 884 1262
623 768 624 768
1202 802 1203 802
27 1065 26 1065
463 1272 463 1273
753 803 754 803
520 235 520 236
394 468 394 467
789 934 788 934
34 885 33 885
727 1054 727 1053
714 112 714 111
200 692 199 692
630 401 629 401
55 427 55 426
1111 292 1112 292
814 1148 814 1147
682 466 682 467
282 845 283 845
867 249 868 249
1005 152 1006 152
434 24 435 24
783 871 782 871
1077 1258 1077 1257
892 796 891 796
1180 970 1181 970
123 1372 123 1371
392 1303 392 1302
39 1153 39 1154
466 234 466 235
967 404 966 404
822 168 823 168
290 1029 290 1030
739 212 739 211
1285 893 1284 893
635 105 634 105
641 916 641 915
479 143 479 144
