5000
1611 1721
1147 306 1148 306
1195 95 1195 94
1245 30 1244 30
605 1440 605 1441
1250 1087 1250 1086
301 1479 301 1478
1068 362 1068 363
1112 1521 1112 1522
351 82 351 81
977 1457 977 1456
1541 1553 1541 1552
502 1048 501 1048
926 428 926 429
1553 353 1553 354
232 276 233 276
381 924 382 924
320 822 320 823
1156 1477 1157 1477
886 1229 887 1229
679 553 680 553
190 1522 189 1522
1333 1704 1333 1703
418 627 418 626
192 1065 191 1065
711 840 711 841
816 412 815 412
325 868 326 868
243 401 243 400
1386 1665 1386 1664
209 1339 209 1338
759 350 759 349
1161 699 1160 699
771 1451 771 1452
157 819 158 819
215 589 216 589
1095 34 1094 34
461 313 460 313
594 1490 594 1489
1285 806 1286 806
1317 1445 1317 1444
602 1366 603 1366
1443 415 1444 415
910 238 911 238
1442 1663 1441 1663
360 68 359 68
64 319 64 320
429 1214 430 1214
689 844 688 844
418 295 417 295
15 1569 15 1570
627 1148 627 1149
1580 308 1580 307
805 1415 806 1415
780 618 781 618
802 1647 803 1647
1439 843 1440 843
1058 1080 1058 1079
450 55 450 56
1232 1078 1231 1078
875 271 875 270
138 71 137 71
179 1161 180 1161
228 1302 227 1302
224 1061 225 1061
1236 34 1236 33
1458 327 1459 327
225 1262 224 1262
1142 1451 1141 1451
720 858 719 858
1433 45 1432 45
1107 1681 1107 1682
542 104 543 104
1506 1047 1505 1047
633 1411 633 1412
1308 850 1309 850
707 1138 707 1137
219 499 219 500
1169 1397 1168 1397
416 612 416 613
1352 1071 1351 1071
926 1622 926 1621
1256 154 1257 154
5 137 5 136
771 164 771 163
1399 926 1399 927
1320 149 1320 150
687 949 687 948
391 1436 392 1436
1489 54 1489 53
592 361 592 360
15 1385 15 1384
393 14 393 15
99 1405 99 1406
1002 584 1001 584
764 1365 765 1365
747 228 747 229
847 1721 846 1721
227 75 227 76
237 1549 236 1549
487 568 488 568
1386 1015 1387 1015
399 671 399 672
191 226 190 226
748 1609 749 1609
1221 826 1220 826
358 1495 358 1494
860 1403 860 1404
555 483 555 482
501 1537 500 1537
1181 1386 1181 1387
353 1649 354 1649
110 1478 111 1478
113 149 113 150
807 434 806 434
767 179 767 180
82 1222 83 1222
973 983 972 983
640 1180 639 1180
797 39 797 38
1547 1355 1548 1355
1098 1397 1097 1397
1281 1181 1281 1182
1090 53 1090 54
1382 1211 1381 1211
458 1033 458 1032
733 927 732 927
563 330 564 330
504 1189 504 1190
731 239 732 239
462 1519 462 1520
709 964 709 965
198 546 197 546
1283 1616 1283 1617
1291 1296 1292 1296
236 831 237 831
794 1277 794 1276
906 1301 905 1301
1239 230 1239 229
1604 350 1604 349
1281 602 1281 601
488 1455 488 1454
342 250 343 250
712 754 711 754
97 1448 97 1449
1103 1306 1104 1306
476 932 477 932
1109 901 1110 901
927 1079 928 1079
898 34 898 35
1427 1536 1427 1535
670 824 670 825
1561 1421 1560 1421
1540 415 1540 416
1038 867 1037 867
939 162 939 161
1253 828 1253 827
1025 999 1025 998
861 1110 860 1110
58 146 57 146
1251 650 1252 650
403 510 403 509
677 13 677 14
318 878 317 878
883 533 884 533
1250 161 1249 161
1080 875 1080 876
568 587 569 587
1346 1506 1345 1506
1392 1425 1393 1425
567 301 567 302
937 7 937 6
50 1372 51 1372
944 1114 944 1113
1175 576 1174 576
1103 604 1103 603
915 984 915 985
1327 1608 1326 1608
699 673 700 673
878 818 879 818
255 1092 254 1092
321 729 320 729
436 349 436 348
1286 889 1285 889
915 1220 914 1220
889 75 889 74
1212 235 1212 236
930 38 930 37
840 729 839 729
610 426 609 426
631 1411 631 1412
530 1218 531 1218
1265 844 1265 843
1535 170 1536 170
1459 962 1460 962
550 584 549 584
290 1077 289 1077
83 1623 82 1623
1604 1433 1604 1434
436 947 435 947
224 985 225 985
314 923 314 924
741 1164 741 1165
177 1586 178 1586
96 1645 95 1645
1317 962 1317 963
461 1514 462 1514
1495 791 1494 791
0 375 0 376
1202 1544 1201 1544
1325 1460 1324 1460
998 1644 998 1645
878 329 878 328
975 474 975 475
1210 616 1210 615
2 612 2 611
1524 659 1525 659
378 1030 377 1030
304 104 305 104
412 481 412 480
1187 1009 1188 1009
791 86 790 86
597 1025 598 1025
999 1118 999 1119
78 406 77 406
458 1065 458 1066
1273 1515 1273 1516
201 1312 202 1312
164 1103 163 1103
321 1454 320 1454
1544 324 1544 323
406 785 406 786
345 14 345 13
191 491 191 490
534 615 534 614
1131 964 1131 963
86 88 86 87
1081 1615 1080 1615
763 262 764 262
930 971 930 972
949 1441 950 1441
1312 806 1311 806
706 885 706 884
1374 655 1374 656
1099 1225 1100 1225
1000 520 1000 519
1554 323 1555 323
836 1031 836 1032
1117 397 1116 397
899 1073 899 1074
428 1453 427 1453
88 1486 87 1486
1406 247 1406 248
699 333 699 332
439 1134 440 1134
270 468 270 469
1145 1113 1145 1114
1475 989 1475 990
1572 102 1571 102
490 87 490 88
1332 2 1332 3
465 1449 466 1449
518 46 518 47
955 1319 956 1319
458 604 458 603
1251 1577 1251 1578
702 594 702 595
519 1445 520 1445
1580 87 1580 88
788 903 788 902
439 747 439 748
891 1427 890 1427
729 1615 729 1616
952 401 953 401
204 1675 205 1675
41 1333 41 1332
852 873 853 873
1141 1394 1140 1394
1102 1070 1101 1070
492 982 492 983
765 470 765 471
1310 1589 1311 1589
40 759 41 759
1093 1361 1093 1362
815 23 816 23
835 1515 836 1515
1230 225 1230 224
701 1414 701 1413
1231 1 1230 1
1179 241 1180 241
1023 806 1023 807
231 527 231 526
101 1146 100 1146
1519 1356 1519 1355
483 677 482 677
442 411 442 410
184 1022 185 1022
1555 175 1554 175
1572 1200 1572 1199
1476 408 1475 408
1426 376 1426 377
448 1482 449 1482
531 1467 532 1467
381 1305 381 1304
579 611 580 611
815 1354 815 1353
1536 253 1537 253
436 637 436 638
930 513 931 513
519 1718 519 1717
636 614 636 613
889 1599 889 1600
660 864 660 863
1015 160 1015 159
432 1502 433 1502
712 234 713 234
1483 1382 1482 1382
718 149 718 148
638 225 639 225
512 112 513 112
1084 288 1085 288
94 378 95 378
364 173 364 172
319 172 318 172
1463 1720 1464 1720
835 1094 835 1095
674 252 674 251
919 1694 918 1694
1081 1388 1081 1389
153 67 153 66
366 260 366 261
780 1540 779 1540
639 687 639 688
1423 928 1422 928
288 831 287 831
141 301 142 301
682 604 681 604
1597 1342 1598 1342
675 236 676 236
897 667 897 666
969 801 969 800
1031 299 1031 298
513 1637 513 1638
1467 1537 1466 1537
444 831 445 831
726 802 725 802
1579 1556 1579 1555
358 769 358 768
87 213 88 213
844 639 844 640
1320 248 1320 249
515 1165 515 1164
156 1371 155 1371
797 932 797 933
884 1427 885 1427
1160 623 1161 623
1376 1445 1376 1444
294 270 294 271
258 392 257 392
1010 556 1011 556
489 1716 488 1716
832 68 833 68
1155 733 1154 733
1306 637 1307 637
1014 1364 1014 1365
440 797 440 798
1430 1514 1431 1514
84 1685 83 1685
1382 709 1383 709
1425 443 1426 443
840 618 839 618
1462 991 1462 992
641 1423 642 1423
596 1381 596 1382
1588 601 1589 601
1522 1696 1523 1696
738 1052 738 1053
701 1245 700 1245
1598 179 1598 178
1032 767 1033 767
1229 1014 1228 1014
1089 203 1088 203
228 612 229 612
1460 25 1460 26
1171 836 1170 836
341 847 341 848
927 1431 927 1432
258 560 257 560
1437 1014 1436 1014
480 766 479 766
1350 1559 1349 1559
970 1484 971 1484
671 1289 671 1288
1243 274 1242 274
672 154 672 153
932 917 932 918
265 338 266 338
110 1553 111 1553
804 1543 803 1543
123 1300 123 1301
945 295 944 295
152 1650 151 1650
408 1031 407 1031
392 452 391 452
837 939 838 939
1103 135 1103 136
1113 1423 1112 1423
1357 1451 1356 1451
1484 905 1483 905
578 1042 578 1041
1352 1096 1351 1096
615 1072 616 1072
519 1596 518 1596
1074 320 1074 321
242 1140 241 1140
1121 1061 1122 1061
1362 1297 1362 1298
1154 58 1154 57
1099 96 1100 96
76 27 76 26
403 350 403 351
270 1567 269 1567
725 1275 725 1274
7 238 7 237
1055 236 1055 235
1036 696 1036 695
1303 1294 1303 1295
1255 153 1255 152
594 1330 594 1331
226 636 225 636
153 147 152 147
371 278 372 278
628 1105 627 1105
1388 852 1387 852
153 1291 153 1290
723 116 722 116
304 1515 305 1515
1482 371 1481 371
1483 861 1483 862
148 12 147 12
1219 1446 1219 1447
450 861 451 861
1180 1352 1179 1352
1403 412 1404 412
707 283 707 282
352 59 353 59
767 897 767 896
472 1445 471 1445
1129 23 1129 24
435 1292 435 1291
730 743 729 743
303 1570 304 1570
259 434 259 435
48 682 48 683
728 630 728 631
332 218 333 218
146 1371 146 1370
1145 118 1146 118
1249 977 1248 977
1593 13 1592 13
1545 1121 1545 1122
309 928 308 928
1150 1021 1150 1020
889 1658 889 1657
1132 905 1132 906
1130 1348 1131 1348
337 1715 337 1714
1221 1327 1221 1326
263 1044 263 1043
487 472 488 472
9 1492 8 1492
784 167 785 167
666 899 666 900
1173 834 1174 834
1343 1315 1342 1315
917 1112 917 1111
882 150 882 149
1053 697 1054 697
540 1392 540 1391
1487 1304 1488 1304
1339 705 1339 706
626 1569 627 1569
6 1459 6 1460
329 542 329 543
545 1326 544 1326
88 750 88 751
171 1312 171 1311
40 498 41 498
94 132 95 132
925 1643 925 1644
686 1169 685 1169
584 1589 585 1589
1460 332 1460 333
518 1474 517 1474
1052 1480 1052 1481
1562 182 1562 181
757 385 758 385
290 1357 290 1356
118 1429 118 1430
659 672 658 672
1207 1546 1207 1545
1114 1558 1114 1557
269 713 268 713
1551 31 1552 31
1440 1358 1439 1358
76 1371 76 1372
693 73 693 72
610 524 610 523
1396 448 1397 448
915 1154 915 1155
419 741 419 740
1366 568 1365 568
1269 212 1268 212
1340 833 1339 833
482 865 483 865
530 527 529 527
157 404 158 404
1550 1317 1550 1318
1481 1093 1481 1092
893 1082 893 1083
1363 627 1364 627
390 296 389 296
1219 147 1219 146
876 636 877 636
370 1130 370 1129
794 1259 794 1260
87 1452 86 1452
1492 345 1492 346
775 58 774 58
492 623 493 623
468 1199 469 1199
1099 506 1099 505
620 1109 619 1109
1372 555 1373 555
1223 710 1223 711
1461 1561 1462 1561
21 1237 22 1237
1138 1539 1139 1539
1353 1163 1352 1163
71 1184 72 1184
1318 367 1318 366
894 496 894 495
299 778 299 779
567 557 567 558
1170 436 1170 437
1137 1507 1138 1507
961 225 961 224
1320 480 1319 480
1386 910 1385 910
53 826 52 826
842 414 842 413
778 1506 779 1506
9 771 10 771
100 1495 99 1495
1265 1478 1265 1477
1282 1226 1281 1226
580 718 580 719
682 1622 681 1622
1440 413 1441 413
824 1242 823 1242
1193 337 1193 336
761 645 762 645
599 977 599 976
100 1239 99 1239
332 1098 332 1097
1511 518 1511 519
578 61 577 61
512 871 513 871
1131 767 1131 768
285 1712 284 1712
195 1599 195 1598
433 5 433 4
453 1410 453 1411
802 788 802 789
115 601 115 602
586 1429 586 1428
978 634 979 634
231 1650 231 1651
975 884 975 885
184 1389 183 1389
338 1411 338 1410
766 930 766 931
1305 1473 1306 1473
530 228 531 228
643 858 643 857
64 261 63 261
731 618 730 618
1518 386 1518 387
1191 440 1191 439
1537 1226 1536 1226
747 1394 748 1394
1087 1277 1088 1277
1357 739 1357 738
1579 1252 1580 1252
974 141 974 142
1247 1612 1247 1613
470 497 470 496
955 1413 954 1413
1222 1366 1222 1365
638 1287 638 1286
464 1427 463 1427
56 1623 55 1623
811 668 811 667
1307 1079 1306 1079
817 774 818 774
1149 1193 1148 1193
1430 453 1431 453
569 549 570 549
792 1526 792 1527
676 986 676 987
1116 154 1116 155
614 823 614 824
639 561 639 560
833 1587 833 1586
28 444 28 443
1479 749 1479 750
1268 642 1268 641
1571 1646 1571 1645
3 1303 3 1302
864 1552 865 1552
990 728 989 728
830 1607 831 1607
1145 446 1145 447
445 713 444 713
1310 252 1310 251
298 100 298 101
1169 823 1169 822
1157 440 1157 441
1193 1038 1193 1039
1182 577 1182 578
590 855 590 856
170 133 171 133
1189 1111 1188 1111
1507 978 1507 977
747 532 748 532
339 1439 339 1440
375 663 376 663
641 1071 642 1071
608 68 607 68
719 1454 719 1455
220 356 220 357
1443 240 1443 241
1451 1491 1450 1491
1362 202 1361 202
454 1609 453 1609
378 1173 379 1173
79 1223 78 1223
367 975 367 974
930 1314 929 1314
632 98 632 97
713 1328 713 1327
621 776 622 776
267 1461 267 1460
116 1595 116 1596
821 366 822 366
1174 1334 1175 1334
419 1233 419 1234
742 1027 743 1027
415 408 415 409
66 942 66 943
212 1661 211 1661
38 290 37 290
584 782 585 782
859 314 859 313
1113 218 1113 219
1476 111 1475 111
1278 1299 1277 1299
1185 1112 1186 1112
1502 1256 1502 1255
90 1069 91 1069
393 1325 393 1324
943 849 943 848
1476 789 1476 788
1295 400 1294 400
1118 660 1119 660
352 96 353 96
160 1604 160 1603
662 1542 663 1542
1050 266 1050 265
510 1533 509 1533
397 549 396 549
42 603 42 602
706 1249 706 1248
1108 1519 1107 1519
259 710 260 710
476 33 476 34
340 559 340 558
365 1050 365 1049
1358 687 1358 688
1162 1681 1162 1680
75 417 76 417
362 1528 362 1527
60 835 59 835
312 851 312 852
1053 705 1053 704
242 857 242 858
778 1609 777 1609
1288 1252 1287 1252
303 507 302 507
582 553 581 553
1538 103 1537 103
433 205 434 205
78 1026 77 1026
701 20 700 20
1268 1282 1269 1282
1481 954 1480 954
409 954 408 954
1060 1406 1060 1405
1379 1324 1378 1324
295 1000 295 999
1506 1268 1505 1268
356 801 355 801
423 1551 423 1550
1366 1560 1366 1559
1392 1304 1391 1304
1259 476 1260 476
92 697 93 697
617 1248 616 1248
68 479 67 479
142 863 142 864
967 98 968 98
191 1052 191 1053
945 821 945 820
737 153 738 153
1185 433 1184 433
1061 1178 1061 1177
1205 94 1204 94
1232 1338 1231 1338
1447 266 1446 266
1116 1194 1117 1194
1471 1157 1471 1158
1322 1448 1322 1447
26 1565 25 1565
650 879 651 879
778 435 779 435
844 1646 844 1645
1028 786 1027 786
947 1022 946 1022
920 1085 920 1086
1262 1026 1263 1026
1001 1581 1000 1581
222 885 221 885
461 997 461 996
992 32 991 32
1159 1153 1158 1153
1342 1048 1341 1048
780 1621 781 1621
1278 767 1278 768
111 1204 110 1204
816 436 815 436
236 1549 236 1550
1245 870 1246 870
717 951 717 950
547 1661 547 1662
327 1303 327 1302
565 1393 566 1393
1532 1594 1532 1595
338 899 338 900
34 647 34 648
120 662 120 661
1138 1428 1138 1429
152 585 153 585
1295 1214 1296 1214
1479 1069 1479 1070
507 1110 508 1110
1439 37 1440 37
1348 199 1348 200
1097 1523 1096 1523
498 434 499 434
122 1439 123 1439
188 62 188 61
1250 1525 1250 1526
452 1558 453 1558
69 1008 69 1009
1266 737 1267 737
1305 1459 1306 1459
1169 8 1169 9
1579 529 1580 529
1118 1278 1119 1278
877 742 877 743
778 736 779 736
387 1433 386 1433
88 205 87 205
1252 119 1252 120
1064 1067 1064 1066
100 387 101 387
33 1055 33 1056
230 169 230 168
155 321 156 321
1435 1168 1436 1168
630 377 631 377
1587 929 1586 929
469 243 469 242
1184 974 1183 974
1062 1554 1063 1554
310 1561 311 1561
1413 1476 1412 1476
194 989 195 989
1369 706 1369 705
1157 44 1157 45
474 760 475 760
540 1094 540 1095
1564 1365 1565 1365
658 1417 659 1417
330 393 330 394
83 1264 83 1263
268 224 269 224
1205 170 1205 169
309 1067 309 1068
1217 749 1218 749
247 198 246 198
554 1002 553 1002
358 456 359 456
823 607 824 607
160 301 160 302
1005 663 1005 664
1094 1595 1095 1595
1420 1446 1419 1446
674 661 674 660
210 1033 209 1033
1337 1127 1338 1127
820 745 821 745
1183 583 1182 583
1340 1408 1339 1408
1277 544 1278 544
680 1375 681 1375
842 1499 842 1498
1136 1664 1136 1665
1596 1161 1597 1161
1108 818 1107 818
906 795 906 794
1052 1321 1053 1321
739 522 739 523
1374 1302 1374 1301
290 1655 291 1655
1515 1447 1515 1446
1123 865 1123 864
783 1657 782 1657
200 142 200 143
384 617 385 617
319 1017 319 1018
722 163 722 162
1561 113 1561 114
610 688 610 687
202 612 202 613
864 627 863 627
1578 1237 1577 1237
633 707 634 707
908 1027 908 1028
572 1509 573 1509
908 62 908 61
1332 1103 1332 1104
1582 1077 1582 1076
1278 1210 1278 1211
1518 1232 1518 1231
604 916 604 915
820 1595 820 1594
542 1548 543 1548
1538 1168 1539 1168
1415 316 1415 315
1365 1668 1366 1668
279 735 278 735
1520 1277 1521 1277
910 1509 909 1509
269 603 269 604
687 629 688 629
410 1153 409 1153
126 1686 126 1685
571 85 572 85
1251 1651 1251 1652
1363 98 1364 98
340 1409 340 1410
970 1007 970 1008
1610 1038 1610 1039
155 408 154 408
962 1536 962 1535
448 212 449 212
172 390 172 391
1274 882 1275 882
491 369 492 369
318 560 318 561
807 719 806 719
823 354 824 354
459 3 459 2
385 1057 385 1056
933 1205 934 1205
1521 359 1521 360
1123 124 1123 125
821 578 821 577
155 1315 155 1314
186 1060 186 1061
693 1089 692 1089
1284 1604 1284 1605
918 252 918 253
572 614 571 614
1477 1396 1478 1396
1362 1397 1361 1397
1501 204 1501 203
935 877 935 876
215 116 215 115
919 471 920 471
1004 518 1004 519
536 986 536 985
805 480 804 480
1396 1611 1395 1611
583 1136 582 1136
935 1397 934 1397
73 1637 73 1636
1180 730 1179 730
656 821 656 820
31 1352 31 1353
768 1622 769 1622
1197 1042 1196 1042
1157 525 1156 525
224 1363 224 1364
264 1564 264 1563
748 1616 748 1617
1244 325 1245 325
668 17 668 18
469 1370 469 1371
1440 701 1439 701
31 898 32 898
761 767 760 767
457 26 457 27
1368 25 1368 24
336 1680 335 1680
847 668 846 668
913 85 914 85
1298 1704 1299 1704
897 711 897 712
96 229 96 228
994 1220 994 1219
1392 1318 1393 1318
997 683 996 683
749 1183 749 1184
213 174 214 174
757 807 757 806
1029 1483 1029 1482
1274 1509 1273 1509
978 1133 979 1133
320 1191 320 1192
924 716 924 717
593 359 594 359
383 142 382 142
987 79 986 79
320 238 320 239
600 909 601 909
791 362 791 361
1505 1112 1505 1111
1412 296 1412 295
1604 1378 1603 1378
125 462 126 462
1496 6 1496 5
246 885 246 884
155 544 155 543
930 940 931 940
1105 1185 1105 1186
690 1521 689 1521
1059 1652 1059 1653
364 790 363 790
315 779 316 779
988 1064 988 1065
312 24 313 24
1074 116 1073 116
1470 146 1470 147
1270 1324 1270 1323
434 1417 435 1417
1492 1359 1492 1358
1366 1568 1366 1567
553 1201 553 1200
675 677 674 677
1047 898 1048 898
1025 1552 1025 1553
1402 1085 1402 1086
744 746 745 746
44 337 45 337
168 511 168 512
852 1698 853 1698
1131 302 1131 303
250 1012 251 1012
1404 242 1404 243
799 1015 798 1015
799 135 800 135
1193 815 1194 815
864 757 864 756
1051 801 1051 800
63 1637 63 1636
357 714 357 713
794 1135 794 1134
532 917 533 917
855 1143 855 1142
68 1219 69 1219
975 463 974 463
550 128 549 128
1041 761 1042 761
877 309 878 309
727 550 726 550
1341 628 1341 629
627 0 627 1
1566 1403 1565 1403
6 603 6 604
1097 50 1097 49
1322 422 1323 422
1573 712 1573 711
1105 746 1105 745
1224 1080 1224 1081
1349 1607 1348 1607
171 1340 171 1339
282 535 282 534
694 38 694 37
1265 12 1266 12
1073 1227 1073 1228
921 1211 921 1212
114 1592 114 1591
478 1060 479 1060
1055 395 1055 394
942 290 941 290
802 392 802 391
927 353 927 354
288 854 288 855
1348 151 1349 151
755 32 756 32
1126 1296 1127 1296
752 1642 751 1642
65 1385 64 1385
1282 1038 1283 1038
1413 895 1413 894
1593 615 1593 616
28 77 28 78
644 264 644 263
563 643 563 644
322 1120 323 1120
68 1372 67 1372
469 828 469 827
614 1163 615 1163
443 1513 443 1514
276 1272 277 1272
1430 1409 1429 1409
664 1463 664 1464
87 1428 87 1429
664 1282 664 1283
896 911 897 911
1298 369 1298 370
900 160 899 160
546 1433 546 1432
720 790 720 791
1470 118 1469 118
1472 365 1473 365
722 1173 722 1172
605 178 605 177
294 440 294 441
548 680 548 679
1188 342 1188 341
516 1293 516 1294
788 122 789 122
1429 1685 1429 1686
1542 606 1543 606
724 624 725 624
548 1001 548 1002
1310 367 1309 367
1429 1118 1430 1118
1370 1703 1371 1703
1034 365 1033 365
1453 39 1453 38
1494 1639 1494 1640
1290 1545 1290 1546
125 1347 125 1346
370 728 370 729
454 615 455 615
775 1542 776 1542
1205 1483 1206 1483
1101 1401 1101 1402
415 381 414 381
1129 532 1129 531
1368 392 1368 391
810 811 811 811
1355 1093 1355 1094
1470 147 1469 147
1349 107 1349 108
1422 1538 1422 1537
783 838 782 838
683 238 682 238
505 65 505 66
904 1162 903 1162
1129 1178 1129 1179
1255 497 1255 498
736 1712 737 1712
19 1126 18 1126
325 864 325 865
685 1591 685 1590
1128 674 1127 674
1414 663 1413 663
1168 112 1168 113
1583 376 1584 376
322 1639 321 1639
857 551 856 551
379 203 379 204
1003 667 1003 666
1377 1042 1378 1042
893 191 893 190
1307 768 1308 768
1558 280 1557 280
883 239 883 240
1440 52 1439 52
648 6 649 6
1378 712 1378 711
945 1364 945 1363
38 511 38 510
601 718 601 719
624 970 624 971
123 884 123 885
1505 522 1505 521
1596 161 1595 161
779 342 779 341
1542 1184 1542 1183
1249 159 1250 159
740 31 739 31
720 406 720 407
454 220 455 220
216 1199 216 1200
399 82 398 82
1156 962 1155 962
1097 666 1096 666
643 296 643 295
1255 520 1254 520
1231 1491 1231 1492
601 128 601 129
1165 759 1165 758
877 211 876 211
1477 532 1478 532
1560 895 1560 894
704 467 704 466
1173 1059 1174 1059
584 358 584 357
1066 930 1066 931
576 279 576 278
1567 216 1567 217
521 827 521 828
1602 1257 1602 1256
248 1183 249 1183
661 1080 660 1080
773 900 772 900
1604 1043 1604 1042
781 1068 781 1069
349 891 350 891
1413 501 1412 501
262 497 262 498
236 1420 235 1420
1125 219 1124 219
691 1281 690 1281
903 999 903 1000
875 1721 876 1721
819 1571 819 1572
1169 1374 1169 1375
1534 629 1534 628
1599 1684 1598 1684
1468 995 1468 996
1468 394 1469 394
279 1385 279 1386
1054 1146 1054 1147
566 671 567 671
279 447 278 447
882 1561 881 1561
1460 165 1460 166
1252 272 1252 271
867 1476 867 1477
147 47 147 46
266 28 267 28
408 277 407 277
43 1546 43 1545
1385 1496 1385 1497
1071 590 1072 590
377 1365 377 1366
458 1540 458 1541
1247 1507 1247 1506
1245 39 1245 40
1408 1519 1407 1519
124 1080 124 1081
192 527 191 527
1170 93 1170 94
182 1374 181 1374
1384 995 1385 995
961 1244 960 1244
418 1017 417 1017
757 1690 756 1690
216 1435 217 1435
1276 1675 1275 1675
1335 54 1336 54
1580 959 1581 959
551 1632 552 1632
670 16 671 16
617 824 618 824
1578 747 1577 747
254 131 254 132
1174 327 1173 327
465 471 465 472
1048 63 1049 63
355 1039 356 1039
413 429 412 429
329 97 329 96
1058 1619 1057 1619
1084 1547 1084 1546
193 1251 193 1252
1281 165 1282 165
595 460 595 459
354 1414 354 1415
744 969 744 970
132 334 131 334
1565 770 1566 770
1213 1067 1213 1068
850 1451 851 1451
360 691 360 692
377 182 378 182
10 745 9 745
1061 121 1061 120
141 1639 140 1639
1557 323 1557 324
1077 642 1078 642
1119 505 1119 506
952 1405 952 1406
12 682 13 682
839 1700 839 1699
917 222 917 221
101 96 101 95
1392 632 1391 632
1378 1506 1379 1506
1430 1042 1430 1043
487 922 488 922
1063 514 1064 514
781 1504 781 1503
1563 76 1563 77
814 1591 814 1590
1241 119 1242 119
158 888 157 888
81 1582 82 1582
1493 1047 1493 1046
794 1666 795 1666
118 608 118 609
377 742 377 741
1542 460 1542 459
1567 1582 1567 1581
540 910 540 911
426 671 427 671
1462 155 1461 155
399 1183 399 1182
627 1133 627 1134
989 1683 989 1684
1007 876 1008 876
370 599 370 600
600 739 600 740
303 15 302 15
564 1253 563 1253
1110 1273 1110 1272
47 1139 48 1139
698 1056 697 1056
147 422 146 422
894 1322 894 1323
1522 517 1523 517
1481 975 1481 974
1333 507 1333 508
1100 895 1099 895
460 351 460 352
282 335 281 335
257 717 256 717
1061 1164 1062 1164
1227 448 1228 448
1512 1668 1512 1669
890 318 891 318
321 1407 321 1406
1397 1269 1398 1269
894 828 893 828
1533 1214 1533 1215
190 758 190 759
1371 641 1371 642
1323 391 1323 392
637 1169 636 1169
271 1244 271 1243
1167 1214 1166 1214
612 383 612 384
1432 352 1433 352
1052 1280 1051 1280
1435 1136 1435 1135
1472 1276 1472 1277
844 752 844 751
1043 19 1043 20
1010 76 1011 76
1363 107 1362 107
408 187 407 187
1555 1329 1556 1329
716 1666 717 1666
430 742 431 742
1450 1350 1449 1350
892 861 892 862
212 1488 212 1487
681 1105 680 1105
1237 535 1237 536
521 1300 521 1301
190 1601 189 1601
1110 1599 1111 1599
1577 1682 1576 1682
139 263 139 264
267 352 268 352
687 1036 687 1035
1098 682 1098 681
840 1309 839 1309
742 197 741 197
1372 12 1372 11
575 1325 574 1325
1067 291 1067 292
668 308 668 307
1276 491 1277 491
709 1146 709 1145
29 1025 28 1025
996 1120 997 1120
1225 46 1226 46
926 823 926 824
1481 1134 1481 1135
217 1242 218 1242
327 314 328 314
622 1569 623 1569
1404 1015 1404 1016
264 181 264 182
864 184 863 184
1351 5 1351 4
248 1105 249 1105
1213 1129 1213 1130
1444 214 1444 215
540 1642 539 1642
730 1518 731 1518
77 1172 77 1173
1515 1233 1516 1233
299 1653 298 1653
1365 1666 1364 1666
1244 1083 1245 1083
367 27 366 27
1335 1271 1336 1271
519 733 519 732
971 1549 971 1550
964 1030 965 1030
1068 102 1068 103
1206 1233 1207 1233
645 1524 646 1524
1284 154 1284 155
55 957 55 958
808 1288 807 1288
293 1341 293 1340
744 312 744 313
73 21 73 20
1571 1502 1572 1502
363 1064 363 1063
1088 1567 1089 1567
1070 712 1070 713
1206 1112 1205 1112
920 1561 920 1562
772 852 771 852
1098 540 1098 541
1434 1353 1435 1353
582 1523 583 1523
999 264 1000 264
1115 1512 1114 1512
261 217 261 216
773 684 772 684
115 805 116 805
915 613 915 612
780 1449 780 1450
828 949 828 948
1332 1533 1333 1533
1289 307 1288 307
691 1520 691 1521
1442 1146 1441 1146
1152 108 1151 108
18 610 18 611
791 694 791 695
556 626 555 626
1499 1691 1498 1691
287 1256 287 1255
1207 1301 1207 1300
473 1195 473 1196
480 598 480 599
1368 390 1368 389
1148 1607 1148 1608
833 788 833 787
1264 921 1264 920
1394 232 1395 232
31 712 32 712
1337 496 1336 496
1480 1194 1481 1194
415 320 414 320
650 989 650 988
1449 1202 1449 1203
802 116 803 116
381 867 380 867
1260 1355 1260 1354
716 746 716 745
508 169 509 169
752 1380 752 1381
457 1713 458 1713
1472 1392 1473 1392
161 41 160 41
1240 1669 1239 1669
1031 1266 1030 1266
1419 221 1419 222
1255 589 1255 588
1549 991 1549 992
22 20 23 20
415 1706 415 1705
455 684 455 685
1241 10 1241 9
473 1602 473 1601
553 752 553 753
662 1205 661 1205
46 1251 46 1252
671 992 671 993
1097 1332 1097 1331
392 1181 392 1182
1039 1640 1039 1639
1303 1547 1303 1548
922 687 922 686
1143 1222 1143 1221
1439 137 1439 138
1456 1547 1456 1548
1343 1680 1343 1681
418 800 418 801
513 39 514 39
1127 1204 1127 1203
766 663 767 663
1194 284 1194 285
541 238 540 238
664 365 664 366
290 1356 290 1357
129 609 128 609
1296 127 1295 127
1298 14 1299 14
481 343 480 343
547 491 547 490
1307 687 1306 687
970 1335 970 1336
1512 107 1513 107
623 1117 622 1117
1197 1017 1197 1018
102 147 101 147
600 1187 600 1188
366 766 365 766
606 333 605 333
1146 307 1145 307
1433 1055 1432 1055
704 1509 704 1510
1268 420 1268 421
1216 161 1217 161
446 1081 446 1080
725 949 726 949
1235 540 1235 539
880 1216 880 1217
1213 273 1213 274
1501 363 1501 364
281 850 280 850
814 992 813 992
569 1566 569 1565
517 1360 517 1359
268 361 267 361
62 1442 62 1441
1333 570 1333 571
344 202 345 202
1526 397 1527 397
428 1544 428 1545
968 180 969 180
1255 1048 1254 1048
1487 280 1488 280
565 1080 565 1079
924 1677 923 1677
387 123 387 122
853 1121 854 1121
1565 1000 1565 1001
426 690 426 689
867 292 867 293
358 413 359 413
191 1021 191 1020
294 1353 294 1354
1392 706 1391 706
1377 790 1378 790
1344 767 1345 767
215 914 216 914
945 981 945 982
1274 1641 1275 1641
605 956 606 956
1238 103 1239 103
397 708 397 707
1399 731 1398 731
1550 1614 1550 1613
1565 49 1564 49
1152 551 1153 551
1611 874 1611 873
1374 1438 1375 1438
787 1277 786 1277
317 180 316 180
577 468 576 468
1294 1133 1293 1133
1199 902 1200 902
883 143 883 144
251 631 252 631
1316 626 1315 626
1344 950 1343 950
296 1039 295 1039
382 808 381 808
1157 614 1158 614
181 1201 181 1200
636 7 636 6
1148 1610 1148 1611
1199 1655 1199 1656
288 195 288 194
346 162 347 162
293 1378 292 1378
1188 1590 1188 1589
1540 1141 1541 1141
1213 1549 1214 1549
1308 176 1308 175
2 1237 2 1236
154 159 155 159
500 42 499 42
590 1197 590 1196
1084 218 1085 218
74 1045 74 1044
1436 838 1435 838
267 1107 268 1107
1541 259 1542 259
269 1003 269 1002
870 594 871 594
1314 1123 1314 1124
598 914 598 913
1494 1228 1495 1228
29 195 30 195
1227 534 1228 534
410 181 410 180
1349 70 1349 71
1045 450 1045 451
743 1058 744 1058
1382 904 1382 905
669 1522 669 1521
1339 450 1339 451
1602 437 1602 438
517 780 516 780
1215 1014 1215 1013
152 1134 152 1135
1456 1664 1457 1664
1411 904 1412 904
922 43 923 43
1486 858 1486 857
346 677 347 677
1389 662 1389 663
846 860 846 859
67 1417 66 1417
716 330 716 331
505 1616 505 1615
1242 410 1242 409
373 1330 373 1331
1287 413 1287 412
1482 490 1482 491
768 799 769 799
1065 1488 1065 1489
751 367 752 367
791 533 790 533
255 829 254 829
696 851 696 850
643 1282 643 1281
315 1367 316 1367
1391 1689 1391 1690
654 813 653 813
389 50 390 50
69 292 69 291
1073 8 1073 9
323 560 323 561
1009 465 1008 465
312 1040 312 1039
1515 707 1515 708
1562 1140 1562 1141
322 1671 321 1671
303 210 303 211
410 288 410 289
1434 453 1434 452
807 726 808 726
406 1349 407 1349
377 1354 377 1353
574 1439 575 1439
478 1690 478 1689
1429 981 1429 982
30 1465 30 1466
1357 261 1357 260
649 1279 650 1279
1266 280 1265 280
833 334 832 334
142 355 143 355
1220 179 1220 180
994 329 994 328
1162 721 1162 720
1459 222 1459 221
676 871 677 871
262 817 263 817
1432 1485 1432 1486
1036 601 1036 602
1253 1578 1253 1579
629 1553 629 1554
141 1485 142 1485
1472 866 1473 866
1171 138 1171 137
402 849 402 848
288 300 288 301
1371 1349 1372 1349
90 505 90 506
500 1651 501 1651
704 151 704 150
703 1075 703 1076
1002 1121 1001 1121
997 1086 997 1085
1033 1475 1032 1475
565 1593 566 1593
311 639 312 639
751 588 750 588
132 407 133 407
487 778 487 779
754 416 754 415
1568 117 1567 117
1147 694 1147 695
822 560 821 560
89 654 88 654
1287 1054 1287 1055
596 1218 596 1217
970 442 970 443
519 67 518 67
1598 51 1598 52
873 42 874 42
302 223 302 224
1429 1628 1430 1628
1314 1505 1314 1504
329 1192 329 1193
340 726 339 726
410 1083 410 1084
678 162 677 162
415 457 414 457
501 513 501 514
676 1574 676 1573
1085 1230 1085 1229
1481 617 1481 616
434 874 434 875
1605 986 1605 987
496 1582 497 1582
1167 427 1166 427
1394 1281 1393 1281
3 1184 3 1183
978 42 978 41
1367 906 1368 906
293 1281 292 1281
461 291 461 290
1111 938 1110 938
1282 783 1283 783
31 369 32 369
594 761 594 762
975 810 976 810
358 785 358 786
1158 1063 1159 1063
1069 802 1070 802
156 117 156 116
899 830 899 831
1148 1271 1149 1271
1424 1630 1423 1630
312 805 313 805
589 1096 589 1097
606 993 606 994
429 417 430 417
821 1668 821 1669
950 1128 950 1129
25 528 25 527
1201 622 1201 621
134 344 135 344
1486 1024 1487 1024
1378 710 1377 710
846 1164 846 1163
3 1223 3 1224
1386 1000 1386 1001
504 1146 505 1146
606 236 606 235
1440 1166 1441 1166
1440 685 1440 684
0 615 0 614
1332 1408 1332 1407
510 1439 510 1440
1136 244 1136 243
404 1373 405 1373
631 1457 631 1458
249 1109 249 1110
952 917 953 917
782 1598 782 1597
210 617 210 618
1331 946 1331 945
590 1130 590 1129
1600 389 1600 388
1458 1629 1458 1628
135 1492 136 1492
918 889 918 890
1439 1092 1440 1092
1472 1111 1472 1110
939 1473 939 1472
186 1603 187 1603
1381 410 1382 410
1186 826 1187 826
195 1542 194 1542
243 1437 244 1437
1402 1669 1402 1668
847 607 846 607
1016 462 1017 462
958 53 958 54
117 1366 117 1367
279 441 280 441
743 1103 743 1102
297 1256 296 1256
1192 740 1193 740
232 917 233 917
1132 1697 1131 1697
188 476 188 477
1332 1162 1332 1161
562 1077 561 1077
106 150 107 150
999 1140 998 1140
812 246 811 246
1386 178 1386 177
272 948 272 947
1552 583 1553 583
1110 706 1110 707
503 1666 502 1666
555 676 556 676
1594 308 1594 309
87 1500 88 1500
643 1091 642 1091
252 518 253 518
915 346 914 346
1178 536 1179 536
775 499 774 499
1193 733 1192 733
254 87 253 87
112 1465 112 1464
933 673 933 674
1551 208 1551 209
488 1356 487 1356
754 710 754 709
790 1601 789 1601
1220 1283 1219 1283
421 232 422 232
1424 86 1424 87
183 360 183 361
878 1690 878 1689
734 1421 733 1421
998 266 998 265
1504 1391 1505 1391
466 997 465 997
639 276 638 276
1019 742 1019 743
323 97 322 97
1534 1189 1535 1189
753 936 753 937
178 577 177 577
41 712 42 712
1392 410 1392 411
390 354 390 353
916 85 917 85
1085 470 1086 470
682 1361 682 1360
475 24 474 24
1023 927 1023 928
1111 1223 1111 1222
912 1312 912 1311
1479 1279 1479 1278
290 444 291 444
96 55 97 55
955 420 955 419
1276 906 1276 905
1213 719 1213 718
903 901 904 901
980 1121 980 1122
680 1422 679 1422
1448 780 1448 779
6 2 6 1
893 118 894 118
561 794 561 795
946 433 946 432
754 624 754 625
96 308 96 307
1218 766 1217 766
147 602 148 602
1089 1119 1088 1119
1336 106 1336 107
606 296 606 295
1264 168 1265 168
213 80 214 80
1428 156 1429 156
1461 574 1461 573
97 710 96 710
465 128 464 128
323 1717 323 1718
756 524 756 523
1501 121 1500 121
875 1103 875 1104
1372 472 1372 473
1220 758 1220 757
657 591 657 592
569 383 570 383
1444 172 1445 172
139 1399 140 1399
436 966 437 966
1593 395 1593 394
448 773 448 772
406 1530 405 1530
1469 65 1470 65
922 1079 922 1078
245 609 246 609
727 585 726 585
1386 0 1386 1
1382 1260 1382 1259
545 753 545 754
859 1376 860 1376
468 1161 469 1161
192 1674 192 1675
63 90 63 91
355 941 355 942
1491 1321 1490 1321
1000 1155 1000 1156
1350 796 1350 797
727 1590 727 1589
910 358 911 358
1557 78 1557 77
1424 57 1424 58
1290 983 1290 984
27 760 27 759
1050 1138 1050 1137
1018 158 1018 159
864 870 864 869
673 839 674 839
1509 368 1510 368
1167 1641 1167 1642
990 1595 990 1594
775 451 776 451
1424 832 1423 832
62 310 63 310
836 1572 836 1571
1112 195 1111 195
242 1166 243 1166
1311 1039 1311 1038
860 812 860 811
731 740 731 739
225 1175 225 1174
1425 704 1425 705
622 344 622 345
1465 31 1464 31
390 1268 390 1269
271 1546 271 1545
458 143 458 144
231 647 232 647
860 452 860 451
997 816 997 817
1074 385 1074 384
941 86 942 86
1022 1185 1023 1185
908 1418 908 1419
728 1300 728 1299
515 704 516 704
1221 405 1221 406
570 1314 569 1314
76 9 77 9
408 1028 408 1029
533 1339 532 1339
817 1501 818 1501
734 1451 734 1450
438 942 437 942
863 933 863 932
764 570 764 571
980 755 980 754
1484 983 1484 982
176 916 176 917
1084 1102 1083 1102
807 371 806 371
647 786 647 787
1583 1059 1583 1058
1301 1381 1301 1382
1243 1691 1242 1691
17 1608 18 1608
495 1608 495 1607
248 702 249 702
1357 804 1357 805
1231 556 1231 557
978 895 978 894
635 730 636 730
456 1175 455 1175
927 1706 927 1707
320 874 320 875
398 1107 397 1107
91 935 90 935
1480 656 1481 656
774 1363 774 1364
1220 984 1220 985
380 1070 381 1070
845 1288 845 1287
386 368 386 369
636 796 636 797
1215 1338 1214 1338
708 853 707 853
676 1434 676 1433
1463 1197 1463 1196
1520 282 1521 282
1234 917 1234 918
508 1301 508 1302
726 974 725 974
471 632 472 632
729 976 729 977
467 1509 466 1509
13 112 12 112
488 1609 488 1608
213 1355 212 1355
1472 975 1472 976
598 1646 597 1646
312 1510 313 1510
465 1602 464 1602
1044 955 1045 955
804 767 804 768
220 6 221 6
380 620 380 621
485 259 485 260
944 29 943 29
651 852 652 852
270 362 269 362
635 835 636 835
360 779 359 779
1367 387 1366 387
285 987 285 988
222 111 222 110
1515 1073 1515 1074
1409 1203 1408 1203
810 1342 810 1341
1528 894 1528 893
930 606 930 607
956 892 957 892
970 778 970 779
248 392 248 393
166 634 166 633
291 514 290 514
979 1605 979 1604
144 67 144 68
1144 184 1144 185
1168 438 1167 438
1029 929 1030 929
1402 621 1401 621
86 1563 87 1563
1112 1251 1112 1250
1068 188 1067 188
945 412 946 412
1322 1500 1323 1500
1034 214 1033 214
1048 209 1048 210
625 1428 625 1427
257 879 257 880
1354 434 1354 435
515 657 516 657
942 137 942 136
812 1039 811 1039
1100 1604 1100 1605
1608 566 1608 567
1341 1192 1340 1192
390 273 390 274
1589 1077 1588 1077
801 89 801 88
1596 1546 1595 1546
1269 861 1270 861
687 36 686 36
1467 672 1467 671
2 302 1 302
1370 252 1369 252
1050 0 1051 0
328 720 328 721
300 383 299 383
1201 1342 1200 1342
140 968 139 968
1439 316 1439 315
593 612 593 611
1125 901 1124 901
743 404 744 404
598 1661 597 1661
130 1367 131 1367
1046 906 1046 907
1140 956 1141 956
295 396 295 395
1396 1263 1396 1264
1308 984 1308 985
1156 345 1155 345
1104 1663 1103 1663
1014 802 1015 802
1462 119 1463 119
1079 573 1080 573
296 335 297 335
633 227 632 227
1322 744 1321 744
713 1447 712 1447
488 870 488 869
534 537 535 537
946 779 946 780
1285 1533 1285 1532
1023 140 1022 140
717 1423 717 1422
226 1072 226 1073
198 1455 198 1454
779 19 779 20
559 737 560 737
237 1408 236 1408
1409 210 1410 210
1125 597 1126 597
1429 894 1429 893
709 279 708 279
441 1187 442 1187
1196 236 1195 236
841 1093 842 1093
116 1166 115 1166
862 815 862 816
1519 513 1520 513
756 858 756 859
821 1325 821 1324
1023 49 1024 49
1274 283 1273 283
628 717 629 717
117 1393 117 1392
1448 461 1447 461
1105 1409 1105 1408
5 212 4 212
49 993 49 994
725 880 725 879
828 297 828 298
350 39 351 39
1565 1399 1564 1399
583 371 582 371
512 561 511 561
1119 69 1120 69
564 1600 565 1600
1455 1615 1455 1616
1594 1040 1594 1039
87 1590 88 1590
397 1140 398 1140
1580 588 1581 588
1153 811 1153 812
297 1194 298 1194
1114 107 1113 107
377 1175 378 1175
886 1623 886 1624
1351 1225 1350 1225
488 1502 488 1503
931 1364 930 1364
22 855 22 854
1279 1628 1278 1628
495 194 495 193
736 338 737 338
558 1678 559 1678
512 1555 512 1554
605 167 604 167
29 172 30 172
1080 1179 1081 1179
218 199 219 199
960 100 961 100
242 89 242 88
698 873 697 873
517 745 517 746
883 885 883 884
1124 173 1124 172
1080 1200 1081 1200
1062 1311 1061 1311
1505 1477 1506 1477
1369 1610 1369 1611
56 49 57 49
1552 1306 1552 1305
987 1117 987 1116
472 258 471 258
1588 1518 1587 1518
889 184 888 184
1392 1176 1392 1175
135 1599 134 1599
1150 842 1150 843
1370 1505 1370 1504
749 1049 749 1048
1081 305 1081 306
932 906 931 906
536 608 536 607
1511 722 1512 722
724 317 724 316
965 998 964 998
1055 679 1055 680
422 1609 422 1608
1253 1206 1252 1206
757 277 758 277
1437 180 1436 180
670 1720 670 1719
143 871 144 871
1019 333 1020 333
1274 1043 1274 1044
37 1690 37 1691
728 747 729 747
1295 841 1296 841
1168 1094 1169 1094
524 1558 523 1558
127 1175 127 1176
857 109 858 109
1306 1670 1305 1670
885 376 884 376
891 734 891 733
1239 1360 1240 1360
73 555 72 555
407 707 408 707
1485 1661 1485 1662
735 467 735 466
273 744 274 744
1303 602 1304 602
1555 1388 1555 1387
161 1223 160 1223
221 1166 222 1166
512 601 512 600
779 864 780 864
1078 1167 1078 1168
831 789 831 788
808 1357 808 1358
781 918 781 917
49 499 49 500
1369 1547 1368 1547
1575 200 1576 200
999 869 1000 869
231 671 230 671
337 723 337 722
894 1296 894 1297
813 673 813 672
1413 1569 1412 1569
895 139 895 138
173 1189 174 1189
483 935 482 935
1567 352 1568 352
971 1294 970 1294
1257 96 1257 95
94 898 95 898
1048 633 1048 634
1215 1200 1215 1201
17 442 16 442
797 1180 797 1181
1043 628 1044 628
1151 724 1150 724
330 221 330 222
980 506 980 505
476 1604 477 1604
1261 129 1261 128
675 905 675 906
818 1420 818 1419
313 797 313 796
700 673 699 673
1446 404 1445 404
1129 1593 1129 1594
69 1505 68 1505
162 1681 162 1680
160 90 160 89
1100 418 1100 417
326 423 325 423
827 1271 828 1271
1547 1624 1547 1625
1345 1551 1345 1552
889 1651 890 1651
775 1357 775 1358
1248 757 1249 757
619 1597 618 1597
327 459 327 458
1484 26 1485 26
106 1385 105 1385
21 250 21 251
1125 1445 1125 1446
994 605 995 605
319 388 318 388
967 1642 967 1641
249 1511 249 1510
1103 388 1103 387
1350 899 1350 898
1606 1721 1605 1721
1417 1043 1416 1043
1083 590 1084 590
293 1469 293 1468
807 1359 806 1359
275 66 275 67
1498 1526 1497 1526
1303 1431 1302 1431
132 1484 132 1485
635 305 636 305
640 836 640 835
28 1554 28 1555
89 280 89 281
1470 727 1471 727
76 183 75 183
1442 57 1441 57
396 1695 396 1694
1051 740 1051 739
1113 314 1114 314
388 582 388 581
906 189 906 190
1577 1215 1576 1215
1086 1639 1087 1639
531 1647 531 1646
905 404 905 403
1011 1601 1012 1601
266 1613 266 1612
116 1150 116 1149
58 295 59 295
243 458 243 459
1223 2 1224 2
673 1453 673 1452
687 535 687 536
118 1281 118 1282
218 1640 217 1640
1093 124 1093 123
614 240 614 241
1423 1062 1424 1062
1601 1189 1601 1188
289 97 288 97
418 1528 419 1528
1537 393 1538 393
1088 96 1088 95
311 130 311 131
1223 1126 1223 1125
1400 19 1400 18
986 626 987 626
511 544 510 544
942 1354 942 1353
1105 868 1105 867
446 294 446 293
1147 770 1146 770
1488 1500 1487 1500
547 574 547 573
1490 1059 1489 1059
764 1688 764 1687
938 944 937 944
814 76 814 77
779 1287 779 1288
993 1011 992 1011
1038 792 1039 792
1195 1242 1196 1242
1496 1528 1497 1528
245 1289 246 1289
1270 537 1271 537
567 184 567 183
950 668 949 668
886 1103 886 1104
794 1449 794 1448
556 1195 557 1195
1345 1018 1345 1017
229 73 228 73
606 899 607 899
836 1556 835 1556
1331 40 1331 41
884 1402 884 1403
330 1573 330 1574
920 1526 919 1526
112 1088 112 1087
291 1153 292 1153
92 1714 91 1714
552 252 552 253
994 1374 994 1375
76 866 77 866
151 1515 151 1514
372 1435 373 1435
343 287 344 287
33 521 32 521
1440 508 1440 507
718 1091 719 1091
545 314 545 315
196 792 197 792
507 768 507 769
1425 1536 1425 1537
1138 1214 1137 1214
1448 830 1448 829
1082 155 1083 155
1045 946 1045 945
1451 1183 1452 1183
823 711 823 712
1583 1339 1584 1339
1097 276 1096 276
24 997 23 997
864 1651 863 1651
226 797 225 797
1222 1646 1222 1647
850 9 849 9
1610 315 1610 316
1341 1213 1341 1212
1572 196 1572 197
1180 1590 1179 1590
778 739 777 739
1581 864 1581 863
1306 1014 1305 1014
99 139 99 140
117 317 116 317
547 38 547 37
1070 125 1070 126
793 24 792 24
804 576 804 577
41 645 41 646
1009 113 1010 113
1287 713 1288 713
439 902 439 903
364 1582 363 1582
947 1652 946 1652
1130 338 1130 337
151 1669 150 1669
748 1579 748 1578
966 1549 965 1549
879 282 878 282
666 1534 666 1533
1590 1559 1589 1559
891 43 892 43
677 491 678 491
98 1333 98 1334
717 817 716 817
1370 1640 1370 1641
605 333 606 333
360 342 361 342
543 439 542 439
101 223 101 224
1089 1078 1090 1078
1140 423 1140 422
260 496 260 497
924 1352 923 1352
446 113 445 113
944 1099 945 1099
1461 1691 1461 1690
792 1318 793 1318
1285 1256 1285 1257
355 129 355 128
628 767 629 767
731 896 730 896
633 1328 634 1328
224 1023 225 1023
715 736 715 737
612 861 612 862
430 587 430 586
755 1255 755 1254
811 418 811 417
242 1539 242 1540
480 1387 480 1388
921 1439 920 1439
165 753 165 754
389 963 389 962
503 1009 504 1009
1596 980 1595 980
1171 796 1172 796
23 1017 22 1017
54 539 54 540
99 480 98 480
308 577 308 578
1340 794 1339 794
1133 804 1134 804
40 1143 41 1143
832 628 833 628
748 376 749 376
437 1225 437 1226
521 724 522 724
28 1270 29 1270
132 910 132 909
435 306 435 307
928 174 928 173
180 701 179 701
333 136 333 137
1423 1627 1423 1628
34 976 33 976
174 42 174 41
876 1090 875 1090
493 255 494 255
1309 1614 1308 1614
392 1438 392 1437
486 212 486 213
587 1384 586 1384
147 539 148 539
987 1497 987 1498
645 246 645 245
258 1542 257 1542
1557 717 1556 717
27 1536 27 1537
622 145 621 145
1007 295 1007 294
1111 776 1111 777
173 1539 174 1539
933 320 933 321
603 814 603 815
210 1530 209 1530
793 1070 794 1070
512 556 512 555
862 1340 861 1340
980 632 980 631
201 1702 201 1703
1078 1539 1078 1538
706 1460 707 1460
82 1162 82 1163
1265 1334 1264 1334
1587 1172 1587 1173
317 1714 317 1713
504 1591 504 1590
518 1275 518 1274
1071 985 1071 984
409 1167 409 1168
946 535 947 535
710 1133 709 1133
1558 274 1558 275
279 59 278 59
759 1187 759 1186
1555 432 1554 432
1460 927 1460 926
216 692 215 692
1535 625 1534 625
1526 1519 1525 1519
1056 319 1055 319
1159 934 1160 934
122 1509 123 1509
458 957 458 958
1198 627 1199 627
450 773 450 772
682 1422 682 1421
752 1690 752 1691
236 209 235 209
930 631 930 632
1486 147 1485 147
1244 253 1245 253
1540 853 1541 853
429 1211 430 1211
178 1353 179 1353
1010 1256 1011 1256
272 1277 272 1276
371 1297 371 1296
1264 1413 1264 1414
1415 858 1416 858
1202 532 1202 533
1388 1164 1387 1164
894 772 894 771
759 911 759 912
1545 230 1546 230
298 992 297 992
372 791 372 792
1515 1599 1515 1600
1378 262 1378 263
804 1709 805 1709
752 423 753 423
62 703 63 703
860 1472 860 1473
1044 1350 1045 1350
1173 775 1173 776
1229 1570 1230 1570
1197 654 1196 654
370 542 371 542
702 163 703 163
340 604 340 605
1301 1346 1301 1347
836 852 836 851
1408 389 1408 390
453 567 452 567
711 693 711 692
1302 1485 1302 1484
1526 500 1527 500
1377 705 1377 704
454 1488 454 1489
954 527 955 527
959 28 958 28
1164 193 1163 193
1197 346 1197 345
875 817 874 817
1575 980 1575 979
1013 1669 1014 1669
852 1569 852 1568
1275 606 1275 607
1155 1277 1154 1277
1236 1135 1236 1134
1609 1631 1608 1631
1128 1348 1128 1347
702 1388 703 1388
1436 1378 1437 1378
1599 1597 1599 1598
859 206 860 206
1437 1339 1437 1338
678 65 679 65
520 1142 520 1141
489 1647 488 1647
162 339 162 340
165 1568 164 1568
252 948 253 948
830 227 830 226
483 1514 483 1513
1467 581 1467 580
1353 1550 1352 1550
1134 1480 1133 1480
168 1310 168 1309
644 1683 644 1682
827 311 827 312
412 1542 412 1543
361 427 360 427
962 191 963 191
470 195 470 194
994 0 995 0
1143 929 1144 929
1325 1165 1325 1164
361 869 361 868
912 1402 913 1402
897 403 898 403
217 1636 218 1636
42 206 43 206
882 1627 882 1628
193 1213 194 1213
461 1663 461 1664
1428 352 1428 353
49 396 49 397
1263 1360 1262 1360
632 273 631 273
1407 989 1407 990
1084 314 1083 314
5 1681 4 1681
1441 1272 1441 1271
540 419 541 419
117 918 117 919
1585 761 1584 761
512 117 512 118
318 1305 318 1306
275 832 275 831
329 364 329 363
1408 304 1408 305
448 621 448 620
883 340 882 340
374 1324 375 1324
567 251 566 251
191 1538 192 1538
1014 379 1014 378
1212 1352 1211 1352
1312 83 1312 82
1568 529 1568 528
64 1460 64 1461
528 331 527 331
1275 1513 1275 1514
406 1272 405 1272
1513 793 1514 793
826 1713 826 1714
991 1635 992 1635
346 1564 346 1565
1300 1337 1301 1337
410 351 409 351
1425 1210 1424 1210
1137 285 1138 285
359 1628 358 1628
986 753 986 752
786 194 786 193
852 219 853 219
1285 1563 1285 1562
420 120 421 120
1216 450 1215 450
462 1571 463 1571
1276 1310 1276 1309
1149 1487 1150 1487
857 1476 858 1476
63 1299 62 1299
223 794 222 794
496 527 496 526
1076 1277 1075 1277
975 113 975 112
977 902 977 903
1343 202 1342 202
401 1491 401 1492
1270 1546 1269 1546
172 1233 172 1232
1085 823 1085 822
153 579 152 579
189 417 189 416
134 312 133 312
337 1580 337 1581
39 221 39 222
914 879 914 878
1277 1383 1277 1384
1142 436 1143 436
323 912 322 912
1413 954 1413 955
497 1459 496 1459
241 1499 240 1499
659 1013 659 1014
944 62 944 63
104 715 105 715
3 1030 3 1029
826 383 827 383
912 1366 912 1365
1085 1051 1085 1052
1389 1622 1389 1623
466 428 466 427
451 1010 451 1011
1175 1492 1176 1492
806 748 806 747
1246 1200 1245 1200
677 372 677 373
584 9 583 9
1541 1134 1540 1134
1132 3 1132 4
344 1327 344 1326
1265 595 1265 594
1369 80 1370 80
1353 945 1352 945
89 808 89 807
156 1364 156 1365
280 241 280 240
1316 82 1316 81
839 178 838 178
739 669 740 669
1538 667 1537 667
218 278 218 277
669 1574 670 1574
127 1580 127 1581
1219 1064 1219 1065
1559 1570 1560 1570
379 524 380 524
1446 119 1446 120
106 404 107 404
133 696 133 695
1220 67 1221 67
1563 123 1562 123
666 771 666 772
152 1588 151 1588
1460 689 1460 690
835 368 836 368
265 774 264 774
202 713 202 712
1289 1428 1290 1428
204 1338 203 1338
43 478 44 478
991 262 991 263
1331 313 1331 312
489 180 489 179
637 943 637 944
505 939 506 939
564 581 563 581
519 409 520 409
995 465 996 465
580 912 580 913
878 1085 877 1085
1273 1546 1273 1547
150 936 149 936
1299 1072 1298 1072
282 511 281 511
485 1055 485 1056
1397 318 1397 319
895 321 895 320
1546 1181 1546 1180
1056 1614 1057 1614
3 1350 3 1349
979 90 978 90
1587 999 1587 1000
1433 1114 1432 1114
51 1195 52 1195
610 223 611 223
366 183 367 183
515 1608 515 1609
380 973 381 973
379 1628 379 1629
141 786 141 785
599 1451 600 1451
908 1059 908 1060
363 1014 363 1015
801 1158 801 1157
1236 678 1236 679
423 774 423 775
312 1043 312 1042
1172 972 1172 971
736 1187 736 1186
781 1128 780 1128
531 716 531 715
1553 1639 1553 1640
716 1718 716 1717
659 364 659 365
615 315 616 315
269 1495 268 1495
1046 849 1046 850
532 50 532 49
113 1054 114 1054
1056 127 1055 127
1092 1264 1091 1264
1421 16 1420 16
268 1238 267 1238
1576 1535 1576 1534
1245 17 1245 18
555 768 555 769
635 149 635 148
1108 161 1107 161
1333 1446 1332 1446
1464 519 1465 519
1161 1159 1160 1159
812 1562 812 1563
867 604 868 604
1550 205 1550 206
1415 1229 1414 1229
1548 1006 1548 1005
627 749 627 748
1486 491 1486 490
442 1318 442 1317
47 1187 47 1188
1025 1276 1025 1275
1371 365 1372 365
1016 139 1016 138
79 948 79 947
448 187 448 186
1032 424 1032 423
947 955 948 955
1443 864 1443 865
265 257 265 256
966 967 967 967
890 221 891 221
697 1168 697 1167
1047 1170 1048 1170
1412 763 1412 764
558 1384 558 1383
533 1517 532 1517
26 78 26 77
394 579 394 578
900 1605 899 1605
148 1485 148 1484
147 1503 147 1504
1407 950 1406 950
1373 1236 1374 1236
1407 816 1406 816
1317 1279 1317 1278
395 1428 395 1427
1110 141 1110 142
793 1425 792 1425
819 481 819 480
1394 1175 1394 1176
207 822 208 822
323 980 323 979
748 1472 749 1472
169 811 170 811
1504 1657 1505 1657
23 1041 23 1042
1295 127 1295 128
458 704 458 705
1002 928 1002 929
1135 1511 1135 1512
437 193 436 193
1477 1209 1477 1208
816 602 816 603
26 1137 26 1138
1233 307 1233 306
1000 330 1001 330
300 858 300 859
725 189 724 189
1599 320 1599 319
844 1077 844 1078
1377 51 1378 51
1336 1627 1337 1627
378 1292 379 1292
437 805 437 804
2 1605 2 1606
1034 155 1034 156
766 520 765 520
530 29 530 28
1227 966 1228 966
604 197 605 197
446 1156 445 1156
1037 1281 1038 1281
451 866 452 866
932 631 933 631
1068 1346 1067 1346
488 12 488 13
1269 561 1270 561
1173 281 1174 281
1143 1507 1143 1506
892 1322 892 1323
920 998 920 997
606 635 606 634
14 1412 15 1412
620 778 619 778
840 1703 840 1702
1052 1550 1052 1551
568 6 568 7
733 1651 733 1652
962 463 962 462
1572 1600 1571 1600
204 1548 204 1547
566 732 565 732
941 787 940 787
1496 656 1495 656
440 706 441 706
851 1437 851 1436
661 1007 661 1006
418 255 418 254
418 362 418 361
75 539 75 538
1564 144 1564 143
532 349 531 349
860 1406 859 1406
1434 285 1433 285
1248 1099 1248 1100
562 1469 561 1469
1021 1320 1020 1320
599 1389 598 1389
1285 978 1285 979
1112 1322 1111 1322
150 1030 149 1030
1433 1438 1433 1439
166 1151 165 1151
487 516 487 515
1426 354 1426 355
1160 1631 1159 1631
482 761 481 761
54 1711 54 1712
787 373 788 373
434 544 434 545
338 50 339 50
1236 804 1235 804
914 1652 915 1652
1559 1308 1558 1308
278 1609 279 1609
184 474 185 474
737 732 737 733
613 756 613 755
1419 1464 1419 1465
288 133 288 132
1036 1095 1035 1095
1544 1161 1545 1161
1022 966 1021 966
800 1606 801 1606
1499 807 1499 806
944 202 944 201
570 1150 569 1150
1155 1213 1154 1213
1361 701 1360 701
586 1657 586 1656
909 1251 909 1252
1 998 1 997
1325 502 1325 501
476 1519 476 1518
409 294 409 293
1011 103 1011 102
1042 929 1043 929
894 1323 893 1323
1605 928 1605 929
1124 747 1125 747
1337 1096 1337 1095
1033 1081 1033 1082
1307 564 1306 564
1463 986 1463 985
1584 700 1583 700
569 1341 569 1342
1170 927 1171 927
429 390 428 390
727 1368 726 1368
694 1 695 1
1582 29 1581 29
1582 70 1583 70
175 1381 175 1380
513 1690 513 1689
1230 775 1230 774
1419 545 1420 545
659 1072 659 1071
717 326 717 327
1339 1071 1339 1070
421 1582 421 1583
182 1406 182 1407
847 22 848 22
1499 76 1498 76
1503 1180 1504 1180
613 1477 613 1476
250 926 249 926
1320 231 1319 231
569 975 569 976
1182 89 1183 89
870 1196 869 1196
713 906 714 906
144 1464 144 1463
443 478 442 478
404 1686 404 1685
978 1552 977 1552
274 724 274 725
763 17 763 18
1214 486 1215 486
524 1319 524 1320
81 1475 81 1474
875 48 874 48
1039 453 1040 453
331 933 331 934
463 940 464 940
1478 855 1478 856
557 1419 558 1419
299 290 299 291
1361 562 1361 561
1377 924 1378 924
856 1515 855 1515
302 714 301 714
1010 919 1010 920
1200 707 1199 707
114 105 113 105
396 1251 396 1250
1596 1271 1596 1270
422 1718 421 1718
170 1699 169 1699
1142 1349 1142 1350
400 1007 401 1007
69 286 68 286
986 420 986 421
615 1694 615 1695
1173 798 1173 797
1066 1453 1067 1453
993 1119 992 1119
1550 1149 1550 1148
1349 568 1348 568
1535 1182 1536 1182
297 974 298 974
15 848 16 848
1574 58 1573 58
631 918 630 918
533 1474 534 1474
495 1425 495 1426
704 377 705 377
1164 566 1163 566
972 1619 973 1619
1484 1296 1485 1296
1360 1438 1360 1439
445 893 445 892
1191 955 1191 954
877 836 878 836
485 958 486 958
572 1680 572 1681
116 9 116 8
635 167 635 168
102 563 101 563
1350 341 1350 340
505 1588 504 1588
403 1468 402 1468
1070 890 1070 889
1204 1353 1205 1353
1253 1448 1253 1447
421 146 421 145
721 1216 721 1215
741 893 741 894
779 271 778 271
22 991 23 991
966 1511 965 1511
1296 1670 1296 1669
1098 398 1098 399
930 952 930 953
13 1720 13 1721
573 1038 573 1037
575 1019 575 1018
146 1227 146 1228
1201 1224 1201 1223
192 115 192 116
182 1154 181 1154
127 299 127 298
208 212 208 211
1590 801 1590 802
173 320 173 321
290 19 289 19
855 798 855 797
961 1138 961 1139
807 1032 807 1031
758 4 758 3
1306 1245 1307 1245
1136 941 1136 942
184 1269 185 1269
1491 1359 1491 1360
1028 1165 1028 1166
841 265 842 265
977 207 978 207
476 833 476 834
715 570 714 570
229 170 228 170
373 508 372 508
1398 145 1398 146
1019 1696 1019 1697
902 36 901 36
927 434 928 434
1542 353 1542 354
1516 532 1517 532
1330 751 1330 750
1112 388 1113 388
1118 1609 1119 1609
609 1311 609 1312
1180 38 1180 37
1385 481 1384 481
226 252 225 252
1587 1292 1587 1291
85 924 85 923
1535 759 1535 758
1065 63 1064 63
1267 1705 1266 1705
1196 955 1196 956
940 303 940 304
304 321 305 321
982 263 981 263
61 375 60 375
708 157 709 157
1136 275 1136 276
1245 1126 1245 1125
91 543 92 543
1388 188 1388 189
1070 730 1069 730
628 546 629 546
1583 809 1584 809
453 1367 454 1367
688 264 688 265
733 1010 734 1010
228 1068 229 1068
588 918 588 917
431 1651 431 1650
1381 1547 1381 1548
1511 661 1512 661
90 1579 90 1578
271 599 271 600
810 492 811 492
1217 6 1217 7
226 73 225 73
1593 1051 1593 1052
944 1668 943 1668
627 599 627 600
794 822 795 822
776 847 775 847
1544 1246 1545 1246
152 4 151 4
1481 223 1481 224
895 1374 895 1375
1236 423 1235 423
221 814 221 815
162 462 162 461
197 430 197 429
1260 697 1261 697
1036 1651 1035 1651
379 1105 379 1104
1413 594 1414 594
157 242 157 241
788 341 788 340
156 493 157 493
964 1670 963 1670
1256 386 1256 387
500 1602 499 1602
178 932 178 933
1608 761 1607 761
376 225 376 224
336 39 337 39
308 816 309 816
1167 766 1166 766
570 1408 570 1407
1298 775 1298 776
1185 1267 1186 1267
1107 543 1107 542
631 1091 632 1091
1168 278 1168 277
1557 1619 1557 1618
20 29 21 29
1259 475 1258 475
204 837 203 837
521 1337 520 1337
690 294 690 295
657 252 657 253
479 1391 478 1391
1197 580 1198 580
921 1214 920 1214
1093 195 1092 195
1445 1477 1445 1478
840 191 841 191
990 157 990 156
472 753 472 752
1015 214 1014 214
1193 32 1193 31
654 209 654 208
1343 983 1344 983
1421 202 1422 202
333 613 333 614
1093 98 1093 99
756 734 755 734
138 494 138 495
895 1122 894 1122
777 1537 777 1536
1279 1057 1279 1056
125 241 126 241
169 689 170 689
1536 1273 1535 1273
1559 388 1559 389
1157 687 1157 686
918 1199 917 1199
771 443 771 444
1449 1714 1449 1713
184 1549 184 1550
529 917 528 917
1463 1054 1464 1054
1511 445 1511 446
1010 1688 1010 1687
43 54 42 54
338 91 338 90
5 940 4 940
28 1460 27 1460
495 60 494 60
600 1620 600 1621
33 901 33 902
2 345 2 344
1380 1145 1379 1145
700 660 700 659
1293 1652 1292 1652
843 731 843 730
578 1077 578 1076
1369 479 1369 480
775 691 774 691
1504 1241 1504 1240
717 172 718 172
910 1107 910 1108
302 998 301 998
351 897 351 896
1372 73 1372 72
1208 729 1207 729
876 69 876 68
1115 1331 1116 1331
499 1685 500 1685
1162 1499 1162 1498
1401 1442 1402 1442
1150 138 1151 138
348 417 347 417
277 1119 276 1119
1389 1465 1390 1465
923 891 923 892
851 411 852 411
303 856 303 855
302 100 302 99
777 1489 778 1489
1530 976 1531 976
570 1000 570 999
488 1609 488 1610
1111 567 1111 566
578 1023 577 1023
19 1391 19 1390
1491 1533 1490 1533
547 1244 547 1245
449 1707 449 1706
1538 410 1538 409
109 637 108 637
1200 470 1199 470
266 236 267 236
656 96 656 95
112 152 113 152
785 515 785 516
42 281 42 280
1031 903 1031 902
855 1139 855 1138
218 970 217 970
1254 1690 1254 1691
883 344 883 345
687 1047 688 1047
920 690 920 689
1309 1342 1309 1343
1404 1264 1404 1263
368 1334 367 1334
1400 1426 1400 1427
1544 141 1544 140
1321 481 1321 480
608 454 607 454
1295 890 1296 890
1088 14 1089 14
751 526 752 526
144 114 143 114
454 530 455 530
644 233 644 232
1160 1020 1161 1020
473 228 474 228
725 1631 725 1632
1082 615 1082 616
598 570 599 570
1513 1277 1513 1278
736 483 735 483
37 1704 37 1703
46 890 46 889
1407 1454 1408 1454
1086 330 1086 331
525 221 525 220
1516 1704 1515 1704
1136 1675 1135 1675
408 1692 409 1692
324 1272 324 1273
1610 1250 1611 1250
1509 1597 1510 1597
1502 101 1502 102
1525 982 1525 981
52 222 53 222
146 336 145 336
1190 369 1191 369
508 606 508 605
412 1630 411 1630
521 1671 522 1671
566 395 566 394
749 408 750 408
1350 1659 1349 1659
1197 1382 1196 1382
901 1133 901 1134
650 910 649 910
754 1622 754 1621
894 919 894 918
1499 1089 1499 1088
767 1689 767 1690
333 214 333 213
1390 404 1389 404
1216 110 1216 109
1494 1693 1495 1693
1045 502 1044 502
20 1045 20 1046
170 1325 171 1325
1575 1655 1575 1656
907 404 908 404
798 1534 798 1535
231 1186 231 1187
13 124 13 123
112 1024 111 1024
1165 606 1165 605
1371 999 1371 998
1499 495 1500 495
1321 840 1322 840
1548 362 1549 362
1405 477 1406 477
137 270 137 271
1004 1703 1004 1704
1002 23 1002 24
1552 1144 1553 1144
1497 20 1496 20
301 997 300 997
1245 1665 1244 1665
1194 143 1194 144
1410 1527 1410 1526
1482 1175 1482 1174
1277 926 1278 926
939 1226 939 1225
305 474 305 475
840 174 840 175
1383 1411 1384 1411
28 563 27 563
655 580 656 580
1186 364 1186 365
984 1057 983 1057
859 572 858 572
1075 1205 1076 1205
848 1622 848 1621
1275 1565 1274 1565
983 1689 983 1688
956 550 956 551
1380 449 1380 448
337 159 337 160
1193 1221 1194 1221
1608 812 1608 813
1133 1357 1133 1358
1241 148 1240 148
1119 1303 1118 1303
233 897 234 897
77 1345 78 1345
1219 649 1219 648
338 1391 338 1392
668 550 668 549
961 155 960 155
1320 5 1319 5
922 1217 921 1217
1608 1567 1609 1567
13 1363 13 1364
275 1532 275 1531
334 1209 335 1209
131 935 132 935
929 813 929 814
1097 1341 1096 1341
571 1402 571 1401
1017 959 1017 958
1571 1122 1570 1122
1210 514 1210 515
348 1351 347 1351
792 1085 793 1085
888 126 889 126
916 236 915 236
542 474 542 475
753 817 753 816
875 584 876 584
153 1433 152 1433
573 1502 574 1502
1414 134 1415 134
384 1593 384 1592
48 417 49 417
239 1466 238 1466
178 274 177 274
794 1141 795 1141
92 582 91 582
434 787 435 787
499 768 500 768
1110 1405 1110 1404
338 1389 338 1388
394 362 395 362
866 1159 866 1160
354 836 355 836
152 1235 153 1235
70 57 70 58
1195 365 1195 364
983 863 983 862
1477 312 1478 312
1091 206 1091 205
1357 447 1357 448
443 320 443 319
1414 312 1413 312
1194 644 1195 644
1124 946 1125 946
437 877 437 878
1252 741 1252 740
579 814 578 814
1127 1704 1127 1703
673 288 673 287
328 1252 329 1252
609 416 609 415
1430 464 1429 464
90 611 90 612
38 375 39 375
929 299 930 299
1168 1508 1169 1508
1249 839 1248 839
107 377 107 378
423 1492 423 1491
1497 1540 1497 1539
946 80 946 79
651 292 651 293
1433 1618 1433 1617
993 1472 992 1472
1241 487 1241 488
1009 1214 1010 1214
452 715 453 715
838 923 838 922
504 1689 504 1690
493 671 492 671
1275 1245 1274 1245
1175 821 1175 820
1452 110 1452 111
366 923 367 923
901 411 902 411
1467 1231 1467 1230
771 371 771 370
1396 905 1397 905
1228 298 1229 298
1081 614 1081 615
234 388 234 389
263 599 263 600
120 276 120 275
891 369 890 369
966 152 967 152
901 1617 900 1617
692 1637 692 1638
282 477 282 476
873 395 874 395
845 140 844 140
1361 1634 1360 1634
520 896 520 895
1540 440 1540 441
318 1045 319 1045
0 494 1 494
597 956 597 957
959 979 959 980
215 1277 215 1278
1322 1349 1322 1350
236 44 236 43
97 293 96 293
601 1117 601 1118
942 1639 943 1639
452 20 453 20
102 196 102 197
105 615 105 614
1340 725 1341 725
354 954 354 955
13 540 13 541
224 262 225 262
485 1607 486 1607
772 599 773 599
1290 1536 1289 1536
354 479 355 479
1295 627 1295 626
556 1068 557 1068
1046 810 1046 811
1103 993 1103 994
1560 852 1559 852
1389 1495 1390 1495
319 115 320 115
1588 1659 1588 1658
1609 808 1609 807
746 1391 745 1391
782 691 781 691
1455 860 1455 859
624 631 625 631
212 868 213 868
563 815 563 814
17 1101 16 1101
1041 1468 1041 1469
1189 980 1190 980
1093 404 1094 404
1180 845 1180 846
232 160 232 161
41 1108 41 1109
314 926 314 925
556 1188 556 1189
397 736 398 736
235 950 234 950
1509 1168 1509 1169
946 200 946 201
1493 1029 1494 1029
1501 889 1501 890
767 1420 768 1420
1269 1665 1268 1665
246 212 247 212
211 731 211 730
374 1472 375 1472
152 739 152 740
53 577 53 576
873 1285 874 1285
1481 180 1480 180
1561 1587 1561 1588
809 1229 809 1228
280 1110 279 1110
1054 1294 1054 1293
1397 305 1397 304
1452 369 1452 368
294 592 294 593
1003 1443 1003 1444
1520 553 1519 553
594 1335 594 1336
487 180 486 180
894 692 895 692
568 261 569 261
792 1394 792 1393
1074 445 1075 445
1512 332 1512 333
103 1574 104 1574
1394 1331 1395 1331
749 1635 748 1635
487 1326 487 1325
1055 867 1054 867
245 1610 245 1611
103 195 104 195
230 504 229 504
1150 170 1150 169
1452 274 1453 274
1118 1517 1119 1517
609 1345 608 1345
1597 316 1597 317
1282 828 1282 827
317 1294 317 1293
459 912 458 912
527 337 526 337
1516 526 1515 526
724 1021 725 1021
651 1608 650 1608
780 1430 779 1430
576 179 577 179
1357 1186 1358 1186
227 959 228 959
1284 1115 1283 1115
518 1243 517 1243
1347 444 1347 445
1397 474 1396 474
159 1271 160 1271
779 343 780 343
564 351 565 351
611 1668 611 1669
910 1470 911 1470
1151 1625 1150 1625
676 683 676 684
1377 1635 1377 1634
1253 857 1253 856
1470 1085 1471 1085
1454 466 1454 465
190 1439 190 1438
438 170 438 171
689 590 690 590
816 1421 816 1420
701 176 701 175
660 748 660 747
399 1217 400 1217
553 947 552 947
203 428 203 429
125 361 125 360
1201 18 1201 17
179 480 179 479
7 10 6 10
852 1554 851 1554
1210 198 1211 198
600 206 599 206
495 1424 495 1425
239 944 239 945
876 608 876 609
1573 1132 1573 1131
1170 946 1170 945
1253 61 1254 61
1551 1443 1552 1443
102 225 101 225
1240 1338 1239 1338
565 187 564 187
1523 1656 1523 1655
1160 247 1161 247
868 31 868 30
1218 776 1218 775
1065 47 1064 47
1193 1473 1192 1473
1545 769 1544 769
1153 1668 1154 1668
433 744 433 745
630 959 629 959
1171 745 1171 744
1410 1702 1410 1701
993 355 994 355
743 1254 744 1254
1140 1020 1140 1019
312 1089 313 1089
818 996 819 996
29 1518 29 1517
1188 822 1187 822
966 1278 967 1278
824 1060 823 1060
743 1008 743 1009
493 558 493 557
667 827 667 826
63 1473 64 1473
1186 1434 1186 1435
117 1340 117 1339
1283 986 1284 986
892 242 891 242
1314 321 1313 321
166 1257 166 1256
1498 1665 1498 1664
1417 88 1417 87
223 152 223 153
978 848 978 849
597 872 597 873
1419 694 1419 693
1603 1176 1603 1177
1392 1581 1393 1581
956 1316 955 1316
685 1407 684 1407
172 369 171 369
1608 176 1607 176
766 782 766 783
229 928 229 927
412 1058 411 1058
665 709 664 709
252 991 252 990
1398 1020 1398 1019
1493 808 1493 809
1289 634 1288 634
249 718 249 717
1311 972 1312 972
1571 797 1572 797
330 242 330 241
1437 1601 1438 1601
974 1539 974 1538
739 1001 738 1001
129 1576 128 1576
62 1439 62 1440
1300 1598 1300 1599
900 1592 899 1592
1332 445 1333 445
1418 1059 1418 1060
1140 204 1140 203
1555 1588 1554 1588
546 808 545 808
1244 788 1244 789
240 718 240 719
130 789 130 788
1488 1650 1489 1650
1553 1157 1553 1158
1168 1628 1168 1629
993 243 994 243
1472 366 1472 367
473 1713 472 1713
874 375 875 375
1124 584 1123 584
27 1377 27 1376
1265 1560 1265 1559
377 241 377 240
86 974 85 974
900 568 900 567
498 1554 499 1554
138 785 139 785
1321 266 1322 266
1604 475 1605 475
647 1440 647 1441
1569 420 1570 420
196 79 197 79
1531 1662 1532 1662
830 1064 830 1063
424 279 424 280
44 1647 45 1647
1553 1565 1553 1564
244 799 245 799
1145 311 1146 311
1403 1148 1404 1148
1534 220 1535 220
852 589 852 588
1075 1338 1076 1338
563 676 564 676
553 330 554 330
319 403 318 403
1213 1701 1212 1701
1285 1070 1284 1070
1550 1011 1550 1012
590 694 591 694
800 448 801 448
1227 259 1227 258
233 231 233 232
161 774 161 775
696 754 696 755
494 671 494 670
695 1711 695 1710
884 261 883 261
50 740 50 741
1168 1692 1168 1693
347 1454 347 1453
414 1112 414 1111
1523 392 1523 391
1271 1057 1272 1057
767 1145 766 1145
1374 525 1373 525
969 1572 969 1571
378 94 379 94
829 701 828 701
822 794 821 794
931 1561 932 1561
463 394 463 395
591 1472 592 1472
1232 917 1232 916
1552 1168 1551 1168
496 909 495 909
1319 1512 1319 1513
10 877 11 877
124 1276 124 1275
92 910 92 909
938 1082 937 1082
793 607 792 607
877 879 877 878
89 1584 88 1584
283 513 283 514
331 338 331 337
12 650 12 649
418 1101 418 1100
253 60 254 60
414 1129 415 1129
1020 1375 1021 1375
280 46 280 47
149 1575 149 1576
1467 1253 1468 1253
6 874 6 875
1568 1263 1568 1262
437 280 436 280
444 972 445 972
364 611 363 611
482 1088 482 1089
1266 1223 1267 1223
767 1689 766 1689
758 72 757 72
445 332 446 332
208 1299 207 1299
1115 1329 1116 1329
1294 1042 1295 1042
1261 174 1262 174
1443 561 1444 561
1043 1234 1043 1233
613 14 612 14
334 1515 333 1515
141 625 141 624
141 1445 140 1445
297 1038 296 1038
3 191 4 191
844 898 844 897
625 168 625 169
813 1672 814 1672
1110 998 1111 998
1113 684 1113 685
1241 89 1241 90
1332 1006 1332 1007
114 541 114 540
483 947 483 948
387 1055 387 1056
1274 89 1274 88
419 900 419 899
143 1390 142 1390
1115 838 1116 838
1412 68 1411 68
226 12 227 12
774 1239 774 1240
858 1140 857 1140
732 111 731 111
1601 176 1601 177
1052 174 1052 175
750 547 751 547
1039 1371 1039 1370
62 789 63 789
817 1612 817 1613
330 694 330 693
355 991 356 991
62 1188 63 1188
1174 574 1173 574
1518 846 1519 846
1413 1663 1413 1662
422 1266 422 1267
205 203 204 203
1435 367 1435 368
634 34 633 34
391 1262 391 1261
1168 1647 1169 1647
1459 301 1459 302
1104 1213 1104 1214
1198 320 1198 321
1321 576 1320 576
782 591 782 592
40 1467 40 1468
319 579 320 579
935 283 935 282
714 789 713 789
1247 902 1247 901
1476 679 1477 679
808 796 808 795
419 750 418 750
324 48 323 48
1007 872 1007 871
743 1713 742 1713
1499 1267 1498 1267
1588 1594 1588 1593
111 1698 112 1698
538 1022 539 1022
311 292 310 292
1359 1053 1360 1053
777 1296 777 1297
706 1696 705 1696
482 1229 482 1228
166 423 167 423
1503 1433 1502 1433
1036 606 1036 605
742 1561 743 1561
18 330 18 331
1161 633 1162 633
591 966 591 965
1155 674 1156 674
917 1404 918 1404
395 1037 395 1036
75 169 75 168
601 157 601 156
1241 967 1242 967
742 1326 742 1327
270 263 270 264
139 1635 139 1636
834 598 834 599
386 87 386 88
1409 644 1410 644
1323 1437 1322 1437
1074 138 1073 138
825 1545 825 1546
775 1655 775 1656
1554 1557 1554 1558
893 1485 892 1485
310 94 310 95
1123 719 1123 718
778 1665 777 1665
1554 462 1554 463
1006 405 1006 406
1517 595 1517 596
281 54 281 55
1087 566 1088 566
1254 1591 1253 1591
1339 132 1340 132
201 1228 202 1228
104 766 104 765
12 1260 13 1260
1304 635 1304 636
568 794 569 794
98 551 98 552
1100 948 1099 948
920 1564 920 1563
1372 220 1372 221
855 566 855 565
1060 547 1061 547
841 1098 841 1097
1157 1223 1157 1224
250 1655 249 1655
650 1293 649 1293
714 1067 714 1066
979 743 980 743
903 770 904 770
1534 234 1533 234
581 869 582 869
1522 729 1522 730
1014 556 1014 557
436 1445 435 1445
473 1122 472 1122
1372 1104 1372 1103
636 829 636 828
299 68 300 68
719 721 720 721
314 633 313 633
492 440 492 441
427 1273 426 1273
900 403 899 403
731 1715 730 1715
960 946 960 945
868 1268 868 1267
124 146 123 146
1437 1707 1438 1707
457 541 458 541
969 1087 969 1088
1199 1359 1199 1360
5 664 4 664
395 1381 394 1381
1507 672 1507 673
56 1105 55 1105
296 821 296 820
122 814 122 813
119 1310 118 1310
1495 982 1494 982
865 1213 865 1214
377 733 377 734
129 1220 130 1220
756 1067 756 1068
555 1229 556 1229
802 1596 802 1595
999 297 999 296
1237 902 1238 902
410 1486 410 1487
1165 141 1165 140
87 830 86 830
45 1626 44 1626
701 536 700 536
925 1674 925 1675
1292 993 1292 994
774 366 774 367
416 913 416 914
1070 613 1071 613
651 87 652 87
1333 1269 1333 1270
913 1112 914 1112
960 1350 959 1350
234 1048 234 1047
889 794 889 793
1 251 1 252
1271 878 1271 879
1299 1592 1299 1591
415 661 415 662
39 932 39 931
136 1082 137 1082
64 86 64 85
355 235 355 236
392 644 393 644
752 1432 752 1433
899 1467 899 1466
1318 1120 1317 1120
1401 505 1401 504
256 767 256 766
355 727 354 727
595 1712 596 1712
723 1094 723 1095
852 551 853 551
756 477 756 478
1333 754 1334 754
829 1328 830 1328
841 1591 841 1590
1391 299 1392 299
1531 327 1531 326
760 37 760 36
757 588 757 589
1009 1337 1008 1337
681 1022 681 1023
380 1066 381 1066
464 682 463 682
1363 848 1363 847
10 1223 10 1222
380 915 381 915
1114 1719 1113 1719
838 1569 838 1568
1603 1417 1603 1416
1249 1707 1248 1707
1515 1575 1515 1574
1594 1173 1593 1173
139 404 140 404
42 226 42 227
803 1424 803 1425
1254 134 1254 135
954 1231 955 1231
1154 612 1153 612
770 11 771 11
1286 1596 1287 1596
1359 1363 1360 1363
246 890 246 889
1252 10 1252 9
642 374 643 374
208 1046 209 1046
617 1410 617 1411
1356 205 1357 205
1555 1424 1555 1425
34 1508 34 1509
438 270 438 269
55 1160 56 1160
1073 1374 1073 1375
28 72 27 72
1267 828 1267 827
1279 121 1280 121
426 274 425 274
729 742 728 742
1515 504 1514 504
1555 903 1554 903
877 1575 877 1574
366 74 366 73
1394 356 1394 355
1328 926 1327 926
1227 74 1228 74
504 1113 503 1113
985 869 986 869
1519 524 1519 523
1135 304 1136 304
1432 567 1432 568
320 471 321 471
948 1116 948 1115
736 833 737 833
241 226 240 226
1174 331 1174 330
635 1139 636 1139
432 740 431 740
453 409 452 409
419 68 420 68
1139 1070 1139 1069
89 1682 89 1681
147 1026 147 1025
1034 1661 1035 1661
1152 377 1151 377
1262 1277 1263 1277
1315 1638 1316 1638
716 600 716 599
90 1081 90 1082
629 543 629 544
1077 1249 1077 1248
1422 897 1423 897
1231 1512 1231 1511
1032 1182 1032 1181
695 1457 696 1457
1579 1324 1580 1324
213 1067 214 1067
1082 1362 1081 1362
239 4 239 5
421 43 421 44
1092 626 1091 626
1285 303 1286 303
1056 822 1057 822
1355 215 1355 214
487 806 486 806
884 965 883 965
1470 1358 1470 1357
159 220 158 220
794 28 793 28
1082 707 1082 706
100 515 100 514
1406 189 1407 189
983 1001 984 1001
1300 2 1301 2
341 488 341 489
1484 1006 1485 1006
1140 969 1140 970
718 992 718 991
1091 919 1092 919
1484 225 1483 225
1271 207 1271 208
191 89 192 89
1371 1319 1372 1319
1061 161 1061 162
318 763 317 763
556 328 556 327
1312 1053 1313 1053
506 1555 507 1555
1606 687 1607 687
849 1243 849 1244
1532 716 1532 715
1577 56 1576 56
549 672 549 671
312 237 312 238
371 1083 372 1083
1156 1004 1156 1005
324 969 325 969
972 524 972 525
711 801 711 800
189 1137 190 1137
119 1361 118 1361
240 1495 241 1495
1015 20 1016 20
1589 1060 1589 1061
398 582 398 581
1148 1305 1147 1305
1084 1465 1085 1465
1282 1440 1282 1439
418 632 418 633
179 1528 179 1527
66 760 65 760
1351 400 1351 401
162 787 162 788
1375 646 1376 646
1218 1583 1219 1583
1002 1556 1002 1555
350 291 350 292
791 1305 791 1306
150 336 149 336
407 159 406 159
512 1578 512 1579
259 475 259 474
995 1246 995 1247
889 951 889 952
1388 383 1388 382
298 1330 298 1329
45 766 46 766
872 1385 872 1386
501 575 500 575
391 802 391 801
414 207 414 206
1561 337 1560 337
702 722 701 722
917 1512 918 1512
1073 1585 1073 1584
26 811 26 810
1454 606 1453 606
69 383 69 382
1035 25 1036 25
1321 1373 1321 1374
59 1718 59 1719
235 524 235 523
1099 419 1099 418
45 440 45 439
360 1450 361 1450
1180 16 1180 15
152 1456 153 1456
233 927 234 927
437 1130 437 1131
134 744 134 745
61 351 60 351
1151 623 1151 624
461 798 462 798
1316 1307 1316 1308
1186 16 1186 15
908 1032 908 1033
1277 95 1277 94
935 30 935 29
978 691 977 691
336 960 336 959
612 711 612 712
381 598 380 598
342 1146 342 1145
860 1623 860 1624
1087 722 1087 721
1141 1611 1141 1612
1395 1330 1395 1329
610 1372 609 1372
286 883 285 883
860 1529 860 1530
1262 259 1262 258
409 749 408 749
492 658 491 658
764 182 764 183
991 1312 991 1313
1421 1190 1421 1191
242 706 242 707
103 1429 102 1429
1203 983 1202 983
1157 1393 1156 1393
547 909 546 909
265 866 264 866
842 55 843 55
706 165 705 165
539 486 540 486
99 90 100 90
540 846 540 845
916 573 916 574
1226 144 1226 143
1018 545 1019 545
846 1685 846 1684
226 1065 226 1066
954 1191 955 1191
534 45 534 46
587 1601 587 1602
485 49 484 49
1114 1321 1114 1320
1283 499 1282 499
64 377 64 378
692 1012 692 1013
1506 952 1505 952
325 726 324 726
1104 116 1105 116
878 187 878 186
7 296 7 295
771 266 771 265
1109 1653 1109 1652
131 228 131 227
1197 235 1198 235
491 134 492 134
569 916 569 915
1147 821 1146 821
953 807 954 807
1559 1288 1559 1289
503 420 503 419
317 309 317 310
21 1147 21 1148
966 1567 967 1567
46 6 46 5
853 14 852 14
522 678 522 677
356 36 356 37
356 1074 357 1074
253 997 252 997
141 1211 140 1211
194 649 194 648
1607 600 1607 599
563 1144 563 1145
356 1169 357 1169
113 95 113 94
1055 761 1056 761
1586 265 1586 266
1285 481 1286 481
842 99 842 100
741 6 741 5
1461 553 1460 553
1582 941 1582 940
758 1540 758 1541
7 239 7 240
286 681 286 680
1384 578 1384 577
454 117 454 118
301 1570 300 1570
1594 744 1594 745
1297 34 1297 35
18 339 18 340
1608 765 1608 766
1284 236 1283 236
1376 1506 1375 1506
998 1391 999 1391
425 514 425 515
1037 1037 1038 1037
355 371 355 372
1188 61 1187 61
636 1198 636 1199
565 1442 564 1442
792 1628 791 1628
1571 196 1572 196
947 1398 946 1398
913 522 912 522
1206 415 1207 415
443 1077 442 1077
776 1083 775 1083
1568 79 1568 78
644 926 644 925
695 463 695 462
128 1476 129 1476
78 867 79 867
1118 1716 1117 1716
696 1258 695 1258
568 1179 568 1178
790 494 791 494
1158 1360 1158 1361
1327 1366 1328 1366
760 1713 759 1713
521 145 521 146
782 1680 782 1679
101 1415 101 1414
1166 995 1167 995
460 300 459 300
1451 1381 1450 1381
262 134 261 134
1273 1608 1274 1608
27 606 27 605
637 199 637 198
192 441 191 441
875 452 875 453
913 704 913 705
1332 780 1332 779
1328 1364 1328 1363
598 727 597 727
500 872 501 872
1388 505 1388 504
1606 15 1606 14
752 1334 753 1334
1061 377 1061 378
28 685 28 684
303 92 303 93
816 1646 815 1646
558 1261 557 1261
1069 303 1068 303
1217 805 1216 805
1327 734 1327 735
1576 926 1577 926
657 473 658 473
1226 280 1226 281
1323 850 1323 849
1222 1593 1221 1593
1311 108 1312 108
290 1464 289 1464
706 1540 705 1540
1078 792 1077 792
799 1612 798 1612
664 287 665 287
147 1080 147 1081
1427 1104 1428 1104
1358 196 1358 195
1428 191 1428 190
801 115 801 114
263 1082 262 1082
831 1437 831 1438
94 1067 94 1068
1139 314 1140 314
461 766 461 765
392 1252 391 1252
617 900 617 899
461 694 461 693
887 1506 887 1507
293 619 294 619
1096 1092 1095 1092
464 1582 463 1582
1289 1612 1289 1613
52 195 53 195
3 1496 3 1495
597 1614 597 1613
456 1514 456 1515
645 615 646 615
486 595 486 594
90 547 90 546
1069 1326 1069 1325
208 1545 209 1545
963 1566 964 1566
348 1041 349 1041
914 390 914 391
1498 228 1498 227
1299 694 1299 695
730 621 730 622
1478 382 1478 381
894 138 895 138
391 1634 391 1633
1440 1513 1440 1512
123 850 123 851
217 959 216 959
1341 535 1342 535
706 23 706 24
591 342 592 342
126 1385 126 1386
405 1567 405 1566
586 971 586 970
264 278 265 278
1281 1713 1281 1712
1321 313 1321 314
21 1479 21 1478
82 1506 82 1505
1219 212 1219 211
74 407 74 408
352 963 352 964
1023 275 1022 275
1436 541 1436 540
253 1313 253 1314
1529 67 1529 66
1180 760 1181 760
326 1155 326 1156
371 706 371 707
958 601 958 600
210 1718 210 1719
378 1216 378 1217
558 597 559 597
565 601 565 600
1285 612 1286 612
635 998 636 998
525 471 525 472
501 491 502 491
837 534 837 533
1487 445 1488 445
517 1538 517 1539
516 60 516 61
1058 161 1058 162
1330 241 1330 242
1377 254 1377 253
732 187 732 186
1385 961 1386 961
462 78 463 78
749 42 749 43
96 205 95 205
141 376 140 376
1193 247 1193 248
992 250 993 250
503 433 503 432
1510 1346 1509 1346
1476 1391 1475 1391
1518 1690 1517 1690
754 367 754 366
230 1125 230 1126
181 1544 182 1544
1205 370 1204 370
1554 336 1553 336
1366 874 1366 873
643 1221 643 1222
254 667 254 668
1362 331 1362 332
714 636 715 636
1519 1562 1520 1562
1371 68 1371 67
193 1149 192 1149
665 1675 665 1674
1481 269 1482 269
251 1324 250 1324
1303 258 1303 259
1303 729 1304 729
1037 608 1037 607
1212 1379 1211 1379
557 957 558 957
1333 1121 1334 1121
1188 1325 1187 1325
622 906 621 906
702 1614 701 1614
1210 493 1210 492
1364 263 1365 263
173 873 172 873
1582 643 1583 643
1083 1520 1084 1520
1189 471 1189 472
661 462 662 462
1543 424 1542 424
1186 1283 1186 1282
1247 1437 1246 1437
160 1606 159 1606
1553 238 1554 238
483 1025 483 1026
1600 1515 1599 1515
997 412 998 412
1046 1306 1046 1307
19 415 19 414
54 340 54 339
1019 203 1020 203
1097 528 1097 529
820 1168 820 1167
1157 351 1157 350
118 1705 118 1704
677 784 678 784
1264 337 1264 336
927 168 926 168
222 1157 223 1157
814 922 813 922
723 1684 723 1685
1581 1588 1581 1587
1325 332 1325 333
1586 1289 1587 1289
737 949 737 948
1429 1673 1430 1673
655 334 655 333
942 317 943 317
1014 246 1014 245
218 235 218 236
1369 1320 1369 1319
1197 846 1198 846
928 711 928 710
1116 1220 1115 1220
674 1196 675 1196
1504 1716 1504 1717
1359 1393 1358 1393
1225 619 1225 618
343 456 343 457
1473 1084 1472 1084
580 1531 581 1531
1447 625 1446 625
1598 281 1598 282
776 51 776 50
1101 1150 1102 1150
1536 976 1536 977
695 334 695 333
1469 730 1470 730
912 373 911 373
418 616 418 615
1011 785 1011 786
394 1143 393 1143
166 345 165 345
1264 100 1265 100
720 44 719 44
1325 706 1326 706
1035 1035 1036 1035
234 1012 234 1011
1191 877 1190 877
277 746 278 746
180 712 180 713
64 164 64 163
1382 1222 1382 1221
1315 1140 1314 1140
867 112 866 112
199 1233 199 1232
186 1205 186 1204
1225 696 1225 695
110 231 111 231
1198 1287 1199 1287
1028 255 1029 255
197 19 197 20
1277 1714 1277 1715
1429 1429 1430 1429
1285 1677 1285 1676
1141 1153 1142 1153
995 1391 995 1390
657 1375 657 1374
427 1679 427 1678
364 1264 364 1263
869 13 870 13
387 1158 387 1157
79 1100 79 1099
912 1015 911 1015
204 736 204 737
1379 959 1379 960
864 629 863 629
1054 1124 1053 1124
529 1149 528 1149
1590 923 1591 923
554 1241 554 1240
1334 709 1334 708
1116 1643 1115 1643
239 505 238 505
372 220 371 220
156 1114 156 1113
499 796 499 795
598 156 598 157
1078 1491 1079 1491
1145 1395 1146 1395
262 20 263 20
1511 1159 1510 1159
789 139 788 139
219 1670 219 1669
744 1192 744 1193
1026 114 1027 114
1239 359 1239 360
1296 76 1295 76
621 881 621 880
1082 839 1083 839
1168 821 1168 820
603 1148 603 1147
508 915 508 916
894 520 895 520
874 1209 875 1209
1599 424 1599 425
1417 902 1417 901
716 1042 717 1042
1102 451 1103 451
562 644 561 644
356 576 356 577
168 491 169 491
364 1151 363 1151
1434 1707 1433 1707
1143 28 1142 28
378 695 377 695
1286 51 1286 52
579 941 579 942
453 844 452 844
754 990 754 991
323 11 322 11
748 1132 747 1132
1190 1236 1190 1237
487 216 486 216
283 214 283 213
1457 99 1457 98
1588 80 1589 80
1436 1487 1437 1487
452 1277 452 1278
859 29 860 29
1538 989 1537 989
484 315 485 315
1354 949 1354 950
898 1381 898 1380
1405 138 1405 137
1472 236 1471 236
90 667 90 668
859 1068 859 1067
246 609 247 609
490 462 489 462
105 1540 105 1541
281 725 281 724
217 250 216 250
169 1161 170 1161
426 621 426 620
1378 120 1379 120
527 981 526 981
1042 1334 1042 1333
1160 378 1161 378
1277 588 1276 588
966 908 967 908
333 900 334 900
622 1328 621 1328
1113 788 1113 789
367 143 366 143
843 1324 844 1324
173 410 173 411
989 14 989 13
68 902 68 903
206 726 206 725
255 1451 254 1451
846 1107 847 1107
43 798 42 798
1508 871 1509 871
547 120 546 120
111 752 112 752
1165 1611 1166 1611
1539 455 1538 455
208 765 207 765
1019 443 1018 443
153 1624 152 1624
1478 72 1477 72
498 926 497 926
1391 5 1391 4
0 229 1 229
1204 631 1203 631
1155 531 1155 532
836 1578 836 1579
228 1027 228 1028
529 1245 528 1245
390 879 390 880
78 1562 79 1562
611 513 611 514
1512 1183 1511 1183
1569 327 1568 327
217 1135 218 1135
661 1210 661 1209
677 357 678 357
367 1256 366 1256
1177 1115 1177 1114
1520 797 1520 796
966 1540 965 1540
444 159 444 158
1273 858 1272 858
353 1243 353 1244
168 711 169 711
963 632 964 632
860 1481 860 1480
338 151 339 151
680 922 681 922
1196 266 1195 266
230 805 229 805
833 1350 833 1351
1424 1063 1423 1063
470 1249 470 1250
423 1165 423 1166
942 503 942 502
1198 629 1197 629
1445 89 1445 88
757 1207 757 1208
172 596 172 595
1487 122 1486 122
1133 13 1133 14
1541 1419 1541 1420
516 1589 517 1589
1441 658 1441 659
460 1435 460 1436
739 747 739 746
1295 158 1294 158
824 150 824 151
492 489 492 488
429 226 429 225
1302 1608 1303 1608
1315 1539 1315 1538
564 1492 565 1492
266 839 266 838
1216 1432 1215 1432
1537 1199 1537 1200
924 660 924 661
992 1534 992 1533
472 649 472 650
477 858 476 858
348 683 348 684
535 91 536 91
853 558 853 559
964 624 965 624
195 661 195 660
234 1192 233 1192
269 1451 270 1451
1577 1620 1578 1620
630 693 631 693
1199 357 1198 357
999 991 998 991
830 1671 830 1670
1248 865 1248 866
1385 1247 1384 1247
666 293 666 292
860 1183 861 1183
1440 786 1440 787
286 1547 286 1546
97 757 96 757
1481 673 1480 673
159 650 160 650
1470 1658 1470 1657
1016 1133 1016 1134
855 1556 854 1556
1091 157 1091 158
181 1698 182 1698
406 1718 406 1719
1232 163 1232 164
409 376 409 375
1019 1492 1019 1491
1025 1023 1025 1024
1095 663 1094 663
11 602 10 602
1038 838 1038 837
1190 297 1190 296
748 1592 747 1592
1260 1003 1259 1003
1244 1225 1244 1226
1019 902 1018 902
685 1184 685 1185
1470 1347 1471 1347
711 799 711 800
1290 189 1289 189
130 1550 129 1550
1314 149 1314 150
1248 1356 1248 1355
1387 1527 1386 1527
489 1150 490 1150
1123 717 1123 718
663 1637 663 1638
1 122 2 122
135 337 134 337
1088 912 1087 912
1500 393 1500 392
522 513 522 514
133 1168 133 1169
101 1149 101 1148
649 1649 648 1649
1373 1162 1373 1161
178 502 178 503
763 844 764 844
187 1245 187 1244
1219 1006 1220 1006
1067 619 1068 619
1313 854 1314 854
1097 1212 1097 1213
299 565 299 564
504 701 504 702
1064 531 1064 532
1114 212 1114 211
1589 1243 1589 1242
564 779 563 779
269 1132 269 1133
835 139 836 139
1165 894 1164 894
166 1096 167 1096
385 698 384 698
571 1295 571 1296
1543 469 1542 469
903 1566 903 1567
747 640 746 640
349 1448 350 1448
1205 1279 1205 1278
1387 246 1388 246
800 1513 799 1513
1281 102 1281 101
456 1697 456 1696
288 537 288 538
530 999 530 998
1344 726 1343 726
1579 1181 1579 1182
1511 1260 1512 1260
1004 1475 1003 1475
583 1702 582 1702
1133 724 1133 723
1584 722 1584 721
566 1270 566 1269
771 414 772 414
1556 1721 1556 1720
321 1453 321 1452
871 1261 870 1261
1356 698 1356 697
743 1079 744 1079
262 1058 263 1058
528 78 527 78
1010 959 1009 959
425 1185 424 1185
1404 103 1405 103
897 1016 897 1015
1000 32 1001 32
422 1491 422 1490
126 665 126 666
624 614 623 614
848 1456 849 1456
1003 1199 1003 1198
468 1114 469 1114
558 1208 559 1208
1061 719 1060 719
852 1566 852 1565
170 1002 169 1002
1346 1114 1345 1114
387 939 388 939
401 1220 400 1220
358 1709 359 1709
1234 1512 1235 1512
1478 817 1479 817
778 288 777 288
31 1400 32 1400
438 1163 438 1164
576 241 575 241
15 194 16 194
748 462 748 461
482 515 482 516
1438 901 1439 901
1030 1103 1030 1102
318 115 318 116
1140 1511 1140 1510
738 1478 738 1477
113 1378 112 1378
1255 1637 1254 1637
1326 1601 1325 1601
1161 1092 1161 1091
1157 1660 1156 1660
1367 550 1367 551
581 157 582 157
690 744 691 744
332 785 333 785
1500 318 1500 317
383 43 383 44
731 733 731 734
1372 805 1372 806
196 13 197 13
42 1480 41 1480
1072 1495 1071 1495
1300 366 1301 366
943 1695 944 1695
119 196 119 195
826 1669 826 1670
1301 1104 1301 1105
1557 535 1557 536
1366 1325 1366 1326
484 956 485 956
659 1204 658 1204
902 536 903 536
1547 1681 1547 1680
1552 167 1551 167
642 162 642 161
295 880 294 880
1327 229 1327 228
1030 1319 1030 1318
996 252 995 252
1140 793 1140 794
811 470 811 469
1015 457 1015 456
897 93 898 93
1375 1027 1375 1026
183 978 184 978
446 1555 446 1554
767 1573 766 1573
1267 1645 1267 1644
30 1324 29 1324
518 71 518 70
843 1305 843 1306
869 1237 869 1236
1091 1464 1091 1465
1556 1484 1557 1484
1539 1061 1538 1061
550 436 549 436
601 151 600 151
1160 739 1160 740
377 1498 377 1499
47 87 47 86
148 938 149 938
370 135 370 134
782 1370 781 1370
644 1362 645 1362
688 1583 689 1583
1579 392 1578 392
237 1638 238 1638
1498 862 1499 862
1416 1068 1416 1069
358 305 357 305
1362 1310 1361 1310
829 1539 829 1538
1150 588 1151 588
1253 934 1253 935
372 740 372 739
653 1204 652 1204
1164 1496 1164 1497
1311 1542 1310 1542
929 1222 929 1221
1418 568 1417 568
1325 695 1324 695
332 359 332 360
1447 1304 1447 1303
365 811 365 810
1258 1645 1259 1645
644 486 645 486
900 1166 899 1166
1372 1508 1372 1507
1496 1265 1496 1266
1549 1541 1549 1540
241 1353 241 1354
744 851 744 850
326 805 326 806
1302 968 1303 968
1201 1284 1201 1283
1215 557 1215 558
1145 647 1145 648
132 252 133 252
110 1173 109 1173
1026 1497 1026 1498
528 1112 527 1112
351 556 351 557
1068 157 1069 157
952 1390 953 1390
487 586 487 585
549 1445 549 1444
690 1322 689 1322
567 1172 566 1172
322 1718 323 1718
1010 1295 1011 1295
1170 469 1170 470
724 1356 725 1356
1511 553 1511 552
1444 19 1445 19
956 958 956 957
292 646 292 647
609 318 610 318
449 166 450 166
19 511 20 511
457 1259 457 1260
716 372 717 372
1450 902 1450 903
993 1487 993 1486
678 896 678 897
0 214 0 213
1596 868 1595 868
713 280 712 280
1455 1490 1455 1491
624 629 625 629
950 1387 951 1387
485 67 486 67
912 455 912 454
1092 1477 1091 1477
1464 352 1465 352
626 570 626 569
202 1643 201 1643
498 304 498 305
1554 658 1554 659
687 1671 687 1672
600 1411 600 1410
316 1698 316 1697
1531 556 1532 556
1002 440 1002 439
923 1692 924 1692
204 1047 204 1046
565 1329 566 1329
825 880 825 879
731 1652 731 1651
500 1328 501 1328
1552 1457 1552 1456
1486 997 1486 996
960 1469 959 1469
206 162 207 162
675 444 676 444
807 1020 807 1019
1037 316 1037 317
1271 1018 1271 1019
1161 1677 1162 1677
1564 1518 1564 1517
1609 264 1610 264
1014 500 1014 501
475 494 475 493
1327 466 1327 465
1232 943 1233 943
945 1510 946 1510
893 654 893 655
432 934 433 934
337 1625 338 1625
48 528 48 529
1420 846 1420 845
68 1407 68 1408
367 143 367 144
416 757 416 758
1481 193 1480 193
1543 1133 1543 1132
34 191 35 191
400 1508 400 1509
1281 253 1281 252
915 889 914 889
1177 639 1176 639
1169 457 1170 457
665 305 665 304
838 605 837 605
182 1003 181 1003
422 693 422 692
408 351 408 350
597 1541 597 1540
198 1478 197 1478
1197 1605 1197 1606
130 1153 130 1154
566 1452 566 1451
63 971 64 971
1276 1177 1275 1177
888 1438 888 1437
1259 1524 1258 1524
672 1471 671 1471
1445 900 1446 900
1467 1156 1467 1157
1430 1182 1431 1182
205 949 204 949
928 1066 929 1066
977 1014 977 1013
789 423 789 422
390 1308 390 1309
925 1676 926 1676
96 252 97 252
234 879 234 880
209 1542 208 1542
1127 909 1127 910
706 957 707 957
125 523 125 522
889 454 889 455
177 1717 177 1718
945 596 944 596
131 1063 131 1064
684 828 684 829
1344 1436 1344 1435
1496 558 1496 559
595 1499 594 1499
597 178 598 178
1154 1116 1154 1117
1598 1664 1598 1665
389 982 389 983
772 754 772 753
640 1207 639 1207
635 923 634 923
105 258 104 258
1592 575 1593 575
889 1717 889 1718
297 1181 297 1182
1114 497 1114 498
649 97 650 97
632 1370 632 1371
61 1224 61 1225
1582 644 1582 645
1504 1491 1503 1491
726 84 725 84
177 1634 177 1633
1324 823 1324 824
236 668 237 668
1051 46 1050 46
889 886 889 885
954 407 955 407
208 1119 207 1119
404 884 404 885
127 87 127 86
1099 196 1099 195
1516 650 1517 650
824 1274 823 1274
1036 545 1036 544
1248 1504 1248 1503
1321 877 1320 877
1028 1371 1028 1372
391 211 392 211
530 1203 530 1204
669 1581 669 1582
1238 590 1238 589
283 615 284 615
737 809 737 810
774 1094 774 1095
1267 501 1268 501
1154 1627 1153 1627
108 1443 109 1443
148 1017 147 1017
309 1462 310 1462
1381 1300 1380 1300
1023 1464 1022 1464
990 1158 990 1157
735 1082 736 1082
1380 1442 1380 1443
1126 217 1125 217
724 875 724 876
713 709 713 710
557 188 556 188
42 519 42 518
695 71 695 70
320 756 320 757
1253 530 1253 529
968 846 967 846
1233 771 1233 770
2 1469 2 1468
270 870 269 870
767 1635 766 1635
1134 1310 1135 1310
829 603 829 602
273 337 273 336
261 1464 262 1464
1035 1360 1035 1361
154 291 154 292
108 312 107 312
120 248 119 248
942 677 942 676
956 1522 957 1522
829 1665 828 1665
93 434 93 435
552 697 551 697
567 1704 566 1704
96 1503 96 1502
1228 1513 1228 1512
1014 1086 1013 1086
1379 975 1379 976
1422 1685 1423 1685
1120 840 1120 841
1054 128 1054 127
1053 141 1053 142
1042 1261 1043 1261
770 1625 770 1626
927 197 926 197
41 1321 40 1321
1479 160 1479 159
1035 1403 1035 1402
737 1295 736 1295
468 26 468 27
937 498 937 497
445 1492 445 1491
882 459 882 460
691 1520 690 1520
