5000
1461 1968
503 1433 503 1434
533 1410 533 1411
696 1293 696 1294
40 1902 39 1902
501 1435 500 1435
819 1195 820 1195
293 1676 292 1676
1441 566 1441 567
944 1026 944 1027
1130 835 1130 836
1158 176 1158 177
15 1927 14 1927
451 1485 451 1486
874 1111 874 1112
1008 1351 1008 1350
829 1605 830 1605
926 1048 925 1048
884 1101 883 1101
1159 811 1159 812
1453 554 1452 554
1187 780 1187 781
722 1265 722 1264
106 1843 105 1843
1278 682 1279 682
462 1474 461 1474
360 1616 359 1616
44 1893 43 1893
340 1626 341 1626
1328 638 1327 638
474 1457 473 1457
652 1338 651 1338
341 1625 340 1625
25 1920 25 1921
469 1467 469 1468
294 1674 294 1675
265 1706 265 1705
1230 733 1229 733
184 1761 183 1761
891 1092 891 1091
283 1684 284 1684
1180 789 1179 789
114 1833 114 1834
359 1618 360 1618
403 1555 403 1556
930 1039 930 1040
140 1812 139 1812
1441 567 1440 567
1439 566 1438 566
528 1416 528 1417
1161 810 1161 811
691 1305 690 1305
1147 817 1147 818
991 970 991 971
718 1270 718 1271
1025 932 1026 932
1266 690 1266 691
1421 580 1420 580
529 1415 528 1415
360 1607 360 1608
16 1927 15 1927
1200 761 1199 761
1397 603 1396 603
1263 697 1263 698
361 1605 361 1606
287 471 286 471
222 1743 221 1743
1276 685 1275 685
718 1273 718 1274
1005 952 1005 953
1225 1584 1225 1583
617 1363 617 1364
243 1727 243 1728
136 1813 135 1813
36 1917 35 1917
1086 878 1085 878
1332 638 1331 638
973 1961 974 1961
1179 789 1179 790
617 1364 617 1365
1203 757 1202 757
1101 864 1100 864
199 1752 198 1752
35 1919 34 1919
405 1550 405 1551
1084 878 1084 879
496 1440 496 1439
564 1390 563 1390
902 1066 902 1065
1161 809 1161 810
35 1906 35 1907
1292 673 1291 673
104 1846 103 1846
843 1167 843 1166
1102 864 1101 864
283 1681 284 1681
98 1851 98 1852
668 1317 667 1317
1341 633 1340 633
1226 736 1226 737
839 1170 838 1170
1091 867 1091 868
976 982 976 983
659 1329 659 1330
99 1849 99 1848
668 1316 668 1317
896 1082 896 1081
1136 835 1136 834
451 1491 452 1491
1303 661 1302 661
237 1732 236 1732
244 1719 243 1719
1278 680 1278 681
28 1917 28 1918
162 1784 162 1785
562 1395 562 1394
106 1846 105 1846
731 1256 730 1256
798 1220 798 1221
304 1662 303 1662
689 1309 689 1308
565 1391 564 1391
1106 853 1107 853
466 1468 466 1469
1248 712 1249 712
1107 851 1106 851
609 1373 608 1373
140 1811 139 1811
1273 687 1273 688
130 1821 130 1822
389 1577 388 1577
450 1491 450 1492
375 1593 375 1592
1068 894 1068 895
442 1509 442 1510
206 1747 206 1748
183 1761 183 1762
991 970 991 969
721 1264 722 1264
168 1775 168 1776
1275 686 1274 686
795 1224 794 1224
522 1426 522 1427
4 1933 3 1933
366 1604 365 1604
672 1318 672 1319
409 1547 408 1547
284 1684 283 1684
877 1108 877 1109
341 1628 340 1628
798 1221 798 1222
920 1051 920 1052
474 1461 474 1460
114 1837 113 1837
211 1746 212 1746
1443 561 1444 561
10 1929 9 1929
267 1703 267 1704
334 1629 334 1630
178 1771 178 1770
1220 749 1219 749
460 1475 459 1475
523 1428 522 1428
1339 633 1338 633
1135 836 1134 836
44 1898 44 1899
448 1499 448 1498
269 1697 269 1698
177 1770 176 1770
44 1899 43 1899
788 1226 788 1225
65 1874 64 1874
890 1098 889 1098
448 1502 448 1503
1107 852 1108 852
127 813 128 813
207 1749 207 1750
462 1470 462 1471
130 1822 129 1822
147 1806 146 1806
1160 813 1160 814
1364 609 1363 609
1320 639 1320 640
823 1179 823 1178
523 1425 523 1426
113 1839 113 1840
826 1176 825 1176
248 1715 247 1715
397 1566 397 1567
1266 691 1266 692
1289 673 1288 673
1249 710 1249 709
168 1776 168 1777
177 1771 178 1771
937 1034 936 1034
719 1270 718 1270
603 1374 602 1374
465 1469 464 1469
451 1488 451 1489
1225 742 1224 742
855 1150 854 1150
591 1380 590 1380
269 1700 269 1701
901 1269 901 1270
1408 593 1408 594
181 1762 181 1763
689 1307 689 1308
678 1312 678 1313
986 973 985 973
1381 605 1380 605
187 1754 187 1755
898 1071 898 1072
1098 865 1097 865
1161 810 1160 810
502 1435 501 1435
1362 612 1361 612
221 1743 221 1744
783 1233 782 1233
767 1239 766 1239
1092 870 1092 871
1028 935 1029 935
27 1920 26 1920
361 1606 361 1605
974 985 974 986
939 1032 938 1032
1267 689 1267 690
902 1065 901 1065
1094 864 1094 865
1251 709 1250 709
531 1412 531 1413
912 1060 911 1060
1007 951 1006 951
138 1815 139 1815
32 1917 32 1918
914 1057 914 1058
539 1405 539 1406
1036 922 1036 923
790 1224 789 1224
414 1540 415 1540
665 1319 665 1318
798 1223 797 1223
809 1196 810 1196
622 1356 623 1356
729 1257 730 1257
866 1131 866 1132
417 1534 417 1535
593 1377 593 1378
424 1522 424 1523
1441 570 1440 570
835 1171 834 1171
1396 602 1395 602
1084 876 1084 877
578 1381 577 1381
307 1662 306 1662
676 1315 675 1315
397 1569 396 1569
1076 888 1075 888
272 1693 271 1693
151 1801 152 1801
391 1570 391 1571
6 1928 6 1929
1216 752 1216 753
845 1162 845 1163
451 1489 451 1488
884 1100 884 1101
1011 945 1010 945
454 1478 453 1478
999 1507 999 1508
375 1590 375 1589
34 1865 33 1865
1005 954 1004 954
672 1317 671 1317
1029 936 1029 937
725 1263 724 1263
532 1412 531 1412
481 1454 480 1454
325 1643 325 1644
211 1530 212 1530
441 1513 440 1513
1014 941 1014 942
1037 921 1036 921
552 1400 551 1400
1136 832 1136 833
1172 796 1172 797
600 1375 599 1375
305 1662 304 1662
1219 748 1219 749
452 1482 451 1482
1203 759 1202 759
1318 643 1318 644
668 1317 667 1317
954 1017 953 1017
945 1022 945 1023
422 1525 422 1526
973 988 973 989
800 1209 801 1209
864 1130 865 1130
1199 762 1198 762
1163 806 1163 807
1372 605 1372 606
944 1024 944 1025
505 1428 505 1429
617 196 616 196
949 415 950 415
816 1187 816 1188
301 1668 301 1669
1326 638 1325 638
1077 885 1078 885
735 1255 734 1255
1075 888 1076 888
651 1345 650 1345
160 1789 159 1789
521 1428 521 1427
464 1470 464 1469
1044 921 1043 921
1250 708 1251 708
601 1374 600 1374
1252 706 1251 706
743 1656 743 1657
1367 606 1366 606
520 1427 521 1427
1174 795 1173 795
588 1382 587 1382
1159 813 1159 812
956 1012 955 1012
182 1762 181 1762
838 1170 839 1170
1249 714 1249 715
751 1244 751 1245
936 1034 935 1034
97 1851 98 1851
1425 578 1424 578
435 1516 435 1517
211 1745 211 1746
1278 684 1277 684
1176 792 1175 792
361 1608 361 1609
48 1888 49 1888
670 1318 669 1318
787 1226 787 1227
888 1085 888 1086
831 1172 831 1171
799 1219 799 1220
357 470 357 469
709 1281 708 1281
771 1237 771 1236
437 1514 436 1514
260 1705 260 1706
825 1178 824 1178
769 1237 769 1236
47 1893 46 1893
850 1155 849 1155
264 1705 263 1705
1190 777 1190 778
887 1098 887 1099
1246 718 1245 718
829 1175 828 1175
463 1470 463 1471
227 1743 226 1743
408 1547 407 1547
360 1618 359 1618
924 1049 923 1049
849 213 848 213
284 1682 283 1682
725 1262 725 1263
64 1875 65 1875
655 1332 655 1333
152 1798 152 1799
538 1407 538 1406
718 1274 717 1274
217 1745 216 1745
659 1325 659 1324
1065 902 1064 902
1106 854 1107 854
1014 943 1013 943
1396 602 1396 603
524 1423 524 1424
1448 556 1447 556
958 1011 957 1011
405 1551 405 1550
248 1718 247 1718
276 1691 276 1692
59 1878 58 1878
128 1823 128 1822
1082 883 1082 884
300 1669 299 1669
1331 637 1330 637
181 1397 182 1397
1240 50 1239 50
6 1929 6 1930
623 1356 622 1356
93 1856 94 1856
397 1567 398 1567
874 1112 874 1113
1048 917 1048 918
1342 632 1341 632
485 1443 485 1444
799 1210 800 1210
121 1826 121 1827
1325 638 1324 638
359 1617 359 1618
399 1557 399 1558
1027 938 1026 938
986 973 987 973
402 1555 403 1555
1313 651 1312 651
497 1439 496 1439
991 967 991 968
799 1210 800 1210
166 1777 165 1777
10 1487 11 1487
121 1827 121 1826
1103 859 1104 859
516 1428 515 1428
247 1715 247 1716
139 1816 140 1816
370 1596 370 1597
586 1382 585 1382
900 1064 901 1064
873 1117 872 1117
1319 643 1318 643
956 1015 955 1015
551 1400 551 1401
1076 892 1075 892
1392 602 1391 602
851 1152 850 1152
841 1169 841 1170
867 1124 867 1125
531 1414 531 1415
1026 932 1026 931
107 1842 107 1843
1088 872 1087 872
147 1804 147 1805
167 1584 167 1585
232 1329 233 1329
161 1787 161 1788
1260 702 1260 701
47 470 46 470
560 1395 559 1395
592 1379 592 1380
1457 555 1457 554
1390 602 1389 602
448 1498 448 1497
803 1197 803 1198
1341 628 1341 629
278 1691 277 1691
940 1031 939 1031
1186 995 1187 995
1059 909 1060 909
658 1331 658 1332
1347 622 1347 623
187 1756 187 1757
1266 695 1265 695
1085 873 1085 874
492 1442 493 1442
199 1749 199 1750
1277 684 1276 684
541 1406 540 1406
225 1743 224 1743
773 1233 772 1233
172 1322 172 1323
1321 1782 1322 1782
118 1831 118 1832
1197 1545 1198 1545
49 1891 49 1890
178 1768 178 1769
49 1884 49 1885
1243 722 1243 723
822 1179 822 1178
779 1233 779 1234
592 1381 592 1380
375 1590 375 1591
1102 862 1102 863
832 1172 832 1173
464 1469 464 1470
222 1742 222 1743
460 1474 460 1475
283 1685 283 1684
965 998 965 999
449 1498 449 1499
1432 573 1432 574
1103 860 1103 861
919 1054 918 1054
130 1822 130 1823
520 1427 519 1427
655 1332 654 1332
1352 617 1352 616
1443 564 1443 565
319 1650 319 1649
1267 695 1266 695
255 1712 254 1712
862 1139 861 1139
1424 578 1423 578
1197 766 1196 766
810 1197 810 1196
1436 1013 1436 1014
1326 631 1326 630
1185 784 1185 785
1357 614 1357 615
1171 797 1170 797
975 984 975 985
820 1181 820 1182
305 1664 304 1664
871 1117 871 1118
1220 747 1220 748
1398 602 1397 602
452 1481 452 1482
933 1034 933 1035
450 1492 450 1493
188 1754 189 1754
923 1051 923 1052
1269 689 1268 689
728 1257 729 1257
829 1172 829 1171
1182 787 1182 788
880 1104 879 1104
323 1643 323 1644
965 998 965 997
21 1924 21 1925
358 1622 357 1622
442 1504 442 1505
1398 601 1398 602
502 1434 502 1435
742 1246 743 1246
972 989 971 989
957 1011 957 1012
729 1257 729 1258
777 1234 776 1234
239 1731 239 1732
522 1428 521 1428
310 1658 310 1659
99 1851 98 1851
468 1468 467 1468
1447 557 1446 557
86 1472 86 1471
749 1246 749 1245
1156 817 1155 817
451 1482 451 1481
1198 765 1197 765
120 1821 120 1822
1219 749 1218 749
957 1010 956 1010
194 1753 193 1753
521 1427 521 1428
241 1728 241 1729
310 1654 310 1655
1183 786 1184 786
444 1768 444 1767
497 1438 497 1439
1434 571 1434 572
937 1032 937 1033
198 1753 197 1753
294 1223 293 1223
1431 577 1430 577
639 1354 638 1354
367 1604 366 1604
1053 915 1053 916
1133 836 1132 836
814 1190 814 1191
305 1664 305 1665
890 1128 889 1128
612 1369 612 1370
1433 573 1432 573
721 1264 721 1263
288 1679 287 1679
832 1172 831 1172
1186 778 1186 779
480 1450 480 1451
415 1538 414 1538
974 986 973 986
541 1405 540 1405
299 1669 299 1668
1137 832 1137 833
803 1204 803 1205
406 1548 406 1549
340 1627 339 1627
139 1817 139 1816
211 1746 210 1746
446 1498 446 1499
187 1757 187 1758
1181 788 1182 788
392 1569 391 1569
655 1332 655 1333
943 1028 943 1029
1274 921 1274 920
1449 557 1449 556
920 1052 919 1052
734 1256 733 1256
522 1428 521 1428
405 1551 404 1551
1078 886 1077 886
120 1824 120 1825
1418 584 1418 585
1073 892 1072 892
167 1774 168 1774
651 1339 651 1340
1155 817 1154 817
965 999 966 999
1449 555 1450 555
980 976 980 977
1177 790 1177 791
1052 916 1051 916
1254 705 1253 705
72 1871 71 1871
889 1089 890 1089
834 1171 834 1172
982 974 981 974
64 1874 63 1874
1172 795 1172 796
1110 850 1109 850
1355 617 1354 617
903 1061 902 1061
1423 578 1423 579
253 1712 252 1712
1001 962 1000 962
309 1660 309 1661
619 1356 619 1357
1297 667 1297 668
710 1281 709 1281
892 1091 892 1092
1246 721 1246 722
234 1733 234 1734
893 1085 892 1085
901 1065 901 1064
59 1876 59 1877
358 1618 358 1619
1122 838 1122 839
1342 627 1342 628
992 964 992 963
661 1322 661 1323
1301 663 1301 664
1420 583 1419 583
1236 730 1235 730
745 1244 744 1244
1004 954 1003 954
1196 767 1195 767
1413 591 1413 592
668 1315 668 1316
60 1875 60 1874
704 1283 705 1283
1160 812 1159 812
1327 636 1327 637
1261 701 1261 702
617 1361 618 1361
94 1856 93 1856
756 1242 755 1242
564 1391 564 1390
148 1802 148 1803
602 1374 601 1374
1285 675 1284 675
847 1155 847 1156
978 983 977 983
899 1067 900 1067
1324 638 1323 638
288 1677 288 1678
823 1180 823 1179
438 1514 437 1514
152 1796 152 1797
659 1327 659 1328
991 968 991 969
35 1916 36 1916
513 1429 512 1429
994 964 993 964
670 1318 669 1318
411 1544 412 1544
776 1894 776 1893
1420 580 1420 581
732 1256 732 1257
979 980 979 981
803 1198 803 1199
398 1561 399 1561
597 1375 596 1375
738 1251 737 1251
434 1516 435 1516
870 1119 869 1119
540 1405 540 1406
295 1674 294 1674
774 1713 775 1713
963 1000 963 1001
538 1406 538 1407
377 1586 376 1586
701 1288 700 1288
1411 592 1410 592
119 1829 119 1828
681 1311 681 1310
451 1491 451 1490
374 1592 375 1592
332 1634 332 1633
799 1211 800 1211
562 1396 562 1395
289 1677 288 1677
373 1587 373 1588
9 1929 9 1928
803 1199 803 1200
1147 821 1146 821
398 1563 398 1564
287 1680 287 1679
1320 642 1319 642
950 1020 949 1020
898 1076 898 1077
853 1150 852 1150
533 1410 532 1410
678 1315 678 1314
439 1513 438 1513
405 1552 405 1553
1369 606 1369 607
1303 661 1302 661
958 1008 958 1009
1174 794 1174 795
843 1166 843 1167
991 969 991 970
590 1380 591 1380
604 1373 603 1373
808 1196 807 1196
1395 605 1394 605
518 1426 518 1427
757 1242 756 1242
1450 555 1449 555
249 1715 248 1715
981 975 980 975
402 1555 401 1555
712 1280 712 1279
534 1409 534 1408
942 1029 942 1030
27 1919 27 1920
547 1402 547 1403
717 1275 717 1276
1149 817 1148 817
1003 959 1002 959
1440 568 1441 568
1228 734 1227 734
1375 606 1374 606
1255 705 1254 705
151 1800 151 1801
688 1307 688 1308
1113 850 1112 850
282 1685 283 1685
872 1114 872 1115
894 1083 894 1084
886 1099 886 1100
1249 713 1249 714
1428 576 1429 576
451 1485 451 1486
722 1264 721 1264
961 1003 960 1003
1273 688 1272 688
1321 638 1320 638
1059 913 1060 913
934 1034 933 1034
467 1469 466 1469
33 1916 32 1916
692 1298 692 1299
257 1225 258 1225
1400 602 1400 601
869 1119 868 1119
1303 660 1303 661
1121 840 1122 840
1298 665 1297 665
1268 694 1267 694
313 1654 312 1654
475 1459 474 1459
891 1091 891 1092
142 1049 141 1049
562 1394 561 1394
357 1623 356 1623
482 1445 482 1444
70 1870 69 1870
534 1410 533 1410
1185 786 1184 786
978 983 977 983
651 1338 652 1338
382 1583 383 1583
755 1244 755 1243
1059 911 1059 912
227 650 228 650
440 1508 441 1508
800 1212 799 1212
1408 594 1407 594
1224 741 1224 742
713 149 713 150
147 1805 147 1806
893 1085 894 1085
655 1333 655 1334
1145 825 1145 826
687 1310 686 1310
76 1867 76 1868
867 1122 866 1122
973 986 973 985
441 1505 440 1505
1450 555 1450 556
1235 732 1234 732
473 1464 473 1465
1182 786 1182 787
1078 880 1078 881
382 1585 381 1585
1363 610 1363 611
418 1374 417 1374
412 1544 412 1545
1423 580 1422 580
1336 635 1335 635
307 1662 307 1663
1406 597 1406 598
1423 579 1423 580
722 1264 722 1265
482 1446 482 1445
629 1354 629 1355
495 1439 495 1438
547 1401 547 1402
174 1770 173 1770
265 1705 264 1705
267 1703 267 1702
572 1385 572 1384
292 1676 292 1677
545 1403 544 1403
455 1478 454 1478
856 1148 856 1147
139 1812 140 1812
1004 959 1003 959
1197 765 1197 766
540 1406 541 1406
459 1475 459 1476
944 175 943 175
288 1679 288 1678
1094 865 1094 866
1105 862 1104 862
827 1175 826 1175
321 1644 321 1645
441 1510 441 1511
309 1661 308 1661
642 1353 641 1353
1138 829 1138 830
1059 908 1058 908
136 1817 135 1817
117 1832 116 1832
128 1821 127 1821
5 1932 5 1933
163 1781 163 1780
563 1392 563 1391
846 1160 846 1161
1230 734 1229 734
243 1728 242 1728
1243 724 1243 723
933 1035 933 1036
164 1776 164 1777
29 1545 29 1544
973 986 973 987
281 1690 280 1690
958 1009 958 1010
394 1567 393 1567
789 1226 788 1226
884 1100 884 1101
1304 659 1304 660
451 1491 450 1491
613 1367 613 1368
336 1626 336 1625
568 1389 567 1389
359 1616 360 1616
1132 835 1131 835
896 1081 895 1081
801 1206 800 1206
1203 758 1204 758
659 1324 659 1325
975 983 975 984
281 1689 281 1690
345 1623 345 1624
303 1664 303 1665
820 1504 821 1504
1410 592 1409 592
113 1841 112 1841
894 1084 893 1084
360 1607 359 1607
649 1347 648 1347
1226 737 1225 737
1214 754 1213 754
151 1801 150 1801
598 1375 597 1375
276 1691 275 1691
380 1585 380 1586
1165 803 1165 804
92 1858 91 1858
1256 701 1256 702
848 1155 847 1155
361 1609 361 1610
372 1597 371 1597
139 1816 138 1816
310 1657 309 1657
1210 754 1209 754
1003 955 1003 956
1175 792 1175 793
433 1517 432 1517
559 1397 559 1398
1073 892 1072 892
178 1765 178 1766
1218 749 1218 748
23 1921 23 1922
332 1635 331 1635
860 1141 859 1141
769 1235 769 1236
893 1084 893 1083
803 1202 803 1203
541 1405 540 1405
194 1753 194 1754
1295 671 1294 671
308 1661 308 1660
522 1428 523 1428
243 1719 243 1720
331 1636 331 1637
794 1224 793 1224
345 1624 344 1624
331 1635 332 1635
139 1812 140 1812
403 1556 403 1555
1247 717 1247 718
121 1821 120 1821
1095 864 1094 864
1160 810 1160 811
1394 604 1393 604
260 1709 260 1710
128 1824 128 1823
1156 815 1156 816
818 1185 817 1185
473 1461 473 1460
210 1746 209 1746
282 1687 282 1688
679 1314 678 1314
344 418 343 418
1231 1792 1232 1792
1296 670 1295 670
130 319 130 320
855 1148 855 1149
934 1034 935 1034
1386 603 1385 603
476 1453 475 1453
1250 711 1249 711
407 1547 407 1548
920 1052 920 1053
807 1196 807 1197
284 1681 283 1681
1049 391 1049 392
81 1862 81 1863
69 1870 69 1871
1443 566 1442 566
1103 862 1102 862
3 1935 2 1935
28 1919 27 1919
891 1090 892 1090
316 1654 315 1654
60 1874 60 1875
1015 941 1016 941
1278 677 1278 678
703 1285 703 1286
486 1443 485 1443
1106 854 1106 855
1303 661 1304 661
1028 937 1027 937
342 1628 341 1628
570 1388 569 1388
245 1719 244 1719
793 1224 792 1224
484 1443 483 1443
1348 618 1348 619
912 1059 912 1060
474 1461 474 1462
849 1155 848 1155
35 1913 34 1913
592 1381 592 1382
674 907 675 907
784 1229 784 1230
767 1238 767 1239
1365 607 1365 608
843 1167 843 1168
872 1117 871 1117
1267 694 1267 695
843 1168 843 1169
1396 601 1396 602
1341 632 1342 632
317 1653 316 1653
435 1515 435 1516
495 1438 496 1438
760 1241 759 1241
756 1243 756 1242
486 1443 486 1442
514 213 514 214
407 1548 406 1548
963 999 963 1000
591 1380 591 1381
522 1427 522 1428
163 1783 163 1784
343 1625 343 1626
1320 638 1320 639
437 1514 437 1513
163 1781 163 1782
50 1884 49 1884
33 1918 32 1918
854 1150 853 1150
52 1883 51 1883
498 1437 497 1437
1440 566 1441 566
415 1540 415 1541
1068 145 1068 146
167 1777 166 1777
483 1443 484 1443
803 1200 803 1201
84 1386 85 1386
256 1711 255 1711
784 1231 783 1231
782 1233 781 1233
1394 1784 1394 1785
1194 769 1193 769
723 1264 722 1264
106 1845 106 1846
555 1399 554 1399
240 1731 239 1731
482 1445 482 1446
1431 576 1431 577
866 1134 867 1134
719 1268 719 1269
1307 656 1306 656
275 114 274 114
1036 923 1037 923
557 1400 557 1399
971 988 970 988
1327 638 1326 638
309 1657 309 1658
592 1381 592 1380
762 1886 761 1886
707 1281 706 1281
168 1774 168 1775
1233 732 1234 732
1231 733 1230 733
524 1421 523 1421
303 1662 302 1662
364 1767 363 1767
932 1036 932 1037
671 1318 672 1318
966 999 965 999
1136 833 1136 834
1407 595 1407 596
935 1034 934 1034
914 1057 914 1058
559 1399 558 1399
1026 934 1027 934
1306 1549 1306 1550
519 1427 518 1427
1085 878 1085 877
1245 718 1245 719
987 1759 987 1760
35 1905 35 1906
459 1477 459 1478
1089 872 1088 872
1019 940 1019 941
354 1622 353 1622
260 1707 260 1708
1131 193 1130 193
148 1803 147 1803
489 1442 488 1442
325 1644 324 1644
1067 900 1066 900
646 1349 645 1349
1183 786 1182 786
224 1742 223 1742
200 1749 199 1749
659 1323 659 1324
486 1442 486 1443
362 1173 363 1173
1085 874 1084 874
1274 686 1273 686
798 1219 798 1220
946 1022 945 1022
1182 786 1182 787
1261 702 1260 702
54 1881 54 1882
635 1541 634 1541
1416 586 1415 586
561 471 561 472
646 1348 646 1349
1212 754 1211 754
260 322 261 322
882 1103 882 1104
497 1065 498 1065
957 1008 958 1008
73 1871 72 1871
1060 909 1060 910
1164 805 1163 805
1195 767 1195 768
363 1605 362 1605
74 455 75 455
381 1581 381 1582
35 1917 36 1917
215 1745 214 1745
375 1591 375 1592
928 1045 929 1045
859 1144 859 1145
1188 778 1187 778
205 1749 205 1748
967 993 968 993
1249 717 1249 718
800 1209 799 1209
403 1554 403 1555
785 1228 784 1228
1113 848 1113 849
1104 861 1104 862
1003 954 1003 955
36 1918 37 1918
1036 924 1036 925
1306 656 1305 656
1118 843 1118 844
1103 858 1103 859
534 1408 534 1409
1245 722 1244 722
821 1180 820 1180
667 1317 668 1317
1002 955 1003 955
165 1777 164 1777
1446 557 1445 557
81 1861 81 1862
155 1791 156 1791
712 1279 711 1279
139 1811 139 1812
1439 567 1439 566
892 1085 892 1086
333 1631 332 1631
1397 602 1397 603
1369 607 1369 606
163 1784 163 1783
1067 896 1067 897
1222 744 1222 745
655 1333 655 1332
851 1154 851 1155
212 1745 211 1745
1039 921 1038 921
419 1528 418 1528
683 791 683 790
159 1790 159 1791
448 1498 448 1497
1147 818 1147 819
1190 775 1190 776
971 989 971 988
965 994 965 995
240 1730 240 1731
992 171 993 171
1117 844 1117 845
361 1606 360 1606
776 1235 776 1236
84 1861 83 1861
1078 881 1077 881
803 1203 804 1203
312 1654 311 1654
722 1265 723 1265
1387 603 1386 603
28 1918 28 1919
181 694 181 695
678 1314 678 1315
226 1743 225 1743
1061 906 1060 906
1154 817 1154 818
1425 577 1425 578
1198 763 1198 764
1079 880 1078 880
1302 660 1303 660
272 1695 271 1695
1251 706 1250 706
922 1052 921 1052
1070 892 1070 893
836 1171 835 1171
1094 864 1093 864
878 1106 877 1106
784 1230 783 1230
1241 725 1240 725
1053 916 1052 916
466 1469 465 1469
1287 1887 1287 1888
843 1169 842 1169
1387 603 1388 603
666 1318 665 1318
651 1343 651 1344
1457 555 1457 554
1206 757 1205 757
1440 570 1439 570
1009 950 1008 950
34 1919 34 1918
19 1926 18 1926
460 1475 460 1474
1271 689 1270 689
121 1826 120 1826
1115 847 1114 847
764 1241 763 1241
76 1868 76 1869
305 1663 305 1662
244 1331 245 1331
883 1102 883 1103
269 1701 269 1702
947 1022 947 1021
429 1519 428 1519
1308 655 1308 656
729 1258 729 1257
1271 688 1271 689
243 1725 243 1726
1077 889 1077 890
1066 901 1066 902
979 976 978 976
811 1195 811 1196
1344 623 1344 624
662 621 663 621
1382 180 1381 180
1058 908 1058 909
1407 597 1406 597
767 884 767 883
732 1256 732 1255
282 1685 282 1686
650 1339 651 1339
473 1460 474 1460
1120 841 1120 842
1141 828 1140 828
513 651 513 652
475 1457 474 1457
651 1338 650 1338
496 1439 496 1440
110 1842 109 1842
351 1622 350 1622
344 1625 343 1625
1419 583 1419 584
1086 878 1085 878
741 1248 741 1249
275 1691 274 1691
464 1468 465 1468
990 971 989 971
158 1789 159 1789
469 1469 468 1469
772 1233 771 1233
1199 761 1199 762
1157 815 1156 815
100 1848 99 1848
1360 614 1359 614
979 983 978 983
279 1691 278 1691
33 1917 33 1916
777 1235 777 1236
389 1576 389 1577
898 1075 899 1075
1383 605 1382 605
1387 1363 1387 1362
347 1623 347 1622
849 1154 849 1155
1154 458 1154 457
479 1446 480 1446
864 1129 864 1130
844 401 845 401
587 1586 588 1586
925 1049 924 1049
896 1082 896 1081
414 1538 414 1539
386 1579 385 1579
207 1749 208 1749
1420 582 1420 583
610 1372 610 1373
1147 820 1147 821
444 1502 445 1502
398 1567 398 1566
901 1065 901 1066
979 982 979 983
1025 931 1025 932
561 1394 560 1394
1315 651 1314 651
152 1799 151 1799
1225 742 1225 743
1242 724 1242 725
1046 922 1046 921
741 1247 741 1248
1229 733 1229 734
1275 685 1275 686
765 1241 764 1241
103 1846 103 1847
1008 950 1007 950
497 1437 497 1438
825 1176 825 1177
362 1613 361 1613
1019 941 1018 941
892 1094 891 1094
730 1261 729 1261
325 1640 325 1641
1395 602 1396 602
1428 576 1427 576
809 1196 808 1196
722 1264 722 1263
769 1238 768 1238
425 1525 424 1525
893 1082 892 1082
1085 877 1086 877
629 1355 628 1355
271 1693 271 1694
769 1236 770 1236
518 1427 518 1426
42 1899 41 1899
717 1271 718 1271
382 1581 381 1581
8 1928 7 1928
1351 617 1350 617
892 1086 891 1086
1006 192 1006 193
446 1499 446 1500
206 1748 206 1747
788 1226 787 1226
516 1427 516 1428
474 1460 474 1461
769 1237 770 1237
581 1383 580 1383
898 1074 897 1074
969 988 968 988
524 1424 524 1425
927 1046 926 1046
820 1180 820 1181
521 1428 521 1427
225 1742 225 1741
153 562 152 562
805 1197 804 1197
1310 653 1309 653
957 1007 958 1007
845 18 845 19
911 1060 910 1060
570 1386 570 1387
1215 754 1214 754
563 1391 563 1392
1318 649 1318 650
94 1853 93 1853
297 1670 297 1671
69 1872 68 1872
1351 969 1351 968
66 1873 65 1873
684 1310 683 1310
281 1798 280 1798
287 1679 286 1679
113 1838 113 1839
920 1054 919 1054
1278 679 1278 680
464 1469 464 1468
244 1720 243 1720
450 1494 450 1495
947 1021 948 1021
271 1695 270 1695
238 1732 237 1732
594 1377 593 1377
1345 624 1344 624
723 93 722 93
1362 544 1363 544
1105 856 1104 856
1225 736 1225 737
1038 921 1037 921
1 1658 1 1659
799 1218 799 1219
1070 895 1069 895
41 1901 40 1901
1365 608 1365 607
13 1927 12 1927
132 1822 131 1822
866 1132 867 1132
140 1810 140 1809
784 1230 784 1229
1249 711 1249 710
1123 838 1122 838
1405 598 1404 598
800 1210 800 1211
610 1370 610 1371
1337 633 1336 633
375 1585 374 1585
283 1682 282 1682
624 1355 623 1355
888 1086 888 1087
658 1330 658 1331
1458 555 1457 555
883 1101 883 1102
571 1386 570 1386
671 1318 670 1318
567 1389 566 1389
948 1021 947 1021
1455 554 1454 554
35 1917 35 1918
489 1440 489 1441
36 1917 36 1918
97 1852 96 1852
1299 665 1298 665
1225 739 1224 739
1085 873 1086 873
1093 864 1094 864
186 1759 185 1759
663 1320 663 1321
286 1678 287 1678
361 1611 361 1612
135 1814 136 1814
1130 837 1129 837
1181 789 1180 789
1223 744 1222 744
650 1338 651 1338
1277 677 1278 677
729 1256 729 1257
577 1381 577 1380
771 1235 770 1235
425 1519 424 1519
347 1622 347 1623
452 1480 452 1481
1020 939 1020 940
1005 954 1004 954
784 1230 784 1231
1185 782 1185 783
1270 1268 1271 1268
1098 864 1098 865
461 1474 461 1475
57 1878 57 1879
1065 903 1065 902
358 1621 358 1622
435 1517 434 1517
1169 799 1168 799
166 448 166 447
991 964 991 965
669 1316 668 1316
1327 889 1328 889
781 1669 780 1669
89 1860 88 1860
559 222 559 223
680 1311 679 1311
336 1626 336 1625
1 1935 0 1935
212 1746 211 1746
480 1449 480 1450
307 1661 307 1662
833 1172 832 1172
309 1658 308 1658
748 1245 747 1245
414 1541 413 1541
189 1754 188 1754
695 1294 695 1295
861 1139 860 1139
713 1278 714 1278
1194 768 1194 769
655 1334 655 1335
1060 906 1059 906
501 1679 501 1678
268 1703 267 1703
927 1046 927 1047
437 1514 437 1513
343 1625 342 1625
1009 947 1009 948
481 1451 481 1452
618 1361 617 1361
843 1166 843 1167
901 1066 901 1065
43 1893 43 1892
1303 663 1302 663
1211 753 1211 754
1212 754 1211 754
413 1545 412 1545
600 1374 600 1375
1026 931 1025 931
937 1033 937 1034
902 1065 901 1065
631 1913 630 1913
140 1816 139 1816
963 1003 963 1004
217 899 216 899
953 1020 953 1019
1077 888 1077 889
1334 180 1334 181
101 1849 101 1850
1279 675 1279 676
1109 850 1109 851
393 1570 392 1570
219 1745 219 1746
1079 882 1079 881
1092 871 1091 871
207 1748 207 1749
710 1279 710 1280
412 1545 412 1546
163 1781 163 1782
866 1133 866 1134
718 1272 718 1273
34 1916 35 1916
99 1848 99 1849
791 1224 790 1224
480 1448 480 1449
860 660 861 660
746 1243 746 1244
973 989 972 989
747 1244 746 1244
325 1642 326 1642
1227 736 1226 736
718 1271 718 1272
375 1592 375 1591
1249 716 1249 717
612 1370 611 1370
38 443 38 444
207 1750 207 1749
577 1380 576 1380
1360 614 1360 615
857 1148 856 1148
1414 590 1413 590
668 1317 668 1316
1136 834 1136 835
704 1286 704 1287
827 1175 828 1175
374 1588 374 1589
1429 577 1429 576
1014 942 1014 943
487 1443 486 1443
1427 576 1426 576
1269 688 1270 688
22 1922 22 1923
879 532 879 533
201 1748 201 1749
999 962 998 962
136 1816 136 1817
629 1353 629 1354
424 1523 424 1524
1142 828 1141 828
169 20 168 20
55 1881 54 1881
129 1822 130 1822
1163 808 1163 809
80 1862 81 1862
497 1438 497 1439
746 1244 745 1244
912 1058 912 1059
615 1365 615 1366
361 1607 361 1608
1342 625 1343 625
199 1750 199 1751
593 1378 592 1378
727 1261 726 1261
544 1403 543 1403
691 1302 691 1303
1224 741 1225 741
303 1666 302 1666
747 1245 747 1244
742 1246 741 1246
1202 761 1201 761
325 274 325 273
812 1196 812 1197
526 1420 526 1421
526 1419 526 1420
1005 953 1005 954
302 1666 302 1667
38 1065 38 1066
1145 823 1145 824
569 1389 568 1389
521 1426 521 1425
310 1658 309 1658
651 1342 651 1343
753 1244 752 1244
1138 832 1137 832
889 1085 888 1085
620 1359 619 1359
457 1478 456 1478
481 1447 480 1447
473 1463 473 1464
838 1170 837 1170
615 1367 614 1367
120 1827 120 1828
154 1796 153 1796
989 971 988 971
390 1568 391 1568
412 1544 412 1545
703 1288 702 1288
425 1751 425 1750
962 1003 961 1003
406 1551 406 1552
1435 571 1434 571
882 1104 881 1104
1079 881 1079 880
1107 854 1106 854
1445 560 1444 560
1348 623 1348 624
1066 903 1065 903
79 1864 79 1865
600 1375 599 1375
113 1840 113 1841
901 1065 901 1066
1436 1958 1436 1957
24 1921 23 1921
490 1442 489 1442
423 904 423 903
536 1410 536 1411
382 1583 382 1584
131 1822 131 1821
181 1763 182 1763
1433 574 1433 575
50 113 51 113
357 1622 357 1623
1318 650 1318 651
461 1475 460 1475
1163 807 1163 808
1253 705 1252 705
159 1789 158 1789
1034 925 1034 926
470 1467 469 1467
862 1136 862 1137
901 1064 901 1065
928 1046 928 1045
1008 948 1009 948
91 1859 90 1859
704 1285 703 1285
668 1316 668 1317
482 1443 482 1444
621 1356 620 1356
1075 892 1074 892
1080 885 1079 885
1278 677 1279 677
1438 570 1438 569
1407 596 1407 597
231 1736 230 1736
1118 844 1117 844
424 1525 424 1524
120 1826 121 1826
473 1460 474 1460
118 1829 118 1830
383 1581 382 1581
262 1705 263 1705
147 1806 147 1807
1405 599 1405 598
233 1735 233 1736
230 1738 229 1738
1004 958 1004 959
287 1679 286 1679
1389 602 1388 602
451 1489 451 1490
521 1428 521 1427
1300 665 1299 665
282 1689 281 1689
1394 605 1394 604
673 1317 672 1317
233 1736 232 1736
982 974 982 975
680 1310 680 1311
992 963 991 963
1148 817 1149 817
5 1930 5 1931
139 1814 139 1815
1093 867 1092 867
938 1032 937 1032
134 1817 135 1817
1276 684 1276 685
297 1672 298 1672
172 1771 171 1771
65 1873 65 1874
891 1086 891 1085
1016 941 1015 941
1116 84 1116 83
1168 801 1167 801
1029 926 1028 926
170 1772 169 1772
466 433 467 433
163 1777 163 1778
1016 941 1015 941
691 1300 692 1300
747 1244 747 1245
310 1656 310 1657
1173 795 1172 795
926 1047 926 1048
667 1317 666 1317
810 1196 809 1196
966 998 965 998
1356 617 1355 617
1219 751 1218 751
983 974 982 974
831 1173 830 1173
1149 817 1148 817
1260 701 1259 701
1160 814 1159 814
687 1308 687 1309
681 1310 680 1310
360 1606 360 1607
1085 877 1086 877
745 1244 744 1244
463 388 462 388
1070 895 1069 895
877 1109 877 1110
359 1616 359 1617
944 1027 944 1028
1069 895 1068 895
636 1352 635 1352
973 987 974 987
1108 852 1107 852
319 1648 318 1648
349 1622 348 1622
527 1417 527 1418
754 1244 753 1244
599 1374 600 1374
546 1403 545 1403
798 1220 798 1219
6 1929 6 1928
1086 872 1085 872
521 1425 522 1425
263 1705 262 1705
717 1276 716 1276
1278 681 1278 680
485 1443 486 1443
462 1473 462 1474
225 1742 226 1742
786 1227 785 1227
897 1080 897 1081
1009 946 1009 947
664 364 664 363
691 1299 691 1300
1067 899 1067 900
721 1264 722 1264
1104 862 1105 862
81 1862 80 1862
904 646 903 646
108 1842 107 1842
367 1603 367 1604
825 1324 825 1325
1102 862 1101 862
190 1754 190 1753
732 1256 733 1256
408 1547 408 1548
744 1244 745 1244
34 1906 35 1906
1048 919 1048 920
12 1927 12 1928
1444 561 1443 561
385 1581 384 1581
1045 922 1044 922
1009 949 1010 949
406 1549 406 1550
855 1149 855 1148
826 1175 826 1176
203 1748 202 1748
1302 661 1302 660
756 1242 756 1243
539 1406 539 1405
1186 777 1186 778
851 1151 852 1151
551 1401 550 1401
802 1206 801 1206
890 1085 890 1086
68 663 68 664
708 744 709 744
259 1121 258 1121
98 1852 97 1852
750 1246 749 1246
1383 604 1384 604
364 1604 364 1605
640 1353 640 1354
1076 888 1077 888
1159 813 1160 813
1396 602 1396 601
195 1753 194 1753
963 1001 963 1002
379 1586 378 1586
495 1439 494 1439
62 1875 61 1875
404 510 405 510
737 1251 736 1251
1319 647 1318 647
1403 596 1402 596
1438 569 1437 569
653 1337 653 1338
467 1468 467 1469
1249 709 1249 710
1202 759 1202 760
1050 917 1049 917
713 1277 713 1278
715 1277 714 1277
1309 654 1309 655
1111 1703 1111 1702
657 1825 657 1826
35 1906 34 1906
398 1562 398 1563
1115 320 1116 320
1119 842 1119 843
1335 635 1336 635
692 1297 692 1298
159 1791 158 1791
1047 921 1047 922
361 1612 362 1612
776 1236 777 1236
1304 660 1304 661
1078 885 1078 884
894 1085 893 1085
1143 828 1142 828
1434 572 1434 571
1392 603 1392 602
895 1081 894 1081
525 1426 524 1426
288 1680 288 1679
462 1471 462 1472
1396 603 1395 603
967 993 966 993
1177 792 1176 792
996 963 995 963
918 1055 917 1055
730 1257 730 1258
866 1122 867 1122
1461 555 1461 554
616 856 617 856
450 1482 451 1482
269 1696 269 1697
63 1874 62 1874
1440 566 1439 566
955 1015 954 1015
519 1427 520 1427
285 1136 284 1136
1182 788 1181 788
473 1458 473 1459
218 1745 217 1745
944 1023 944 1024
43 1894 44 1894
1400 601 1399 601
474 1460 473 1460
871 1119 870 1119
123 1821 122 1821
980 975 980 976
35 1913 35 1914
1319 644 1319 645
1203 758 1203 759
1417 585 1416 585
247 1716 248 1716
375 1595 374 1595
83 1861 83 1862
1235 731 1235 732
486 1443 485 1443
1027 927 1027 928
518 1427 517 1427
692 1300 692 1301
809 1196 809 1195
841 1170 842 1170
617 1365 616 1365
482 1450 482 1451
693 1297 692 1297
1402 600 1402 601
375 1592 375 1591
26 1920 25 1920
861 1139 861 1140
319 1651 319 1652
424 1519 423 1519
378 1586 377 1586
607 579 608 579
719 1272 719 1273
1067 897 1067 898
1234 732 1233 732
287 1678 286 1678
1000 962 999 962
1287 673 1287 674
1261 699 1261 700
1342 492 1341 492
370 1597 370 1598
800 1207 800 1208
683 1311 682 1311
1043 592 1043 593
1440 566 1440 567
181 1764 181 1765
448 1497 448 1498
851 1152 851 1153
1077 886 1077 887
721 1267 720 1267
231 1735 231 1736
1405 598 1405 599
811 1196 811 1197
1101 864 1102 864
965 997 965 998
718 1272 719 1272
1435 569 1435 570
1222 745 1222 746
447 1502 448 1502
789 1224 789 1223
265 1705 265 1706
1097 865 1096 865
374 1592 374 1593
844 1166 843 1166
1069 895 1068 895
1061 911 1060 911
207 1746 207 1747
685 1310 685 1309
235 1733 234 1733
480 1447 480 1448
359 1614 359 1615
1360 615 1360 616
753 380 753 379
1103 861 1104 861
77 1867 76 1867
198 1752 198 1753
93 226 93 225
729 1257 728 1257
260 1708 260 1709
315 1654 314 1654
442 1502 442 1503
1307 216 1307 217
928 1045 929 1045
1357 616 1356 616
441 1512 441 1513
1026 932 1026 933
832 1171 832 1172
93 1854 93 1855
1126 838 1125 838
48 1886 48 1887
1261 698 1261 699
252 1712 252 1713
1361 614 1360 614
1387 602 1387 603
1210 753 1211 753
672 1319 672 1318
797 1223 796 1223
99 1848 99 1849
382 920 382 919
66 1872 66 1873
206 1747 205 1747
392 1571 392 1570
639 503 640 503
825 1177 825 1178
977 983 978 983
23 1922 22 1922
208 1746 207 1746
711 1444 710 1444
659 1328 659 1329
563 1391 562 1391
136 1814 136 1815
1343 626 1343 627
117 1829 118 1829
1302 1868 1303 1868
430 1057 430 1056
1368 606 1367 606
411 1547 410 1547
632 1354 631 1354
1309 655 1308 655
1438 670 1439 670
898 1077 897 1077
144 1805 144 1806
1171 797 1172 797
1144 828 1143 828
1256 704 1256 705
796 1224 795 1224
50 1884 50 1883
1146 823 1145 823
1310 651 1310 652
328 1638 328 1639
887 1099 887 1100
1348 620 1347 620
704 1287 703 1287
1147 817 1148 817
316 1653 316 1654
290 1678 291 1678
48 1887 48 1888
1102 1011 1102 1010
450 1485 451 1485
1087 872 1086 872
876 1110 875 1110
1302 661 1303 661
1186 782 1185 782
659 1330 658 1330
1247 718 1247 717
842 1170 841 1170
1145 824 1145 825
50 1883 50 1884
226 1742 227 1742
199 1750 199 1749
297 1671 297 1672
1145 821 1145 822
1341 629 1341 630
152 1801 152 1802
475 1454 475 1455
1279 344 1278 344
851 1155 850 1155
188 1754 187 1754
900 1061 900 1062
413 1541 413 1542
480 1446 479 1446
1036 921 1036 922
902 1065 902 1066
1283 675 1282 675
522 1426 522 1427
162 1786 163 1786
870 1117 871 1117
135 1815 136 1815
266 1705 265 1705
397 1567 397 1568
154 1795 154 1796
121 1827 121 1828
607 1373 606 1373
288 1678 287 1678
678 1313 678 1314
642 1353 642 1352
743 1246 742 1246
549 1401 548 1401
483 1444 483 1443
271 1695 272 1695
1069 896 1069 895
864 1136 863 1136
718 1273 719 1273
740 1246 740 1247
1374 605 1373 605
469 1468 469 1469
183 1762 182 1762
651 1339 650 1339
959 1004 959 1005
981 974 981 975
1403 596 1403 597
1068 895 1068 894
65 1875 64 1875
49 1889 49 1890
446 1501 447 1501
891 1085 890 1085
721 1263 720 1263
522 1425 523 1425
1166 802 1166 803
1221 747 1220 747
1028 933 1028 934
997 962 997 963
967 988 967 989
432 1517 432 1518
1296 669 1296 670
243 1724 243 1725
282 1684 282 1685
770 1236 771 1236
387 1323 388 1323
43 1899 42 1899
1058 913 1057 913
44 1895 44 1896
511 1346 511 1347
1314 651 1313 651
185 1760 184 1760
729 1261 729 1262
896 1081 896 1082
135 1818 135 1817
1138 832 1137 832
274 1692 273 1692
178 1767 178 1768
1326 1754 1325 1754
144 1805 144 1806
618 1360 618 1361
1078 885 1078 886
1192 770 1192 771
1059 907 1059 908
862 1137 862 1138
506 1428 505 1428
77 1867 78 1867
746 1244 746 1245
718 1271 717 1271
979 979 979 980
561 1396 562 1396
678 1314 677 1314
713 1278 713 1279
1060 912 1060 913
1322 638 1321 638
269 1699 269 1700
538 1406 538 1407
391 1569 390 1569
255 1711 255 1712
412 1545 411 1545
373 1596 373 1597
163 1786 162 1786
94 1858 93 1858
1359 614 1358 614
1137 832 1136 832
1250 710 1249 710
829 1173 829 1172
247 1719 246 1719
376 1586 375 1586
732 1257 732 1256
739 1251 740 1251
845 1161 845 1162
319 1650 319 1651
786 771 786 772
256 1711 257 1711
370 1600 370 1601
1391 602 1390 602
58 1878 57 1878
1041 921 1040 921
1232 733 1231 733
980 975 981 975
694 1296 694 1297
759 1243 758 1243
619 1357 619 1358
120 1822 120 1823
918 1054 918 1055
511 1429 510 1429
814 1191 814 1192
1145 825 1146 825
691 1304 691 1305
1329 637 1328 637
1327 637 1328 637
580 1382 579 1382
515 1428 514 1428
1267 688 1267 689
719 1273 719 1272
977 983 977 984
611 1370 610 1370
812 1195 812 1196
360 1614 359 1614
560 1394 560 1395
500 1435 500 1436
282 1682 282 1683
832 1173 831 1173
74 1870 73 1870
30 1918 29 1918
593 1482 593 1483
75 1868 74 1868
80 1864 79 1864
272 1692 272 1693
872 1117 872 1118
577 1381 577 1382
851 1207 850 1207
576 1382 575 1382
851 1153 851 1154
513 22 512 22
456 1478 455 1478
890 1094 890 1095
573 1382 573 1383
1246 722 1245 722
1165 804 1165 803
659 1325 659 1326
721 1264 722 1264
507 1428 506 1428
1384 605 1384 606
1190 960 1190 961
499 1436 498 1436
1071 892 1070 892
17 1927 16 1927
79 1865 78 1865
1338 633 1337 633
452 1478 452 1479
1132 836 1132 835
1108 851 1107 851
362 1612 362 1613
1094 864 1095 864
877 1106 877 1107
471 1467 470 1467
801 1209 800 1209
244 1720 244 1719
1370 606 1369 606
862 983 862 984
154 1793 154 1794
1193 773 1192 773
240 1728 241 1728
305 1662 305 1663
1301 666 1301 665
268 1701 268 1702
373 1586 373 1587
929 1044 928 1044
742 1909 742 1908
1439 571 1439 570
207 1747 206 1747
729 242 730 242
1335 637 1335 638
336 1627 335 1627
1348 622 1348 623
1186 780 1187 780
741 1246 741 1245
684 1309 684 1310
143 1809 143 1810
891 1092 891 1093
1185 781 1185 782
1361 613 1361 614
1175 793 1175 794
649 1346 649 1347
610 1371 610 1372
867 1122 866 1122
692 1301 691 1301
705 1284 705 1285
1333 638 1332 638
1130 836 1130 837
1018 941 1017 941
799 1209 799 1210
1069 895 1069 896
1027 928 1027 929
930 1038 930 1039
713 1280 712 1280
259 1708 259 1707
1219 751 1218 751
423 1520 424 1520
1303 662 1303 663
191 1754 190 1754
783 1232 783 1233
561 1392 562 1392
1233 732 1233 733
1336 637 1335 637
1216 753 1216 754
8 1928 8 1929
337 1626 336 1626
140 1814 139 1814
1286 675 1285 675
1294 671 1295 671
369 1599 369 1600
284 1683 284 1682
777 1235 777 1234
661 1323 660 1323
60 1875 60 1876
1069 896 1069 895
399 1561 399 1562
135 1818 134 1818
1237 728 1237 729
1108 852 1108 851
139 1815 138 1815
897 1077 897 1078
1385 604 1384 604
1278 683 1278 684
837 1170 836 1170
588 1381 588 1382
1153 818 1152 818
260 1706 260 1707
897 1079 897 1078
152 1802 151 1802
584 1382 584 1383
482 1445 482 1446
798 1222 798 1223
850 1152 851 1152
180 1154 181 1154
517 1427 516 1427
423 1524 423 1525
370 1601 370 1602
556 1399 555 1399
856 1147 856 1148
812 1197 812 1196
521 1427 521 1428
1395 603 1395 604
722 1265 722 1266
414 1889 414 1890
1082 884 1082 885
447 1498 446 1498
530 1415 529 1415
1440 567 1440 566
1093 871 1092 871
220 1745 219 1745
977 984 977 983
789 1225 789 1226
1454 143 1454 142
391 1568 391 1569
713 1089 713 1088
308 1661 307 1661
1308 656 1307 656
1000 962 1001 962
816 1188 815 1188
1050 916 1050 917
141 1810 140 1810
277 1691 276 1691
1027 934 1027 933
1185 783 1184 783
973 76 973 77
251 1714 250 1714
527 1418 526 1418
1347 621 1347 622
1258 701 1257 701
977 983 976 983
877 653 877 652
980 977 979 977
566 1389 566 1390
799 1215 800 1215
403 1553 403 1554
841 1170 841 1169
740 1251 739 1251
441 1508 442 1508
132 1821 132 1822
563 1392 562 1392
873 1116 873 1117
1182 788 1181 788
327 1640 326 1640
840 1170 839 1170
635 1353 634 1353
1090 872 1089 872
206 1748 205 1748
669 1317 669 1316
1046 922 1045 922
1138 831 1138 832
482 1444 483 1444
1419 584 1419 583
27 1920 28 1920
267 1705 266 1705
395 1569 395 1568
118 1829 117 1829
143 1808 143 1809
1029 935 1029 936
1237 729 1236 729
1009 948 1008 948
1441 568 1441 569
106 1844 106 1845
481 1453 481 1454
1192 773 1192 774
844 1165 844 1166
578 1381 579 1381
74 1869 74 1870
334 1628 334 1629
1207 754 1207 755
1107 854 1106 854
397 1568 397 1569
392 1569 392 1570
162 1786 162 1785
259 1707 259 1708
68 1872 67 1872
474 1460 473 1460
1348 623 1348 622
630 1353 629 1353
455 591 455 590
923 1049 923 1050
579 1381 578 1381
910 1060 910 1061
105 1846 104 1846
358 1619 358 1620
350 1622 349 1622
14 1926 14 1927
727 1466 726 1466
1378 605 1377 605
743 1245 743 1246
1133 579 1133 578
1273 686 1273 687
33 1918 33 1917
846 1854 847 1854
885 1100 884 1100
866 1121 866 1122
451 1481 452 1481
130 1823 129 1823
1415 586 1415 587
1158 815 1157 815
298 1673 297 1673
1220 748 1220 749
914 1058 913 1058
933 1036 932 1036
1335 635 1335 636
1436 163 1436 162
726 1261 726 1262
1160 810 1160 811
574 1382 573 1382
1043 921 1043 922
1402 598 1402 599
385 1580 385 1581
696 1294 695 1294
352 1622 351 1622
668 1175 667 1175
887 1099 886 1099
726 1262 725 1262
699 1288 698 1288
935 1034 934 1034
1057 913 1057 914
300 1669 299 1669
743 1246 742 1246
189 1754 188 1754
478 1452 478 1453
1026 938 1025 938
349 614 349 613
81 1863 81 1864
721 904 721 905
1241 725 1242 725
534 1411 533 1411
292 1677 293 1677
831 1171 832 1171
32 1916 32 1917
1059 913 1058 913
288 1678 288 1679
653 1338 652 1338
606 1373 605 1373
411 1545 411 1544
777 1236 777 1235
1335 637 1336 637
130 767 131 767
284 1680 284 1681
12 1929 11 1929
736 1377 737 1377
243 1720 244 1720
966 997 966 998
1104 860 1103 860
156 1792 156 1793
1085 872 1084 872
474 1457 475 1457
163 1780 163 1781
664 1319 663 1319
867 1125 867 1126
1445 558 1445 559
730 1256 729 1256
877 1107 877 1108
1327 637 1327 636
431 1518 430 1518
1135 834 1135 835
122 1821 121 1821
297 1673 296 1673
665 1319 664 1319
925 1048 925 1049
1222 746 1222 747
507 1429 507 1428
890 1095 890 1096
87 1861 86 1861
956 1012 956 1013
57 1879 56 1879
1198 765 1197 765
55 1880 55 1881
101 1848 101 1849
899 1069 899 1068
1309 653 1309 654
187 1758 186 1758
415 1541 414 1541
259 1707 260 1707
1384 606 1383 606
208 1747 208 1746
684 1309 684 1308
622 1356 622 1357
22 1923 21 1923
492 1442 492 1441
12 1928 12 1929
156 1791 155 1791
677 1314 676 1314
147 1807 147 1806
302 1662 303 1662
983 974 984 974
862 1139 863 1139
855 1149 856 1149
761 1241 760 1241
206 1747 206 1748
360 1608 361 1608
523 1518 522 1518
410 1547 409 1547
980 975 979 975
1165 803 1165 804
1147 819 1147 820
759 1242 759 1243
977 982 977 983
829 1171 829 1172
163 1782 163 1781
827 1175 828 1175
181 1765 180 1765
991 963 991 964
428 1519 427 1519
178 1770 177 1770
1295 671 1294 671
1219 749 1219 750
648 1347 647 1347
36 1913 35 1913
1433 436 1432 436
1243 723 1243 724
16 1927 16 1928
205 1748 204 1748
1212 1967 1212 1968
1375 605 1375 606
865 1135 864 1135
492 1441 491 1441
661 1321 661 1322
678 1314 679 1314
620 1356 619 1356
139 1815 139 1816
186 1758 186 1759
1190 778 1189 778
199 1749 199 1750
295 1673 295 1674
416 1535 416 1536
818 1184 818 1185
7 1929 7 1928
1224 739 1224 740
1166 803 1165 803
1347 620 1347 621
521 1428 522 1428
68 1872 67 1872
1330 637 1329 637
665 1318 665 1319
1158 812 1159 812
965 995 965 996
933 1033 933 1034
76 1868 75 1868
448 1497 448 1498
745 1243 746 1243
866 1134 865 1134
1060 911 1059 911
737 577 736 577
1162 809 1161 809
758 1243 758 1242
746 1245 746 1244
897 1079 897 1080
558 1399 558 1400
1225 744 1224 744
1443 565 1443 566
879 1104 879 1105
1318 651 1317 651
1167 802 1166 802
465 1471 465 1470
1402 601 1402 602
1246 719 1247 719
755 1243 755 1244
1403 597 1403 596
655 1336 654 1336
951 1019 950 1019
1342 628 1341 628
185 1759 185 1760
204 1748 203 1748
652 1338 651 1338
415 1536 415 1537
859 1142 859 1143
1104 862 1103 862
834 568 833 568
102 1848 101 1848
979 978 979 979
1045 921 1045 922
1352 616 1352 617
178 1769 178 1770
788 1225 787 1225
413 1543 413 1544
136 1814 136 1815
299 1668 300 1668
1101 862 1102 862
892 1093 892 1094
1408 595 1407 595
1373 605 1372 605
698 1290 697 1290
1347 623 1348 623
742 379 742 380
1256 702 1256 703
1048 920 1047 920
625 1355 624 1355
974 987 974 988
358 1620 358 1621
1243 723 1243 724
1084 874 1084 875
986 974 986 973
482 1451 482 1450
1305 659 1304 659
1028 935 1028 936
917 1520 917 1519
1010 945 1009 945
1434 571 1434 572
1076 880 1076 881
801 1218 800 1218
1159 812 1158 812
708 1281 707 1281
397 1565 397 1566
531 1415 530 1415
184 1760 184 1761
91 1858 91 1859
1267 690 1266 690
77 974 77 973
804 1203 804 1202
719 1267 719 1268
765 1512 765 1511
866 1124 867 1124
11 1929 10 1929
1167 801 1167 802
156 1791 156 1792
866 1120 865 1120
1124 838 1123 838
331 1635 331 1636
877 1110 876 1110
957 1005 957 1006
812 90 812 89
1319 646 1319 647
692 1299 691 1299
841 1170 840 1170
901 1061 900 1061
933 1034 933 1033
658 1333 657 1333
788 1225 788 1226
1243 724 1242 724
1426 576 1426 577
792 1224 791 1224
136 1815 135 1815
483 1445 482 1445
485 1445 484 1445
898 1070 898 1071
696 1292 696 1293
953 1017 953 1018
1129 838 1128 838
520 1428 520 1427
369 1600 370 1600
399 1559 399 1560
197 1365 197 1364
796 1223 796 1224
541 1405 541 1404
348 1623 347 1623
897 1078 897 1079
733 1256 732 1256
893 1084 893 1085
771 1236 771 1237
1225 737 1225 738
1079 883 1079 882
615 1366 615 1367
507 1220 507 1221
399 1555 399 1556
1198 765 1198 764
562 1392 563 1392
950 168 951 168
1193 769 1193 770
369 1603 368 1603
381 1584 382 1584
1077 890 1077 891
1192 774 1191 774
810 1196 809 1196
182 1763 181 1763
683 1310 683 1311
368 1603 367 1603
716 604 716 603
528 1417 527 1417
413 1542 413 1543
450 1495 450 1496
1085 878 1084 878
412 1546 411 1546
474 1459 474 1460
101 1848 101 1849
473 1459 474 1459
666 1317 666 1318
1371 606 1370 606
730 1260 730 1261
993 964 992 964
85 1861 86 1861
889 1088 889 1089
83 1862 82 1862
720 1263 720 1264
800 201 799 201
452 1479 452 1480
259 1710 258 1710
819 1184 818 1184
85 1861 84 1861
417 1535 416 1535
492 1442 491 1442
559 1398 559 1399
163 1778 163 1779
17 1894 17 1895
405 1550 405 1551
39 1902 39 1903
484 1445 483 1445
1350 617 1349 617
1102 861 1103 861
1447 556 1447 557
1388 602 1387 602
270 1695 269 1695
11 1928 11 1929
1240 726 1239 726
423 1519 423 1520
1160 811 1160 812
371 1596 370 1596
309 1659 309 1660
321 1646 321 1647
952 1019 951 1019
814 1194 814 1195
310 1655 310 1656
3 1934 3 1935
1401 603 1400 603
436 1514 435 1514
804 1202 804 1203
543 1405 542 1405
724 1263 723 1263
411 1546 411 1547
921 1052 920 1052
1434 573 1433 573
324 1644 324 1643
785 1227 785 1228
374 1593 375 1593
202 1748 201 1748
1114 845 1115 845
956 1010 957 1010
1194 1471 1194 1472
914 1058 914 1057
1185 785 1185 786
1229 734 1228 734
979 981 980 981
566 1390 565 1390
229 1739 228 1739
1069 895 1070 895
1309 1408 1309 1409
483 1443 483 1442
1060 910 1060 911
819 1183 819 1184
642 24 642 25
965 999 964 999
420 1527 419 1527
320 1648 319 1648
1233 733 1232 733
1036 924 1035 924
1170 799 1169 799
227 1739 227 1740
679 1312 678 1312
899 1068 899 1069
1312 651 1311 651
261 1705 260 1705
622 1356 621 1356
522 1426 521 1426
90 1860 89 1860
649 1345 649 1346
845 1163 845 1164
440 1506 440 1507
867 1127 867 1128
759 1241 759 1242
1302 662 1303 662
899 1067 899 1066
1204 758 1203 758
1437 569 1436 569
143 1811 143 1810
32 1916 32 1915
148 1801 148 1802
347 1623 346 1623
164 1777 163 1777
977 982 976 982
1192 772 1192 773
35 1907 35 1908
55 1880 55 1879
908 1061 907 1061
382 1582 382 1583
694 1295 694 1296
901 1064 900 1064
236 1732 236 1733
643 1349 642 1349
1402 603 1401 603
120 1826 120 1827
413 1541 414 1541
728 1261 727 1261
828 1175 827 1175
690 1306 689 1306
1027 935 1028 935
592 1378 592 1379
1305 656 1305 657
456 564 456 565
695 1295 694 1295
920 1053 920 1054
1084 872 1084 873
1086 877 1086 878
644 1349 643 1349
334 1630 333 1630
397 1564 397 1565
622 1357 622 1356
234 1734 234 1733
35 1916 34 1916
851 1150 851 1151
140 1809 140 1810
1117 845 1117 844
718 1271 718 1270
507 1428 506 1428
875 1111 874 1111
234 1735 233 1735
472 1466 471 1466
893 1082 893 1083
269 1701 268 1701
714 1278 714 1279
280 1690 279 1690
768 1238 767 1238
14 1926 14 1927
1009 947 1009 948
1048 918 1048 919
1384 603 1384 604
1159 812 1158 812
9 1928 8 1928
35 1918 35 1917
1145 822 1145 823
472 1947 472 1948
744 1244 743 1244
1341 631 1341 632
1044 922 1044 921
521 1428 520 1428
1440 567 1440 568
682 1311 681 1311
33 1916 34 1916
1045 922 1046 922
131 1821 130 1821
305 1663 305 1664
1185 783 1185 784
375 1593 375 1594
71 1871 71 1870
691 1303 691 1304
56 1879 56 1880
580 1383 580 1382
87 1860 87 1861
1305 657 1305 658
537 1410 536 1410
1043 922 1043 921
898 1073 898 1074
663 1321 662 1321
1009 948 1009 949
860 1139 860 1140
939 1032 939 1033
492 1441 492 1442
721 1267 722 1267
442 493 442 492
900 1062 900 1063
1140 829 1139 829
163 1779 163 1780
1162 810 1161 810
543 1403 543 1404
705 1285 704 1285
1013 943 1012 943
82 1861 81 1861
1245 719 1246 719
882 1104 882 1103
489 1442 489 1441
1072 865 1072 866
481 1446 480 1446
981 975 980 975
657 1333 657 1332
1138 830 1138 831
137 1816 137 1815
367 1603 368 1603
466 1469 465 1469
553 1399 552 1399
493 1442 492 1442
1450 554 1450 555
65 1875 65 1874
324 1643 323 1643
163 1786 162 1786
303 1662 304 1662
291 1678 290 1678
375 1586 375 1585
71 1871 71 1870
353 1622 352 1622
209 1747 208 1747
71 1870 71 1871
483 1444 483 1443
973 985 973 986
592 1380 592 1381
1279 676 1279 677
1026 935 1026 934
800 1215 800 1216
789 928 789 927
1026 934 1026 935
960 1004 959 1004
1340 633 1339 633
674 1315 674 1316
1280 675 1279 675
669 1318 670 1318
288 1677 289 1677
866 1130 866 1131
1209 754 1208 754
582 1383 581 1383
976 982 977 982
318 1648 318 1649
423 1525 422 1525
3 1933 3 1934
769 1237 769 1238
114 1837 114 1838
1244 722 1244 723
1393 604 1393 603
76 1869 76 1868
635 1352 635 1353
1003 956 1003 957
910 1060 911 1060
1121 839 1121 840
1369 606 1368 606
1162 809 1161 809
716 1277 715 1277
557 1399 556 1399
919 1052 920 1052
800 1217 800 1218
1269 689 1269 688
679 1312 679 1313
119 1828 119 1829
1294 671 1294 672
669 1318 669 1317
929 1041 930 1041
1225 737 1225 736
319 1649 319 1650
1035 924 1034 924
1084 875 1084 876
897 1068 897 1069
5 1931 5 1932
771 1236 771 1237
1427 576 1426 576
1055 915 1054 915
332 1633 332 1634
777 1236 777 1235
257 1710 256 1710
227 1742 227 1743
288 1678 287 1678
1102 862 1102 861
827 1173 827 1174
346 1623 345 1623
645 1 645 2
286 1679 287 1679
863 1139 862 1139
1206 756 1206 757
47 1892 47 1893
139 1812 139 1811
290 116 290 117
37 1905 36 1905
836 1170 836 1171
482 1451 481 1451
1030 926 1029 926
1066 900 1066 901
340 1625 340 1626
956 1013 956 1014
1393 603 1392 603
96 1853 95 1853
1145 828 1144 828
307 1662 307 1661
391 1575 390 1575
1450 555 1449 555
784 1229 784 1230
1272 688 1271 688
1363 611 1362 611
851 1151 851 1152
1366 606 1365 606
1208 754 1207 754
898 1069 898 1070
814 1192 814 1193
897 1069 898 1069
1302 661 1302 662
1441 569 1441 570
1301 664 1301 665
1461 554 1460 554
1361 612 1361 613
643 282 643 283
34 1916 35 1916
823 1179 823 1180
864 1135 864 1136
1301 665 1301 666
1158 814 1158 815
36 1918 36 1919
1104 859 1104 860
1278 681 1278 682
71 1870 70 1870
891 1093 891 1092
1222 747 1221 747
1301 665 1300 665
443 1502 444 1502
562 1395 561 1395
789 1224 790 1224
1064 905 1063 905
5 1933 4 1933
1027 933 1028 933
1160 68 1161 68
970 988 969 988
362 1605 361 1605
114 1835 115 1835
957 1006 957 1007
739 1250 739 1251
459 1478 458 1478
815 1189 815 1190
861 1140 861 1139
66 1872 67 1872
444 1502 443 1502
779 1234 778 1234
1146 825 1146 824
651 1341 651 1342
396 1569 395 1569
666 1318 665 1318
944 1025 944 1026
481 1451 482 1451
361 1608 361 1607
591 1381 591 1380
893 1084 894 1084
1274 1392 1274 1393
378 1430 379 1430
1265 697 1265 696
1304 661 1303 661
1318 644 1319 644
1288 674 1287 674
722 1263 721 1263
375 1590 375 1591
651 1338 651 1339
745 1244 745 1243
397 1566 397 1567
614 1367 613 1367
1106 852 1106 853
375 1592 375 1593
1378 112 1378 113
36 1918 35 1918
1005 951 1005 952
503 1434 502 1434
876 1107 877 1107
51 1883 50 1883
979 977 979 976
1441 566 1441 565
320 13 320 12
472 1465 472 1466
40 1901 40 1902
399 1560 398 1560
1445 559 1445 560
691 1301 691 1302
375 1591 375 1590
308 1660 308 1661
859 1141 859 1142
34 1915 34 1916
1106 855 1105 855
1434 572 1434 573
309 1657 309 1658
206 1749 205 1749
1160 811 1160 810
485 1442 485 1443
899 1064 899 1065
287 1679 287 1680
800 1210 799 1210
391 1572 391 1573
1114 847 1113 847
1278 676 1278 677
1346 624 1345 624
579 1382 579 1381
866 1129 865 1129
1336 635 1335 635
487 1442 487 1443
1077 882 1077 883
426 991 427 991
668 1318 668 1317
1335 636 1335 637
33 1915 33 1916
1000 961 1000 962
288 1679 288 1680
115 1833 114 1833
800 1216 800 1217
1003 957 1003 958
1279 677 1278 677
828 1173 827 1173
729 1262 729 1261
201 1749 200 1749
300 1668 300 1669
158 853 157 853
736 1251 735 1251
577 1382 577 1383
521 1427 520 1427
463 1470 462 1470
848 1159 848 1160
330 1637 329 1637
190 1753 189 1753
241 1728 240 1728
153 1796 152 1796
321 1647 320 1647
1441 566 1441 567
583 1383 582 1383
571 1385 571 1386
192 1754 191 1754
374 1589 374 1590
1227 735 1227 736
589 1381 588 1381
249 1714 250 1714
897 1078 897 1079
302 1667 302 1668
178 1770 178 1771
1121 841 1120 841
890 1089 890 1090
480 1453 479 1453
461 269 461 270
562 1392 563 1392
1297 665 1297 666
894 1081 893 1081
1260 701 1259 701
471 1466 471 1467
1109 850 1109 851
589 1023 589 1022
597 102 596 102
120 1825 120 1826
628 1355 627 1355
1265 696 1264 696
417 1530 417 1531
111 1842 110 1842
1028 936 1028 935
424 1524 424 1525
115 1836 114 1836
1418 585 1418 584
400 931 399 931
663 1319 663 1320
642 1351 642 1352
718 1270 718 1271
473 1465 472 1465
1343 625 1343 626
1211 754 1212 754
429 1518 429 1519
1286 674 1286 675
562 1393 562 1394
1010 949 1010 950
1037 923 1037 924
243 1722 243 1723
688 1308 688 1307
697 1290 696 1290
391 1571 391 1572
399 1559 400 1559
1192 773 1193 773
405 1550 404 1550
448 1498 447 1498
819 1182 819 1183
939 1033 939 1032
958 1010 958 1011
139 1814 138 1814
493 1439 493 1440
404 1550 405 1550
243 1720 243 1721
660 1323 659 1323
1402 602 1402 603
1376 605 1375 605
867 1133 866 1133
1137 833 1136 833
144 1808 143 1808
1102 863 1102 864
875 1110 875 1111
963 1003 962 1003
842 1169 842 1170
833 1173 833 1172
781 946 781 947
866 1119 866 1120
948 1022 947 1022
950 1019 950 1020
774 1113 774 1114
389 1575 389 1576
1094 867 1093 867
1060 911 1061 911
444 1501 444 1502
268 1701 269 1701
679 1311 679 1312
743 1244 743 1245
706 1282 705 1282
848 1156 848 1157
304 1664 305 1664
674 1316 674 1317
1077 887 1077 888
7 1928 7 1929
1224 742 1225 742
856 1149 855 1149
41 1900 41 1901
373 1597 372 1597
35 1915 34 1915
37 1918 36 1918
392 1570 392 1571
1377 605 1376 605
256 1710 256 1711
424 1525 425 1525
822 1178 822 1179
922 570 921 570
447 1501 447 1502
44 1896 44 1897
197 1753 196 1753
1009 945 1009 946
733 1256 732 1256
991 965 991 966
822 1180 821 1180
967 991 967 992
976 983 975 983
40 1899 40 1900
284 1680 284 1681
435 1516 435 1517
115 1832 115 1833
129 1823 129 1824
320 1648 321 1648
803 1203 803 1204
714 1279 714 1278
48 1885 48 1886
388 1577 387 1577
852 1150 853 1150
520 387 520 388
220 1744 220 1745
963 1004 963 1003
1031 926 1030 926
332 1632 332 1633
874 1114 873 1114
1028 935 1027 935
29 1918 28 1918
1094 866 1094 867
890 1090 891 1090
770 1235 769 1235
1162 806 1163 806
596 1375 596 1376
966 993 965 993
803 1204 803 1205
1457 554 1456 554
1336 633 1336 634
901 1065 902 1065
181 1763 181 1764
650 1345 649 1345
893 1081 893 1082
167 1775 167 1774
499 1436 499 1437
785 1228 784 1228
355 1624 355 1623
545 1403 544 1403
1319 642 1319 643
890 1085 889 1085
1190 776 1190 777
1388 603 1387 603
42 1900 42 1899
1161 809 1162 809
28 1918 28 1917
1364 607 1364 608
452 1491 451 1491
710 1280 709 1280
1347 620 1347 619
807 1197 806 1197
354 1623 354 1622
829 1172 829 1173
1086 877 1086 878
1328 637 1328 638
1311 651 1310 651
463 1471 463 1470
444 1503 444 1502
1302 663 1301 663
1014 942 1014 941
209 807 210 807
248 1717 248 1718
816 1186 816 1187
162 1785 163 1785
135 1817 134 1817
35 1911 35 1912
723 1265 723 1264
292 1678 291 1678
871 676 871 675
889 1098 888 1098
7 1927 7 1928
584 1383 583 1383
1204 757 1203 757
987 973 986 973
522 1427 521 1427
1187 778 1186 778
946 1022 946 1021
136 1815 136 1816
965 996 966 996
268 1702 268 1703
1105 855 1105 856
1129 837 1129 838
31 1918 30 1918
1120 842 1119 842
1145 826 1145 827
284 1681 284 1682
1059 906 1059 907
1341 631 1341 632
534 1409 534 1410
531 1415 532 1415
429 783 428 783
1257 701 1256 701
532 1410 532 1411
49 1890 48 1890
1347 619 1347 620
930 1040 930 1041
161 1788 160 1788
322 1645 321 1645
1443 561 1443 562
1404 598 1404 597
335 1627 335 1628
1104 856 1105 856
243 1721 243 1722
585 1382 584 1382
823 1178 823 1179
325 1641 325 1642
1012 944 1012 945
373 998 373 997
755 1242 755 1243
73 1868 73 1869
1290 673 1289 673
179 1765 178 1765
573 1383 573 1384
244 1720 243 1720
1182 787 1182 786
101 1850 101 1849
512 1133 513 1133
21 1923 21 1924
550 1401 549 1401
1207 756 1206 756
1068 895 1069 895
1250 706 1250 707
328 1637 328 1638
1297 666 1297 667
722 1264 722 1265
361 1605 361 1606
974 988 973 988
769 182 769 181
340 1626 341 1626
173 1770 173 1771
1002 959 1002 960
879 1105 878 1105
887 1100 887 1099
817 1185 817 1186
892 1095 892 1094
1316 951 1316 952
893 1085 893 1084
809 1195 809 1196
175 1770 174 1770
1383 606 1383 605
1449 556 1449 555
232 1736 232 1735
400 1555 399 1555
970 310 970 309
417 1531 417 1532
1091 871 1091 872
32 1915 33 1915
117 447 117 446
1429 576 1428 576
1027 931 1026 931
274 1691 274 1692
359 1615 359 1616
140 1813 140 1814
845 1164 845 1165
1078 884 1078 885
596 1376 595 1376
120 1828 119 1828
540 1405 541 1405
1402 596 1403 596
775 1233 774 1233
1331 638 1331 637
1170 798 1170 799
1404 849 1405 849
965 993 965 994
1360 1724 1360 1725
125 1821 124 1821
234 1735 234 1734
139 1811 139 1812
452 1481 451 1481
1076 881 1076 880
505 1429 505 1430
618 1359 618 1360
267 1704 267 1705
735 1252 735 1253
209 1746 209 1747
858 1145 857 1145
484 1683 484 1682
867 1128 867 1129
78 1866 78 1867
398 1566 397 1566
7 1928 7 1929
1104 858 1103 858
162 1781 163 1781
1019 1766 1019 1765
1001 960 1001 961
1125 838 1124 838
524 1422 524 1423
135 1817 135 1818
32 1918 33 1918
156 1793 155 1793
33 1916 32 1916
1236 729 1236 730
639 1590 639 1591
1159 812 1159 813
812 1196 811 1196
1115 846 1115 847
534 1411 534 1410
400 1555 401 1555
252 1713 252 1714
945 1023 944 1023
901 1065 900 1065
1318 647 1318 648
119 1828 118 1828
523 1422 524 1422
207 1749 206 1749
88 1860 87 1860
729 1261 728 1261
954 1015 954 1016
722 1267 721 1267
1287 674 1287 673
1268 688 1269 688
1265 696 1265 697
1445 557 1445 558
375 1591 375 1590
563 1390 563 1391
6 1929 6 1928
451 1490 451 1491
332 1633 332 1634
1103 862 1102 862
1012 945 1011 945
562 1394 562 1395
1295 670 1295 671
891 1094 890 1094
1135 835 1135 836
600 1374 600 1375
103 1847 102 1847
321 1648 320 1648
1181 788 1181 789
1415 590 1414 590
709 1280 710 1280
444 1502 444 1501
1122 839 1121 839
646 1347 646 1348
891 1091 892 1091
1450 555 1450 556
1046 921 1045 921
473 1457 473 1458
1064 902 1064 903
747 1245 747 1244
144 1807 144 1808
292 1677 292 1678
348 1622 348 1623
872 1118 872 1117
561 1391 561 1392
805 399 805 400
1092 867 1091 867
95 1853 94 1853
892 1091 891 1091
847 1156 848 1156
1115 844 1115 845
1443 560 1443 561
35 1908 36 1908
1067 901 1067 900
228 206 228 205
1165 804 1165 805
1454 554 1453 554
531 1413 531 1414
1076 882 1077 882
899 1065 899 1066
689 1308 689 1309
1186 778 1186 777
67 1872 66 1872
900 1064 900 1065
967 990 967 991
499 1437 499 1438
1284 675 1283 675
751 1245 750 1245
100 1849 101 1849
392 1569 393 1569
1043 921 1042 921
878 1105 878 1106
799 1216 799 1215
372 1806 371 1806
656 1332 655 1332
1037 924 1036 924
448 1503 447 1503
93 1856 93 1857
976 983 976 982
1003 958 1004 958
1384 604 1383 604
480 1446 480 1447
38 1904 37 1904
916 1057 915 1057
1077 883 1077 884
775 1234 775 1233
873 1114 872 1114
985 974 984 974
958 1010 957 1010
1452 554 1451 554
1278 678 1279 678
889 1085 890 1085
159 1790 158 1790
1219 750 1219 751
341 1626 340 1626
714 1278 713 1278
862 1138 862 1139
721 1263 721 1264
784 1228 785 1228
361 1613 361 1614
415 1537 415 1538
474 1462 474 1463
78 1867 77 1867
800 1208 800 1209
1081 885 1080 885
475 1456 474 1456
1250 709 1250 710
47 1891 47 1892
336 1625 336 1626
1172 797 1171 797
140 1810 140 1811
1278 677 1277 677
472 1465 473 1465
443 1502 442 1502
809 1255 809 1254
208 1749 207 1749
725 1263 724 1263
521 1427 521 1428
236 1733 235 1733
82 1862 82 1861
35 1909 35 1910
398 1564 397 1564
423 1525 423 1524
144 1806 144 1805
1148 817 1147 817
28 1920 28 1919
577 1383 577 1382
309 1658 309 1657
642 1349 642 1350
223 1742 222 1742
478 1453 477 1453
1197 765 1197 764
784 1233 783 1233
440 1505 440 1506
587 1382 586 1382
1203 757 1203 758
901 1066 901 1065
480 748 479 748
1151 818 1151 817
1432 575 1431 575
361 1610 361 1611
1074 892 1073 892
1128 838 1127 838
416 1536 415 1536
474 1456 474 1457
163 1782 163 1783
1077 891 1076 891
1244 348 1244 347
93 1853 93 1854
605 1373 604 1373
1072 892 1071 892
929 1043 929 1044
375 1592 374 1592
1067 900 1067 901
897 1082 896 1082
321 1645 321 1644
369 1602 369 1603
1354 617 1353 617
1384 604 1385 604
326 1643 325 1643
303 1665 303 1666
21 1926 20 1926
169 1772 169 1773
783 1231 783 1232
35 1910 35 1911
1440 566 1440 567
1379 605 1378 605
1402 599 1402 600
1067 898 1067 899
419 1527 419 1528
154 1794 154 1795
930 1041 930 1042
262 1705 261 1705
247 1714 247 1715
340 1628 340 1627
111 1841 111 1842
450 1481 450 1482
1216 754 1215 754
889 1086 889 1085
394 1568 394 1567
1082 882 1082 883
776 1234 775 1234
451 1484 451 1485
1111 850 1110 850
1062 905 1062 906
1198 764 1198 765
81 1864 80 1864
339 1627 338 1627
1187 781 1187 782
266 1702 266 1703
952 1919 952 1918
931 1038 930 1038
1242 725 1241 725
247 1718 247 1719
1405 598 1405 599
298 1673 297 1673
55 1879 55 1880
1256 703 1256 704
741 1245 741 1246
877 1107 876 1107
391 1574 391 1575
1357 616 1356 616
900 1063 900 1064
672 1318 671 1318
1156 816 1156 817
953 1019 953 1020
465 1470 465 1471
901 1065 901 1066
1115 845 1114 845
403 1872 402 1872
374 1591 374 1592
483 1442 483 1443
1455 182 1455 183
1187 782 1186 782
1415 587 1415 588
1364 608 1364 609
521 1427 521 1428
435 1516 434 1516
1049 917 1048 917
901 1064 901 1065
93 1855 93 1856
35 1908 35 1909
1441 565 1441 566
654 1336 653 1336
1240 725 1240 726
1433 575 1432 575
558 1400 557 1400
464 1470 463 1470
543 1404 543 1405
67 1872 68 1872
266 1703 267 1703
847 1160 846 1160
1380 605 1379 605
894 1085 893 1085
1054 915 1053 915
1249 710 1249 711
1088 873 1088 872
1304 661 1305 661
828 1175 829 1175
284 1683 284 1682
1388 231 1388 230
800 1206 800 1207
1100 864 1099 864
216 1745 215 1745
1062 906 1061 906
902 1061 901 1061
1325 1101 1325 1100
668 1316 668 1315
1358 614 1357 614
458 1478 457 1478
1003 955 1002 955
1451 554 1450 554
532 1411 532 1412
677 1313 677 1314
399 1562 398 1562
1175 795 1174 795
1341 632 1341 631
929 1045 928 1045
1084 873 1085 873
991 965 991 964
101 1849 100 1849
541 1406 540 1406
562 1392 562 1393
799 1215 798 1215
1113 849 1113 850
134 1818 134 1817
1203 760 1203 759
949 1022 948 1022
391 1571 391 1572
290 1678 291 1678
1136 833 1137 833
1152 818 1151 818
521 1426 522 1426
865 1130 866 1130
155 1793 154 1793
591 1380 590 1380
282 1686 282 1687
80 1861 80 1862
1012 943 1012 944
828 1175 827 1175
859 1143 859 1144
892 1094 892 1095
450 1486 450 1485
247 1715 247 1714
172 1770 172 1771
43 1893 43 1894
309 1658 310 1658
1060 913 1059 913
689 1308 688 1308
65 1874 65 1875
1224 740 1224 741
318 1652 317 1652
442 1505 442 1504
900 1065 901 1065
899 1066 899 1067
524 1425 524 1426
483 1443 482 1443
898 1072 898 1073
37 1904 37 1905
893 1083 893 1084
414 1539 414 1540
897 1075 898 1075
766 1239 766 1240
1439 566 1440 566
491 1442 492 1442
1145 827 1145 828
1203 759 1203 760
297 1673 298 1673
774 1233 773 1233
171 1771 170 1771
572 1384 572 1385
735 1253 735 1254
1140 828 1140 829
1249 710 1250 710
178 1771 177 1771
987 972 987 973
1386 1007 1385 1007
441 1511 441 1512
280 1613 279 1613
306 1664 305 1664
67 1872 66 1872
421 1527 420 1527
507 1781 507 1782
1015 942 1014 942
1319 645 1319 646
451 1486 451 1487
404 1551 405 1551
296 1673 295 1673
1267 693 1268 693
1415 589 1415 590
688 1308 687 1308
982 975 982 974
927 1047 927 1046
508 1429 507 1429
541 1405 542 1405
563 1392 562 1392
655 1335 655 1336
138 1814 139 1814
799 1214 799 1215
481 1444 481 1445
716 1276 716 1277
1450 556 1449 556
1303 661 1302 661
1201 761 1201 760
134 1820 133 1820
93 1857 93 1858
283 1684 283 1685
1344 624 1344 623
611 1369 612 1369
888 1098 887 1098
554 1399 553 1399
960 1003 960 1004
287 1678 288 1678
392 1571 391 1571
1136 834 1135 834
393 1569 392 1569
59 1877 59 1878
1102 864 1101 864
542 1405 542 1406
1211 754 1210 754
51 40 50 40
206 1748 207 1748
1243 723 1243 722
1406 598 1405 598
1004 954 1005 954
720 1264 721 1264
1161 810 1162 810
769 1236 769 1237
293 1677 292 1677
790 1224 790 1225
137 1814 136 1814
619 1359 618 1359
955 1012 956 1012
710 1280 710 1281
899 1067 899 1068
1449 555 1450 555
109 1842 108 1842
1431 575 1431 576
541 1404 541 1405
78 1865 78 1866
1198 764 1198 765
524 1425 525 1425
1268 693 1268 694
234 1734 234 1735
526 1418 526 1419
405 1551 405 1552
1178 790 1177 790
32 741 32 740
14 1927 14 1926
1372 606 1371 606
451 1490 451 1491
654 1332 655 1332
1146 825 1145 825
917 1055 916 1055
269 1698 269 1699
910 1061 909 1061
228 1739 227 1739
254 1712 253 1712
808 1196 808 1197
562 1391 561 1391
1032 926 1031 926
619 1358 620 1358
172 1771 172 1770
160 1788 160 1789
442 1508 442 1509
1435 570 1435 571
49 1888 49 1889
99 1850 99 1851
820 1182 819 1182
385 1579 385 1580
1438 566 1439 566
249 1714 249 1715
1403 598 1402 598
380 1586 379 1586
525 1421 524 1421
800 1218 799 1218
105 1843 105 1844
834 1173 833 1173
1027 929 1027 930
27 1918 27 1919
124 1821 123 1821
382 1584 382 1585
548 1401 547 1401
1084 879 1083 879
467 1468 468 1468
414 1541 413 1541
576 1380 577 1380
920 1052 920 1051
263 1705 262 1705
406 1552 406 1551
1192 771 1192 772
750 1245 750 1246
1419 585 1418 585
928 1045 927 1045
506 1428 507 1428
492 1440 492 1441
991 969 991 970
453 1478 452 1478
939 1031 939 1032
1150 817 1149 817
162 1783 162 1784
403 1555 402 1555
1356 616 1356 617
1422 580 1421 580
276 1692 276 1691
721 1264 721 1263
260 1707 259 1707
1375 605 1376 605
1268 694 1268 693
207 1749 206 1749
491 1441 491 1442
799 1213 799 1214
944 1028 943 1028
1218 748 1219 748
572 1384 572 1385
803 1205 803 1206
500 1436 499 1436
1395 601 1396 601
1070 894 1070 895
341 1627 341 1628
1198 762 1198 763
740 1250 739 1250
35 1912 35 1913
86 1861 85 1861
897 1074 897 1075
603 1373 603 1374
867 1129 866 1129
853 1150 852 1150
1168 799 1168 800
163 1783 162 1783
535 1411 534 1411
318 1650 319 1650
299 1669 299 1670
928 1044 928 1045
54 1882 54 1883
120 1823 120 1824
867 1132 867 1133
1349 618 1348 618
80 1862 80 1861
884 1404 883 1404
238 1731 238 1732
781 1751 780 1751
1441 566 1440 566
1229 734 1230 734
781 1234 781 1233
74 1869 74 1868
1238 727 1237 727
1363 609 1363 610
486 194 486 195
645 1349 644 1349
868 1119 867 1119
468 1468 469 1468
1196 766 1196 767
1072 892 1073 892
664 530 664 529
1036 925 1036 924
784 1231 783 1231
930 1043 929 1043
577 1380 577 1381
400 635 401 635
14 1927 13 1927
118 1828 118 1829
509 1429 508 1429
523 1421 523 1422
610 1370 611 1370
392 1569 393 1569
1360 615 1360 614
424 1525 423 1525
566 1391 566 1390
1261 700 1261 701
291 1678 291 1677
258 1710 257 1710
159 1789 159 1790
384 1581 383 1581
1099 864 1098 864
866 459 865 459
287 1678 287 1679
393 1567 392 1567
719 1273 718 1273
387 1578 387 1579
389 366 390 366
696 1290 696 1291
417 1532 417 1533
1348 619 1348 620
96 1567 97 1567
1426 577 1425 577
996 893 996 894
811 1196 812 1196
39 1903 39 1904
512 1429 511 1429
465 1470 464 1470
422 1526 422 1527
1122 840 1122 841
901 1066 901 1065
732 1256 731 1256
785 1089 786 1089
1384 604 1384 605
951 1020 950 1020
17 883 18 883
739 1251 738 1251
384 114 384 113
93 1858 92 1858
1010 950 1009 950
297 860 297 859
1396 601 1395 601
702 1288 701 1288
778 1235 777 1235
371 1597 371 1596
1207 755 1207 756
53 1884 52 1884
703 1286 704 1286
978 984 978 983
459 1476 459 1477
890 1097 890 1098
866 1120 866 1121
649 1169 650 1169
450 1493 450 1494
422 1527 421 1527
748 1246 749 1246
163 1780 162 1780
847 83 847 84
1443 563 1443 564
437 1513 437 1514
36 1908 35 1908
434 1518 434 1517
387 1579 386 1579
1278 681 1278 682
1404 597 1403 597
763 1241 762 1241
988 972 987 972
489 1441 489 1442
142 1810 141 1810
957 1012 956 1012
348 1622 349 1622
1104 857 1104 858
872 1115 872 1116
679 1313 679 1312
987 973 986 973
637 1353 636 1353
1439 570 1439 571
808 1197 808 1196
1049 917 1050 917
732 1255 732 1256
229 1738 229 1739
69 1871 69 1872
904 1061 903 1061
1084 877 1085 877
450 1496 450 1497
158 1791 157 1791
1293 672 1293 673
698 1289 698 1290
240 1729 240 1730
994 963 994 964
413 1544 412 1544
326 1640 325 1640
383 1583 382 1583
451 1486 450 1486
533 1411 534 1411
162 1146 163 1146
957 1010 958 1010
871 1118 871 1119
1278 678 1278 679
382 1584 381 1584
1056 915 1055 915
1102 96 1103 96
50 1883 50 1884
521 1428 521 1427
163 1785 163 1786
1365 607 1364 607
1320 641 1320 642
388 1576 389 1576
1146 824 1146 825
1407 595 1408 595
1161 811 1161 810
49 1890 49 1891
27 1919 27 1918
467 1469 467 1468
714 1277 713 1277
943 1029 942 1029
1461 554 1461 555
147 1803 147 1804
889 1087 889 1088
1186 779 1186 780
524 1426 523 1426
1028 934 1028 935
721 1263 721 1264
1091 868 1091 869
534 1410 534 1409
435 1517 435 1516
892 1082 893 1082
719 1269 719 1270
523 1426 522 1426
440 1513 439 1513
1229 1335 1228 1335
1250 707 1250 708
640 1354 639 1354
813 1195 812 1195
771 1233 771 1234
1201 760 1200 760
1027 926 1027 927
319 1652 318 1652
950 1020 951 1020
503 1431 503 1432
1419 584 1419 585
48 1890 47 1890
311 1654 310 1654
1068 895 1068 896
1027 937 1027 938
34 1918 33 1918
132 1820 132 1821
465 1469 465 1470
803 1206 802 1206
1418 585 1417 585
834 1172 834 1173
899 1066 899 1067
670 1318 671 1318
144 1806 144 1807
489 1788 489 1789
129 1824 128 1824
267 1702 266 1702
1269 688 1268 688
134 1818 134 1819
391 1571 391 1572
659 1326 659 1327
647 1347 646 1347
803 1201 803 1202
1441 567 1441 566
979 977 979 978
196 1753 195 1753
305 1662 305 1663
73 1869 74 1869
241 1729 240 1729
25 1921 24 1921
199 1751 199 1752
230 1737 230 1738
1193 770 1192 770
168 1777 167 1777
723 1263 724 1263
536 1411 535 1411
865 1129 864 1129
418 1528 417 1528
1027 930 1027 931
724 1263 723 1263
559 1396 559 1397
1409 593 1408 593
1279 678 1278 678
676 1314 676 1315
893 1083 894 1083
984 974 983 974
1175 794 1174 794
1172 797 1171 797
1343 624 1342 624
859 1145 858 1145
855 1149 855 1150
1069 895 1069 896
1440 567 1440 566
370 1598 369 1598
1185 782 1185 781
474 1459 475 1459
298 1670 297 1670
722 1264 722 1265
1221 747 1221 746
866 1121 866 1120
730 1258 730 1259
230 1736 230 1737
1348 624 1347 624
334 1630 335 1630
1205 757 1204 757
979 976 979 977
82 1862 82 1861
442 1504 442 1505
375 1589 375 1590
617 1362 617 1363
332 1634 332 1635
150 1801 149 1801
151 1799 151 1800
627 930 626 930
978 983 978 984
1096 864 1095 864
98 1851 97 1851
623 1355 623 1356
82 1861 82 1862
1460 554 1459 554
890 1096 890 1097
143 683 143 682
1227 734 1227 735
411 712 412 712
138 1816 137 1816
1268 688 1267 688
400 1559 399 1559
250 1714 249 1714
857 1145 857 1146
390 1575 389 1575
328 1639 327 1639
1247 718 1246 718
822 1179 822 1180
391 1572 391 1571
74 1868 73 1868
480 1447 481 1447
1066 902 1066 903
475 1453 475 1454
321 1645 321 1646
1402 598 1403 598
239 1732 239 1731
1279 683 1278 683
451 1488 451 1489
20 1926 19 1926
118 1832 117 1832
62 1874 62 1875
305 1665 305 1664
225 1741 225 1742
1291 673 1290 673
930 1042 930 1043
28 1919 27 1919
951 1020 950 1020
35 1913 36 1913
35 1918 35 1919
14 1927 14 1926
479 1452 478 1452
221 1744 220 1744
1248 718 1247 718
1279 677 1278 677
1109 851 1109 850
798 1215 799 1215
1189 778 1188 778
355 1623 354 1623
641 1353 640 1353
279 1690 279 1691
978 976 979 976
289 1677 288 1677
696 1291 696 1292
988 971 988 972
932 1037 932 1038
227 1740 226 1740
766 1240 765 1240
101 1849 100 1849
730 1259 730 1260
1033 926 1032 926
494 1439 493 1439
736 1820 736 1819
1109 852 1108 852
985 973 985 974
652 1338 651 1338
1177 791 1177 792
977 983 977 982
219 1745 218 1745
1430 577 1429 577
1162 805 1162 806
1429 576 1428 576
1234 462 1234 463
67 1215 67 1214
294 1676 293 1676
1382 605 1381 605
642 1350 642 1351
1318 648 1318 649
488 1442 487 1442
449 1499 448 1499
542 1405 541 1405
1007 950 1007 951
698 1288 698 1289
941 1030 941 1031
882 1103 882 1104
631 1354 631 1353
642 1352 642 1353
1077 884 1077 885
1365 606 1365 607
898 1068 897 1068
43 1892 43 1893
442 1503 442 1504
246 1719 245 1719
771 958 772 958
915 1057 914 1057
481 1452 481 1453
547 1403 546 1403
139 1816 139 1817
1059 912 1059 913
886 1098 886 1099
857 1147 857 1148
269 1695 269 1696
1079 885 1079 884
900 1065 900 1064
1297 669 1296 669
1009 948 1009 947
803 1205 803 1204
304 1662 305 1662
923 1052 922 1052
719 1272 718 1272
1221 746 1221 747
375 1594 375 1595
287 1679 288 1679
814 1193 814 1194
713 1279 713 1280
445 1502 444 1502
504 1431 503 1431
1040 921 1039 921
143 1810 143 1811
899 1075 899 1076
573 1384 572 1384
991 971 990 971
1259 701 1258 701
874 1113 874 1114
1420 581 1420 582
1095 864 1094 864
114 1834 114 1835
1047 922 1046 922
1172 796 1172 797
770 1237 769 1237
396 1151 396 1150
930 1041 929 1041
784 1228 784 1229
329 1637 328 1637
749 1245 748 1245
783 1233 784 1233
1218 751 1218 752
305 1664 305 1663
1001 961 1000 961
1184 786 1183 786
848 1157 848 1158
817 1186 816 1186
86 1861 85 1861
368 1603 367 1603
633 1354 632 1354
354 165 353 165
137 1814 137 1813
18 1926 17 1926
323 1645 322 1645
678 101 678 100
1242 725 1241 725
136 1815 136 1814
717 1274 717 1275
474 1463 473 1463
96 1852 96 1853
1385 603 1384 603
665 1318 666 1318
544 1403 545 1403
1449 556 1449 557
1294 672 1293 672
866 1123 866 1124
1057 914 1057 915
1091 869 1092 869
284 1681 284 1680
514 1428 513 1428
612 1369 611 1369
1092 871 1093 871
1137 833 1137 832
74 1868 74 1869
1249 718 1248 718
192 1753 192 1754
49 1885 48 1885
913 1058 912 1058
341 1626 341 1627
1060 913 1060 912
542 1406 541 1406
390 1572 391 1572
326 1642 326 1643
892 1090 892 1091
1262 698 1261 698
599 1375 599 1374
308 1658 309 1658
722 1263 721 1263
149 1801 148 1801
157 1791 156 1791
1148 817 1147 817
1347 624 1346 624
690 1305 690 1306
101 1849 101 1848
1021 939 1020 939
946 1021 946 1022
1034 926 1033 926
590 1380 589 1380
1151 1849 1151 1850
848 1158 848 1159
2 1935 1 1935
162 1780 162 1781
623 1356 622 1356
477 1453 476 1453
1104 856 1104 857
214 1745 213 1745
1210 754 1210 753
1259 1914 1259 1915
1050 917 1049 917
991 848 991 847
283 1685 282 1685
651 1344 651 1345
1369 338 1370 338
374 1585 373 1585
956 1014 956 1015
1131 835 1130 835
406 1551 405 1551
391 1572 390 1572
806 1197 805 1197
302 1668 301 1668
224 1743 224 1742
929 1045 928 1045
244 1719 244 1720
968 993 967 993
1119 843 1118 843
1026 933 1026 934
424 1520 424 1521
225 1741 225 1742
1070 893 1070 894
781 1233 780 1233
1068 896 1067 896
391 1571 392 1571
722 1266 721 1266
1399 601 1398 601
317 1652 317 1653
800 1211 800 1212
489 1441 489 1440
963 1002 963 1003
447 1503 446 1503
589 1380 589 1381
248 1716 248 1717
906 388 905 388
659 1324 659 1325
570 501 570 502
285 1679 284 1679
779 1157 780 1157
283 1529 283 1530
735 1251 735 1252
469 1468 468 1468
1320 640 1320 641
6 1930 5 1930
226 1740 226 1741
1077 881 1076 881
1199 33 1200 33
618 1361 617 1361
309 1658 310 1658
595 1377 594 1377
808 232 807 232
865 1120 866 1120
1266 692 1266 693
1413 590 1413 591
0 276 0 275
1064 904 1064 905
572 1385 571 1385
475 1455 475 1456
374 1590 374 1591
336 1625 336 1626
1352 617 1351 617
900 1067 899 1067
922 1052 921 1052
434 1517 433 1517
1163 805 1162 805
943 1029 943 1028
867 1134 866 1134
1092 869 1092 870
1458 554 1458 555
349 1622 348 1622
741 1249 740 1249
765 1240 765 1241
257 1711 256 1711
128 1822 128 1821
1412 592 1411 592
294 1675 294 1676
465 1468 466 1468
526 1421 525 1421
291 1678 290 1678
1453 219 1453 218
1127 838 1126 838
1106 851 1106 852
314 1654 313 1654
815 1188 815 1189
721 1263 721 1264
1029 937 1028 937
271 1694 271 1695
392 1570 392 1569
284 1682 284 1683
327 1639 327 1640
1117 844 1116 844
260 1709 259 1709
299 1670 298 1670
112 1841 111 1841
1449 556 1448 556
1012 1231 1013 1231
391 1572 391 1571
1444 560 1443 560
473 1465 472 1465
1200 760 1200 761
1374 606 1374 605
1405 599 1405 598
620 1358 620 1359
6 1928 6 1929
665 1318 665 1319
1444 1392 1443 1392
369 1598 369 1599
271 1694 270 1694
387 1577 387 1578
1459 554 1458 554
723 1263 722 1263
852 1535 851 1535
135 1813 135 1814
17 1926 17 1927
538 1408 538 1409
1278 680 1278 681
927 1045 927 1046
498 1436 498 1435
771 1237 770 1237
269 1701 268 1701
935 406 935 407
114 1836 114 1837
566 1390 566 1391
967 992 967 993
369 1596 370 1596
758 1242 757 1242
799 1212 799 1213
39 1904 38 1904
540 1405 541 1405
272 621 272 620
1154 818 1153 818
595 131 595 130
866 1122 866 1123
426 1519 425 1519
901 1065 901 1064
146 1806 145 1806
626 1355 625 1355
440 1507 440 1508
1202 757 1203 757
889 1085 889 1086
611 1370 610 1370
1145 823 1146 823
62 1610 63 1610
392 1568 392 1569
408 1548 408 1547
780 1233 779 1233
638 1353 637 1353
1335 638 1334 638
305 1664 304 1664
118 1830 118 1831
905 1061 904 1061
783 1231 784 1231
1249 712 1248 712
429 1051 429 1052
1197 764 1198 764
61 1875 60 1875
860 1140 860 1141
318 1113 318 1112
450 1497 450 1498
1234 732 1233 732
1442 566 1441 566
978 976 979 976
374 1590 375 1590
438 1513 438 1514
677 1314 677 1313
404 1553 403 1553
474 1460 474 1461
1450 556 1449 556
169 1773 168 1773
799 1215 799 1216
1376 605 1375 605
926 1046 926 1047
44 1894 44 1895
848 1160 847 1160
137 1815 137 1814
392 1570 391 1570
99 1849 99 1850
1250 710 1250 711
1239 726 1238 726
164 1777 164 1776
1026 931 1026 932
561 1395 561 1396
942 1030 941 1030
158 1790 159 1790
532 1415 531 1415
451 1482 451 1483
1259 701 1260 701
392 1569 393 1569
889 1086 889 1085
991 966 991 967
336 1626 336 1627
1434 571 1433 571
401 1555 400 1555
866 1127 867 1127
1305 661 1304 661
450 1411 450 1412
943 1028 943 1029
375 1590 374 1590
947 1021 947 1022
126 1821 125 1821
575 1382 574 1382
451 1483 451 1484
783 1230 784 1230
510 1429 509 1429
143 1810 142 1810
1015 941 1015 942
163 1818 163 1819
777 1235 776 1235
1083 880 1083 881
259 1709 259 1710
260 1710 260 1709
625 931 626 931
1295 1518 1295 1519
668 1317 668 1318
60 1876 59 1876
151 1802 151 1801
301 1669 300 1669
829 1173 828 1173
332 1631 332 1632
1202 760 1202 761
107 1843 106 1843
979 981 979 982
1218 752 1217 752
307 1661 307 1662
21 1925 21 1926
706 1281 706 1282
1316 651 1315 651
1088 872 1088 873
975 985 974 985
242 1728 241 1728
1051 916 1050 916
949 1020 949 1021
1211 754 1210 754
1217 752 1216 752
7 1929 6 1929
949 1021 949 1022
1360 616 1360 615
1415 588 1415 589
1130 193 1131 193
1218 751 1219 751
467 951 467 952
483 1443 483 1444
814 1195 813 1195
232 1735 231 1735
916 1055 916 1056
1438 19 1437 19
953 1019 952 1019
391 1574 390 1574
1122 841 1121 841
867 1119 866 1119
1096 865 1096 864
789 1223 789 1224
110 543 110 542
617 1361 617 1362
1249 715 1249 716
1238 726 1238 727
1225 743 1225 744
1279 682 1279 683
638 1354 638 1353
957 1007 957 1008
1025 938 1025 939
577 1382 576 1382
1091 872 1090 872
619 1716 619 1715
1278 677 1278 676
749 1246 748 1246
1288 673 1288 674
1235 730 1235 731
1174 795 1175 795
1395 604 1395 605
100 1849 100 1848
135 1817 135 1818
824 1178 823 1178
675 1315 674 1315
521 1427 521 1426
562 820 562 819
417 1529 417 1530
1443 562 1443 563
1191 775 1190 775
1225 738 1225 739
513 1428 513 1429
839 1170 838 1170
740 1247 741 1247
304 1664 303 1664
445 1503 444 1503
424 1524 424 1525
1293 673 1292 673
298 1672 298 1673
687 1311 687 1310
401 1555 400 1555
687 1309 687 1310
437 1513 437 1514
539 1406 538 1406
941 1031 940 1031
1022 939 1021 939
176 1770 175 1770
417 1533 417 1534
1436 569 1435 569
1266 693 1267 693
953 1018 953 1019
450 1498 449 1498
1400 603 1400 602
1264 697 1263 697
1192 459 1191 459
705 1283 705 1284
307 1663 307 1662
205 1747 206 1747
170 1771 170 1772
1076 881 1076 882
1362 611 1362 612
1356 616 1357 616
333 1630 333 1631
909 1061 908 1061
27 1919 27 1920
1449 555 1450 555
1152 788 1153 788
127 1821 126 1821
1247 720 1246 720
40 1900 41 1900
1076 891 1076 892
375 1593 374 1593
47 1890 47 1891
1105 856 1104 856
1247 719 1247 720
998 962 997 962
114 1838 113 1838
373 1585 373 1586
899 1068 898 1068
790 1225 789 1225
651 1340 651 1341
269 1702 269 1701
633 1353 633 1354
71 1702 70 1702
804 1197 803 1197
1244 723 1243 723
1419 583 1419 584
579 1381 578 1381
883 1103 882 1103
390 1574 391 1574
273 1692 272 1692
432 1518 431 1518
1403 597 1402 597
1172 797 1172 796
1120 217 1119 217
442 1510 441 1510
711 1279 710 1279
1341 630 1341 631
403 1555 402 1555
162 1785 162 1786
559 1395 559 1396
1317 651 1316 651
451 1487 451 1488
1103 861 1103 862
331 1637 330 1637
243 1726 243 1727
393 1569 393 1570
867 1127 866 1127
1432 574 1433 574
116 1832 115 1832
7 1926 7 1927
1143 1927 1143 1928
344 1624 344 1625
1082 881 1082 882
1224 742 1225 742
381 1582 382 1582
32 1918 31 1918
375 1591 375 1592
305 1663 305 1664
1159 812 1159 811
1184 786 1183 786
923 1050 923 1051
1224 744 1223 744
1198 764 1198 765
1233 1542 1233 1541
985 294 984 294
1357 615 1357 616
398 1560 398 1561
399 1558 399 1559
446 1503 445 1503
8 1929 8 1928
1020 940 1019 940
853 1388 853 1389
405 1553 404 1553
427 1519 426 1519
492 1442 493 1442
485 1443 485 1442
282 1688 282 1689
504 1430 504 1431
323 1644 323 1645
1082 885 1081 885
762 1241 761 1241
496 1439 495 1439
1165 805 1164 805
1113 847 1113 848
1341 632 1341 633
720 1267 719 1267
1115 845 1115 846
958 1007 957 1007
76 26 76 25
1305 658 1305 659
35 1914 35 1915
187 1755 187 1756
1433 571 1434 571
1456 554 1455 554
1063 905 1062 905
812 1196 812 1195
41 1899 40 1899
724 1080 724 1079
468 1469 467 1469
634 1353 633 1353
787 1227 786 1227
1134 836 1133 836
979 975 980 975
539 1405 539 1406
613 1368 612 1368
958 1005 957 1005
1349 617 1349 618
189 1753 189 1754
370 1602 369 1602
359 1618 358 1618
538 1407 538 1408
1409 592 1409 593
332 1635 331 1635
533 1411 533 1410
53 1883 53 1884
686 1310 685 1310
252 1714 251 1714
799 1220 798 1220
694 1297 693 1297
1184 783 1185 783
444 1502 443 1502
1073 78 1074 78
1163 809 1162 809
852 1150 851 1150
356 1623 356 1624
359 1607 360 1607
845 1165 844 1165
320 1647 320 1648
888 1087 889 1087
565 1390 565 1391
827 1174 827 1175
1270 688 1270 689
1179 790 1178 790
653 1336 653 1337
1146 821 1145 821
636 1353 636 1352
830 1173 829 1173
105 1844 106 1844
1170 797 1170 798
455 179 454 179
804 1203 803 1203
462 1472 462 1473
286 1679 285 1679
928 1045 928 1046
473 1460 473 1461
194 1754 194 1753
435 1514 435 1515
496 1438 497 1438
658 1332 658 1333
1407 594 1407 595
897 1081 897 1082
811 1197 810 1197
234 1733 234 1734
392 1567 392 1568
399 1556 399 1557
599 1375 598 1375
612 1369 612 1368
479 1453 479 1452
381 1585 380 1585
528 1415 528 1416
980 981 979 981
73 1870 73 1871
239 1731 238 1731
800 1211 799 1211
901 1065 902 1065
1252 705 1252 706
627 1355 626 1355
966 996 966 997
916 1056 916 1057
857 1146 857 1147
121 1828 121 1827
1334 638 1333 638
1083 881 1082 881
1195 768 1194 768
1192 774 1192 773
1137 832 1138 832
586 1927 585 1927
874 1838 875 1838
180 1765 179 1765
78 1867 77 1867
784 1230 784 1229
395 1568 394 1568
1282 675 1281 675
1249 712 1249 713
700 1288 699 1288
374 1595 373 1595
1415 1690 1414 1690
52 1884 52 1883
405 1551 405 1550
442 1505 441 1505
1057 915 1056 915
537 1409 537 1410
356 1624 355 1624
482 1444 481 1444
335 1630 334 1630
849 1155 849 1154
1025 939 1024 939
755 1243 755 1244
1116 844 1115 844
721 1266 721 1267
1083 879 1083 880
890 1086 889 1086
1109 851 1109 852
997 963 996 963
1268 689 1268 688
921 1052 922 1052
610 1373 609 1373
56 1631 56 1632
959 1005 958 1005
270 1694 271 1694
168 1774 168 1775
671 1317 670 1317
964 999 963 999
886 1100 885 1100
36 1916 36 1917
967 989 967 990
219 1746 219 1745
592 1380 591 1380
612 1368 612 1369
451 1481 450 1481
496 1439 495 1439
1203 797 1204 797
243 1720 244 1720
823 1179 822 1179
168 1775 167 1775
570 1387 570 1388
540 1406 540 1405
1058 909 1059 909
1077 888 1076 888
907 1061 906 1061
592 1380 592 1381
412 1545 413 1545
162 1786 161 1786
250 1714 249 1714
430 1518 429 1518
872 1116 873 1116
705 1282 705 1283
770 1237 769 1237
282 1683 282 1684
11 1929 11 1928
735 1254 735 1255
1281 675 1280 675
670 1317 670 1318
1439 566 1439 567
1310 652 1310 653
995 963 994 963
1246 720 1246 721
607 1513 607 1512
538 1409 537 1409
1086 873 1085 873
226 1741 225 1741
540 1406 540 1405
145 1806 145 1805
36 1919 36 1918
1064 903 1064 904
724 1263 725 1263
1336 634 1336 635
434 1517 434 1518
755 1244 754 1244
136 1814 136 1813
1159 814 1158 814
852 1151 851 1151
569 1388 569 1389
310 1659 309 1659
306 1662 305 1662
1328 637 1327 637
374 1593 375 1593
863 1136 862 1136
133 1820 132 1820
1270 689 1269 689
1439 570 1438 570
343 1626 343 1625
1264 696 1264 697
823 1178 823 1179
36 1905 35 1905
886 1099 886 1098
480 1454 480 1453
705 1283 704 1283
115 1835 115 1836
1225 741 1224 741
213 1745 212 1745
1017 941 1016 941
1256 705 1255 705
406 1550 406 1551
243 1723 243 1724
361 1614 360 1614
390 1569 390 1568
523 1426 522 1426
1112 850 1111 850
986 973 986 974
1396 603 1396 602
498 1436 499 1436
373 1595 373 1596
137 1813 137 1814
491 1442 490 1442
389 1576 388 1576
134 1819 134 1820
446 1501 447 1501
642 1352 642 1353
865 1134 865 1135
1416 585 1416 586
447 1501 446 1501
866 1122 867 1122
689 1306 689 1307
460 1256 459 1256
493 1442 492 1442
906 1061 905 1061
954 1016 954 1017
1151 817 1150 817
342 1625 341 1625
812 1195 811 1195
1042 921 1041 921
7 1927 7 1926
1278 682 1278 681
867 1126 867 1127
173 1771 172 1771
1297 667 1297 666
687 1310 687 1311
1297 666 1297 667
370 1596 369 1596
740 1249 740 1250
703 1287 703 1288
551 1022 550 1022
56 1880 55 1880
855 1148 855 1149
113 1837 114 1837
193 1753 192 1753
778 1234 778 1235
341 1628 342 1628
1323 638 1322 638
44 1897 44 1898
1353 617 1352 617
102 1847 102 1848
741 1246 740 1246
1139 829 1138 829
520 1427 519 1427
7 1928 7 1927
525 1425 524 1425
911 1060 910 1060
205 1748 206 1748
540 1405 539 1405
1426 576 1427 576
1028 926 1027 926
871 1117 870 1117
752 1244 751 1244
1297 668 1297 669
1343 627 1342 627
497 1439 496 1439
45 1893 44 1893
892 1092 892 1093
1079 884 1079 883
16 1928 16 1927
93 1858 94 1858
657 1332 656 1332
209 1626 209 1627
1402 597 1402 598
800 1218 801 1218
685 1309 684 1309
54 1883 53 1883
651 1338 652 1338
291 1677 290 1677
480 1451 481 1451
1107 853 1107 854
503 1432 503 1433
595 1376 595 1377
1047 920 1047 921
866 1120 866 1121
305 1664 306 1664
161 1786 161 1787
145 1805 144 1805
1249 711 1249 712
607 1249 606 1249
284 1679 284 1680
1191 774 1191 775
616 1365 615 1365
612 1368 612 1369
505 1430 504 1430
684 1308 684 1309
391 1573 391 1574
1024 939 1023 939
662 1321 661 1321
991 964 991 965
900 1064 899 1064
338 1626 337 1626
335 1628 334 1628
1304 661 1303 661
1287 674 1286 674
846 1161 845 1161
485 1444 485 1445
1006 951 1005 951
34 1913 35 1913
499 1437 498 1437
134 1817 134 1818
499 1438 499 1437
178 1766 178 1767
1168 800 1168 801
881 1104 880 1104
1023 939 1022 939
338 1627 338 1626
950 1020 951 1020
1413 592 1412 592
1263 698 1262 698
446 1500 446 1501
1265 695 1265 696
884 1101 884 1100
364 1605 363 1605
746 1244 745 1244
420 1363 420 1364
842 1170 841 1170
979 976 978 976
42 1899 42 1900
417 1528 417 1529
1213 754 1212 754
815 1190 814 1190
493 1440 492 1440
46 1893 45 1893
1034 924 1034 925
784 1229 784 1230
1270 689 1269 689
234 1734 234 1735
34 1916 33 1916
582 1490 582 1489
206 1749 207 1749
674 1317 673 1317
1342 624 1342 625
1251 708 1251 709
1457 554 1457 555
1002 960 1001 960
1159 812 1159 813
781 1233 781 1234
899 1076 898 1076
968 988 967 988
947 1022 946 1022
152 1797 152 1798
787 1225 788 1225
508 1706 507 1706
984 974 983 974
391 1569 392 1569
1237 727 1237 728
373 1588 374 1588
498 1435 498 1436
1158 812 1159 812
482 1446 482 1445
856 1148 855 1148
140 1812 140 1813
90 1859 90 1860
734 1255 734 1256
290 1677 289 1677
771 1234 771 1235
481 1445 481 1446
365 1604 364 1604
1192 773 1192 774
1344 624 1343 624
894 1084 894 1085
631 1353 630 1353
1268 693 1268 694
608 1373 607 1373
305 1178 304 1178
552 1399 552 1400
284 1682 284 1683
393 1569 392 1569
592 1382 592 1381
424 1521 424 1522
318 1649 318 1650
932 1038 931 1038
168 1773 168 1774
