99490362424631
534568279090534
114467870423010
400786657203224
536904477147043
126337242894365
381117809410697
1310348971650147
1409093475020312
1886794955295765
2054879222094088
2720637395969141
1587522539703625
1625739095706885
845080269004728
1298533820492009
1645943407599640
433278206609878
168172093928206
3396203021554990
2826230837946944
1550278192304331
2576684392911063
1022576528827839
2942967445880696
3135318672479891
193790412675478
3941211226309701
4307729040346351
1302741416998536
256240842928072
298479277218163
322149308282021
2024456803691574
717944192812421
824048412224455
4674468211610723
2328335744831443
4090847897386948
2095843091603083
3792798267906330
670314160812456
2982674394086826
1099554288060676
390969504431231
9476609856698
1922345465836557
7539542384144472
4122920709834705
2254096530674622
611362185427909
3723737707544883
5157841495943239
3448487509471153
3717314096921427
81964499685200
586522887472642
2777338790175713
1061686069763128
96954134527277
2900941317691411
2169888807494993
8918539684234364
3649490458549117
7669502151746797
5718109073637698
553234945913234
3675316543293520
4724550499462368
2466348325398176
3005209592006887
6330384913890131
1818997102365416
649295190244485
1528174358365275
3060035481876562
10007973102016315
1967843678102804
4865368235761379
6562804863387974
2596703235287791
3211367221949440
9447816387744086
2954985412207426
857444298788555
1217150991463920
1881087868201501
6348736093307576
1360468195178201
8022701358725687
1953601107093598
2467246892447425
1159002921758348
5637485781752530
9470329919018134
79798906676091
460132655355348
2012057177994003
1480739751927603
5223343835915961
7231309235005131
11095998806708023
7812295086591495
9236679666281369
841770492310139
6250496528059553
5628853285933967
8152423083393027
10108270567152636
13224617621785287
1687235946984463
10330248049425265
1845416232782705
12098006928680954
3988049983607031
20183428743036
2313624087680050
5126233757795014
11404049930112518
2592033359474105
12655551650787291
6747845779884126
6226172445937966
179851449856580
656488438072904
7132013580804008
3616052071854629
4895082385614626
1182346046689796
873133213934307
7163665957129092
6406767828404888
5706273198377300
5309639158767194
13803772828616470
16503469193911339
4797783058381969
13842202872827614
7651036367341913
3701101149662852
10224816629309895
6113116119301957
4153492588859562
16608387602590818
776402267280095
21294068491664966
17846025242052463
1094851798880593
13131219750606265
68773030072083
3212306698150663
12134699236472664
15445407452672778
2711006028186518
21085196039199188
17293431013878318
17536667305921968
21858566900162626
21418537967563393
10778372032649487
7182381749213206
18255228537357028
6249127899412543
9617671883296248
18759525685485303
7876642672645028
6349700624973635
15467121338265335
595441862423655
14702625647368143
408060858293554
17161654533868559
10070662359142010
887212292659946
20142724758419
10790521294325057
23006777338133619
2450141361406299
850576488696773
4052501264165756
19913708003764796
1881164606778636
2476449535244760
26136165094675562
138771830491199
8388566136374995
19458012739470864
27182702883465654
8175790947949014
24900885400724696
13336857449948387
15528694720428725
13003995407570595
7867780667658990
4743777434832311
7112338715159528
5025905301919558
494274361720413
18935406547718031
26667135305973494
7942406681115266
28281174693136169
4940715815726748
18696842283226281
8095552370118307
18632228164564172
18693399931669670
11649687796001950
2981726330482950
1333773221897453
21088028085397308
4346704907511445
11381138740129219
21278537143904816
21254542669853052
8401750121104204
3416823725303190
280772490364425
1232204751323413
2238284138710037
19780415254496765
690481650495739
15552624248872503
1144565022652090
5956626977849990
20693367414900563
13309696000448141
23207418473569626
11838564119999651
8883991525098953
1022975995209274
12184669763808450
26165535453536720
29230699948278680
3101498184990
8785125897842686
8442041515147928
19734853376499706
1087444982310029
19662043011958947
4960990342778354
6743186375366765
13983456347472444
16706087656402979
10998176887156415
18904795447850431
3436915856851579
6408631346859965
9920281985342368
17683978779435483
27158309914453636
7483261692433840
2983960788985562
314713996513479
1561295792743928
18917706797552450
35975091863475376
4782877107652854
33155631177881370
4904726232466557
3876500162837808
4516078316681617
29410960136854222
18397959943788162
8731636222174151
23869381775045720
8136432718893541
9678891629235551
27953539597667122
28578276728248506
14666301496802082
12363457482189831
17769863128732757
7883892446961464
1805125880106619
26352122230437871
31338001901997795
37186083213373934
25395122492436436
23809623707235499
4687157085253695
9098776823385132
26395520280402479
26072463117533414
16332001777105793
2837112497244445
34838626017123603
12287651899788493
4299407261688529
6476060030015777
22056975644003083
34934143708709312
19467264919357979
1623128263332823
1991394238388751
33821078939197089
19978487551927257
10394323794880596
22116186306100017
41195356332830492
14303189785878457
27310142872815176
17641704008911403
28647880249197991
340885022032445
10918975622639430
20772172420607331
1378815398219525
1592054127747361
6750945997909763
5581691345620921
8448048411195067
25869291727331494
10309235552701402
31914260678520535
2625832482644673
222112250290488
1417171711790304
22850804483476810
7601382772248657
2049799940333896
25901840994779550
10986782214455808
2778540869892811
3744586248792727
1240024793428901
308055800604857
18829763602990815
2250554685663978
4230346924546162
34174597014895577
9717571023480104
27811045016215786
19318051959010328
41310191337495766
5689411889240558
32224133473524128
32624202836770572
26037305452991989
16671715686033311
43331732950807465
46328916265332065
18346501001162433
4412186145098728
162207838295583
36498877544877360
30480557339469266
38477150347920426
40684352385249104
4717378939755519
21802608707074107
1240388179815810
12113105086002078
19624625100111451
38169218524164587
605317991280137
15069326196049285
10873257888165365
40638523226280885
21785690714909600
18389272611048495
10565548486939495
47399907590589449
1348172936528811
2777044739498117
776666313820196
15938936963939955
37848154506865595
6536180822001040
8821946059966757
22551830115184434
9061417569560129
18482679343167427
47034192243138609
882919392821104
1136586170090079
39524270913015795
2756433662525267
29973575281235154
24604187129761478
14314824965157831
48944537866347078
120059440002824
8132485575368353
24253610559904513
6283933363131813
28173064878796507
34076228025985344
51907531086349729
36079197874952903
3759114774506523
44964455908892666
46520867249992220
4395784704582826
4006686009384347
32133584301879776
14162452282773781
47358628765377534
46767172358600304
34094788936904311
49373581722350044
10926314085710247
7512291393679327
12324192032333874
21576268949657784
15320477661956195
26713476253204238
6602752861561661
7472072888616938
2172924890431733
17198597426218695
4797271546579823
17495161310647078
35206021166502598
2670583372729261
40031587297320666
1422335520574574
12262809570921017
53563702129094074
3887184096027370
12641135717059808
20549642798557861
26690613159481294
11740126231556335
56194334990436344
29393627630888350
12621436528894261
37839949284759706
18220755639974743
49162249641342724
289809662737450
26198253189383428
2004179736175342
22339858534863652
10562533065657978
24561667256047014
16669456390583804
13791888883929033
36828043151968957
36379588345622762
7741038079373739
39395291287364006
1701643827950279
15997845615590336
5157205119659736
55226353869508991
39175654683228782
15099011447716947
45715539588708747
52375738862699978
5081642992112725
58495539921808708
27813789606577584
1818647460084014
35936564424173933
5532940604808731
56049180431336049
51433396011931564
43957356348794789
7352283896742981
968584589730079
17468407742929354
49364823936015800
2277135593616849
1380588394139757
5331613092612588
696368057905562
56104983620695984
8926472161451478
31369069784699432
68035199114947868
48302619522573504
15898320491172645
16400328999607271
37646089122082660
35641150841021065
44580704328183860
36120753086172447
40434112179499379
41461891887686042
22693145014339647
18593553315327102
27159385901825125
64422001658620870
31444607952083105
7835119878684073
17646114581645645
64236133568711889
7077029436559503
66325476499916887
4631507815649968
65008366266494481
62705680448893225
46188845160909966
608432452923230
4960221237212129
33364852242780929
60156307259589946
20247892396679606
39704896115291809
4951530070302162
3687225011853987
59010925676241962
25147439470680785
1464376364368762
3040006289131307
36798059240193785
23347594193084753
41490800269411101
512644276094864
42369067888445669
50231149694887346
62438546093862312
5630386283390140
14961777746795476
772979862216521
15268756247607337
35921852247903550
24658855254977007
47022238884747751
29199059405429237
45355288055492026
54436571310113064
39402305184574354
40097447923257643
54178364878344319
4999771288792933
22123624740428489
3863183486151223
13828733907109985
5871794009662965
3242423111226743
111931675328521
35671247157019491
19483529052865097
21226898198165444
23756370856098790
23569062396554114
45315296280701572
13354891563121501
19588015590472707
26430287250043112
9360150675378390
63511808807583183
2443396826875055
62289177145766270
996944736668567
16867508573866793
23605272120733163
59740519257261542
36277352348274495
47109886902810976
45726365567228812
73696566483464019
269165103477324
62516196214911018
14173696732613003
54687359694485660
41232900977448207
32981280970626528
6556987441998393
38020367880298934
8087154767697649
55222468193873629
15006760706146184
68563511470218531
50042728697919200
79807780982588191
53885166657216135
74923096574749164
53545328901693339
22245199673069717
53190960883718272
48108571811004647
515569721002935
24987177889121497
41564324855632736
50137704238235052
43926736140010800
14371904121766052
37167987384478604
36516614922585891
36732402313786147
43279141681108157
12718536281452835
20051354506630139
9853274649485916
77342635370211647
46815876433206529
16910084206647217
79834274197013851
14695373447382470
31986922077270698
43992027649133902
4887643511928000
1559580929094521
70848718939333910
30555544513219534
15087607955200597
23106558359288442
4440839713027938
54477921730767395
73466565874238198
79772289650539015
27702916626838666
19598646136474255
35645388596890274
32494746068865949
42581360797567777
4923144537603049
78138131628497116
28031543982673902
58808253670357173
30033875235078710
9846328004475915
64500355742954022
74299781445474078
65342582400673160
1004663027211584
19463866168186621
9673596908152923
5325072138159629
23526767576421203
25340547413175440
26511961322185176
63007814816296603
87658955605229978
39760024982430620
2736426466466529
54592056737510911
10738691245274862
18602582209256886
21222393288924607
32922878520870769
55212387408326013
55093045330227009
19147305674976899
30199864323040529
48778736658091762
79604034126437703
25990806127608857
3780515804918474
30278038092220144
22999748416392312
16695940135891217
9242702910267008
44960148290223416
19739739748343094
11452993062878981
40794719164648860
5326594898422215
30494754408186406
31547464925150089
83994967396801797
45748825246003837
39384957204276796
34747129144238458
9259867645966714
65976787327328141
74664371349173184
18662676433044088
17251730285614017
35166531749291009
24560465028654918
67275972172253679
24005344139527950
35533268283084628
17988065370080169
4197383114164538
20477443456531651
38924714643797437
10428836121939857
38680081934885799
74219693273197800
37137284444718465
25329471133977408
20880395511467660
14281854220837046
29112362301076619
586139691657944
48527507484867775
45233302200147098
40242919196861313
48304921600553169
46009857633274662
54380693408162593
65109550675389434
91067885749417087
76143023310502816
34987182296120946
69976408785592933
5222258460477863
18098151143615115
17957493925980323
46426809069848825
76440985732974039
2231447794432482
42436788451515266
55076645452891119
22484629523191926
2690629104055646
22831123941957616
26888514337523214
39669215318721923
10290174053269260
8221168451323860
101524369774657749
7882392565070709
30510768634209774
45908088973969787
68512937009310873
65056830217611862
15873390703993288
20926183502171205
22491456949841453
73180977984250
9966172837521401
44433168590378656
45142732011696680
77931109941986690
98777643394181486
32556073462714960
47098808700424571
14339828732531906
88218701327956634
72511858639851380
68984708559534433
100187417839123137
27817546546811682
78702018930818570
20240667573986890
51146128368278207
51310418639440541
9863265012934459
12683359296465859
22569122058983191
69201403571157752
4630618966697062
88882348591471393
43599282888897281
25220828792342972
4278264576279460
19938099119877834
37494418061817056
18471119910265030
13100672127151604
82036792554807733
74354603622598821
9540943694786049
72491707445922023
1468865861728796
26776539733559078
3646775939824509
97627343059281011
21570857100259266
14943796903030221
19285312556342322
22141580513665492
67479490303144831
24638349999364607
75311471479063297
29552783932162496
1177113512824782
3136777370400490
13904636173893060
77249202854538075
66993283624218721
86590034982632697
11247716641125038
74627912564436142
86875613465922691
36518017810276648
7997101635793119
51353214308157344
66077144963886267
19136261913655936
21269893148590097
1468437388605185
5339705656040581
72654987601823111
23039686094919385
60799131499406991
43842345137014653
35947918092192633
94039975260579954
11253952933924367
22877769357450426
85427980688122416
49772272406986585
1114254734744772
9709540334237837
39046324334741246
87802194750639101
38488946288709946
53128758307878389
66505325957115663
13102291604854864
74121782101370390
84142765074360407
73152334587722179
22136704914758257
17179586383837472
15467194165955431
73255637146798446
28776648607978400
27920045406613561
64633642057940631
12672726447240181
63106433863287139
71270694270305787
41439017631109132
13068669061791606
68568579277617604
40444026789035729
92652418412314979
54137515082027671
85356855004700894
31965420251068546
74833731833881841
29459648183538078
4379284829126162
30372191786978431
38650830886977473
14069840781884477
21339356790107178
106576953411054525
79815544424583840
9372578320954412
14591754279330942
24135458448076961
24545964383168295
113249210720636405
99173353242465930
95778311064644326
75523928894547833
50410207101029436
41594885280693074
17094813142011914
48382141474112091
7944615758513115
22998606671510177
36434896031088243
94713915643030681
33378026696530918
48123862400426330
26812190844537183
61112258032756691
23681235435146843
117203069484353270
33433673586148418
39504968895258354
79162146665346397
11995900675642360
21039682229891881
2601040486080605
9118934797675755
30629621674048379
3323519293293381
13851826730445847
105586143379488
89582706283328409
11602675710719035
9320801977882754
78898359537974787
9965538889743584
14906130282895439
123372030924825182
91100568674180488
118337450697994735
40698226098095668
84144232946431212
48695820864581080
106475411003789320
48500342225662561
22967783472442846
56312830406504
98250205133998644
49858428707216937
56752424913611130
12114144028964426
119195121497084329
101244805731702577
86663474363118839
27583862194632562
76157249315092232
71472714036722541
22714151752130756
71009463120845468
45482685909467954
105884153043618835
58976339387469367
104112563633239070
123096922658927620
79385997871720368
117148677429604639
33532069705407158
107853980620824213
41585984729077398
21070118109105682
24846534377548604
17476223250673704
10329051725938321
49797313267827956
15335237658719340
32384691657350111
75807010525268782
35395732890854032
28852980503987258
116764706166740042
121164477823037066
7013648228558370
16971206247008499
102517056217749762
95520022059976746
1812744029624313
75287830357235828
8854905629810692
2679169471028840
97534969297465748
54130259348711237
307186648072885
14349940355098426
85321147905346929
35989090826664263
24297942299149684
60995025614298027
86182745280710406
1144202336916992
12988353111507170
8408067799168616
4365633136600186
65670914284222484
90452697991572331
33867190222132975
2232863910525539
79441900790491987
28640659468194695
33136908539306968
86397275399539610
50684895809469028
41046007781075920
126195199414333739
54012365550774973
30338103488782846
6292347383959254
14536216382876115
41098678715009379
80402663312100284
2817548783666858
72311194550578350
126304904800551807
614478592881316
15803920464735799
118592115729517914
86201189087492937
30024447833865010
121982545459868278
66325994224731891
128390227485060759
84758857963283033
13004980739680676
122240481647302876
4719940566511407
27197790858603643
49718714817000995
6668551240129885
81830542226421787
26753954558525332
14596947584991832
2307574275113205
65859373984711051
101735918369276082
30250670348550958
132710716568084918
3985615125335752
25935452226388064
74201135567787613
78274121329452084
135068795511206775
54233518527896509
14121560027368447
141539757528057829
34525815509495035
98684897610988697
3359626415971677
18714278896018550
7548434213917413
58729308612654550
133675945945829306
111042184016317291
36351926171769517
145919205097235573
97717196066686050
89272431686969
105423554100029232
52067999636562397
20516236197493021
75529991042593218
64262645607082944
59528275211919414
41745537549723327
58757669515872028
41742496547613153
357510923376824
18166862548550454
43405134660662917
1470899912288284
109602927828487219
36534379354889466
95294993236162849
1983613615286835
17282212379229902
8792125110551388
20486668893520495
87035527284955589
50688604188333044
18269118429886513
69624373647241241
143087085966244837
37312365224891073
8930008138618332
60943327956372082
27335304721952165
66860808934151476
62107895415979827
96998549747178902
8405640177284995
91424240118285264
64122980394026119
66434130672824299
59584531826589904
140660057477862667
36891624104984718
88725526088150627
101159140447634503
124967563437701586
54551517094077669
148195425576307495
46349246854924242
3936396824786861
134507901132377041
121988864773635185
68198925966009184
3949592609530738
4068207889860591
48810829908260955
83189529787104284
37004867075413422
3830433619472501
57487731295164193
74767973852771323
21322615652867794
83240421636908283
51247523062294662
70652411656915260
87784527803094630
41673415644653697
16455390104903687
10557658922958494
66829645842122446
58234602176347098
66800683986989167
56254824564869448
134839104684680555
50325299582848086
18818026648477090
25933209947998509
69987681245589083
4088483206302276
129674051700292441
130408072581286142
51073695981214676
72702091973786855
151658959612947697
86505132798379334
122225307650781299
27899486036445653
81217780604325131
20357928470514748
138706087043294125
93015581829900007
92891957956987531
42094555740552143
37306430986331847
13063146637705313
63224890463775197
35487609869547934
74415371610792097
91371738425262242
35361057425012977
72162964720190063
64318546059279178
22339173275705658
23015262124746028
147711347067832916
152613960818249349
40568029676074303
44233926867729655
61151911866292398
128876513763848223
163286335251561897
63062419161292332
38737085274229618
151844745013367245
50380429260800664
46846640502284501
98703818495722503
36933249155350005
39769930247242216
13641924190645426
82465708883858045
38731925656212055
1527313267321623
7649853718226579
167302501904409613
152335716530974183
20428258249835096
32857253314035185
10981507770506689
113879941973714243
158239107648816294
91688050702956636
17792916181777540
167077811038711907
138647095325625611
5219914167745527
36211970479539941
20279930098222637
120775897715756732
137143784527472682
128589727529401166
80642204896755476
22836569227309675
103466288085862740
43761567825268479
58167713923623253
115912343014746618
26480325507620561
43134476447947482
21302880871209
9342942724045684
116587580377453017
58954163610740623
120970443907582240
28512923377190715
59696644327222265
36037934427215223
42166274869037583
164445203987600087
149476781500164344
1852298445144258
24449571665641944
9194508365558284
52353127313241587
53413023248906132
93538553535991114
17204881297858710
47667908655061773
104886210480936579
53117545079601306
32568060487350874
25491276898862198
43691048752070854
155172367503525237
41615012860931766
145768107219293035
51607832216413169
75770812694682182
104118169531658366
40943785728041427
122351369632443769
82114224913694714
91045492258568881
121908089066736222
51024152648785300
122637665272271711
877862561290905
20322464227119280
2397355293343478
137602694618380497
21379363863205952
64560817467808958
47306900010955358
101303253932142367
144419252092195104
41596881804385024
83809155507159169
92896805691818068
172093306720385802
105926622067572566
119338606087676824
61101747193050322
172259255337905566
175476180118894143
93263525380153797
37827526251657870
164115270779576755
4463574437580564
343064876306830
32829960578966751
5886862514371085
34805903410187536
112050040347149943
16954612335186544
38478618894024441
27768520218173023
50664529299140536
26777194130595759
31862569405653215
1090938840520311
134314526836999033
100577248809937480
116508025561325487
187801541431847533
32796140229714849
44308996673249138
2897839086361537
38521073371740696
3525872442159457
26377987813860559
177011238443524463
3025957095631953
164735777873995201
21527997029092744
92586708230487772
182967190059573260
181991360481337492
120305069611678942
53881873281857412
1733437008030849
136553485446783365
45273042730545017
89131395243201873
186287462774698472
39490102657828649
74664582761490579
174441982276619601
127262331326368175
10124914972950198
176913298292928402
36294031810196734
32767780687042329
155256178365672385
34595372698417141
15632732923555373
124007256693388386
141268668880095291
27525177677934721
3562720447564210
38668714009016257
15810062944011389
4682233565146880
125278743702426864
62919945755771184
158183590751154957
127894280347027105
25637442999183295
38722027234003232
74416838620377912
10502076920404954
110126268977433965
70976140348406560
23004860187305393
195184625853532666
13736265750213724
169692145170987198
62433991896865782
66733676449205031
74189155044919321
194761818238975734
622872690973650
109707390284333251
37443032060992
166219314282641829
19244793106425456
29443521171276415
112658655759264305
144174607064582027
143634346644798785
17269418830793130
169418700534818728
41908029041344720
25767901530158494
40302216174213635
34384463842719415
191535703270106537
146909759871152645
45295037874562867
154766606359016843
51762687691179027
95284981245079578
132895127775763047
87612233453884060
118257835280053954
7348749740318871
9118507503357413
23644012410236625
9710117986191149
56623550048575467
5054996032133293
26450221749879704
190811945261742214
68969671931532102
139902563613893358
122322736728473922
17302806807454759
143704308027244985
142704223868982474
15347015165154484
80910678161656477
9747997001452809
86732015434865364
27402685384091081
105660516748875204
59643172243475406
99198355733801748
60186706242731456
98895696980557418
98355472782302925
143245242028576651
2999044905714432
12765199662309556
89205986346661223
10552922310177307
1103075451763336
165775768936946314
122892961723839759
112816083144705741
81714084816868824
43243403361920079
97168078384012922
154827273029957380
50962113043163678
65434411904031608
59263733287397060
179683325690518962
5867800726292532
178687633015242774
21838718849712727
36139622536631665
175442550370343476
38883882300359617
40219819044087955
201628831580982837
138981967549685307
34817204590131137
165620419813916689
32639460115796461
93602645534344334
114436952730021714
72179221010365514
2229118343765455
115454233596294520
78364934840712680
90390416337138380
159623283071946173
3240026824870596
175191218482770489
12760893772628002
51575630519878424
88923523916096334
141049596584294685
157379711940253685
5214482580912608
44201647629267808
44901749081941725
91118960524021195
31452785114530084
108458416197088528
129531958727953485
38866238643972868
23770868436439085
164924313202191074
116619248547287532
18118783760526557
100032644851814180
178753032452623904
29281187736033784
199240266194336226
120068726528904007
63110539303010932
149091286333829196
140364210466803128
36780396415190657
152138576004573274
165858903510915987
26257208142513109
106497331120275727
24545293290167100
91728608711785345
34694191989022760
19156221616497969
159228932934060338
42287968567943004
147593311624160891
11755010931275121
114307544714700117
131393651552240404
203837070405100038
129437899313616634
202906835825385871
86458839920733366
126094921370834109
77592230585696933
113465544389949173
115261840923383191
80191570128061382
31812390041406291
73551524311338642
132018154699595464
186764647360167043
195558348642893538
125545824893900308
186673324792235047
118376529560215760
139095545082864471
74005618939768305
18690408825870594
189284166180200584
188354793379603929
7543366547880108
106340612959698838
113332823806274337
214402225910121897
201365722712518222
215771404963472436
10235066623202318
114766455335735796
51503547930689756
55944429692450489
146929722084875419
91361622091896290
27050966644392801
65651972189203438
48317664116561686
28725263993758490
141712289253836710
7656956782081646
166472829347889470
121761752987854612
32596101175840394
62001517517406971
202265354107488935
20435478121054911
113874928621128224
40265913760018058
203643100469678359
25535436883148292
7176314032696850
1111404338384532
74426039667453892
81948822784115190
203660406706181327
6710501345043511
47269987074348580
171422971234903204
90117414015363409
51265043877783619
75412645091327919
39137852721289662
90391840769677493
6524788646121377
42844201576677829
90839379793916156
108621167033952841
155897277901243970
94694259710203766
20453523517096438
144521617867301223
9913612294980149
51758531849838673
73611757938466791
36016470841088002
12465475021603758
65323368980633312
32499330888459308
148783557678796202
41571992070263650
195080584540325802
139423546597579492
120505749795891772
88381382656158028
190082712319466920
31977713973080844
63183959334725910
35361908681257610
162887652998577095
218431314356045122
100361112762150487
95022853745078563
172894793893023330
171437127614411141
63663231422886536
14636658931014598
37485302035743637
221924336742382593
28070990000656652
212884311408010306
54115066984267707
162787990595948433
47390361969157765
131478201745372387
15702771347409672
6297029649377378
45317085861457712
154669894694713524
52978371365230625
21431193697212396
137691065913094828
59566152578556909
11384435390373874
40130021095881526
169473130249104967
13836333339100249
171104545369622938
166429652577778250
69398828262675125
4489405446744843
156937900358813077
96320637664365148
103071303160359381
22160754006496
151759131990501890
151965690657687106
32563779136384574
84835043113266115
109596041388101215
69651749903445843
154731274518268012
78872831627722770
112407352244900310
4979504218869090
207493312187588664
229466275689302656
2319101770730431
34228124394092119
17330220697424215
49803818739404437
1614560160750739
177255538271020273
69599443272709571
13629296771523420
24320472934963838
63468572462817561
31859164006142616
27257557496337057
57278696119923622
36565671796830601
87863994994203711
187731058770784575
89159752122386289
63287411499072303
63909081146541063
102466956566715431
58698960665752448
103762224682195119
59852588108766384
94914307168016440
12521934153930350
36152909405634067
147757643744569855
31619169896305736
212741320795038581
155583391023434987
13770475088905456
127864557445706918
111100825112361368
40095757867594874
92885164282668359
151802800869175691
28665083597245806
98924124356698110
82342162182131518
156322433125393859
28517737064682126
109892980668336072
49337310728541969
232767439124030211
40070026428102500
223224986654550490
93030712117600829
10696987126384247
208896964601768415
146038221423009426
108267807273552552
99482701366535732
47563468570738928
63370988395401234
189689932579019023
190367705528913636
218709620506909476
48600456186660846
211078164443038914
240269017127901752
235450411924359592
180106312923638417
141787039228505441
159073223571351862
48490036741099843
40702834272994665
185396095642653536
75980478331141619
235893261864099369
229186115787513277
3939921759443773
54129306865894089
166722632332946298
45577905353259086
90614189248962692
187915667854831007
140952492349046607
160422186078318
174501968530953218
27246980400726301
75272787974991718
106933361776630979
199830629019093262
72093323695443688
23572401389668743
25686617899139953
38736909957547249
206852672177857295
165037151074706490
138296833977462501
230061203894857875
158433711388862826
150329025192064156
57216418393329075
100036238464649564
11238044158433194
18770436143743088
2843148732681873
62460756317186655
7865415613383416
69548339033503565
3385997087477772
107209170482140486
98201504632794599
74124272519182541
65496854619426759
131949230965256537
25098839490440221
120236703424383699
44658071671694847
93563815908489937
34975787756245787
161975790064101155
167704042897864369
20210747899814103
39905884146247703
61626782458941858
190972451424141480
251872457682249801
51363658408216201
190402427625563593
74502987958450802
111564156103690548
67229296693274573
221409014884655521
10192449670432849
149570392737729128
9806714655863096
32884692929110447
2927991288609072
97664485533971670
194757820917073753
86292806611390689
42631491785179829
3902554113291440
220075144871371875
13036432270123003
147023969787740786
79340162107853443
113457896501278021
169998551935005480
142849133836619111
41957392572383248
16110590158284807
54388283986115563
196002027127717231
113571649801160428
41485999748089961
23660114416098300
185607742872665158
31542034479504431
19551126562823722
124267821462014170
232601718993938127
94873790000907473
175371832448467765
137051135953491129
155969513202372693
20188315718520910
121593770606118749
241055378637440978
166118976537563196
97185637683143945
246533827059988103
182600150866598404
201427987271176074
86812912668486032
96093930591784332
38319537018983076
7790858957400710
23574400506550021
41492996445684200
125179987902172695
88353899552969448
166403705481373144
95103855896859569
120286017750134451
258921918970799673
175116766843416093
244042620081695620
44080511951800223
220100682268610778
156252172257178503
40482051388094172
159815462762680351
5755488589843686
10549199633119408
24900305485970275
129854708498400840
37091048555988945
44372468904107569
206607960306959184
119112153561387654
162530927614952144
237201747834536285
143410232973491840
217623313449759641
42411522342106845
73459144579835480
157080223727975669
37034617217092347
195069572022980078
64343155442847839
132563427562941632
241834502721862341
143719387522776262
242483756666463383
65155155190912031
199959873978874913
56162453181049911
5910898041049817
54530476795285421
206139391726179225
24197450248540703
222057136054494727
107686184161737840
237670836518298144
164334406969095175
48018144380795191
61623103524822955
207260689572100283
111753325636587223
256144568391112185
22546541201605193
230106760558164087
115014515237378096
226480592781861825
74038867903614418
196999715383812560
101962550023293635
225891620265969130
206612880468495953
27812078379508269
43846045287850614
136479214735044533
70169327794527642
142527323464005934
112479548935819266
144995801086078835
266454690433311423
32159751534125902
199236450524978733
255245929370114968
145143908789567832
170509739293400258
59205459268105322
215346957150264854
169410892218708548
4683984073470070
35475492774335465
366115171072542
13488145362149124
135793309855780156
81690834421993272
23997132280011095
203892061695690474
98412775323303999
143863206103577568
115997376288538708
168026918753923216
99442750592631893
91320714034043931
188863729533073952
90762821039614399
22173675943210543
92393796889639145
125922685491145783
59108548432760993
62170927906728142
96314598622226929
37161688080821373
72664997413037133
209377870652400536
29310238343809404
20214551011459628
68323131463163224
77860301250349938
109397084232112023
102372810417822453
237750736914898585
159411192114064448
134018721973523235
125273637631798208
64512196721707081
125559820067375875
194804665845069969
154447603048290465
71669997053904799
11451038257250283
26324483706622123
108898212084957518
35349500438982589
143340069775922515
189946542448067953
165598447647685569
140946745686946946
79295376753160468
9682382585227718
93324707667233854
66071679880030818
203980795761201428
52177630780287578
12479312572851210
261905728313774034
273443015829475920
73532221872005538
117349794483951904
253993428356143189
142658358673502217
65192202322088922
651043772032024
51217214376870236
53876881019352564
216037110708570767
35616133355692460
104377088397635170
75384867589476003
210588872086664985
230428665348485967
271224728744013747
116310106142328951
240151641744591812
25759293562057269
183025443095210868
38149143563441791
27538028860932613
31141096663178106
13823262941948079
460920789905525
202364706271103687
272633101408636748
232197722064885533
42730022835690169
53355484463038273
148278730992043374
212588891574949625
39104143207243376
231826247080316154
54119371364120006
39674825995950840
179909052525326828
14150121713418824
44216556609722611
178860362644342959
200869767337219125
69212318600874225
4073821627321363
137445974362505811
192934778222065638
48090453063762715
92539923841359420
125514976138606448
10927579508738545
60515195212644689
46236839015075206
133998732442761629
20875242543366127
202932620920888781
171528691648340114
220893795691162456
78605450592210129
117840122104682322
42680167657287824
82499562519114766
46810440305826246
120415139981500228
14340053299292445
6147900475259334
56464109169863174
5235150905925559
162386646582335894
94363612701444428
118570326619863460
113094828214520923
122875746065546569
98110336009754813
110119701106757385
249526854535160893
166423891475127353
258227400938316362
7549042706014231
64990260282661488
164217767436371860
50285066056593638
147318880620433801
4610690438468716
47890307661653102
22997512119511667
190343128695918077
14097673302150397
172867108718431365
128286433040209711
65612760434657705
34560004224072940
271850467482284562
121995390082852390
199337943802561446
26864885005144250
35603065974583743
80349775874288827
13630021672217777
110452162989705351
27620686555842362
158332748833635307
91236709472805512
147416872169803986
1438449250546103
32568320794669714
236483640892726068
282497742439032516
128923968398128229
285425290911914511
6906848620601472
13612986532319714
10887676699831919
15476798563468373
202124151502898742
275017119567159202
174984462517557258
12332690171378986
255704189387533384
34882404281947809
255508017833535130
7521700013245533
21471817985305019
158530561612172924
159859966120121264
135139534378192130
44252417381603971
10291188295160743
75762753242600674
90686849753574958
133984164495162060
158511301145574399
281016984569514864
96440967119664721
28989788250503733
84651216424713104
145186094118951206
125245598534538514
238403765370517053
42966410383507916
101316359405272965
113588345325188019
148477576248539743
263363987633267957
87131001502979334
168522745460070351
27843836636308467
298166612173535533
96560769680840230
87495346918567993
113906667717842202
73139584447320369
25590864243273454
54440569274218911
53167481361022278
68189555698476387
218630861646934758
101104545727097971
24439961973328102
15085733298430795
203350488937599214
129331099413985294
7112751971867504
127881882698126079
161445816602231847
195589445648402061
65482219770839745
118711452688999393
254599468026201196
201585472654617988
102322370428343128
34262054736970441
14421814127700246
715550905037929
83480076610050983
45349084236105750
242344832656106421
165531265867728823
202612266170933996
34484732266796822
252533138583888521
112889642947928000
215060474527013784
191798265439929233
266908140749525385
212465987109982171
62793610738444038
91898438021604086
64193087148039654
152383961699038211
31886193991574005
73207426043989146
4093047305046807
123980500058976908
126871944085428207
37613853920130510
253756653150261218
31565322917165609
298836204701999483
140008532077305951
13576806729678697
272716306248469465
222511071484973952
56912697233447769
282807768940173898
15206769901245696
84477796371064223
89861448905784228
36675633621592466
133487986687197199
16756572397441484
74441806746920269
38105159535067111
148664038093426032
25815277556398657
32726515898272439
108803276385496526
15580803420869222
71460055745995645
58375753767549516
27315570262588743
69097441504164665
100930126453998693
235756851454198590
51626059473031513
129955333149432592
103883268505608991
187036037687038796
46086473556224992
99481417296688200
6176036381210074
40672437090349453
18199430096712447
54212992947477023
214497796504258994
3097604095770055
1987447854616483
156564106360489397
163668707960127125
269466409289742644
114179527728021730
118844668243621739
15794444931352242
16050770780882047
77035871905577552
33446254951344024
184342792876841516
299670576550313667
20339370848421217
99317645498996504
127680666599199094
236210728834600717
215004697565521564
172502757954216482
102243370678569567
10598503569990544
167026150051513773
18668857525108701
3750474609122279
307246611592030903
104459539294174562
39225377085867602
10770187669386510
35150936169527445
28175761806061954
278511770534018081
120546535778259866
38316067738889444
126200777620823843
21083342930314194
150491424429189430
27973424394815270
95614125551413475
313799071344504604
21595021141283417
26875202393827872
100372878245693783
122654858729730217
234268098755329717
225473240016673737
182283708626366119
101839654544578811
181299138930205033
168775353396412312
110116616867803744
264698661892320375
97869330172778807
19240516867165138
49034072358370918
278291258475675081
10350855402396329
223451276037423074
167682951151427622
281723800683939237
276786009814165166
73337332754430139
109300595836670523
149694405423946594
24172708260070922
55842839845607094
281241467499483012
60101880417041939
428825465794311
258917228971464090
251859534393498643
240884713283730663
50727915050049152
323841768699880903
73575360554367168
9157849805151950
202435678871718273
9397365232938087
234037821037810268
48380770194153077
22325126183725550
133626087682052774
44483905623238500
51914524364392981
146912327945468551
105567862129439687
239919837655066163
98022134426266507
194373533008624181
14529891264070643
202990338618647932
116029207393872657
96601760010892522
202436809467587235
113594820158033112
127245212322002378
154599888663271849
84585736306593709
283253490928246051
158946671283365732
179391988971278617
169802786189738310
7948245431639857
263670059671659935
5210627607022903
192248899891729133
2303238840575905
39075589373039046
37910537644107597
257831558536138959
54877655301324671
293304442763177035
63612396914700622
101990214041540874
1678903525605695
294742887921043210
35664088734164292
312190550573874843
132076971648774027
143129968251317266
334484292244151852
59436244715458190
62827740371804803
304896681403554234
119705136077658194
90078358423978389
175610923822519077
70863388243943038
132788160099005568
143039393717714711
31866878195127691
179457945674311925
237479000322342734
113020709371835834
219590444425711671
163033208317800198
240048259563210770
115763691247133865
10146003123132946
70865475581802974
14442726257463742
29943786364114757
216121259592916771
168222113673666942
130342554794841153
11010926151734336
32536659264516123
260305739612159523
335265598359423213
5968301634040063
67050338229169692
20666528417488861
131267621714158636
1520306302252637
263663434408318041
331069444242086123
165124137324980796
279512310650215005
299392875284463133
158353974371615384
53249859613092316
11760153595630711
63901881251431601
150412465680274824
124053958124999709
21063457634256295
38402266230411497
242987236462673814
204392785068215933
2563833342533747
262219044026785654
265856294471598688
27343242838701037
37616076690574014
134562384167620027
41672341738397908
5050167247670291
45531155183541758
231579780381171081
268988043095481985
268234342600469305
302854345045603755
189319095007123251
3929231583482257
14752234393296460
36515521201003155
309776849095643499
130344692300292199
50486463954167891
138730341330089174
121914454868486011
143056687592397640
92826824453623341
59053736318355303
128655977640292137
267823728520019385
328189165796905396
244217516483635622
7236114658189133
171290891201577199
346388897526006611
59750682126703491
34700776876310248
169110540553998698
17261227253082347
209276582380008589
53420767208692218
122365095505843586
260465801715639711
48278017523577680
8314797301104132
10934320131128127
148403895750284881
166658758547558841
82128253211738164
257231813123511382
55932101202074824
73816887822535139
111368361774006228
32532896001826747
318780210497456881
271924281321044732
340786194852578817
349342729469317646
309578632218157195
286763904400519815
217983333102324628
330378652538708096
32193955233124448
46469624346772050
73770953812520105
134714479494515819
30103917849763650
244958235179801908
195497099982846633
112431454956173216
142528195156458580
107600551210074969
215680965151767263
9600902652048435
338607700070913911
107937105008177962
42050901167638547
82065689175121658
350009529493574229
168794191619551061
342447206577873566
2766980261768155
86368220932303336
172179993889381105
167209400115934624
16899170699918
33173149430578318
180613919586911593
100313450760972592
281299985612058257
29871731919982921
119022035043695104
26897399204706639
115899900004600855
217229964351462441
53849937351277255
73413102465266033
277311427051372708
87273768082563107
116747995432822203
152407345869025668
355184712732352538
45617732266724770
211808671762955557
155496955217896555
152178008351042733
307356638194535958
14462710198377695
140124612666008154
35808537785945624
15503876374603525
78295728375308083
83565877131774293
108750561078548297
180598684796747532
35595664787280606
211699297376979154
191858885731124237
24282974517921571
145648238217283748
120169672521728347
56851810714294735
346786339486227533
261093013331319066
178290354602419682
298813790700628636
134442676600429505
297435753869910557
5468684614315905
79641110410322324
42467519394701052
1963896737924215
17409359322136432
16607076103089470
158662461058748528
216003509592295005
308338802844264445
210154594758349704
194004762519667162
91735252431239090
137165802596417919
193177613611774
27064625510844490
150802881200858548
27232377959805259
42147724382163151
63474943637274174
340333875060315874
125442375175099401
295628308087311459
5988345638136267
46356248464352697
209442689282128819
35235605442400035
55582390639354780
326228887608378328
239104022536474825
264441303999194347
359315586642737375
108785710957891750
229272626630473372
6209520971763474
205315347703218811
343796537534712617
97614454352441279
276085887123095389
53611422257332232
76957048694527376
233945912365167035
53196470993393922
113873288482340227
193681770573591533
223337026204330990
1652255958167204
268532225341169464
101179552105078622
158964885824999257
8608575064968674
206041724915877648
153138168887868412
62413572113093786
246219219147988755
79831947880230060
75241072914292670
47320821596895625
77812475368085581
11434890392292487
17691053910775922
286362086669570925
220731673584595605
50738150537772666
79656256225087170
42059097270471963
59739216899916891
167149508975043815
218432393618339646
76993804091060959
145031103368032894
100372315482510391
291616210162596017
121916621588083551
218847520210444711
115594228680687576
47449680806019484
252343959417349090
193729976722991356
83809110971231874
205892908272844821
127553267408425886
173009665138976748
234145908921523640
324367802052350993
11535187563360485
311577395054803862
167142466010967809
98995578186809857
3903054802395807
40468543161084072
248487771902873084
121611753621498913
79913976689799047
134413367719394681
265441637466182436
203488981616489339
58125062322171751
11244057556659129
333527725075504402
198632520705865216
16719235755784034
293585513762272105
223082289074854813
79532119793859310
36204001631219902
259944638966740259
218233302931214318
222106714062858887
57754378828885314
322548853962332964
141943706406476902
32569356662445499
2984869989383382
29815037813127429
228550460521436569
171603905662841570
123550594667299347
352702149577932557
42373932019396217
213695657275463946
108196819806411373
9650161971656445
217892183649632727
305196308918079810
278748953050018402
13477762091175821
271948850899594439
61181599113637453
3470867416809018
328064640433117979
278393397179317111
166253502052370307
16264933600450587
68404014636672816
175047189962373740
294833985140846514
322582409456600239
160816787069389672
68967966975597721
59951623275276426
138187911416986807
10687581653251580
171267360811907859
272717364121385508
159635287486789454
93435992060957673
25963043426022604
23383802973227641
29998055846992724
7858063505290287
217325504936278325
126076802114481422
54095010608772451
223123839234457533
104503457010614636
108382690656040801
349922167789547917
138310779488238829
215330458010672540
10137497357080782
305737214437920161
106419380871608182
292653667515270238
16417079749718147
289459300576564599
13860031648964044
51131607560522647
8661688730573187
116088408141858672
383039981668610758
134516668721987215
8590007189085604
101236866402798068
118561314411624292
34323039996610205
156880504840616968
107400759967191269
88248438234065614
166073072964433861
45025115340016054
34919277198014837
342685201623325694
283145786725040867
16026908369620072
153310638791308104
276058656037440760
34038966399275299
209211601878067374
148976392940991033
233589677771368923
364051582719271266
47995900847513194
67250703075465977
94836290064894347
317571245921421425
10106498142074897
317428171608449149
32868234496787456
64466288075880016
252705144916466172
179055490696703537
118396967454135670
226859875914231129
70602605458827743
225791810327965665
218992722926115109
368129322610593389
343096647064662149
42067199726846319
208849626933305434
272445552910428718
100234120756208980
256574812982777956
390997322167803476
39292768402424719
31846382234619450
37458133543368916
109920029345623361
228065407310957582
89483788217477475
6450535164224621
49328055968087063
115612089106670805
143011831404408947
317353671900757066
8206899662268705
358663280046572548
84693025958442894
339670174389566931
186312743739678210
234338089095921910
388501921411513837
53296232527102819
61570400578924838
195849037242275718
136924271159560636
180235321245814151
94650317708832399
24483740713575777
258184171460469211
77810858262295963
52547844741117925
234323516413478561
197588034759425483
28787069920870105
36626270735417023
237373615429021436
36269262756585027
35258107307658904
109115654186378489
108738483964812704
116276878737934445
220056045329762361
144746367209044452
255702284027837223
247904146914807746
139520211550250274
6727350976014265
228766407092596874
357683010308317518
82198906624942995
212691573894357614
158182248972669112
70930114339984530
300249762578653182
72662764322960318
27021033334294404
36516743863072331
381788531572382808
2053910709078945
231556447064337821
348206595314952908
67336573920548656
268409176672751683
28473756418924528
141733484380732803
32365975781402338
42539810235990836
242078120396574104
344271944390321174
91139456927112418
46320786494963311
199169330196948083
203949855636016062
272929047092255176
86305746906041614
266314327462710507
211334283018097078
93704430930133917
96022233313948033
280862393643112616
101915133409502988
399714758287895681
88855477796536095
286111914374784419
352567566428905402
359659572540788574
366894483158691893
368358655721706593
69916688982393162
35412632672217894
20167165346685510
147727194726785601
156421401841372075
152787478622182147
63954430584071136
192375812151372315
257214501518118852
135015820220478325
118808319550963947
29208833534575617
258845583244244371
260044437807721374
204025730450866205
45227407308585134
296184292107839648
314047937020403105
288654386515211586
294903849942726579
290952795667151399
134094766893031127
384201348781559350
208102214876815950
61577886090151824
180915680708104852
208798477594883085
243496214976768998
50534402750753623
319610650171982431
143136280454562883
393600094516803562
9948305629618236
82299413340702211
11908573244542639
46421830214948794
295954395203845849
199018089974507687
50722842042839570
35778418617210241
133658718039453958
109331123185351044
330623739333334839
395570926920882397
200155521790657795
101440216161377423
285012132371090677
79229263922759967
267284804449916198
48599201953701275
272695753565868475
75861997645765201
211493846561817352
91108301340741569
306425387263719753
52626311530118390
255162223140223294
383826394465401236
16566639969093062
138425338494470213
67026215100613078
177756109641054523
235724075814939265
268956074731666808
33034069929410393
204695355500595391
225325754745614671
7252838865367060
175700613575004999
165884004948020929
300958802901943757
12154168586362579
360124994812539247
123799303289627073
309579923054646982
66207081401239966
82536368653715843
306367820959640746
242683202496596623
266103943293424902
164370794197055703
297398601048479956
138883222746215538
356334572193323012
398886936125879109
95570144267423147
68629885773143676
16083203350388218
279973599626942256
12977346631774141
79558805550837187
31079143472981534
102400029530568317
70420007598367885
379607474783896690
416592882151956747
113270076295885365
403327640858331308
298760381458815679
287765619356825904
40546423644741494
337290603769726992
35963718982717895
55979883075814685
74485668612128648
175184014202300077
153843964640814151
131192462387661411
21141211767491366
206277631294052088
15247657415145715
33650024619123669
93858395933551755
258419943616177826
280023867589966925
215805194829855243
228441252490600524
222625727229336481
192563928009170624
150357625815704889
278179512252105455
15639886005679584
352410988135009
241910508510351849
66378410512873873
398249159640052350
97557525515938228
44743804454283148
174028810740673137
45767258910510617
174709112688268069
52103355963678518
79221872580475012
1534199031339801
243741707710581524
160909069635114393
323143087716039784
52166336185937811
249534556733256347
13136961741432139
421486080797326186
2489487846449855
283264952227657970
389571488332771530
320348492578339901
14235689054131545
318335145748791335
146924098707827658
348601705408615794
425101387082765844
244484544376099240
96269162905302230
332834314480430808
231715463973923409
210588847163827159
187461632594104299
30411413881607029
15093278176197956
25575205328397849
88820599761651855
193500850880325467
8101039300861180
139784200296612661
320129387597693202
113668072170733335
5339252225568239
50446575336307875
399639752817382271
8654959759485114
345293681188316213
15166105332151179
39572471418720993
256706304527759715
36309087492651325
48482832406572253
323633630620060397
10523110513805263
41044764145741217
384941482796644272
5991371702695541
352337620812015222
183386567872959458
52752339038397595
62981884538029456
210906838912185158
155515548791687400
158361497826781958
744276564545713
151897250584915265
121584147295660244
76969083418338529
387867308375776718
325824929308708641
152144791656856951
132753381913452139
249350568124639939
47670465460670627
95234460758490829
446070248640909
23449019368050737
437670647538846088
100536644215050821
80813581323267536
199358378859740620
148642280827119035
55595291829721878
30311467694952887
72797247251223321
303877193443285015
145250787745990702
366748077629369803
358509727416248529
121665535397425752
335987378379060786
70725319917592303
60559459995594916
220413974543882339
180308253721106748
296386207233874267
261106130951823915
203865455592897910
37493603643634030
342820637820214626
304806726386643035
301176330124056764
203216230787634147
53196319405847195
146883468085148129
36074629023510941
353598234055138917
421783137467203327
7550807448108153
53045663468232728
337148296738766029
175926461146714788
20692194077379176
75235049674147470
143631738832088943
378633774539108250
20373466575708896
35145950241034213
47804157707247875
307159175921503934
332058542490668666
125467862929056472
148819474428016400
135328731642617892
85905278294820320
158037516933952886
260863174931224400
21102464145721871
5413514486873305
325259438697235237
211880305106767478
11279070515001204
208192111406997063
285496605931636173
13568163375966010
308854496922534495
403126925146779647
91100523234445881
421848121432551474
174302019753969476
298076078955282581
241754147286938749
75988884413224371
157652210276229527
411369766120297559
242495000160111942
257243833242982134
333212210453613245
179326455030956397
66627741981246127
245694937960803683
17177432524383386
440610192425289743
14996891846022376
452434549102026857
215502498455048409
207064100859432911
34145253093615937
21557167125811278
372671068571591524
217441808310387287
309967306275214853
149453434822786808
14739529615575437
3198422541598867
245886864825307461
204286112436711038
288723266385090936
120519553441481268
183557403450175569
91814595483647683
88819859584463818
185813132087443996
340461879733035710
415304067107381388
324743219190964684
305895161680638478
152424699603227559
412874421096453193
223427116870656859
8162597978200878
393645285772116038
337712934608884861
163544685312174580
106512061845445177
336217281480848535
310570166801056444
73165031215063196
295165950842483686
281726460083823433
409982838364611459
111472113445349192
308913271991662896
439066229771172819
11530525554939328
190357003853617647
33581588896405550
422344120136816447
57753704514951909
61107128164404243
256545902748344112
66756097105967515
150702546766783016
200861618153545347
79781842106528561
145164995085458341
122186180718116556
12454765477379157
99776795190861269
130062698192896691
34858701224499349
112382650265079249
10772141777703557
189833370271743427
37177619773342831
383299255306489236
9399810419031156
138972818688843487
155084815194225006
281286658397275559
3319890540386353
1368610516900804
43337402873311048
66801354225036715
339991726481038954
30973496720789818
21897931343160874
43376007495413845
83644807391978034
42805482634372806
271038346591821739
333595239104971682
73058789389035619
98670746008146478
4301508443794700
58385185748569055
35272335929816813
400394099484965439
403486352492254954
71805770754992218
331327075254004638
30954811531053
309852931958994616
114894555950649441
72717705243976602
206677656130161689
420843657971996985
52918534316266285
109363793891091528
6727631900146194
255801563296901144
71981754692240880
56821589491925764
345291198829079650
1264778845259621
95900722814602120
368538235635914168
255310302762356074
58096975802820297
13274279240878883
82403755257320443
201280823697634233
69520744447201347
22627212883618345
288002117759723080
247866681869900126
64666475494556229
162426087623360098
285091635993351996
307391201107777050
405725790548550907
34590917627824767
9650838580505741
181745034094012841
186481505064016347
135649685210393178
212745915235401941
125837642505010087
166799356669907816
124160926713655451
10776739878940831
4482199395690613
99702516839606425
52052566994365016
81289915844019220
77410531384446076
357416735210100944
169675359010703801
58161701578223967
55892408381238341
188898343401372339
190775460292374405
34338731905096258
362438675968233541
41473159053438997
242526141567252098
197625907182153677
161749199747437581
258592138826168209
135919868001144570
67181474673305220
313755402665475497
262769794207556395
375108912621927247
974990527034688
52514920905074948
1896816267115771
279110349817924335
174959569762761893
363626351600882644
22907703196752728
157949156999521289
305601286252163985
473238466693349467
119560135484251924
14417491144748045
16646318706543603
364894504220636491
381494485661307124
202852070093228541
339079492973712726
72627484683700424
75503915903627232
175577420115188750
180290237618495911
476740233837948578
273079892591281849
50692263960926794
248750676064385499
137367781540249009
272382476906986759
94445769118539425
86005893772401078
34033456894358448
134796932015945981
26036800185404563
35503155274819170
382464802124847536
373909722146949289
61427400115271303
46161339974927309
126619268627897184
421342142013477926
106482058218286837
337675252151517661
221409685273017827
21433266506858143
72104986342353486
350072284957372909
225840299294461321
249335726268135355
283075547208414063
30678761913221815
90213869135116028
236646844869174868
412723672999213617
74684653986352684
68962584289430651
249767180299464372
12038190804820650
13478790052985372
130683082557978710
83118921162768358
357096503093257568
85952960486033435
416813157702157682
303245097354138000
39951944646068265
138139306797211404
164266369463850584
73177622337049062
318888930570795
464700743641054952
27033526564711565
417434500119405253
1541805468618456
143055578676006952
334540653009514321
326311362560189437
382095403691110998
76008446300530616
253448448258149141
376448685980300338
101480227299488248
257817050624614905
112331037167613374
160611840632965893
52543421925113900
469661943198453257
398989334367875291
401262924717583185
382349465227682021
19510590576850152
117403683341192561
83114629380830103
55627858895385935
264555552518866601
274087186154909176
2513467538913742
59620370023824591
62481540812217910
206306397806141770
441229923293613348
48624539573270303
200438470416984627
115957802884698357
79722772756238730
338947008780883166
300453565023314591
130122934564116775
113264410623112831
80212667462470479
217289284752443059
96721118009096436
90336314917860108
125252802367375591
408233783977719133
89756825788149635
70330801158935820
443465113377741991
36004130804144270
143785455860324527
360718178348834650
165043116439376554
357487281329181159
239217685329832074
265100088508389328
384103803737021627
116915313652524616
308472066127740861
272535924591483042
284127285391547722
55510341777197328
292704462141462435
202401550121170687
89054342201591236
223883131953722003
97320485740374338
280722555956236011
17684701461896213
207297213177172826
358474658186654851
79790227548679668
267395772455115960
226760430566401629
126922698279180360
427662764181179737
290224544053175456
73977321981773604
161842503925677230
197063734166438740
358427457093410443
308899970265033909
73680887911889396
278620228044387777
253231841954827074
276295090586865380
381058517607809890
245807376316369998
109741722154027522
26628878498538786
98710457044141047
418165016855972633
103164128129664990
324998350218766738
344837153515231512
134992224440684201
478457410080642105
281007696300440851
317837921284121202
91053341117363790
105087036971757008
235227331923822564
427340949684529316
343149366646577341
360310532046340092
53064552149160642
310220173212685313
216169266201509971
4583451192232953
75616934263383946
395584974098054504
93637676136887956
81969553624831478
387680903469018241
271093138291241759
471213870631216014
66212981710197037
262555003244860263
178704898827436232
28222304439213628
448167530202379770
111961341060574199
139764522942887494
199818848927026968
10921811219390896
137165707403459736
346442423118767745
59713590599131642
6955607762917193
254321092041518455
54729250366805394
118492510939936144
3715445775297866
179168341318633700
80739011362152611
232745894578764152
487305487399174434
6298260533427756
38567036218344542
403241351007918839
261149268636642970
500252309614735047
187992815184323047
191959765270737214
287013506506249719
52039374409969595
159404150525696520
180489630750068054
192050733877007055
32620193377221970
475225710016270807
442198475072565067
493015093888774325
136200136598781950
31293488549384519
44833742782605175
26941575630995549
146805582977764615
100178825152211164
209301466326297421
254347818125234335
265734786025233776
137300290110454436
21559498805608597
70425957870721228
364056274770067260
28741587017578355
7121674126241411
213884646241007670
148941778230348361
386955862117717094
160440957941242695
184109091023755263
139454518827074450
143678142784775230
52978087623770066
13718297716949821
108131304876707707
168154360764919314
320504644659367243
360432952582446089
14307901028369871
128433454989373825
188245952551955260
84846581374110805
414751911997148779
336353204937238371
229641009361692680
17118769413340575
437815639140949156
342449631383291638
250963246984637903
112619732217534349
359488853610012406
504935975545554530
48994806797400084
338904028627214411
318584448030010894
483407484061342259
19307654510659658
47905123915144477
39838138857795960
189936516582190351
362553305000734063
25383129708375380
47389333637393125
497052991660053763
73484197665030947
323702016188798822
203072037227782358
136474221881660942
210619808935728148
97525825490102974
34876110851637509
9202556636772209
263934296141652789
