0
0
0
14052505627384
17655266649568
36147886117858
51717649789223
123387987017808
50273664986519
30569572821960
27656554098017
33560120040730
27616758440735
147290171175972
95463173436192
167478449254532
144415760857011
246907531960714
75581029165709
211803804072517
258478334920947
14012664323076
283825680436327
171535509201440
353233303774723
238040358716742
96274160007498
321450177681813
97217841178024
50686582553948
215802024524374
475543355951062
208406597459508
414954563813850
258301091077991
406493621375009
236238180839288
462082839781498
418042626413479
450852885672698
455642142053741
584902793321270
346281241543499
305553563911872
628345581255923
594942652372222
363577440868617
142543071593188
86546328553175
363968006520217
389401113256994
232000849610060
247150765147673
591066272108412
742529307669107
631243185785226
720269947887297
712303522642691
402774017292550
344236284677514
719931987774518
827396705742526
766147680144446
418868845879328
602225518457643
856542112384698
725047349158883
527383811436410
846301084851743
272999212003997
463088108410626
465742688510582
589563963182156
580339851913533
9029170433976
712212359014719
722122347867945
872907732259427
638412547695391
355046656389843
710941000354837
1004942981671648
291559297535386
556691921786177
1051006460120565
855238603844165
797231416253508
308619258411369
12981244331269
372590772158866
559485149862536
553243337599599
347938084795131
580442653710497
290769408154162
447512767545255
487141350368014
12901943200915
69130911572534
676602065950430
1158442345570608
78525735156553
178052281123151
610793984193181
89849648876882
1121678348239174
1012860293401452
598579213311450
394078729484728
419041837406464
679407031816146
493280388113217
157092759228831
1203340622750934
695915713064932
745165809902325
1172120280792654
551045344662575
1106591948016323
848182609561695
607432384965615
100804938949752
13695158653468
298860980155086
289330077933169
160318256357639
1275616921049178
45149919023954
471612078661453
258026657583994
1156484627305718
8452234262604
894652086771942
1405181904838152
945439636841881
295895472216106
437285153456909
942874588834324
940289684358406
952473476096851
1443541691870504
1254450033337546
1606489994708510
1400540817787155
384964256920664
1223171124874539
924643772080619
230576508674790
913548392862347
1613593002814402
1691020791596349
399997022090605
666090049548731
287855576032338
666997102313297
1098511038941839
1076950391459328
966987111004338
1207157102815566
21350487495978
115924681229244
1530450661088868
776981444513898
882761765968918
1236537942270807
1395643476906572
1158013105919714
1604173048997687
1609292152717711
936707354326247
1261743238249089
1302662157119620
377624097816574
1855972704557634
656421953727949
1242090997039920
1192860445273605
248855515963755
1390761361731062
2041103974997026
448171828558993
2103003902254777
2075912617676464
1340565268844741
199188399329548
1980585538041711
1696720486680169
876352425152299
1637700776530440
1798622467371230
503570624541695
1937245962821361
2212705384105240
2268276894990684
2205369713637688
652498541353111
1295707742376965
937892391897538
1096170684667686
565170274479530
1103623290322559
475053305011247
1700486391453020
164540866163449
547232079549550
777466994934567
1078791640202397
127959948315251
1286559797617053
306736041252904
811502902818412
1765389915553031
1349833713955947
1146604689582954
2239977074529966
1160865325434381
405760541211841
2442226443845817
332492659649141
2090754143790614
715785333372983
997552229293826
2707665077442
1954359935198769
2077367132594584
531522661206850
1686079101917521
153488835627638
2521910352778071
308638564193115
2440191194193235
2295696199927222
1594543903128320
2386155961842311
458016728768093
1963255053891280
941275453184138
482798085253776
1047012628186262
140083844606929
2234095655140384
2320913574093270
482099202624092
626395510953180
1412758203884167
2799072570679913
1310051978708809
169073777246613
2164161574500048
335776892278873
256189496685292
22641901160861
1924044895474848
965361692394727
2631338792383247
628061446453858
320984452919100
2858315194208638
1799075135116846
134225411023195
548473214078107
2515266525863663
176309596300201
235293249030052
2657406434127401
2414691811408493
1391824672433629
2173633284337730
2667501309170119
1767236842345748
1318401770672982
1049344585990621
2222498729622533
2964143375306310
2244056820259863
2517886599534030
1806256207583789
1410872606697287
3074953843120057
697912026842772
2999317042295358
830701472774099
3142613773289103
1982490712868356
2768760524033393
1579335840158723
304598598038343
2626603709607668
2963097172820062
110190239144430
2289953833657532
1305288687251502
710809559396698
2915075057795183
69893242255417
1339352060094138
682064794103576
88437249659293
2785483095091980
682078836888033
1417233254852872
444407091114422
1737231117917406
1628643250603787
3091941353255185
1299990362310634
674634427386476
3282920622967925
799488368094063
206872053036300
879530950479477
3336141502688662
3387634984731430
1207655311756961
1846812208899698
323185373498561
782549931022771
1821017236776726
1889422868134532
1349216356094756
1127136732830228
1616074148627866
1472316835014855
3334601476655638
315029334217017
882948034812068
2922693216057733
2637621113986174
954912262997111
532845076203767
1383623538764666
111864404859821
1023645571706837
3091303684113968
2159176268166237
2331298923302491
1006735363025267
2016654229202601
1764359061570553
1112384899142412
1125257866228301
1475262923780239
470285880851779
1413909371698922
1434869863121616
2707784476440546
1797584292723398
280408286579533
2199540163428557
1129753000447147
1192045188815758
1066432046410792
3504149698100914
1201223808744015
2977182946428666
1652599153237255
3084497694316424
999963628616408
3743177943377123
903473191325105
3177369170328430
1933054130716437
2800144265969196
1257179073620930
3057654944882873
230472873209659
1504733971078998
2428244848096287
2895424666733462
92443502993865
179150863206347
2558168104725453
310973518535182
1898388683206531
2412039642225967
900332632809265
2944483595254855
2613789325450136
323766328518585
1461300141216415
3985487988198054
3847164958120106
2278067073728156
681128486015745
629516833017498
1044030688044976
3437131843455603
849204238383829
177212833667050
1123470883069783
1087692401246416
1729439001909025
39281755107862
1839144868009800
1983935180778646
3198361039251658
5733954515037
777088301133294
2573017641843822
3348220343535110
753683971577715
3798546122351034
3362195881757036
3050720672403476
3410484333545800
1136701089514327
57863461560478
1759917272063753
3144117579262391
736588046400867
4097983956930307
2871127619827179
3908728163093760
128553732917729
2959542474716139
4141942400198533
616717260494619
3155162961845779
984945657854822
1357969606463089
1382692801477656
4410530080868444
748976765048732
747995312948384
4247437997558351
2896774374503298
1728402352641022
203946087096862
3121748909553948
2334246399222027
905874816420603
326080192163601
2193106852177098
4331447869967138
4075579667191128
2779475224812220
1225967547603076
4418812369092874
3611602344277687
4616719010407162
1617180848571516
3898549560937955
59929554223815
4222009314560561
2501719998035340
1837396298774923
2273081406169954
3914302915960663
2630560833637922
2230671622052083
3286080339227758
3349656838436528
2778928083832060
2201009313748032
4786126459951178
1272082489182476
4189689462568496
2116754760024569
2463309923530907
2860919026410093
3632256198250610
1197120036821620
4798500842726907
2911049238906451
315338041920704
1274972876367339
2581624070929308
3021395030555738
2240508017795327
884137420126744
2722258791452820
4380941572642726
539211213691046
3501059881431326
4529103814536196
4682829739707727
4438611216447177
2888795679260620
2155579680287026
4867119695564475
3230380577627758
421477198715836
1308182650566396
1463031863285526
953617445946624
4456157659057354
4297863105371921
938266891557858
5025348479319683
3882954676896215
3775356544877611
3274665791741633
1835754432186305
3347186251453694
60531421704173
1494713585012205
1852440128588123
2970299357089974
2120701326980811
1760422142245098
3978366193923092
3981677498006820
784852547273328
4578357550870014
1110988121428572
4246301936247617
1097665844198774
4156484635517479
3012467822608133
1227480957784091
1642789220835648
3156737286673818
1813559030597664
2561913976683567
4259825612804998
4410843416929491
2414285582209238
1176005020244795
2716067114231822
4895240984144348
2019707770769741
492852396537091
3109136731397987
4769118579964754
2064275702949970
479365091960601
3054511967906529
1536897319053596
1805853524273194
247338422234368
161783578593552
1697435753766323
301687086458284
2513685607050100
749324342902062
711354763075686
59525178996306
5610604021174996
5140828603173615
3041308121768259
2292564932072291
760914855124574
2167030401179045
3474300082940646
494309995253698
2286290262769816
5097157495724825
4342933846033663
4114706342129479
3335964603615051
6578732233096
5113508078042843
557461037639572
3542273219727922
3919769706262548
97639671510592
1033582534603715
2317690810784666
3261014346258513
4488314504501281
2264946638703702
5430792050889213
4153007363475471
1870102279148258
4742062878749428
5627389400725536
4396632302521725
525942482435803
602011262647017
3675694682505820
1181428316902067
3445218099659779
1197940570040610
4453167177175892
5310862722951723
742978411006896
247235161152170
2810342244936183
5883408466883917
4059839211008579
5303682642682470
