0
151663139887657
110433638006270
79389520013408
72998338617090
94697644702956
216588527484997
82057263140683
203476356369742
3365578779500
509261463910457
671350659562871
748813024091685
975360044821859
942518963077525
256188606807070
106964355520080
837972529004633
238838508593014
656624428481877
963073808330691
686667186549150
1193882350058027
934039906494491
996673771081487
1349770837736609
1402197418425521
1373008070013052
741291463775452
1877182102074878
1277552110103575
1649852830478920
755924078956220
737930631454531
1518033745352085
1084523869902551
2412546449705647
1790823154743275
1174229626876650
254014191638361
1008869228731584
2682609274667431
1936206658052035
1426669336647294
2956408778020895
2792391575786482
2768441693955194
2887576512418713
1066262631070636
2900726847982176
1118476293646881
522212027459107
3025108537006619
1097292766482762
3080264442113176
159704876353119
4017641880393488
2521907366376253
92593065590000
1071663906970807
1379469670369818
1834939659287924
849783685639845
106711335464838
4658741921038625
4930449671760009
3018403936379071
3817666562933685
1432379040135029
758376753835901
1453798271997469
2973553068546476
3519055095857030
3571571488121472
2541053903749090
2582251417153450
2963135781205885
1340517306204638
638280197183111
5367482636097266
2455106577968372
3119311146281513
4619637464579917
3750079177323563
4111165283858810
2399155779312887
635451384123083
3607887317532733
217600251577621
5548337769518155
3373935424703942
333755601803854
2571776655946294
2279674725153056
1606895979960424
5838228375728530
3847879986562704
1127330179748532
3510401987527453
4797637584194717
3643878790682845
4650101933691108
276912284207670
1701105824031578
5503969410046619
2942203112713407
5852975153297595
3536975632153439
3599325142234781
3616362430382532
2139303253035098
3803067880222252
5366070676201669
5983502507025710
1868434858725247
1289037627943073
7233640886282328
7754997573655986
6259815643505076
260959298109394
6258576691327074
6110410483010168
8075261804265745
5727787044661075
7821088319523251
8009083280652521
3883733496151160
3333190394997595
8263918016957744
7239650553582383
5409186916313150
5591773441589406
4787619130258192
1231868265906130
1493333768850267
759256496720275
6995880765599652
7274497969585722
2241839891365503
5762022056389437
7555508975418545
844953012034871
8789949748293809
2738692360007380
4567042782192503
6734751155571018
1891840679528078
5840208280001113
7876183351995061
6019301347724564
6104988543664048
6031063682862494
7220698851220290
2310698140865066
6605540407061436
10968650893024905
8167367962158175
4361726481141438
198719504185664
5743213487756188
5136668955261283
5250906979530198
7573978791659988
1088832748123248
5277765293561495
852136803842022
9845940097366001
2087523431985158
3068898823145756
6617045573864759
9083857792504826
1682365688339577
10105507299878690
2846983269141308
11084488873155271
8936212049994674
1682402377662139
2312577718321978
5983328136333084
6706885146523709
2696517437806402
6649006204217608
5802027369215285
601494485368479
483232498027463
1251159795803793
3329801413603962
1088103653697125
12069575523107082
12098825467868408
2206839565100683
5786095933941209
4860037509760610
4680832042253799
645370016200814
5951773338518165
13004232885295381
13141862185807639
806840882272088
4841625702927536
6367776029970754
8234034756730618
4247196700941569
10590675643250656
3498302539250455
6369468889656625
11572742934606514
5181172558609056
10561918781871290
6065755606463725
2552446559119385
13743078121947688
8862280518503615
9131192348684265
8102497640174973
2860029061357511
11156725463225194
11027364377740298
7118881204343300
5643267890380098
3901432487225110
13363355008230063
5987735235317187
13221940835196181
7710874145582694
7856742074945420
8652194431424773
4360227734563853
8835149451424698
4041162973342059
15049756858202263
12980547581221030
7927188957583804
15082551215397527
201305520127182
2096508546902004
5096083806982912
9571597363063675
10979990191685884
14190690934595726
14961168809380390
13007074830044465
1723602472517542
3715887741702627
8150289906365638
8860094191165569
330067646874907
3964052080700748
1155813517778800
11871074829798840
13526299489563560
16237038158239224
3244466421510918
15072255617062913
9813008148841377
5494148672974425
16001299918867312
14683176624432383
7931313358058355
11109651187048131
5466233056256306
3178986877378298
7877073934164671
13019492916507562
10451469959967317
12938017526125995
5483048223240225
3127649408157301
2317115769655053
11663292794220407
8775174678424853
6962661829626689
3180644844874596
10598862779721939
7318697388676603
2925112605732665
13099218378841867
11215727255177178
618336339342611
56146870712685
8943396666679620
9051929736902353
6945613037556602
11409378672727185
10065751046081091
13693109644845954
12076637830320310
6396618548252311
15869263829765081
8181797591377611
17899264741347706
14168159213002468
10782714079601714
3917584253620243
2929073051135409
18275591749014431
17132215417554743
1445804716038341
11038221612285106
14243296452170973
11118622909293120
1884470891119530
9281004509562946
17899202888398113
19054431930735467
18763984427652482
10538559401981544
3599633730320496
4313527904796284
2188062317967910
13621509400720391
2956931785357657
1395837160809367
20962149930805672
1339019405323301
15103313487671237
19352689426785610
820835981202383
15615884633136140
17216397213408327
18353366982098628
9334627979495142
18111697100824044
19008298397282783
20254140373277505
8230104973324503
20784537325829731
12608241702196962
21819173182750779
8336325414553007
21779531088797923
9284163639785238
17483171957024847
20408649369746238
9501212117743597
20475000897033515
12637661366516197
477306157429562
9487069461512758
7474327620631135
14013581925519529
11431330633579884
11129811386141514
18663430315191997
16465907890960632
5280643662257895
11657123366858389
18832204814780984
13090719992732278
2440958837024100
15410192095144731
2111828852970930
13560080526633385
16297103635380422
20330749422665017
16504864994658856
12878957640827146
22500890993123156
3054931959177870
4869662869270293
9883014239178611
7279243756367323
4539563597309680
14477049970380027
14444129111383005
2180277560857186
22567507442931352
21467427707156178
22815442771861621
7024628696806591
20497154196696685
21756110473659389
7106524435731636
4411119108418122
1658789277721176
4841138616239487
17957237268332699
21676945941845465
1316898355610054
14925317616769186
362099471325182
23465339371727132
3687427358874097
14504858845766936
7084811511782731
47381940260730
6700915233695415
20246425955767615
11351466408117423
25161437396041642
12971753809761758
12667346332763432
12171260255431895
18311265919546037
627834211256203
18627591154025005
10224653755639188
25768039125579959
18844426428057880
2445963429070398
8900473897615010
8192890110258910
271826291124821
9495847438292767
21022721817433606
6456702983218353
8740965675774807
27180402886462257
19242136750308876
27379842470190598
22603908545599557
5098332449790707
27165963422915284
21761548213463482
23370854729801505
9614699032295090
21658216848302209
17741361676920736
18548911273119963
933305104292584
29436087094596768
11404075295554830
2625743289525882
12925275522706366
17327646461408756
8253915713479782
24922307774878161
3872936825303942
6760462851408549
16888276018676589
23191004175336533
4328656808099126
8840651600138260
27770877017291793
9728309883990467
12596071813052664
3084139907144141
13243655716160240
11112959867304702
3860410110373466
21116347855049551
7582434142114646
13728451586242158
23500956400480934
414501152362314
12336997600046331
21285138584464804
26874423294841853
4510024568655742
32029217842812990
289622091539999
21121535507375894
3679331830552448
31165368299593364
8788014223403468
22255151686766477
17070936571270232
29896356700008579
9328261540598658
1730164925157574
5538285744595453
2063866357891039
28284869629262217
28498963571110877
29917222188056687
6604674741796780
14566121931132049
24465413107133759
16058631479486637
26929115811527665
1318633063792513
8824835426212149
12476657234106303
32497117555837487
10890566096813177
14198517415826424
17624107489469549
26387449482425841
20582509212152370
23930967367503989
2159569512129377
3087744428423708
32282434026263403
2944939508693626
336308759983688
1888290603233747
11805876047245280
4389377481877541
11884026243798553
2269914511624347
9499435777648957
14569957963510473
11171118762779050
27262799880917857
26948821558381242
28225263449533501
29100099770338224
11781961996775100
23093503734982727
10713107074460603
32065577629965686
2611223838518880
35303916233218350
24961825026495227
20926227257508759
1650976352683047
26759199493670896
421000523860157
35300540402834013
26926561996622749
24159047115610134
13399341767498477
8144158281155856
4484695347140328
32693761174984825
8940496472061224
22503418307641753
31866469685304553
29101635472512056
35083860478013079
8405435102963888
2362847838204478
3441965990196858
6434345674752412
8632205703988604
31708165532959545
35606254509476398
19052003403534148
5067828363670879
19794458779476873
21249724706739201
27613561722838786
1291864996090029
11419285338283473
24034542728799309
7854432664429168
12287143579544398
27720363042352409
13689098256651155
3912348047805880
9996528053670414
34330383868748778
32916593277618548
2043288055531351
25032370178259335
14483200845812825
20770091993994608
12370739659747557
36426970132454498
37664614465650931
28684830965704061
33363567921200480
26584023210356334
20562165727626982
22725652148457180
25355299253263691
34666832326681950
33624877649342702
24356861469167368
24238678482729054
18148744227816480
19446274505541466
20568583084175089
21705440907136648
24542558743880032
2753404948381333
23039207431519382
6074797772784649
16359496966034520
22809075505273669
5436768075589119
24000506994046829
6222421324248918
19191075768484065
7329089502340093
1250180445185407
11556319901986262
7915531358591435
39417210408115948
33666872909776357
299734902746984
33086247083812504
20506017480301319
2028660198458760
38387228020073459
37134690539641798
21085377602981913
15272679973101600
10883000365014959
1484376573784084
17566407878384250
684294859003081
14313155200876174
16592997741235341
20866356866443029
27840783052792849
9125332724073909
32795463214007583
32724376634714563
5545386146400117
22031189640821019
25109557242608450
11207476415753526
451816084132766
6291427449310226
12987002470733328
31021544306974745
7235434338189988
1627779547803214
19320458316969112
15367961157077883
38742789171506100
22138270825839741
34005771620775074
29521754860748764
37343309694734678
1125217767170290
30561557402407269
12393379953341428
24779758863452723
