173053 5109
2 15334 116576 287988935
1 81869
1 99227
2 25768 170928 421603486
2 80613 159257 353292126
2 32479 122455 792931401
1 86570
1 135672
3 122895 9451
1 138265
3 97327 99887
3 19335 119475
3 128021 91831
1 77226
2 67024 129235 32754082
2 171065 100207 938230552
3 169698 31213
1 16205
3 71526 67064
2 36189 138361 226072562
1 30231
2 12199 72779 51989202
2 65960 79285 384498804
1 75508
2 119256 52685 499183402
1 52646
2 111405 167097 151245493
2 135127 98496 529391924
1 142748
3 103374 83149
3 23395 135859
2 144543 27009 632705255
1 151889
3 37680 56298
2 104517 108271 938201106
2 33348 22161 953148380
2 74577 10843 884094877
3 158849 119698
2 170238 138858 733622172
3 35294 76024
2 99507 132979 197827801
3 60009 140731
3 141447 5271
1 55624
3 6773 1502
1 44421
3 165496 114005
1 65119
2 34751 44831 271083665
1 33318
1 14490
1 40167
2 165175 23947 450541571
3 166564 56865
2 103451 5820 423310134
3 160063 86352
2 157989 29457 848788707
1 166287
1 124386
3 161112 118021
3 151316 53864
3 23945 32544
3 169802 121320
2 29238 116253 49267017
3 92066 172969
2 115874 100669 158983431
3 100036 141703
2 129547 16838 864626942
2 94050 11001 114718473
1 5548
1 136785
1 119324
2 134020 141892 253264185
1 41907
3 147543 172039
2 85080 34103 421661763
2 156315 38697 341521431
2 95845 122371 794424635
2 144466 130869 479827253
3 153212 87715
3 115088 16766
2 47669 74697 283314238
1 134889
1 95197
2 152473 65949 715531951
1 131446
2 82195 152865 26687050
1 67903
1 119356
3 88891 133091
1 2214
3 102281 44215
1 45117
3 48233 2896
3 96696 106100
1 61815
2 57306 45778 603319003
1 36973
2 142315 74980 416752116
2 93766 145554 850386121
3 117945 171682
2 85078 15203 792800839
3 136325 67536
2 80184 53307 513203509
2 158682 95615 646207385
3 139205 119943
1 38889
2 101498 19851 65244858
1 19391
1 55283
3 154091 136102
2 10673 130447 922202012
1 134285
2 130064 127023 323571780
3 106820 37900
3 170910 80680
1 172600
2 63281 66163 116853402
2 28576 110181 653673739
3 109246 91187
1 77026
1 46352
3 111796 28926
3 156316 132227
1 7154
2 149642 32119 163631703
1 151263
3 10557 14902
3 159975 127135
3 145497 10099
1 65282
3 18248 21702
2 137771 159781 833845822
1 136975
3 162814 133903
1 113161
1 103739
2 40748 102506 854832324
1 148556
1 108802
3 54767 93816
3 104042 163261
2 140016 39806 318550247
3 74554 101046
1 84390
3 163618 79278
2 63456 23831 863984941
3 6063 154228
2 8704 79221 553284220
2 46237 63984 972682415
2 25375 124147 900283070
3 47943 73248
2 25687 70108 349542931
1 35511
3 12727 30639
1 159505
1 72156
1 97433
2 55701 38096 346963220
2 144579 13290 479272283
3 103741 147978
1 41617
2 27984 162182 781085107
2 76524 169818 860472756
3 44235 127100
2 40841 69740 691862826
2 162204 118903 201455875
2 91085 62984 848208310
1 76041
1 112396
1 17053
2 139723 59394 480142198
3 59111 96534
3 51603 10528
1 3728
1 124091
1 87999
3 14227 64676
3 119989 28990
2 39547 43518 977126499
2 94926 2552 902599161
2 49174 170240 265944761
2 44575 158739 653709329
1 11834
2 172526 122416 302591232
1 9043
1 9560
2 143601 172778 283082471
1 121195
1 82525
2 166656 90039 248641571
1 51361
3 78152 63346
1 113872
1 64652
3 139956 36304
2 5342 43809 885808906
1 145758
2 120315 157264 269249439
1 126161
2 69075 67728 458796665
2 81289 166855 547991467
1 16862
1 21103
1 58654
2 117663 112035 750988940
3 60973 131403
3 21403 142280
1 15052
3 49512 35516
3 112759 140719
2 109390 123862 234698147
2 76437 96156 373741929
3 121916 61444
3 131519 153951
1 165092
1 163387
3 23364 168434
2 60757 18813 165878142
1 3659
3 51796 152821
1 146268
1 93152
3 24663 154344
3 36018 97104
2 142580 67954 999389874
1 121715
3 40066 131328
1 36919
1 106169
3 27535 143606
1 169366
2 82415 143705 945632140
3 24443 150470
3 32716 171715
3 139154 44273
3 74193 110015
2 98686 5044 855141971
2 35918 153340 208199354
2 101834 37714 978354738
3 142481 109601
1 161898
3 124564 25221
3 113105 51853
2 112395 31832 302778395
2 66294 75890 653216794
1 55722
3 142510 9901
3 2983 12273
3 160578 96133
2 162499 151434 717138378
3 22319 147521
2 81794 18209 707013795
1 18849
3 66503 73106
1 119050
3 162792 138993
2 140729 120315 339844878
3 161402 111273
1 6732
3 38430 100981
1 131225
3 73761 76315
2 15311 14045 379268993
2 47914 138838 38759074
2 78827 137935 540697398
2 4547 140115 506818517
2 132918 173032 425347314
2 23065 66837 191632161
1 154011
1 152138
1 95825
3 110651 64886
2 20510 48799 418018180
1 83605
1 27413
3 8649 118735
3 123720 103878
2 59642 31814 826804162
3 142083 114429
1 48086
2 133807 125078 349734896
2 11173 65506 874572857
2 108186 130066 337497624
2 141614 92410 812726948
2 114117 153446 106634004
2 72357 81492 747038447
2 145543 58787 87721877
2 47531 56441 400770400
1 91748
1 128530
3 42355 36711
2 68517 149955 822657789
2 33197 81539 135510509
2 151113 2358 655209979
3 90476 140217
1 68693
3 148037 1054
3 8315 83585
1 89417
1 129310
2 98977 13813 865509944
2 124892 62702 32487698
2 77421 58931 522456722
2 95442 56797 752213509
3 80833 161916
3 80043 69332
1 107687
1 113060
1 98074
2 27596 160399 728807656
1 120783
3 71236 149425
2 12576 88682 981164417
1 115391
3 34044 45061
2 93064 144667 290799321
2 51995 111887 537454750
3 125831 18308
2 39879 102989 961491524
2 56800 162620 640982453
1 43681
1 46445
1 163167
1 105070
3 158716 4126
2 115941 77051 903033479
3 20693 75437
2 50101 84441 127220999
2 15239 50467 539243244
2 35420 108532 609992515
2 137121 126234 626766188
2 27275 11466 23261664
2 57102 123784 376064545
1 121344
2 20607 28524 898276397
1 129204
1 24081
1 62382
2 103708 156555 834020368
2 61852 162623 695220830
3 43048 30108
1 144363
3 59435 3732
1 137429
2 1268 73390 869251445
3 44267 115217
1 76656
2 145118 147025 729753893
3 95148 60317
1 161921
2 164055 113087 135659495
3 74212 116739
3 154477 357
2 6048 165054 841673226
1 158917
3 40027 77307
3 2062 57946
3 107366 134150
1 66101
1 96878
3 31038 161452
2 141041 105304 766703986
2 27392 32863 11934840
1 76783
2 108404 158089 862515336
2 52677 69642 849451298
2 160674 35420 249423612
1 165426
2 13578 97672 655653944
3 26401 107027
2 83510 167105 187997844
1 45302
3 40327 58581
3 131674 70463
1 13023
3 136490 169531
1 133460
1 129870
1 125339
3 127496 60470
1 156573
2 22055 162203 661799472
3 78989 26195
1 63507
1 21952
1 169757
1 86064
2 60952 168445 775760137
2 100955 37150 428333266
1 92789
1 72971
3 64915 106638
1 94786
3 68142 148189
1 154759
3 43435 145083
1 119537
3 120471 103339
2 91423 22334 724555892
3 166208 68059
3 2000 157104
3 150365 17389
2 74212 100297 243620066
2 91030 127741 454558728
1 52050
1 74981
2 13153 58429 54848883
3 171509 106812
1 39804
2 120133 22678 983426342
3 121518 33704
3 23824 141473
1 101052
2 95277 74793 180178599
1 21717
2 40137 35298 591427455
3 157294 62670
3 152851 106723
1 75182
1 27318
3 49967 161936
2 69340 70794 744549630
1 97035
2 39659 162148 135460044
1 81631
3 98006 108767
3 27517 111680
2 1570 166072 893419372
2 148743 123325 632011700
1 21853
3 35924 73158
3 101765 111651
2 127372 75349 531482162
3 40246 101144
1 118692
3 56262 162377
3 139179 60709
1 71600
1 66472
2 45959 159059 814774161
2 137413 150757 332659828
3 98440 19693
2 67938 9019 580797156
3 131918 90832
2 91957 31076 475622997
1 144246
2 28600 54612 39009487
3 52477 34195
3 27075 48188
2 50634 151939 721706946
3 49708 86285
2 46282 49153 77915196
3 14744 53065
1 11522
3 76130 121440
2 61427 161315 542729937
1 27101
1 141542
3 170606 68771
1 104504
3 52022 156315
1 14790
3 46709 127077
1 88234
2 116493 54575 42009810
3 74489 107734
2 126938 98360 538326550
3 95307 23512
3 65479 107714
2 68404 163534 65645696
2 95402 81950 943336049
3 29091 56258
2 165064 15783 113081702
3 100382 103659
3 61681 122564
2 39901 109150 861585496
1 11137
2 162500 161199 533905807
2 133907 13958 840824560
2 131521 117119 408454925
3 28175 145388
1 8222
3 121634 56352
3 12669 1131
1 164715
1 90451
3 24090 106751
1 44081
3 50402 170528
2 142427 87524 497865693
1 25427
3 92336 55562
1 165884
1 16751
1 101692
3 70593 140225
1 908
1 60450
1 57603
2 124268 15355 875801461
3 52321 82616
2 139536 67178 792613386
3 1609 164772
3 58891 72643
2 101945 123411 819092610
1 87943
1 52381
3 35049 161593
1 126070
2 118307 66494 923379776
3 9144 63795
2 23857 53294 181287394
1 163317
2 16794 112604 627211502
1 167725
3 60255 6772
2 305 80399 565806642
3 12170 64833
1 84560
3 128011 19012
3 87936 170324
3 31856 151265
2 142556 64247 84618059
1 127299
1 139407
3 84909 99027
3 117577 73793
2 5035 71490 896846632
2 111270 77980 525561590
1 52536
3 22122 74191
3 104064 53683
2 79038 105129 186845874
2 10998 55332 439582384
1 16102
3 165229 39400
3 25227 119252
3 12227 162854
3 120688 88689
1 134511
1 35436
3 130832 113503
1 21655
1 13855
1 167354
1 98664
1 168320
1 24956
2 101528 39115 222499835
2 169398 103984 808406711
2 40310 71725 568269457
2 106985 138807 763600931
3 95648 1267
3 135813 21621
2 172907 131276 109552358
1 100043
2 124580 98066 198843578
3 149139 34898
1 143567
1 159139
1 45406
3 66773 68272
3 119249 135432
1 5796
1 113487
3 150169 128795
1 159409
3 72881 142843
3 171380 47200
2 51589 6866 629534530
3 139697 160506
3 83945 107931
2 78786 130261 845859486
1 5889
1 2508
1 119294
2 133816 52727 441189819
2 20077 149541 845414275
2 32825 54247 223600648
1 133179
3 141155 167242
3 115479 38668
2 70923 162553 790923161
2 95282 162997 377312379
3 38155 107130
2 47150 7981 435063552
3 74966 10376
2 74129 140642 8086957
3 127022 63088
3 122141 41792
3 20535 147359
1 169952
3 77570 172084
2 65328 152954 820484769
1 136592
3 77251 138515
2 117205 75165 793634604
2 15942 169323 127177929
3 88155 9399
1 157230
1 124905
1 105954
1 79857
2 87041 141486 336699890
1 93754
3 83574 137252
1 124065
2 84998 73673 424988298
3 135054 44476
1 23990
2 38677 26200 569357024
3 82417 55075
1 146852
2 8739 16010 574765341
3 96034 64281
3 46959 149365
3 48248 78540
1 29701
2 172677 157244 421254091
3 128250 109291
1 168713
1 62091
1 2563
3 150753 112092
1 110262
2 105109 63682 782975508
2 595 149230 106982103
3 110287 12025
2 67990 117776 749211246
2 1075 95051 444929548
2 132217 78267 679495406
1 72127
3 104983 48106
3 143863 173012
2 68953 51659 256878337
3 83958 113790
1 98590
1 168665
1 127275
2 46271 117980 187776475
3 140459 21518
2 166222 123109 195768988
1 100538
1 171719
3 133770 22660
3 86357 15942
1 58123
1 112460
1 141484
2 131207 31985 252336998
3 40414 143614
1 97571
2 91161 105872 477876375
3 122343 10433
2 78570 43866 188727627
2 105539 29824 47728722
1 88194
3 145302 27861
3 79142 6798
2 39630 130683 234628660
2 25986 70208 685646625
3 112073 107919
2 18340 137330 971252930
2 116667 133509 393357387
1 106711
3 75675 100308
2 90010 2688 213416423
1 77832
3 134273 77078
1 36745
2 17757 132267 165945883
2 62899 125318 878080392
3 13343 49974
3 112868 111099
2 172581 66527 514882662
2 138484 131951 608978800
1 787
2 122755 146918 161052837
2 128278 161649 615464702
2 51110 55157 656133853
2 171184 4425 330937874
2 84019 160266 432160001
3 156880 56327
3 75470 160928
3 142420 53204
3 91268 116244
1 100970
1 35455
1 15609
2 141661 50511 496020534
3 79717 134607
2 151171 167752 163937198
3 158765 156190
2 4715 111773 16937694
1 111084
2 129505 163834 758619555
2 113728 116995 26120674
2 37010 44682 361524534
2 27215 10104 157803108
3 113231 166772
2 158504 136429 332186822
3 27180 131307
1 40476
1 60143
1 114464
3 57324 39106
2 63946 154448 964147916
3 104328 75349
3 108981 120283
2 163413 99697 924583311
3 76490 172852
2 126402 57451 26569958
1 704
3 6048 67780
1 90866
3 66489 160013
2 124279 108695 524573050
3 129625 74192
2 172837 34572 786803263
3 134669 47486
3 30286 74922
1 83851
2 159745 65016 113564086
2 74004 158032 253448180
3 13098 78954
3 148332 128376
3 75303 21614
1 51612
2 81616 57880 762984524
3 115040 50984
1 56582
1 116438
2 131688 43772 169047360
2 21794 44865 843583189
1 94866
2 50886 139471 552160210
3 58000 142273
2 83749 57493 688086882
3 52476 154568
2 61054 130461 243615143
2 81890 39016 718550103
2 22120 28796 178626756
2 109513 52998 814668787
2 84100 93979 872804053
1 146405
3 113863 140666
1 141307
3 97671 31810
1 100435
2 170395 11520 596072496
2 68275 92003 481060513
3 105190 93711
3 98945 159063
3 10808 25621
2 68750 50227 415206400
2 4579 30364 625287888
2 86710 121343 576100456
2 40809 24983 855260674
2 82276 85737 883203966
2 50673 27357 931986017
1 118322
2 128217 120784 910172837
1 135386
2 14715 78363 220338695
2 133736 24941 441499951
3 61592 67805
3 56690 29813
2 21032 70264 902208700
1 159363
3 33357 45573
2 169870 119346 580456479
1 143279
3 97814 59052
2 138734 99517 528724172
1 41132
3 28347 55320
1 86016
3 103743 84914
1 112589
2 142784 150430 102203043
3 51295 59433
1 124209
2 128984 154772 773267349
2 121271 58706 6047741
1 35394
3 126180 89191
3 111022 64873
1 156550
3 1191 121864
2 100048 122826 854426755
1 133179
3 138706 45812
1 18176
3 32874 72201
2 69392 24592 970211214
3 14029 135650
3 60243 160338
1 33339
3 156125 80487
1 122091
3 54727 90815
3 119307 43271
1 137116
1 39811
2 124297 157924 962609683
2 96600 64310 921039891
1 168532
2 77107 103592 580120609
2 169313 60392 514911346
2 165783 68613 108636388
2 53692 34083 563814091
1 151659
3 91569 171261
2 12746 97907 543503523
2 163887 1661 970972883
2 150267 119500 145748346
2 95909 15359 528146357
2 71732 89146 147215092
2 169925 104582 94209654
2 124551 139890 474798568
1 109118
3 93507 151755
1 169961
3 73993 105491
1 22174
3 162037 126829
2 42966 157917 743810668
2 137397 2633 407032638
1 43557
2 170590 87163 575035695
1 75443
1 66825
3 116974 83196
1 83591
1 105767
2 148847 169606 899194908
1 46544
2 167250 50583 856808348
2 102466 122122 515772440
3 84327 91431
3 19320 88317
2 62192 44124 652965185
2 43045 7245 869892018
2 134957 129912 321330972
3 102447 61652
2 25541 91473 568702988
1 26199
1 58424
1 79621
3 82227 58654
2 63625 102251 680310569
1 89006
2 50603 64033 439339891
1 108054
3 95140 73104
1 122297
2 21734 26814 520239469
3 171285 70642
3 62017 69326
3 163304 108497
2 10352 104539 533486640
1 151713
2 13797 139680 131006958
2 157936 152444 161454710
3 71406 78331
2 141050 61881 828680925
3 57230 119288
2 52478 104789 554628866
3 172067 44569
1 109874
2 132813 120156 790316060
1 36547
3 43888 16048
3 99488 86183
3 26024 98415
2 20263 39891 347303567
3 82229 133773
2 34013 39220 796706415
3 112798 22219
3 164825 128073
1 140242
1 47939
3 76629 5402
3 19576 166737
1 84449
3 150006 114999
3 142153 28561
1 86428
2 145331 153446 842342366
1 81196
2 97608 137176 250710177
1 86919
3 86363 38429
2 77744 115714 169834364
3 172838 90506
3 126621 19172
3 156417 65226
3 20130 76106
1 107433
3 87609 12773
1 122610
2 20888 16211 960504932
3 74660 46425
3 94789 36018
1 70136
3 151401 42031
2 22781 98928 995260168
3 6414 71865
2 88671 94287 737230342
1 118952
2 13963 148430 214345767
2 81189 160315 622278453
1 88261
3 129316 67884
1 140486
3 96728 55001
1 116674
3 4800 79497
3 51442 1874
2 171004 115896 439093377
2 162336 72791 428219172
2 17501 88840 131686637
2 1748 169587 105599862
1 62451
2 164225 39639 677267610
3 100581 50109
1 13069
1 42488
1 137526
2 106771 67337 253873194
2 70661 39685 622960753
3 17855 160499
3 88590 41695
2 136143 117327 145100335
2 69954 108978 282619938
1 114596
1 112797
2 80290 110249 259132510
3 104533 37188
1 138693
3 8838 121762
2 4942 93100 3119139
2 95258 94267 236927327
1 122385
1 29556
1 75207
2 28492 159556 690323458
1 97627
3 75951 4935
3 127176 10649
3 157796 140574
2 142605 15873 431424687
1 64252
3 25458 60396
1 148934
3 133591 15997
3 110802 12979
2 161853 45039 454667034
2 67839 119827 205700442
3 152972 147085
2 136962 168575 12728632
2 77273 151957 596648099
1 122671
1 41524
1 142352
1 92033
1 158581
1 143176
1 74264
2 88724 123527 169736606
3 43927 71899
3 140396 80179
2 115779 31117 93805122
1 97152
2 65998 22229 394384590
3 96684 110380
2 104816 69901 857038853
3 48519 58815
1 98153
2 77197 128013 68370319
3 63685 121062
3 36094 145910
3 154214 164156
3 11591 69111
3 80685 152175
3 54581 17385
2 125039 160993 389770591
2 131633 107251 104241164
1 54110
2 51103 160044 14647512
1 88605
1 45738
3 25421 128736
3 19955 46265
1 146871
2 4125 48538 437634088
2 2999 51535 781824665
3 156830 78703
2 90804 5432 813841060
1 34640
1 53119
1 52338
2 87119 155097 578839743
2 30558 23945 320926286
3 123702 140631
3 145686 154849
2 59288 154045 998286689
1 169418
3 134329 155950
2 74899 40189 257902871
3 58654 132201
3 65982 93821
1 73942
3 140310 138105
1 35925
2 157087 44000 148495498
1 97774
2 107830 116223 7153024
1 13934
3 73224 109548
1 42618
1 114349
2 114148 21334 155460738
3 130275 31553
2 10799 112286 81731376
1 80536
1 35250
3 114449 21409
3 33401 76045
1 166722
1 67083
3 162157 171537
3 84840 58910
2 95824 43134 995550124
1 35845
1 126731
3 161616 86502
1 82374
3 101245 95550
1 16484
3 96283 91024
2 31591 6388 398593183
2 9960 4271 757226794
2 133549 5051 130541150
3 66164 154806
1 70732
1 142348
3 143389 18415
2 43432 143745 594623323
2 102317 128615 953413446
1 13878
3 162412 70053
3 164272 140123
2 135922 1466 535346925
1 61619
3 132662 145142
1 127296
2 160586 6709 385371331
2 85245 57124 90990457
3 53026 60079
2 48418 113629 538990831
3 5141 134467
1 92326
2 51671 131950 968218382
3 165828 120501
3 26021 52370
2 25068 83 519504110
3 169072 59784
3 137649 106039
1 123271
1 97038
3 1099 20650
3 74066 118886
3 18567 106944
3 57431 128043
2 108453 150165 47678176
2 56054 105454 716442
2 15188 132003 959496457
3 132927 50419
2 71542 100678 362994210
3 55506 76009
1 118731
2 129659 130580 360326283
3 52876 172808
1 21110
1 74008
2 70483 112668 677649859
3 93053 46717
2 142173 4146 803793829
3 24637 138439
1 73767
3 142099 155427
2 46092 143347 577648023
1 76151
2 121043 1294 304326389
3 118021 151329
2 169331 121231 805810995
3 23495 135352
3 119475 97041
1 72483
2 98127 126897 171820811
1 33897
1 15087
2 138952 172504 656185484
2 165571 74369 453673002
3 32653 137881
3 154503 20395
2 79182 18050 149731441
2 91372 160203 669971368
1 109228
1 82983
1 148756
1 50447
3 4070 133961
1 96697
3 12824 43582
3 10362 104655
2 77373 8061 22555920
3 27440 43708
3 21204 165189
1 170133
1 49344
2 16335 57705 854461806
3 1579 97390
3 161371 40947
1 171570
2 19964 153193 737913
2 44482 164438 799094875
1 59847
3 3721 160173
1 38206
2 73362 172363 666126701
1 81351
1 140471
2 169931 41547 310507392
3 142261 136283
2 18246 22529 746176574
2 143893 109857 146619242
3 40834 153422
3 99207 6543
1 157623
1 74484
1 94503
3 149195 8666
3 90410 127659
1 110325
2 10065 38360 493759886
2 59243 48985 145427927
1 100187
1 156395
2 153549 165650 521068872
1 147536
3 20495 169793
3 98571 21725
3 117763 153835
2 37114 124041 686508332
3 75880 123481
1 68859
3 109191 41399
3 74399 78874
1 104369
1 140709
3 136890 140109
2 12160 125021 450868671
1 72121
3 92019 29454
3 85160 60994
3 104493 11858
2 53620 7607 534364000
1 75162
1 69399
1 122894
3 171377 85604
2 84874 7354 725432979
2 104000 136572 728089481
3 35215 131475
1 55674
1 153632
2 42887 131758 803026470
1 150634
3 64602 101478
2 83700 12716 215711006
3 53183 14353
2 96719 83091 41433726
3 125355 68914
1 77600
1 131799
2 83155 122938 669604134
2 75188 36717 987244572
2 104220 149683 678907285
2 124237 75033 398916968
3 19570 171055
1 123828
1 102496
1 97481
2 163590 81351 545062373
2 96317 50111 496191641
1 138395
3 9123 133819
2 108363 75110 416617461
2 148681 68748 129715713
1 79327
1 111623
1 151125
3 95130 168601
2 11969 52291 472886973
1 105041
2 137522 40222 967273658
3 17357 13421
3 3803 121655
3 145123 138363
2 42250 166997 59662055
1 47419
2 107344 88125 685105066
3 41508 156713
1 133267
1 47856
3 120703 91388
3 36757 168460
3 19572 151257
3 140547 74438
2 116244 52339 819384805
3 158390 79805
3 71496 133511
2 133737 124744 881402703
1 114756
2 19805 20224 700957016
3 67630 45484
1 131047
3 64668 154406
3 87431 86044
1 11672
3 155054 59968
1 30862
3 17273 25102
3 69501 152916
3 54751 91996
2 138111 75425 483311514
1 17613
1 67439
2 95143 27581 394097277
3 152896 3110
3 503 154103
3 77692 41759
2 88093 64638 846096042
3 126442 116326
1 157265
1 119651
2 136556 164414 953397561
1 99451
1 73080
3 31507 49110
3 130471 145148
2 45179 128370 853185970
1 74429
1 158182
2 170687 10304 512753961
2 43980 62957 415420871
3 79057 157
1 62347
3 92969 121060
1 5231
3 18587 150661
2 113020 38011 147692816
2 50715 49849 166303981
3 78745 14382
2 102449 52137 963560046
3 25715 105126
2 114463 29129 891881481
1 74408
2 31754 9830 646042512
1 108177
3 78837 40581
1 63264
2 113876 79960 248232133
1 145472
1 88923
1 33955
3 124340 153269
3 115210 166558
1 3128
3 39226 27738
1 13948
2 166145 76170 790421378
1 170418
1 112860
1 117467
3 10470 53455
1 106580
2 168536 113251 794441135
3 125621 61443
1 85443
2 154821 70043 107476214
1 76711
3 109301 171039
3 38622 24365
3 124227 38936
1 41896
1 167741
3 134496 15569
2 95665 97895 9439560
2 117056 23472 106751367
2 155860 23230 831746260
2 94342 146378 849921637
2 154353 13943 454792558
1 109644
3 154601 122057
2 99710 123191 154864117
1 52776
3 156367 131627
2 100243 152353 23452618
2 9014 111155 387169375
3 63418 86088
1 122001
2 149109 130944 909590239
2 53659 51722 247478723
1 29048
3 73522 73204
2 161481 125212 851838053
1 109963
3 53780 15792
3 101578 39025
3 10236 156222
2 97368 128478 514852356
1 149834
3 70687 90429
3 26604 64261
2 47733 50612 343085081
1 2319
1 6163
3 38327 55334
3 163280 104168
3 19165 153497
3 90427 152807
2 121600 66157 195581722
2 164618 136905 919394060
2 8755 85100 775047211
3 169200 15745
2 13530 36629 308899399
1 150959
2 42828 165854 74913094
2 125687 11441 863823405
2 156351 63415 293942121
3 95124 143546
2 78465 133491 888016472
3 34035 105392
1 157537
1 105284
2 96610 157018 36361929
1 27796
1 129598
1 32216
2 24010 50175 838630746
1 129480
1 128276
3 137016 62467
1 163529
3 113620 167630
2 90831 24370 854618616
3 88590 23987
1 83731
3 19241 93197
3 39477 96650
3 39386 20125
1 56601
1 97165
3 61720 73908
3 28857 69948
2 70973 18202 649621058
2 99629 107430 261082836
2 88976 18733 985494677
1 41590
3 146434 146132
1 37767
2 114904 51045 339299486
1 135703
2 104195 74530 279701313
1 68569
3 130781 164502
1 148093
3 8163 99910
1 55501
3 63311 130932
3 129867 96614
1 119660
2 59399 140811 863464887
2 29286 48107 995576038
3 50350 8661
3 5858 54263
3 125278 108724
3 107214 120796
3 167156 8373
3 71359 104198
1 154754
1 94178
1 104449
2 6871 122545 481965054
1 38046
1 155632
1 151450
2 88957 90855 26516904
3 92806 43995
1 131644
2 8830 91911 864765942
1 154829
2 154376 117136 427904439
3 62437 37398
1 13587
3 18760 126344
3 40206 82291
1 64004
1 154065
2 122668 113615 648551678
2 111222 125396 764869573
3 53503 138431
3 75519 90810
1 75568
1 21343
1 78551
2 168052 94413 917905308
2 35445 80805 171467891
3 154895 116536
1 164590
1 60542
1 56257
1 125185
2 83982 164573 124632356
2 154420 20354 175866933
2 3805 313 550067962
3 95857 54328
2 33643 109099 206608947
1 168234
1 144689
2 116364 121389 433258223
3 106972 133177
2 158141 71069 329376870
1 161667
2 42639 75071 427072326
3 20818 22036
2 124668 41948 323409338
3 25476 66050
3 94350 2006
3 115892 154127
1 132959
3 8198 36943
1 145420
2 125905 143319 631811163
3 142784 150177
1 79551
1 152965
2 37346 168859 68431664
1 88038
3 160709 167413
3 45765 126884
3 27640 74958
3 84673 95305
2 56016 90344 510707047
2 89335 167599 860474610
3 125639 156594
2 172243 33045 260435668
2 50165 106490 127141015
1 170416
3 132639 59286
2 63830 151971 67877597
1 64508
3 65645 76465
2 101462 109817 92725609
3 42357 57678
2 65778 138350 112617820
2 118483 139178 25731209
3 67008 105804
1 71305
3 113984 121627
3 121270 38387
2 49016 63469 184819045
1 17639
1 69717
1 115725
2 30624 32521 440718969
2 68150 12472 941629420
3 120938 91172
1 132406
1 108667
1 52026
1 20384
1 139697
2 135809 40404 50932220
2 129050 94626 423237950
2 168719 1110 336117104
3 153050 102699
1 116676
1 51300
3 166671 64045
3 140083 161263
2 138654 43551 27322863
1 135093
3 74952 171566
3 50641 70926
3 61979 96028
2 45074 72929 288876495
2 140191 147753 291057960
3 90412 114457
1 53892
3 61992 118924
1 148009
2 13990 44640 439330658
1 85403
1 155228
1 89866
2 60741 58997 447828121
3 98980 77
1 140973
1 590
1 124889
1 152125
1 41790
1 125322
3 75424 170169
3 37617 87860
3 106538 57432
2 23520 136680 382312556
2 86435 81739 129081303
1 35674
1 100752
3 123615 98472
2 85414 165548 744046017
2 65880 151828 277263883
1 101609
2 163416 16279 756194225
2 170927 51893 502577416
1 82824
2 74268 82594 615465387
3 153573 106800
1 99710
2 137538 57640 777520077
2 1216 115595 191788641
3 45281 31519
1 138273
1 16873
3 135177 117715
2 82934 127404 554158572
3 120842 89949
1 157824
1 163419
1 69880
2 108142 158115 223751851
3 168219 136383
1 162299
1 38547
1 35486
3 140710 38276
2 112118 165832 691926083
1 2002
3 82021 144390
1 156803
3 69902 71227
1 26565
1 768
2 172496 3216 594655394
2 60509 158564 655992936
1 67453
2 39512 18567 150808832
1 4954
1 113198
3 57898 149442
2 141307 147983 14296508
3 8960 46061
2 65537 71795 797918808
2 161239 43398 689491089
1 49571
3 46586 29330
3 274 102981
1 121330
3 97936 43930
2 82062 100023 721012539
1 31477
3 165686 28766
1 43321
3 48572 75232
3 3501 78219
3 46574 64851
2 49582 161009 676192691
1 85226
3 145164 162601
1 39905
3 7715 122180
3 123866 139782
1 122633
2 88499 108811 942434538
2 147825 12273 110209020
1 156218
2 75058 70260 955456031
3 155063 113282
3 21305 66881
1 28038
3 64670 151672
2 150639 132897 574131299
3 167220 40384
3 42091 122500
1 36715
1 169037
3 84625 159399
1 53311
3 40870 81973
3 33322 159390
3 37946 137749
3 167441 143099
2 11437 74745 912321812
1 121826
2 14930 87720 440796912
2 167684 38517 839536708
3 38144 96429
3 13338 61798
1 137301
2 148615 109041 278947879
2 170793 23391 935911901
3 165543 11365
2 146824 106078 243421103
2 157468 91954 297575792
2 155323 80824 726167214
3 59476 66966
3 20643 21113
2 84310 48223 62219998
2 97311 24545 150472452
2 32585 56811 768880047
2 84889 132467 303621758
1 51366
2 41605 146030 226554100
2 139726 129183 419687776
3 150002 38690
3 137181 129636
3 106862 54016
3 99772 18683
1 8099
3 125143 98982
2 83521 144153 949519984
3 78116 129207
1 66983
2 115176 29675 780585662
2 163577 154223 555397022
1 98208
2 158793 11510 414595966
3 82944 141596
2 136469 82059 251525490
3 158454 106269
3 92222 124255
1 144791
1 45678
2 132719 84767 985551725
2 15297 112183 954705078
1 70711
2 8893 51072 228852542
3 45850 100821
1 170531
1 3752
2 147408 6996 252260191
2 124440 8597 294814921
1 61832
2 78232 102530 948854952
2 46098 20667 255630897
3 120511 127216
1 27756
1 87827
2 59563 44859 963264825
1 106038
1 92665
1 168151
1 166891
2 78256 150844 392011670
1 157912
2 56787 143930 97311910
1 169925
1 31761
1 91772
2 47512 65176 829275737
3 165530 128115
3 17284 72901
3 26479 56675
3 17244 104425
1 80550
3 46039 72543
2 143737 38747 831177843
3 123428 156111
2 77767 155345 50296522
3 74379 126529
1 14923
2 40321 128745 392649958
1 166742
3 126342 45929
2 80770 40209 150580300
1 108744
2 45047 137973 108098571
2 60388 62069 783768482
1 61113
1 20773
2 159995 25242 399945901
3 87948 100009
3 166782 129246
2 15151 109841 667847114
1 169247
3 158164 127037
1 66412
1 92151
1 113070
1 12466
2 116172 84613 279957509
1 143695
2 1067 164946 443418285
2 129304 97178 147008687
2 108302 152814 825835183
3 157422 46093
1 32479
2 4718 147341 722179223
1 131476
3 17845 147705
3 151342 121968
1 138547
2 158854 112478 284567997
3 110782 74370
1 70968
1 164145
1 133848
3 54449 3636
1 76380
3 142523 172500
3 45581 128432
3 102529 35635
2 81644 58051 295225424
1 70411
1 92018
2 17207 30875 201802384
3 96110 91704
1 14041
3 97184 98383
2 87124 155886 783846494
1 63767
2 71815 14141 547403494
3 171568 130542
2 123529 94107 153725739
3 63177 119371
2 37602 11116 690926007
3 144802 6172
1 19755
2 105860 64094 149025890
2 139605 95025 604913695
2 83680 74011 811802893
1 55601
1 81213
2 60699 111783 507419772
2 7426 123637 586650545
1 96225
1 75799
1 154680
1 76802
3 23156 167776
2 102988 151393 546580310
3 141981 36481
2 1021 50530 303493129
1 10401
2 96417 60948 603182355
3 14433 119860
3 72410 128746
2 119243 44435 586107055
2 72394 168900 59558683
1 111634
1 135071
1 167628
3 34672 169703
2 89570 100122 75975243
2 31371 76649 664892673
2 123031 135560 955206591
2 118171 148156 142860134
2 10144 78886 372481440
3 51526 3156
3 46484 39664
1 146830
1 99066
2 97243 39581 60452255
1 159460
2 98752 130705 306350511
2 86249 71512 156865247
1 46047
1 56264
2 153995 25807 734340516
3 64803 15999
1 159748
2 162687 107689 895377327
3 28126 88995
2 48176 158753 887776209
1 166529
3 147373 78110
3 147665 64784
1 27039
2 67170 148543 760151655
3 148448 12930
3 30610 130960
3 51266 172224
3 151268 71030
1 12058
2 72034 124898 470399967
2 80716 73277 194988022
3 147644 87465
3 110620 93676
2 153816 168511 796921637
1 167250
1 45475
2 48946 37343 227489573
3 42608 79689
2 99973 65895 862064013
1 99387
3 45890 5538
1 144603
1 156276
1 150946
2 128386 30158 412267493
2 125761 75274 394048405
1 95459
3 151379 92593
2 10873 48315 837732523
2 65024 41692 22766152
1 57391
3 67159 81856
2 144902 10983 207296139
1 75223
1 51093
2 113433 11940 716510706
3 98193 148990
2 91029 11149 931917426
2 56296 160589 842314131
2 11603 117966 199885364
1 34644
2 61727 165156 532331997
1 140320
1 146563
1 40918
3 165263 136115
1 36636
1 44134
3 158654 85607
2 24401 39232 243730487
2 2523 132995 363035839
2 127785 24020 843938042
2 70926 133329 66079723
1 150788
1 105602
2 86851 80899 382155183
1 43592
2 51395 120930 660191673
2 24651 72222 117673186
2 26684 44088 255191008
1 72419
2 150300 58295 952435383
2 88434 131979 878763694
1 54265
2 153658 78900 881173881
2 41792 6948 282050810
2 130001 47146 986058400
2 108263 61228 360767823
2 154871 9784 817311089
2 73505 162003 524182553
3 156452 122023
2 29332 163844 299553525
2 80327 67565 110378163
2 93565 122669 584875034
2 128865 163908 190185991
1 139908
2 63531 113676 348577733
2 36939 25857 91437928
2 94202 144230 825734128
3 142472 93586
1 19683
3 129691 1466
1 128674
2 74449 97332 440560784
3 21768 158672
1 78116
2 3660 128969 426441263
2 157161 30870 861133221
1 121409
2 82223 112724 215696505
3 8360 9334
1 106283
1 154882
2 136520 117406 297736689
1 81761
1 66806
3 28918 164607
1 155979
1 87967
1 139458
3 163199 84194
3 163727 168620
3 88084 144304
3 10402 78612
1 147538
1 140029
3 130780 64372
2 11247 44014 523124312
1 3496
3 43638 125845
1 62347
2 38378 147481 404956853
3 123482 168900
3 108398 104762
2 139461 113962 444928868
2 165736 76918 203757658
3 158653 68590
2 124772 123317 406535535
2 26170 92704 61333048
1 119991
1 69733
1 93938
2 61625 151487 86513229
2 45126 48081 47152474
2 8285 70990 852149448
1 21150
2 148786 91189 899120502
1 64757
1 121703
3 95987 150428
2 116710 89223 480398963
3 21484 89061
3 104404 92945
2 61110 62461 241024345
2 58059 59828 257681152
2 12392 145490 505088479
3 130356 28116
1 35855
1 65670
2 89224 25397 376256631
2 20445 29547 335715418
3 624 138303
3 157066 56443
2 134628 22863 532144801
2 2797 88969 952609841
1 9987
2 128573 154154 12557844
1 98619
1 98682
2 120168 24875 604505398
1 86418
3 20056 83610
3 46295 121791
1 99545
1 99182
3 103016 2267
1 163661
3 69472 102028
1 39774
2 59732 169196 13605283
2 59228 60652 505170972
1 142606
3 17607 135427
3 77579 27469
1 105887
3 62427 37911
2 90341 130675 423391725
1 170701
1 155420
1 112309
3 99436 139996
2 127265 165360 920628865
3 5031 143427
2 6287 149809 216281320
2 163351 26774 219737621
2 108186 8146 95240543
2 116006 95762 313432675
1 136546
1 132743
1 157888
1 43486
3 25513 62834
1 169832
1 50506
2 71541 144503 866432129
2 3744 144291 965800925
1 170713
3 36472 152181
3 147622 29839
2 152628 41210 423170297
2 153936 96443 282788862
1 36284
3 131647 18573
1 24495
1 161604
1 75665
1 11716
3 106326 132580
1 86965
2 96643 150394 123623919
3 93627 90821
3 113734 128891
3 140746 127398
1 6613
3 81827 79294
1 102913
2 81176 170151 618070492
2 76357 54271 568530970
1 61135
2 46179 84228 590839863
3 48527 82939
2 160276 35659 906172628
2 146318 57094 199874966
2 119701 27057 705635446
1 154868
2 86300 57181 550967014
3 179 95623
1 88100
2 155182 157731 251714932
1 10039
1 12431
3 40391 38111
1 97398
1 151279
3 98336 110257
1 22463
2 154966 34413 969874013
1 141658
1 124600
3 93376 162581
3 94086 111745
2 104947 154917 924747628
3 37720 101945
1 33855
3 4911 2816
2 99433 37528 630234534
3 18591 35914
1 91489
2 142689 100463 877204030
1 94396
2 140974 148074 710941870
1 125579
1 162207
3 8913 152754
2 135545 68271 1331995
3 133427 125079
2 62233 108810 6762615
3 82839 75899
2 11484 69541 186663721
1 120314
2 67457 142697 464008846
2 68203 91487 50607800
2 104810 95490 6513362
1 134273
2 172939 115576 763673536
2 96530 5725 9727583
1 137811
3 159959 134169
2 58651 25483 36103169
1 131431
3 68933 65964
2 38249 48271 547553981
1 142918
3 102719 160236
3 156271 117182
2 108983 32858 445691097
2 97169 85048 240410416
1 106072
3 13727 19547
3 155574 44661
2 108193 51628 184607202
1 84065
2 71051 28406 807392230
1 141492
1 98900
2 93830 105314 586603053
2 27390 88072 905745217
3 106300 120667
1 158732
1 118209
1 121581
3 9784 24063
3 49545 137393
1 6336
3 130125 75104
2 63858 90642 851400345
1 158700
1 127009
1 109989
1 109324
1 99746
2 81903 146187 395781625
1 23498
2 125952 155494 724729757
3 148006 100543
1 87452
1 32801
1 107404
2 157680 49149 559154088
2 101625 150188 189305957
1 77535
1 161241
2 49865 167279 450429047
3 123905 16360
3 114426 120246
3 91275 158428
1 38872
2 42707 24142 335740685
2 149946 15847 278543383
2 99658 19818 88036353
2 16678 53819 324126401
3 23218 142446
2 72934 36433 815899173
3 125622 121429
1 44330
2 143540 119054 996493846
3 91771 3471
1 55933
3 112772 155195
3 79877 121019
1 85470
1 62395
1 91642
3 100541 88100
3 19297 77849
3 42576 5080
2 40249 10656 620146824
2 9279 822 203858642
2 111492 5963 650574477
1 158149
1 97185
1 150345
2 30752 23598 962097003
3 57553 104756
1 167390
3 141687 2653
3 412 29279
2 21157 81905 75780532
2 93864 104990 410904809
2 114582 163823 459422633
1 23601
3 130030 163575
2 160820 19508 868037915
1 110879
2 110644 2898 639931874
1 29355
3 160921 82124
3 39817 97695
1 24588
1 76496
1 55309
1 149247
2 91289 8856 385051667
2 139497 57439 894062153
1 145107
2 31112 69322 365364835
2 141642 126773 261476942
2 75002 154044 997705953
2 139181 54149 563465410
2 126396 150372 602062813
2 132709 159496 635197956
1 92986
3 12808 24351
3 122239 18329
3 150295 145202
3 152745 125275
2 137378 157213 404901220
2 53643 155353 241185084
3 90414 152378
3 11507 172435
3 105108 149086
2 117300 25777 778668468
1 63703
1 137539
3 160831 37398
3 88129 167188
2 151298 57853 394055964
3 171686 97681
2 31569 162249 250468132
1 72046
1 203
2 19637 120641 434736747
3 7302 130249
3 31846 127015
3 40670 117655
2 61729 19696 843140296
1 19395
3 169527 138604
1 161254
3 93737 81617
3 72557 88187
1 89801
2 109808 46456 597708106
2 69961 82743 898532230
1 112507
1 5804
2 95899 51191 461207042
1 129322
2 95453 148235 376991816
1 9474
3 24486 169743
3 74813 109421
1 90256
3 72386 119014
2 99329 120895 195513041
1 126944
2 153350 94978 659506477
3 55539 12927
2 121424 107863 963734820
1 58940
1 62028
2 168311 143386 914551153
2 54612 107475 274353947
2 103834 100083 362141293
1 89328
3 51904 112514
3 91472 46361
3 106350 88556
3 140813 63656
1 134364
2 152554 135096 792224429
2 115388 21899 512223437
2 112565 1172 711377360
2 158107 167850 210273734
2 4949 153537 836026003
1 120948
1 17130
1 85738
1 102908
2 77564 160936 194543609
3 131717 155657
2 33050 69113 187773934
3 80936 106466
1 16633
3 11388 82007
3 170016 140887
2 112708 150828 871503937
2 11279 102867 632546712
1 76113
3 116539 111023
3 16552 134695
1 90474
1 130918
2 84900 44340 968626137
1 56124
3 79233 88776
1 13465
3 95917 164170
2 57070 132810 625449424
1 83666
1 167266
2 156345 149928 396365624
3 47383 115500
1 64048
1 113576
1 66168
1 122196
1 8227
3 137074 148981
3 92806 45829
2 120418 77741 233259873
1 121060
2 115596 84548 843894382
2 22363 159215 299455901
2 87745 68320 933011544
3 52061 64978
3 4638 18422
2 66809 82386 621933534
1 156865
2 106538 131185 429509289
3 112672 73856
1 37137
2 99306 152605 608691215
3 125537 120095
2 3133 10772 458494137
1 17034
2 64002 85687 788705909
2 82383 111897 603539051
3 72932 154888
1 156183
2 167969 1491 519462101
2 14182 32226 425806940
2 92987 90895 264758500
1 76383
3 18326 66498
1 58950
1 67514
2 64483 81414 176900720
1 101361
2 139290 30579 950210570
2 142815 172835 266527060
2 123564 120269 50364688
3 48205 140966
3 66378 7631
1 84361
1 146419
3 87574 3151
1 48175
2 155844 125780 62462967
1 122004
1 43807
1 67724
1 118472
1 19451
3 41832 99704
3 114741 64778
1 153822
2 72465 55362 535387355
2 161060 129675 356718502
2 31813 52657 822172389
2 168369 114881 190129645
3 58502 23620
3 119174 22118
3 88545 81322
2 171651 34752 439101368
1 171295
3 170394 22210
1 134232
1 155642
2 12258 99420 480726074
1 69006
1 80225
2 121960 144807 942247518
1 152804
2 29933 88577 49516865
1 1403
2 35079 7633 363694015
2 154655 27289 531171547
1 107973
3 1334 87734
2 59893 106252 12627082
1 159499
3 26896 69176
2 108226 7976 114818467
1 159173
2 148088 109848 467417822
1 147146
1 54007
1 81043
3 70385 135818
2 79734 158506 560898158
2 85880 52952 45146885
3 103467 15731
1 28321
1 23966
3 76689 115395
1 166312
1 118301
3 18839 163228
3 57104 160516
2 155168 71105 410047795
2 17768 122167 652138583
2 128596 116710 792962970
3 11685 16784
3 92902 27507
2 157436 53800 102371508
1 87348
2 147558 48549 883259278
3 138878 118133
1 154884
3 75057 95899
3 48643 157508
2 18971 40036 77802525
3 27674 122190
1 61255
1 53133
2 139958 44592 789269252
2 146571 70671 491433492
2 119968 53529 603710942
1 167674
2 112246 116805 586960942
2 10404 89545 881212461
3 33112 170431
2 47414 166465 576775708
3 121789 121644
3 95761 48654
3 76444 103818
3 44347 165058
1 114622
1 137028
2 140077 23438 390573993
3 31541 165770
1 69318
1 72148
2 117020 30389 84442115
2 156908 113242 890701191
2 117472 168544 557295214
2 63096 214 796937426
2 120343 11319 297535259
2 162606 52910 137743849
1 156176
1 142007
1 146747
3 60882 152577
2 26159 39752 975446894
1 46486
3 50099 58641
2 172849 6239 820259668
2 15693 7801 167216003
2 84022 142914 872795273
1 146619
3 165741 105877
2 119800 169685 309576574
3 130729 119627
3 63300 69413
3 49322 91835
2 91459 105372 701355107
3 120468 74883
3 89194 60144
1 98072
3 93593 46784
2 128873 147645 14587982
3 55461 32044
3 112009 101252
1 125939
3 37823 71926
3 20947 114714
1 165249
1 58399
1 49722
1 30401
1 31228
2 107772 170838 101024937
3 147034 6158
3 158347 155257
2 100014 172492 737838056
3 36724 92622
1 147265
1 155387
2 35188 122421 725563765
3 2289 32492
2 151229 26181 106518201
1 161893
1 97931
1 121093
2 29398 130408 256888298
1 146714
2 160212 149641 322800449
1 23350
2 64302 164371 593088381
3 118516 58681
3 163872 145563
1 18002
2 131096 141515 319368648
1 140427
2 2297 44511 336293993
2 124506 166407 45308221
2 159583 58459 202283751
1 106952
3 100344 23741
3 35724 106200
1 96676
1 77979
3 97731 58175
1 20175
1 94259
1 90145
3 30708 115373
1 79194
2 119822 50739 79765321
2 148848 167190 48799181
2 40645 75074 723244454
2 75226 29960 360384040
3 19888 131873
1 158209
3 66405 109149
2 139633 167010 720123469
2 122958 70705 300044020
2 92552 154758 590128401
2 115192 149279 284343263
3 165296 122244
2 134734 85576 589927304
1 158037
2 147012 61341 156558902
2 24960 73383 896634080
3 155350 115983
2 34355 33799 878188538
2 126810 6430 537757592
1 133719
2 123219 57840 670502793
3 26786 78080
3 41753 23185
3 114067 21649
1 165570
2 158625 7284 39883169
3 75600 25681
2 54895 65420 176350929
2 134389 12584 514131238
2 46917 40996 931542334
3 42191 55117
2 163982 92818 603163154
3 47472 77662
1 86796
3 39311 6525
2 42686 153154 120702263
3 8496 76734
2 30241 141349 495258980
1 156289
2 28943 58190 35322962
1 141293
3 100566 55089
1 94119
1 116957
3 55131 163389
2 138549 90936 865482083
1 73931
2 85808 136344 693415879
2 101547 170714 213308209
2 76814 82580 456519922
2 121860 43683 89947502
1 78138
1 11456
3 75794 166821
2 57223 995 796554273
3 31725 136644
2 39622 40195 673280714
3 145884 1590
3 56454 78671
2 86642 142158 460154879
2 38893 87392 464108621
3 79569 47355
2 151927 110652 619609993
3 124944 145922
1 24510
3 167327 104293
1 62300
2 58115 64190 937899802
1 144509
1 104653
1 2697
1 165077
1 167323
2 148422 164365 333312814
2 61116 90642 894327636
2 118585 120608 84407523
2 160863 149491 892324033
1 153769
1 101900
1 73274
2 90461 19396 568367816
1 74863
2 121927 83955 347711520
3 122661 15134
1 119449
3 117847 86829
3 47809 97893
2 67720 89765 292147607
1 77731
2 79662 32613 93057567
3 151279 77006
1 85711
3 147790 167516
3 72041 4558
3 67923 151624
1 35683
2 118146 81561 909025982
3 76432 82440
1 35936
2 110177 150811 65242962
1 171547
2 61617 110245 871443621
3 20844 64427
1 91258
3 37956 13535
3 132838 65698
2 2347 127583 899905785
2 166709 138271 230273131
1 32227
2 76036 108971 301410636
3 867 142820
1 18480
2 86312 172088 898178750
1 25196
2 46061 78318 207651790
3 130407 20117
1 99951
1 1905
3 156540 139024
2 39225 85500 101495547
2 127157 48946 858006644
2 141195 138054 552095297
1 129344
1 163822
2 106459 88621 322734816
3 76601 84323
1 11161
3 137924 151669
2 2853 7800 731934172
2 43145 66875 798016600
2 15750 151145 399934587
1 8112
1 46615
1 153155
1 26175
1 136620
3 35467 3254
2 28826 91583 379501058
2 141409 162594 443281718
2 65314 45554 458396584
1 100449
3 37623 165447
2 50296 38417 361678216
1 137338
3 50908 152424
2 17936 158619 922342108
2 124504 162419 469088368
1 44779
3 84888 52707
2 2787 80961 921628408
1 32228
2 9277 117060 574245899
2 137014 167790 159318635
2 151465 26845 153256372
3 128596 88689
1 76605
3 155273 31411
2 97067 69505 893758342
2 150318 4169 123027259
2 32957 9687 917148060
2 140175 165096 458416668
3 60273 51088
1 96739
2 113616 89058 924515782
3 141533 23793
2 108009 39031 311100912
3 93260 22598
1 39718
2 99665 134419 377518683
3 144924 51607
3 143311 155219
3 107390 94763
1 22755
3 146536 97006
2 437 14068 600431178
3 126638 66414
2 20479 48300 681286728
1 83618
2 23906 78949 294106387
1 38513
3 25255 151493
2 90727 122737 497950901
3 83261 43774
2 129045 44181 330288496
1 156115
3 9986 57638
3 52290 23056
3 81382 136056
3 120612 73020
2 161498 4259 415466208
2 160784 10330 206880940
3 38592 106491
1 38880
2 41836 143584 803776605
1 4873
2 47325 128450 681401882
3 112390 134190
2 58641 66693 529869705
2 25284 79106 972393435
2 35237 73256 585612921
1 28999
3 85444 51877
3 91756 161597
3 140095 5558
2 59857 119407 258994183
3 129185 10941
2 163554 11541 489948068
3 85793 127332
1 46298
2 35130 196 651149924
1 88718
2 37994 96649 105320686
1 91943
1 51537
3 98723 14879
3 108835 38871
1 41949
3 65388 75535
1 158088
1 111715
3 108205 167251
2 35453 149380 922605004
1 113365
1 57675
1 53773
2 86208 11251 574411311
3 118791 84320
1 79941
3 46284 53441
3 127411 136769
3 167264 39630
3 136037 161240
2 47077 73499 156649353
1 85100
2 58912 33056 290581481
2 117623 168413 30041589
3 151498 101704
3 121921 41436
1 169916
1 24028
3 26132 18793
3 162763 84021
1 102028
3 24436 11459
3 38449 33905
1 136463
3 103081 840
3 16295 30750
1 93977
2 103587 92199 254625218
1 106231
2 49149 45499 76700092
1 157539
3 54001 151984
1 96928
1 146071
3 132248 118112
2 150835 108812 926802459
3 113676 100815
1 113790
2 36086 31230 385164840
2 96876 71136 950804949
2 44595 59234 848594558
3 34506 22897
1 122426
1 158254
3 33814 160111
1 171010
3 30358 114935
3 121732 43540
3 25741 12283
3 124991 148541
2 122387 33769 328465982
1 41520
3 133849 47958
3 116927 61369
2 112211 44652 217576143
2 93507 133456 727007432
1 79692
1 19561
3 163141 8815
1 111879
2 19661 9906 587514814
1 150499
2 148103 140140 259822368
2 89460 57165 961679853
2 153747 15829 480245825
3 33061 154190
2 139620 160984 147113348
2 109369 43065 877095983
1 127152
3 105775 58275
2 88415 121898 641278221
3 48684 36590
3 53088 115142
2 12833 171868 117423736
1 9931
3 60866 30174
3 70612 167202
2 129460 69526 848047043
1 157128
3 56075 100234
1 125118
1 164611
1 163670
3 88993 38005
3 168130 117538
2 64033 1854 37779215
2 124204 74012 848910070
2 47131 102775 136420312
2 13114 158096 988073216
3 115582 138162
2 31388 165000 769877235
1 92478
3 92393 13998
3 94645 70639
1 58781
2 68609 73618 183875816
1 38852
1 71705
2 7931 60944 897388789
1 15444
1 1114
1 89793
2 25034 21951 151423379
1 1903
1 142035
3 118364 164857
2 67453 103541 862033512
3 97490 57633
2 72067 17829 505137506
3 13082 61818
2 138194 5046 950877048
3 109031 11187
1 125958
2 149002 16676 340433781
3 4767 63183
3 100937 84844
3 51976 24671
1 33407
2 106621 167838 625485863
3 120935 150395
2 1013 83995 533242288
1 171368
2 25137 37424 616882835
2 81170 59489 126151253
1 164721
3 2832 108392
2 16136 11703 971603497
1 166999
1 78074
2 61961 143964 818479182
1 64965
3 90834 171273
3 55583 92381
2 151394 141614 705505084
2 168204 77420 825502448
2 25453 163909 765027686
2 171998 82765 765791818
1 110361
3 32440 141637
2 103265 143849 957312515
2 76419 2955 747000228
1 23263
1 162735
2 96663 52338 127329
3 20374 53751
1 106119
3 166283 83681
3 52100 135246
1 75301
2 92046 107985 570648707
1 109502
3 91628 159422
2 3167 93971 434396221
2 122612 120959 91989890
2 133475 164378 78178162
2 107588 116921 196450518
1 56569
3 97271 10347
2 103370 76987 442298659
3 47516 144326
2 75086 101032 682133501
2 75881 170581 852602418
3 69566 168436
3 59902 150812
1 9731
1 153448
1 157016
1 148222
3 3823 106297
2 32829 131119 8374400
1 127346
1 65031
3 30046 162694
2 9974 41435 877607476
2 63161 104487 683248025
3 90988 97579
2 42642 5325 833744530
2 69111 63317 50343579
2 124960 146556 542157757
3 150220 91826
3 115866 20044
3 138053 158391
1 152304
2 150056 84934 386957847
3 20216 142173
2 121493 53159 502029332
1 41955
2 141432 165821 531315434
2 164106 94743 927244305
1 169603
2 156735 156406 861538396
2 11053 59500 557905597
3 23590 43900
3 121019 59404
3 153819 117595
2 128465 132054 873638964
1 137186
3 146274 135884
1 97302
1 79734
2 137859 49388 526509076
2 1887 172326 782870872
2 76431 107737 369542119
3 22306 14214
1 87017
2 124598 40251 53549710
1 94783
1 105819
3 13132 114060
2 63264 155584 195410004
2 75956 60364 45338060
1 58763
3 138980 151233
1 36089
1 135078
1 31490
2 101160 47371 631637386
2 143607 82789 26271677
3 133090 101994
2 42834 75540 282430508
3 37845 47982
2 126160 58436 190958804
1 170237
1 70058
3 153394 89564
2 37993 44944 232474312
1 42882
2 127292 42836 374921926
3 14201 78262
2 171863 59432 379336224
2 100142 37044 188071196
1 91460
1 66018
3 119675 148281
1 141308
1 119832
3 163763 54696
3 119444 146066
3 46129 7788
2 71920 146383 13717647
1 51087
3 115661 33078
2 147031 28519 962554959
3 143133 170607
1 76852
2 74818 42714 2914534
1 73497
3 151138 107078
1 4971
2 104651 134173 804283662
1 160034
1 56237
1 91324
3 35917 144482
2 50022 70483 363727435
3 42922 106031
3 142873 121499
2 88398 19304 154758083
3 159689 158800
3 149410 112523
3 63994 134301
1 156210
1 45470
2 47581 126013 769495327
1 155232
1 76923
2 157757 18171 221468362
2 76587 71359 24285686
3 160297 104996
2 88120 154365 413735330
3 169008 151342
3 154447 130169
3 47238 119075
3 164798 51939
3 31880 169601
2 16628 15401 820151917
1 170002
2 130251 148168 28281343
2 6596 67632 194220119
2 94388 103561 309035430
2 17367 81203 679413302
2 25147 84047 894068087
3 134970 114377
3 112683 49809
3 33014 1182
1 46532
1 167998
3 60963 72377
1 6338
3 67842 85144
1 48311
1 133952
3 171139 16234
3 8049 37079
3 47241 50099
2 149175 34711 913784320
3 164581 67297
3 57099 37386
2 131284 89410 410957732
3 8202 76660
2 131512 168079 11188503
3 52177 164517
3 6592 79916
1 140531
3 22415 67895
3 33833 161077
1 75329
3 154648 76393
2 74144 34251 404650311
3 45272 21960
1 135417
2 3354 60454 621730727
3 85593 62401
2 77350 3343 121695397
1 96749
3 71877 37372
2 154230 4951 335207989
3 123745 27892
2 78202 51357 386943319
2 24168 71453 486862944
2 42369 4128 732433889
2 45965 144948 890907301
1 51965
2 45203 161243 190015039
2 26746 61406 53523393
1 168191
3 115878 46839
2 80990 119 344034084
3 149575 84363
3 16691 147229
2 32399 103366 390289159
2 147258 92560 544659342
2 24982 168442 410055996
1 14411
3 121351 152726
3 22042 85885
3 109433 92210
1 65330
2 14459 149511 825292883
1 128769
1 153428
2 38827 88010 959297093
3 168975 154723
2 55109 23102 880237021
1 59546
3 27167 120720
1 104555
3 160644 72760
1 163636
3 80277 49615
2 124090 102040 248429112
2 61282 66129 332279235
1 27020
3 119794 41158
2 163104 66901 412814904
2 16008 100915 563733344
1 157562
2 95261 51152 96998595
1 40437
3 149460 140582
1 135666
1 132161
1 96975
3 47538 129607
3 46075 72213
2 57222 124456 331590806
1 18539
1 88182
1 85194
2 49563 118299 907780725
2 71568 153585 890551609
3 138939 45272
2 14894 128049 197318812
3 168845 6934
3 17043 40981
3 159511 87394
2 66321 99692 5905049
3 120794 98269
2 27202 61963 785176919
1 96027
1 88902
1 71845
1 167532
2 87201 151283 18946288
1 90670
1 133287
3 133448 114525
2 55246 163925 566571459
2 44452 156882 121473566
2 87597 12108 514815496
2 48886 5153 146074282
2 25600 136015 368585192
3 6623 62034
3 81560 145885
3 63871 61448
2 26985 27598 342359471
3 162947 61778
3 71718 90839
2 39624 164117 884277918
1 98653
2 143654 67320 756056553
2 142513 9978 588163731
2 108912 124843 395948909
3 120583 15233
3 115761 81203
1 76960
1 114647
2 96937 116783 315336218
1 17491
2 132167 6070 133978350
1 65680
3 146432 31671
1 104577
1 103851
1 93092
3 167933 108349
2 59268 137225 760958793
1 3604
2 28040 113983 162079136
3 132185 5640
2 12018 34631 570876955
1 167864
2 97927 57560 985522730
2 154140 42305 247605577
2 67374 97819 417687171
1 59223
3 112532 14586
2 89184 77179 505063434
2 89478 138899 657804134
1 140151
3 5967 1012
1 21294
1 70144
3 162628 158134
3 117475 112202
3 63103 145872
2 106200 97729 740994717
3 121063 88627
3 32734 51388
2 52491 19637 893254550
2 131643 110404 50183113
2 131681 74521 381897860
1 114006
2 103034 138196 657812667
1 111464
2 72849 169857 53086209
2 153563 31018 312395279
3 10139 122753
1 143234
1 40960
1 93462
3 95847 10485
3 11743 4696
3 113101 24632
1 158501
3 139955 112100
2 108614 172780 598727041
3 150330 77672
1 152728
3 70642 468
1 54387
3 117102 72265
2 12701 105159 653759230
2 143886 84987 200078862
3 160435 157993
3 73850 30872
1 120361
2 143387 19137 92776970
3 22660 82584
3 36255 39912
1 92198
2 96393 34519 252091846
3 171571 130123
1 66881
3 143137 45431
2 153003 148856 184118520
2 55034 111539 587472205
1 116570
3 71197 27370
1 127065
2 157363 162741 874220397
3 105880 2436
3 53048 2078
3 93871 29408
3 15036 170071
3 76447 111911
1 142470
1 147128
2 155862 45197 740737168
3 154572 10640
2 66501 144491 67413916
1 77593
1 44118
3 27227 48769
3 110532 33943
3 94372 2316
2 7017 147043 462012638
2 156800 56476 331422175
3 48920 114186
1 57755
3 56699 145336
1 145953
3 105976 120432
2 12788 125699 495252974
2 139965 150244 541152760
1 77612
1 140863
2 32378 77986 404672070
1 127482
2 44295 145079 239813596
1 169396
3 130812 11951
1 37047
2 136082 49110 282879325
2 58767 165702 779883140
1 169678
1 1472
1 50714
1 151167
2 61689 4912 558321848
2 157852 148129 324247729
2 18452 99755 19826720
1 73968
1 30459
1 14479
2 160902 45585 236299194
3 162096 27528
3 60119 151197
1 12971
1 86071
3 131103 135444
1 95660
1 36637
3 31085 130276
1 111088
1 77995
3 106906 45049
2 152296 29405 675748165
2 61577 49151 285589247
1 74255
2 165623 133169 230981692
1 43440
2 171813 64605 455561619
3 18305 116140
3 91364 136187
2 116110 164660 525349567
1 126900
1 128161
3 34174 129005
2 169526 134961 229455552
3 21734 101360
2 41864 77505 49885763
3 112533 135386
2 29775 35775 292333119
3 90534 49252
1 153397
2 157311 44509 587104380
3 47252 42128
3 65647 101774
2 116433 103867 540001922
3 92176 62749
2 44882 85722 455909857
2 99095 12436 770314271
3 54 11954
1 100451
1 46445
2 62842 91656 645597740
2 162060 91139 39230481
3 55585 19050
3 26608 152039
2 65435 105618 195286025
2 100431 92550 724120138
2 52036 151928 520524368
1 8591
3 158782 93504
1 145967
2 93678 53463 64753292
3 2182 46879
3 21869 1989
3 35589 113670
2 49934 86297 49556139
1 41754
1 81362
3 94628 110554
2 135339 1808 710310507
2 28904 162947 283357913
3 66469 56735
3 5672 19890
2 145750 94060 332641637
2 133655 8808 604097057
2 136083 149371 189322979
2 165708 110009 926166190
3 81048 125568
2 8861 122156 613636025
1 139871
1 145258
3 167733 16996
1 83021
3 125015 5196
1 26502
1 129412
3 52589 167542
2 28592 141073 698322094
2 49299 158558 58636642
3 142969 3937
1 31204
3 117079 169137
1 95432
1 34927
3 105893 26390
2 140807 9083 579315627
3 120509 122214
2 124680 151495 863279043
1 14309
1 148342
1 155993
2 26926 128807 741045254
1 32748
2 110666 100956 60762505
3 82149 127130
1 162283
1 72926
3 148582 5420
2 1824 84386 242420049
1 44607
1 143418
3 40793 118619
2 100989 73076 546214950
1 125685
3 51904 110357
3 148377 150524
3 107084 23527
3 172138 20366
2 151819 4899 322809146
3 8984 87870
3 106928 14915
3 61991 77095
1 141958
3 63030 122272
3 93124 124302
1 99150
2 152375 61430 559849443
1 78320
1 159132
3 104936 77542
1 134398
1 25391
3 61443 37846
3 9434 94694
2 45544 161818 739966908
2 147384 115785 242152922
1 130460
2 39679 134196 72102220
2 164117 33703 723216052
3 41853 162743
3 148205 99653
3 158162 117617
1 120587
2 142131 12847 41656622
2 78281 87382 297416092
3 162676 19608
1 96023
1 136139
3 54770 147423
2 4675 17879 296260274
2 133337 162217 283863134
2 166320 147413 947988487
1 171247
3 55974 15889
3 122414 81367
3 46917 25055
2 134701 61297 641095435
3 13837 7578
1 159558
3 139054 27024
2 86807 154375 815312169
3 41928 149358
3 71416 89482
3 105081 98301
2 29427 32724 290026420
2 23701 102675 782370261
1 129565
2 110318 112253 363161130
3 150969 110529
2 128992 86993 526829957
2 123207 77657 492029780
1 20436
3 144518 18374
2 8044 102939 579126032
1 16618
1 114525
3 19059 113630
2 68431 18217 743705581
2 26000 35731 922199802
2 47819 99640 884614358
2 35142 27333 580788491
1 96156
3 115864 26379
1 78864
3 51430 83976
1 24677
1 96893
1 78630
1 99322
2 76676 115884 397422061
3 13953 43219
2 24206 32174 737608275
2 106532 74336 190170942
2 61038 2853 229759046
1 157592
2 54453 63029 920651197
3 3626 144143
3 12230 85849
3 8937 92498
3 46863 113627
3 121458 152232
3 85006 95144
2 154844 23586 620101446
2 111923 134190 60991689
2 65087 34275 738123778
2 93636 38831 494939115
1 30510
3 93567 44299
1 87433
2 128303 163732 631207338
3 89894 116988
1 100840
3 92600 89485
3 137769 91033
1 29541
2 117458 47304 471772631
1 136133
2 151084 133875 995772091
1 28933
1 22596
2 94550 150262 431545588
1 28486
2 167247 160464 35088922
1 63285
3 33184 80232
1 125451
3 96845 28200
2 24861 137596 97416457
2 28917 115470 826984608
2 100741 10255 830151766
1 24793
2 47521 140949 866092953
3 114211 151864
1 59367
1 12506
2 14368 25924 285225098
1 121064
3 26487 132414
2 108907 104135 588665498
1 112522
2 23338 2607 365926571
2 48563 91592 961969225
2 23959 138628 422534668
1 7390
1 166281
2 13990 143061 757485517
3 169584 79666
3 125161 1814
1 47144
2 32175 67760 317935425
1 154231
1 116479
3 43577 110576
2 78451 147370 616922162
2 94130 57486 940395899
2 48700 90876 539508505
1 126894
2 42573 25322 980765503
3 135585 171140
1 1566
2 57014 10379 560126970
2 133445 26814 684583847
2 102437 115318 858126506
2 111698 24017 140687284
1 22866
3 81675 122436
1 69836
1 77595
2 35344 60231 394848877
3 80030 143053
2 114778 61670 580817068
2 58478 16756 527703449
3 16488 120332
1 31821
2 140274 23585 357320924
3 120552 11897
2 103879 112853 447148077
3 119472 164982
2 2299 15891 169783739
2 166673 2649 684743782
3 137788 98524
2 30679 65211 511728602
1 57485
2 101084 95221 99922919
1 78192
2 18643 34441 3115342
1 132255
2 129737 106878 575724858
2 48741 34085 741880121
2 164807 107038 724862234
3 74620 100148
2 129413 6262 191986984
3 21910 167190
2 93858 59386 769958507
3 28095 55065
2 3759 152359 662574416
1 129133
3 85054 53170
2 84497 149152 555623246
3 120720 112377
2 13285 18389 290867238
2 70324 124977 861859835
2 128437 141870 518847835
2 21690 17874 252384762
2 127062 105347 988392643
3 68941 127952
2 83629 154491 673786413
3 67622 93048
3 139258 9426
1 87168
1 83395
1 23982
2 42277 135296 276227024
1 144853
1 149178
3 139817 3615
1 57208
1 147464
1 61258
3 22298 129230
1 172512
1 129344
1 85698
2 55922 132420 833690116
3 56882 89667
2 99394 78011 558900013
3 32623 161855
2 98675 40886 660075487
3 86241 149639
1 63748
3 83267 137069
3 145753 43892
1 126470
2 149058 143660 7815835
1 57172
2 50667 36140 865932178
3 48516 105926
3 104910 144319
1 75420
2 16706 78152 761142918
3 68428 80419
1 71441
1 105621
2 11136 26900 691635262
1 43001
3 61235 137267
3 139689 157077
3 157317 4539
1 67984
2 93133 123345 923458982
3 6439 19759
2 52221 9520 932906160
2 59488 166253 687717348
1 75206
3 145832 70667
2 58554 92517 610767877
2 108826 118176 623620723
1 57586
3 116306 31517
2 58893 37787 719478380
1 63130
2 154865 54730 540158190
2 37237 161268 191789552
3 32092 118972
3 79320 79816
3 99610 68418
2 34911 39607 110730695
2 19030 16925 13463036
2 8709 17356 561218523
1 154616
1 99543
2 105995 101178 612138409
1 5170
2 42670 32214 156895280
3 128523 71201
1 34863
2 160345 68079 995826631
1 5791
3 55620 77041
3 111023 163366
1 132900
2 10573 10957 630532351
3 88476 122507
3 28329 146965
2 115548 6300 40168307
2 11819 47076 900715561
2 108336 80811 175023878
3 109054 4361
1 131739
1 39298
3 129067 23861
1 84184
1 64678
3 150366 139312
3 142089 38480
1 70371
3 28879 88336
2 86251 38970 143979390
1 83828
2 140098 63919 691815210
1 61862
3 92360 56630
2 58944 33645 542644992
2 76455 113875 811005001
1 38738
2 80153 151120 539371615
2 149988 101879 302750666
2 107806 57497 512079652
3 102588 66002
1 165066
3 3510 33950
2 54354 67619 213848222
1 14312
2 97101 129414 265689116
2 108235 57289 225751157
3 106793 17875
1 32234
3 105773 162533
1 141767
1 36200
1 48027
1 97626
3 156180 30041
1 70877
2 166286 92917 351691905
3 78660 108542
3 34610 131791
1 82932
1 56570
3 74088 143317
3 93462 50046
2 160891 91314 836272059
1 118293
3 164257 137775
1 170093
1 124512
3 106810 55397
1 12515
3 133759 151868
1 20303
3 15739 152058
3 160793 63199
2 116685 150124 98517931
3 19756 31363
2 66291 34149 282807173
3 32024 38047
3 84150 109971
3 121507 92608
2 90920 90754 930101211
1 22507
2 52313 141655 408496166
2 81331 148215 735000565
1 117158
3 7403 137053
2 143851 141489 78833021
2 95 75394 989547459
1 59909
2 120333 140228 621697179
1 6111
3 2950 52725
1 10018
3 640 168407
1 49749
3 62357 64403
2 76674 57699 674084977
3 8065 24171
1 83075
2 165317 147664 916874674
2 62112 7782 23944476
3 168272 3796
3 138247 172447
2 3627 120138 358873071
1 57822
2 41007 61770 637668561
1 129278
3 104147 78350
3 52535 73641
1 129739
1 29165
1 10375
3 135701 16230
1 165297
2 136819 98519 963429230
2 37203 18447 525689540
2 10831 104955 8761073
2 8039 100417 91284539
3 133897 23419
1 172809
2 32453 34319 578041909
2 92689 32935 133149478
3 9938 148073
1 133657
1 144829
3 159237 92052
1 161881
3 54175 9528
2 118571 134803 933534720
2 62682 67442 277488257
2 162443 11996 523458458
2 123228 139937 635689645
2 110320 93651 918810293
3 158921 129464
2 32174 69346 891234109
2 168774 131222 117479952
1 145183
3 6137 6928
1 140789
2 88232 169513 649179461
1 54737
3 92959 16259
3 149129 59364
2 27719 68926 587662433
3 51071 30076
3 78427 92675
2 30799 160132 394053286
1 71909
2 9616 119864 321936369
1 113193
2 161637 75623 358613281
1 167211
3 77864 82340
1 79118
1 74459
2 75366 29319 414781197
1 66361
1 20928
1 102222
1 37382
3 133302 6024
2 64571 149606 401546864
1 119918
2 69222 27176 457932309
1 110832
2 8344 52268 740743801
2 45029 37446 526102589
1 73491
3 14766 89532
3 74354 8642
1 140389
1 12491
1 163534
2 103987 164233 10340025
1 76975
3 67108 45491
1 52980
1 131742
2 25918 19174 991612890
2 107592 76873 67732880
1 121711
2 135911 101259 223627136
2 56470 87139 410510391
1 74141
2 39038 52892 410111904
3 46242 5187
3 100983 58313
2 68407 119914 856260145
1 103228
2 52928 36644 422966943
1 136111
1 20827
1 114359
2 75078 21078 998244679
1 27926
3 76240 85241
1 172263
1 28500
2 94431 45751 6298220
2 50960 84791 403778301
1 92409
3 162097 102868
1 45366
3 37575 95432
2 41459 103177 27229186
3 120437 16826
1 172233
1 98950
3 145597 87710
1 101552
1 155577
2 46428 25824 997522309
3 62372 12586
1 35779
2 153205 163986 113210165
1 885
2 138657 164272 557365649
2 163061 41985 92332415
3 143799 130685
1 7731
1 97785
1 107693
1 4841
1 98670
3 164904 61060
2 130634 52118 971105422
2 153968 129937 453096772
1 170486
1 76060
2 136278 73011 521493002
2 98473 136718 572332318
2 86257 144518 113523268
3 56465 134736
3 170890 49368
1 66984
3 46831 168908
3 5333 128210
3 47974 39294
2 7704 144962 697040270
3 104795 146111
3 37210 109470
1 2271
1 138766
1 70596
1 28938
3 59917 129762
1 45585
3 92480 159508
1 161703
2 151602 79198 442008795
1 131107
2 64326 163335 18692771
1 171714
1 35458
2 104677 139823 490895018
1 27083
3 141074 131369
1 93129
3 68406 115327
2 131665 83092 730090964
2 7271 163772 432267307
3 136225 142078
1 99171
1 67478
3 100755 164940
2 131018 145835 741681109
1 96780
2 16165 172806 207772008
1 162276
3 109941 128411
2 22500 126741 686876530
1 97910
3 66127 166240
2 113675 135551 793866872
1 47686
1 54847
3 40276 111798
3 89831 54820
1 375
3 58738 42771
3 49150 59111
1 80211
3 17413 144361
3 74994 119081
3 148826 120430
2 154237 117880 588568253
2 133582 45020 627950545
3 33797 30763
2 161428 125833 437333698
3 51188 65337
3 160303 163345
2 1710 31799 311468525
1 95327
3 111265 142484
1 45455
2 31229 161378 532943980
1 10649
2 172523 31803 341776669
3 164211 69278
1 163104
2 168226 81367 126149330
1 27131
3 116120 161820
3 103352 72813
1 152477
1 140505
1 85421
2 51828 156128 380964025
1 38921
3 145157 81963
2 11668 154990 379413508
1 85420
1 70867
2 58085 98567 784818459
1 38123
3 141857 132251
1 146363
3 162316 101647
1 157934
3 145981 89210
3 28649 109620
2 13663 1258 564698645
1 46690
1 96048
3 126314 20699
3 109578 140093
1 112127
1 15627
3 162605 130133
2 86469 149454 169973193
2 92998 145068 790225499
2 111063 150176 103871570
2 64940 69106 229545333
2 31422 69068 440004807
3 117341 88411
1 14758
3 103796 82882
2 14983 51983 103837544
3 38267 133517
2 70646 94565 429986413
3 14599 147345
3 50538 124940
2 116672 87719 412706988
2 110799 132094 658312412
1 89441
1 121259
3 154523 11259
3 82031 96142
1 168044
2 66432 151501 957663750
2 67665 84119 822586073
2 60320 70105 728016817
1 158548
1 166122
2 3848 30362 649559675
1 111529
1 47330
3 129825 128371
2 167980 82018 188586469
2 15034 102864 204975117
1 79996
1 36211
1 117420
2 56983 15870 299463106
1 67967
3 95208 48215
1 45919
3 149672 146120
2 54892 172212 428349854
2 96440 14850 718964652
3 61224 24668
3 84528 27479
2 84383 51044 628756882
1 110909
1 97808
1 169797
1 87406
2 51153 137155 132507488
1 20785
2 93543 166285 605899776
2 168907 57631 742810954
3 81796 112937
1 167723
2 29205 109755 260710531
2 102935 161870 837667639
1 170237
1 12572
2 21166 114610 649809273
1 55332
3 139914 40427
3 98174 116958
2 146772 57912 226824284
1 96017
1 88439
3 37834 107283
1 149303
1 135598
2 81612 69921 751961188
3 24843 144638
2 66740 143648 480238888
2 129381 100116 279696985
2 39780 62306 430472456
2 93799 63729 101186789
1 126165
3 44919 58296
2 25570 67230 297517677
1 41010
2 140240 114977 138597036
2 55033 140379 659017857
1 26649
2 9046 145573 849302010
2 143429 164266 484298145
2 134559 137374 542666187
3 106566 34398
1 119286
1 26295
2 74356 131725 512085740
2 89018 155981 663510056
2 140069 10258 88754094
2 35467 86403 679141603
3 152106 51603
3 105178 54242
3 142973 67737
2 66787 33660 962620134
2 72051 113187 906091551
1 70576
3 62287 144757
2 7371 133469 592809652
2 79725 15567 336047690
1 149523
1 89652
2 68079 22922 97480582
1 36591
3 6136 156741
3 54755 69743
3 146000 38706
3 21270 98969
3 55061 6862
1 144076
1 101021
3 152031 48970
1 47129
1 60212
1 84592
1 95424
3 32063 69443
1 165080
1 92573
2 105849 100756 513735730
1 101411
3 135314 16460
1 46074
1 81
3 71841 116005
1 103249
2 143651 150827 633261312
2 55780 135918 723805039
2 131883 113950 491122131
1 42255
2 78621 121455 843856177
2 133006 90673 567564770
3 89480 30092
3 59954 133234
3 42811 37947
2 47278 92697 413516751
1 6507
2 7005 8832 629165379
3 24657 159496
2 13348 11544 418225630
1 3805
1 14153
1 85300
1 165653
2 22473 170054 665279088
3 89112 39044
2 19139 107775 781331221
2 134201 158689 114272104
2 76611 6821 71353321
1 61964
3 101501 96099
1 163146
1 31449
3 155338 97097
1 124805
1 142198
2 147551 26774 123105354
3 164962 88771
2 20376 17187 179834329
1 161505
3 129088 92152
3 158784 12104
1 76989
3 56458 50263
1 3730
2 60684 41485 22760747
2 149068 45219 541209564
2 126508 20421 781247916
3 112638 38779
3 75654 72666
2 163163 103045 248449308
2 11589 37211 572876965
3 79746 86770
1 136357
2 112573 169684 450247285
2 4605 83620 879870825
3 128034 24736
2 100552 86857 447346413
1 118880
2 79236 100903 453552179
1 6125
3 98965 139670
1 5714
1 89170
2 165118 130713 486389951
3 62562 77122
3 92672 155931
3 49900 107477
3 25103 129215
1 122628
3 23988 74483
2 72989 5317 127082227
3 34274 8379
2 14401 40792 599752808
2 79086 114632 419457036
3 11114 160848
3 145392 140903
1 143186
2 93137 131001 458098855
3 117069 97750
3 44348 116932
2 10202 113966 545661128
2 93864 7334 283885445
2 71445 28394 196106362
3 7327 16773
2 12082 131765 623356747
2 37720 89326 651620417
1 168770
1 76630
1 116195
1 137884
2 28512 84288 165277239
3 2495 13707
2 3195 146300 178715668
2 69262 73457 148219476
2 55920 154978 352626642
1 122094
1 41873
2 9506 151656 677678781
3 98414 165891
2 132656 103705 357682225
1 57346
3 55270 71756
3 144252 134211
2 41675 27198 763700507
2 127200 97591 740890158
2 166166 70712 633187954
2 17179 42989 228725324
3 58100 13981
1 156491
1 161622
1 4966
1 172362
3 110259 119172
1 3018
2 151378 51401 882097877
1 69429
3 126162 60875
3 62933 158596
1 104500
3 157969 82275
1 58515
1 7645
1 4436
3 72312 147204
3 82711 1149
2 43018 13482 317418760
2 147886 47258 207228013
2 97961 12414 899626747
1 57240
2 141361 126720 444313474
1 80004
3 107398 72841
3 50968 75103
3 40699 134545
3 93830 153034
3 170414 76003
3 2577 159551
1 84060
2 138805 20934 93019215
3 161035 142883
2 25886 53699 256619087
3 118929 74138
3 15743 77127
2 45407 22318 773528300
3 107690 146674
1 115646
1 41941
3 117393 83939
2 31770 47229 36271940
2 117148 3547 884328725
1 160822
1 59432
3 156849 145383
3 147038 24865
2 5883 43008 430562783
2 133901 57725 764464174
1 133399
3 137946 115241
3 124707 167165
2 112241 136317 368195052
3 63928 81383
3 25714 9537
1 161079
2 104904 41799 317005428
3 157950 37531
2 59475 33556 252128166
3 63833 1506
3 14674 42098
1 83374
3 100228 138196
3 73453 83179
2 124128 74978 559455331
2 7814 135793 377039172
2 77619 141928 628613199
2 119622 92375 907250486
2 102460 82737 161566544
2 75512 262 720782872
2 150402 133296 737880000
3 145134 33675
1 39836
2 131394 54931 355255091
1 168537
1 49756
1 73727
3 111421 78519
2 37136 22754 490529471
2 21206 72534 6816674
1 76934
3 52809 87641
3 39540 70684
2 166057 154859 383772660
1 28171
2 43315 11012 678263739
3 157437 6670
1 41667
1 132807
2 140374 117767 990780529
3 125328 8100
3 105454 12618
3 74848 96883
3 126383 96587
1 87522
2 22341 145417 218607126
2 120436 99962 568722879
1 8941
1 104041
3 11086 35549
2 40596 15769 442565254
3 67511 160747
3 50846 28221
3 94237 10970
1 37362
3 42472 93753
2 126526 111117 564484134
3 46056 8220
2 122595 112593 122104479
1 98108
3 36705 44015
2 58880 113193 274623688
3 124592 19361
2 116996 56353 337483622
2 22809 121489 361657681
1 15356
1 163484
1 118344
2 62396 79195 872531289
1 127622
2 124601 120991 187931361
2 62149 52137 191576655
3 51727 38292
3 138949 56287
2 88506 23998 294342529
3 92180 60486
2 139481 111478 56192839
3 12972 144291
1 19062
2 107893 38764 342322357
1 95243
1 91509
2 34050 38324 530898099
2 122513 119645 208276009
1 54989
2 64895 144926 566011443
1 38410
3 82664 170611
3 150216 28771
1 152838
1 159323
2 21701 119347 664996871
3 155123 89236
1 105302
3 20510 47124
3 74454 137126
2 110346 116626 297152683
3 17299 143717
3 160959 87391
3 90639 106591
3 129365 158846
3 111903 71497
3 149380 113733
3 168525 115006
2 88794 58432 444077941
1 67259
1 128668
2 142953 140121 880932676
2 111066 107161 515801612
1 8429
1 139179
1 100296
1 37508
1 48767
1 10097
3 135576 137403
1 115268
2 161270 83186 239942994
2 115614 14487 348392919
1 80311
3 123960 116449
2 167975 103798 286758573
1 96126
1 20859
2 32750 72668 507945027
3 8443 2804
1 6023
2 79723 44135 620550007
1 55441
2 172848 144585 937399574
1 3907
2 42837 104439 808897799
3 114185 30161
3 107717 110756
3 161870 172774
3 101726 13609
2 3959 97219 299866296
2 163486 110872 490086292
2 119982 157233 970861924
3 99430 44932
1 104356
1 58503
3 149260 86170
1 152798
3 59041 7439
3 20525 114424
2 7489 157712 164907259
3 49410 7204
3 161209 111735
3 63547 150685
3 163531 64819
2 920 78786 621834267
2 69762 134844 917635898
3 35528 47526
1 158626
1 39354
3 129002 159226
2 79307 151365 448646347
2 143504 56140 313631894
2 15054 62757 581116713
3 77329 61367
1 100004
3 40368 47676
3 150498 109999
3 42956 99709
3 135024 118391
3 79506 129518
3 4477 102675
1 137206
2 132281 81548 533179614
2 34779 40882 832532080
1 10458
1 3695
1 79557
3 10868 151542
3 41630 115960
3 148490 130550
2 140848 10559 119118209
3 156574 145222
3 98001 80948
1 39369
2 11600 170842 408959856
2 22008 63402 527070804
2 82172 53310 669825597
2 1114 70717 953554843
1 108950
2 41607 120751 186100524
2 99215 54489 312180869
3 12417 95178
2 122778 157372 166823327
1 62006
1 85993
3 67992 168558
3 121167 159894
3 69998 58699
3 43225 75805
1 35687
1 82439
3 24300 28004
2 120277 99075 875350679
1 138546
1 13240
3 97513 146428
3 94823 153787
3 147772 90393
1 44762
2 152737 122985 395216419
1 39603
3 154635 49633
1 151125
1 24616
2 58036 23308 592933155
1 138801
3 74959 148686
2 82 47811 189708972
1 169190
3 25280 121007
1 108273
3 39427 58090
2 131446 35248 72555175
1 157044
2 11763 43297 612827246
2 11227 25906 4071150
1 146026
3 82367 82241
1 52009
3 20497 125081
3 83511 69033
2 102405 33224 20095067
1 136464
2 79320 152402 522875840
2 24281 71251 381493092
1 145
3 11088 40814
1 60104
3 61049 99296
2 10827 76405 420088269
2 37686 158032 482017518
2 91209 98940 337884192
2 97207 3822 585411150
3 60217 111491
3 117253 159489
2 6564 140515 537493058
2 152613 122037 688535314
1 164564
1 32666
1 119607
3 130543 59997
1 125701
3 141891 127443
2 102877 28765 126918922
1 137250
3 155410 119627
2 118246 151018 821121658
2 151131 73592 231734841
2 34362 111809 473383241
1 145403
3 11353 104838
1 117317
3 45732 34685
1 107742
3 77593 141922
3 94273 149077
1 107948
2 140764 15786 751448332
3 23087 64291
2 107032 153046 670400160
3 43491 131293
2 30883 68305 874983603
3 94749 109361
1 31854
1 97693
2 81027 80468 614168389
3 154126 65076
3 166555 51677
1 30544
2 92391 53903 305459397
1 99238
3 30778 28843
2 66269 61772 963981843
2 86295 170208 581193311
3 7966 115927
3 78884 123991
2 58068 133609 336873577
3 125285 108857
1 165389
3 78588 118499
2 157090 64030 506782431
2 29556 14532 257631519
3 130635 59120
3 112080 167436
1 125088
3 140497 134463
1 57467
1 149563
1 44166
3 38519 10523
3 166276 23413
3 94569 77200
2 91656 93083 125124252
1 117200
3 94454 35753
2 38545 20671 926871655
2 70231 166917 375003978
3 145260 132735
2 45573 153686 924057946
1 91984
3 7837 153671
1 49895
3 16089 89915
2 31874 96720 895187029
2 40043 98098 889669450
2 18918 6395 507926609
3 66202 63839
2 163649 44227 678564899
2 8808 15744 742033717
3 142644 41201
2 48972 97478 585873439
1 34683
2 89123 52398 289496297
3 13407 68481
3 156405 37452
2 172963 7810 227087209
3 99374 106470
2 14945 125238 832180380
1 167274
1 40325
2 121587 50396 122133725
1 82454
3 170284 70979
2 60159 53477 249737721
3 14585 4837
1 24728
2 102614 42898 306453847
2 50661 76775 61415507
2 165725 116911 50521873
2 5620 19325 46200611
1 61811
1 58270
2 54559 80216 813013288
1 45651
1 55740
3 27606 165266
2 140440 106605 139421505
2 91593 114727 681479799
1 128863
3 150539 72203
3 130233 111115
3 124896 169292
1 123822
3 19643 99204
2 42978 94212 124851064
1 118985
1 167068
2 151959 7249 32600458
2 68177 96163 423102112
1 4281
3 80142 97921
1 12397
2 92928 47817 51836716
1 142244
2 95281 84425 444074540
2 50295 57628 489991510
1 98283
1 75402
3 7214 78763
3 129737 112156
2 87836 53714 599446148
3 137711 89622
3 121795 150372
3 145009 105709
1 109636
3 105333 45869
2 822 51338 450422429
1 151454
3 59805 64626
3 80618 114594
3 154839 65740
1 29255
2 120709 59670 895682284
3 58216 148425
1 139988
2 44495 159663 771555975
2 116782 158333 84994442
3 76441 114896
2 112479 136682 789795270
1 128016
1 132738
3 32143 128171
3 140150 151519
1 71661
1 39178
1 28439
3 134482 33782
1 29266
1 37498
3 146633 153854
1 21326
3 151571 41512
1 76930
3 106684 147350
3 130616 17556
1 58926
3 142762 127707
3 37599 98113
3 69696 168402
2 49695 135221 721040618
2 36473 96849 459390082
2 73910 130117 472022372
3 158397 101190
2 85820 80974 18928553
1 108244
2 110439 128588 304259822
1 72140
2 5171 111684 776445959
3 109849 103054
1 32201
1 17457
1 150437
3 163958 15286
1 72257
1 128643
2 90887 114318 849174016
1 91934
1 87055
1 12979
2 52812 29580 454188464
2 110055 19563 297166684
1 164314
1 9445
1 38360
1 4467
2 48120 91893 624469229
3 15615 86566
3 162717 61768
3 107534 153669
2 69614 55378 115793979
2 130543 57143 486937669
1 92858
1 70717
2 155477 139835 504329490
2 140258 111793 281815554
3 47191 61585
1 59426
2 135463 109640 741249173
1 89654
3 153579 113470
3 86983 116010
1 20615
2 28045 45244 152533970
2 172702 159544 301529043
3 154431 70884
1 47144
3 24452 117515
1 123056
3 20167 94984
1 103686
2 105231 69444 343238419
2 74106 45400 132900847
1 712
1 21001
2 84196 5503 91321299
3 142406 100639
2 73842 61382 13820724
2 170900 8564 390019945
1 54011
3 135168 37732
3 37000 94287
2 429 51794 409682596
3 138813 137374
1 49619
1 156038
3 158869 117818
2 103779 102234 472802755
2 109645 33477 823788576
3 161358 157220
3 68135 16245
3 167508 71380
3 93357 72562
3 22187 97135
2 112876 118231 422765802
3 160949 74190
3 87066 21455
1 148137
1 66
1 36274
2 21140 14636 121226080
2 22426 149961 219369705
3 91067 31389
2 38121 168149 70283508
1 264
1 21009
1 165796
2 98059 79193 436692963
2 147352 115536 785980167
3 151655 135191
3 80380 113435
3 80907 22786
2 164081 58727 333319521
3 137530 150515
3 133506 168106
3 12952 40169
2 112892 53244 549512833
1 153004
3 64397 12932
1 6418
3 157070 161204
3 116963 94110
3 109074 106101
2 9723 135646 297717574
2 91210 138400 252346613
3 88062 107871
2 101791 112951 704447410
2 159916 77877 654539674
1 3988
2 16853 146095 157729548
2 91207 170045 305493538
2 172941 7474 415686990
2 428 112530 54633043
1 94920
1 85981
2 84930 153014 151463436
2 97396 118215 903909507
2 102868 75269 619607089
3 64724 137682
3 8666 142582
1 172413
2 95297 41057 699910299
1 156409
3 111477 164163
2 61096 14791 743248593
1 101700
2 120690 118776 422321301
3 168359 40744
3 14727 66334
1 116638
2 35770 56010 574761347
3 74410 60497
2 111595 128121 939763695
2 168070 102920 193792833
1 149104
1 80454
1 54010
2 113704 161671 392869609
2 23336 28559 636779644
1 62433
3 157611 72798
3 6153 120431
2 15105 73872 477329513
3 48982 133021
1 152915
3 153829 5684
2 106996 24562 371055868
3 102681 19917
2 87751 88487 520479655
2 150274 40275 533666645
1 169369
1 111465
3 88526 70140
1 52953
1 2073
2 124853 143280 162511377
3 45991 105818
2 107390 45274 67909520
2 127894 11933 372534486
2 74789 26389 581878955
3 135085 75554
3 74581 105993
2 124220 33475 201321911
1 29897
2 124523 2800 115513976
1 117447
3 92280 115853
3 90897 53648
3 146952 989
1 119369
3 149584 58490
3 157696 44620
3 119098 89842
2 63415 126607 713852276
3 37859 57143
2 18465 98969 205251760
2 173048 136307 699078998
3 66222 102720
3 171357 65326
2 26547 127967 185456335
2 155226 165523 354439817
1 25536
2 70777 83306 721100611
2 128388 108161 839733280
1 88348
2 16397 9102 353157430
3 128119 153377
3 163462 19250
1 17535
3 82046 37109
3 22039 41659
3 87490 57096
3 157716 4626
3 125127 80295
3 3378 80670
2 19504 113700 801266209
3 54548 160997
2 50159 160019 503283540
1 123363
1 17431
1 102400
2 104317 119683 366231133
1 29559
3 450 59061
3 56223 39111
2 161950 46448 223258999
1 154118
2 169851 16809 926419643
3 16914 131639
2 116624 153523 488685935
1 53155
1 16941
3 34794 153534
3 27653 59291
1 128486
2 55402 1617 326830124
3 72069 6489
2 71349 117446 391446871
2 77536 132019 912019840
1 142059
3 7336 63626
2 148857 38205 628954534
3 60231 45156
3 154287 158143
3 88347 120023
2 149829 16447 206273679
3 45773 133103
1 63335
1 106980
3 124322 66294
3 37051 153743
3 90460 91248
1 99
1 17777
3 167130 145290
3 98212 45877
2 10466 168231 461249468
3 7267 23127
2 124720 35742 103521629
2 171293 49877 967084643
2 151292 8964 817261534
3 40718 87754
3 30206 161055
1 59190
3 164520 86887
2 109458 7575 308165479
2 17122 129460 239917499
1 159099
3 32327 155554
3 74226 166718
1 151260
2 22495 25910 190529253
2 99667 110463 692951550
2 105000 33713 629749668
3 152569 121970
2 57217 50179 444865432
3 65717 99537
2 103722 37292 378285870
2 121639 11724 457584928
3 47943 69666
1 105981
1 163414
2 116127 11247 367471719
2 21500 116316 206197861
1 17732
1 77636
2 74681 155088 173594854
2 46649 142179 730982164
3 6013 30966
3 33958 161728
3 35982 43724
1 21616
1 75718
3 129818 31554
1 2180
1 48184
3 83707 55221
1 147586
3 162949 159291
1 48357
2 15118 160959 890017687
1 66129
2 81177 116233 772001741
2 80099 169456 907691531
1 159714
2 42658 166225 106959049
3 125393 10611
2 12181 111793 506779714
2 145797 86491 826390308
2 144744 100147 439810286
1 76862
3 66151 80308
2 98405 104343 235587162
1 130473
1 121476
3 23406 128173
1 71010
1 161707
2 114880 73635 943010483
1 10625
3 116341 99982
3 27270 153735
2 54507 116997 304029400
2 51449 146442 47155781
1 45776
3 120643 43323
3 72162 45830
3 140929 2667
3 144004 65193
2 50209 166474 663416798
3 136682 5202
3 58014 96803
2 78664 84938 428268777
3 98273 144688
3 56548 138900
3 77158 70846
2 106871 133937 910828067
2 92519 145073 8202790
3 149806 81023
2 148317 64547 302765149
3 90801 82850
2 23667 157826 172693146
2 36563 10567 715645553
1 25945
1 154167
1 105769
2 40268 158582 455091433
3 59184 99851
2 152945 164397 768646187
1 81779
3 112759 10193
3 24859 157800
2 164917 160494 167315584
3 137241 102080
3 54802 104066
3 58391 169446
1 39697
3 79798 123188
1 72553
3 154016 84805
3 18906 73114
3 69137 105884
1 131513
1 43855
1 35017
1 10662
1 149746
1 155781
3 26602 108119
1 72912
1 85468
2 66524 10502 160250928
3 165471 63394
1 40277
1 103033
1 148683
3 131555 114143
1 163908
3 17119 33218
3 15759 143840
2 21707 84060 12694287
1 162520
2 35010 4830 602248386
1 137789
1 2260
1 38114
3 93342 48119
2 163375 132747 737437894
1 151500
1 150540
2 51120 77894 295520802
3 96758 134655
1 23739
2 30330 20202 473902932
3 81328 104107
3 59091 34372
2 26950 14319 146967368
2 139145 138256 189440085
2 58825 61080 938490333
2 106279 143453 671309568
3 90144 96667
2 158898 34664 117825212
3 104768 110880
1 89079
1 136585
2 137360 164931 821313900
1 142603
1 97488
1 79176
3 25262 35178
2 40673 138701 546205722
2 78441 21797 932650778
1 48987
1 161055
1 165580
2 97390 99146 48836597
3 155025 68635
2 50499 71599 968784744
1 137847
1 47206
1 41994
2 6197 97973 526058611
3 159709 118685
2 123335 161214 346873550
1 26555
3 43773 103826
3 13908 146603
3 90304 82526
3 64831 44701
3 163432 4683
3 19525 31034
3 39273 60058
3 74254 124907
2 102924 56420 84581586
1 10892
3 108047 8246
2 6806 83973 832250556
3 6270 168097
1 11215
1 109545
3 129799 109720
3 114798 117204
1 54191
1 172730
1 72566
3 102762 10050
3 67142 22410
2 71957 42645 405359602
2 43425 72618 812738013
3 90912 161403
3 43963 148642
1 93460
3 112398 82181
3 89638 83479
3 71889 138480
3 53712 144726
3 142236 7953
1 142257
2 27703 97700 610668221
1 75963
3 138581 74887
1 105735
3 52720 125459
3 48500 28940
3 164406 168654
1 94777
1 131688
2 61230 1887 362296627
2 140776 164484 720765588
1 131199
1 159103
2 158124 153107 508256021
2 132852 132495 217387552
3 100799 39854
3 81695 65355
1 137565
3 12243 94605
2 131218 141585 109937316
3 171866 42182
1 91281
3 4629 138478
1 160494
3 16460 130459
2 25551 117272 524097494
2 25073 72369 227988468
3 109535 155830
3 27605 56635
2 84622 146989 456927255
1 119700
3 48157 105883
1 85803
1 128047
1 12133
1 161153
3 127383 49060
1 101811
2 171973 14740 966319586
3 60132 54736
3 27307 96240
2 49444 162220 242865383
2 89982 36849 880188522
2 96992 8511 215858393
1 28025
1 37163
1 159613
1 161112
2 70865 113042 53297459
1 146271
2 158898 47151 160119646
1 145905
2 153463 76102 443822549
3 108333 24987
2 78895 148236 681360112
3 105573 40475
2 106428 35045 195252444
3 160967 74839
2 76504 57862 265246392
3 24670 10255
1 113314
3 140182 144000
3 93206 45095
1 155815
3 137894 97762
3 90919 120758
1 74517
3 172034 14234
2 98811 55056 150787960
1 137144
3 19450 85161
3 6500 50752
3 8063 151288
2 130583 106185 875544835
3 134439 169338
3 35325 145846
3 128061 160493
2 45540 70748 192067246
3 168392 5436
3 106830 12194
3 139007 120035
2 167067 35442 587893395
2 138728 902 674480216
3 142185 117537
2 114577 43559 939167654
2 102911 95975 669595623
3 8917 46196
1 128805
1 112798
3 129726 98266
3 164743 1782
3 121015 48135
2 168623 3925 642835372
3 47284 76208
2 53007 102733 188633814
1 7511
3 19551 170302
3 103499 94109
2 142665 38087 932822794
2 61672 157416 615969698
1 37793
3 58297 21755
2 15708 50644 190545244
