846025 1634
3 63860 466763
3 570705 433626
2 117727 806895 75358068
2 616709 605656 630389263
1 503034
1 251543
3 484071 795279
1 47558
1 626111
3 501772 290068
3 355192 502110
1 92779
1 27506
2 31973 343050 227927361
3 279297 346639
2 20197 539590 842061413
1 561767
3 67686 785038
1 789224
2 50384 247327 562399309
1 269327
1 437052
2 698169 611116 97201234
1 645049
3 335069 165753
1 341580
3 733731 209138
1 327098
2 418124 827334 508111127
1 143117
1 380503
1 428323
2 92611 511337 952182523
2 259296 658282 961733775
2 830266 33630 549476208
2 744041 69403 955967813
1 750480
1 327369
2 807437 190067 992284378
2 223230 716626 997163421
3 293650 786418
2 775701 797852 140684981
3 661302 319031
2 113723 302190 817971705
2 179406 792753 296320441
1 757039
1 822202
3 273537 551282
1 133155
2 446881 156732 243824825
3 21911 524237
1 264875
3 558089 561443
1 315696
1 543434
2 142648 606073 932919888
2 775410 278476 803090556
3 490637 419375
1 472372
2 130759 473335 255480996
1 121985
2 791927 573485 796612918
1 642800
3 669635 347371
1 520117
1 94047
3 585805 491934
3 677464 404063
3 522755 787603
3 92907 148636
3 534333 381889
3 772646 323501
2 92050 268726 242013342
1 350623
1 489872
1 522486
2 260470 623659 319848419
1 544803
2 266748 445546 157477512
1 705547
2 424917 413811 597352366
3 749190 828219
1 236245
3 221430 35313
3 366029 722913
1 199624
3 46485 404946
3 420958 623360
1 297020
3 358201 572948
2 23207 259987 548083852
3 416258 823803
1 631890
2 122135 502551 83893111
1 203443
3 815567 7528
2 665587 26917 673344662
2 189136 736993 172148324
2 563907 337060 839724779
2 358893 556300 730979993
3 812634 754981
2 708672 16628 87339306
2 476994 808047 203477417
1 119142
3 116269 139468
2 551149 253726 722249848
1 505703
1 844652
2 628495 356068 756739002
3 76813 803391
3 416269 708205
2 36696 695563 850034268
2 329190 800219 491984142
3 690390 481904
3 487565 295618
2 790705 372654 652868136
3 663526 478768
2 54131 685474 405450883
3 623944 93263
1 238888
2 258415 524232 166097833
2 396243 166227 570595173
1 790241
1 63090
2 822204 654658 629367462
1 354177
1 762149
3 99550 818835
1 9218
2 619270 562302 551686073
1 289478
1 485297
1 754876
1 449860
1 471524
3 48655 780882
3 644618 437987
1 148413
1 472241
1 78197
1 834321
2 328094 763087 738255757
2 720305 452826 131653260
2 355801 70426 194026721
2 405876 335907 947489222
2 435547 401153 684094381
1 450705
3 610525 191649
2 93250 40978 965710921
1 285137
1 698480
2 608288 510440 793060008
1 489146
2 44063 121840 960400767
1 68519
2 127932 599220 881537324
1 268736
3 795973 499219
1 194406
2 145753 763889 756803470
1 296196
1 9906
1 30283
2 161957 178082 34227076
2 257340 320238 917402409
3 184473 200712
2 710237 476541 293749724
2 341262 530593 442801599
1 806774
3 841931 739166
3 14637 584724
3 355684 160625
1 670146
2 533710 474234 188351741
3 573585 645986
2 668480 84061 183090358
3 223964 626361
3 784813 285949
3 242552 595341
3 634159 313676
3 644496 763975
3 223131 674510
1 548456
2 514355 87739 822257053
3 109373 127208
2 570052 438367 520132931
3 248893 19085
3 797460 555757
2 639379 459733 930474892
3 672404 407289
1 165801
1 739984
2 167302 4880 57740885
1 701417
1 85727
1 588348
3 351225 440855
2 758642 511795 919857440
1 33744
2 779103 89972 859415593
1 230066
1 542977
2 788687 740608 484522803
3 186541 351649
2 395844 318707 88378840
2 596404 329581 293303478
1 513214
1 118443
1 4602
3 357463 705132
1 309516
1 469187
2 315902 567718 756368699
2 808012 512586 659978136
1 322990
2 406821 425216 751767419
1 433858
3 750367 783813
3 252180 369796
3 800800 128845
3 327870 288005
3 355147 123265
2 601700 457631 629101247
2 689519 476835 507854281
2 757209 534598 939034483
3 593460 203563
2 287912 406397 924570669
1 263085
2 704298 607385 848795756
2 617936 59567 843390685
2 656967 655361 504089527
2 271804 236094 538306644
2 87712 52879 84565923
3 544745 100086
3 179698 675204
3 330740 295059
3 697789 720212
1 82526
2 203527 824031 652901501
2 787833 661852 116558344
2 164504 742640 335581900
3 537640 414957
3 716532 558131
1 728475
2 384003 59727 828366666
1 732142
1 234776
2 644358 561200 905905069
1 478787
2 618745 521720 622296354
3 746074 552469
3 535746 58125
3 278577 589684
2 714143 403256 334886204
3 418220 696869
1 324899
3 577232 154790
1 582059
1 123104
2 63502 545493 62662437
3 270130 766788
3 74404 393529
1 205761
2 356247 366808 525632973
3 120504 226651
2 257949 820329 829063620
3 620538 663243
1 15958
1 690291
2 591126 166236 696695280
2 302453 164431 120721581
1 409911
3 21357 20575
2 293788 128704 809480079
3 62535 452711
1 815943
2 374198 419309 17862113
3 650321 111891
1 513696
3 355000 732886
1 614575
1 297403
3 543348 506241
2 232725 710878 211587329
1 285957
1 758530
2 9448 431931 820230801
3 260002 812473
3 182990 425924
3 781726 170681
1 695567
1 750501
3 195796 251336
1 443167
2 664284 521072 573614658
3 616896 302010
3 356761 369572
1 806143
2 274210 301487 145886013
3 631784 812058
3 632582 635678
3 158993 382505
2 59188 601287 98435489
2 309580 419899 60169587
1 209059
1 721193
2 258654 200438 726852675
2 778835 553619 553099679
1 382881
3 371665 147147
2 594029 597959 317781139
2 498033 373349 844589555
3 235957 540374
3 645070 2439
1 319148
1 270266
3 102504 569018
1 256698
2 155785 81590 959715889
2 800301 96760 499569993
1 69346
3 831639 227896
3 246723 388790
3 121689 490736
3 473545 779847
3 428009 675101
3 760490 790765
2 720087 149689 253690084
2 518005 748893 652730492
2 344880 523643 220076089
3 92914 768252
3 505105 296458
3 315869 548745
2 112272 41586 174097359
1 461450
1 155904
2 136655 701886 185484626
3 206783 504609
3 812324 809192
1 818285
1 166859
1 527666
2 685074 348876 943098950
2 590374 136701 548056736
1 551984
3 304450 353292
3 46662 155970
1 11017
1 779927
2 77067 595717 834475015
2 62469 587559 447455365
1 493700
1 86938
2 448176 633287 278794890
1 782115
3 721248 580832
1 70663
2 17863 1288 983415616
1 518348
2 472341 412036 682767625
1 778800
2 39130 679003 316166113
1 58424
1 725310
3 711209 336069
2 174055 149116 103671776
1 715905
2 539228 458316 898016449
3 434742 147532
3 773026 247564
2 838752 567353 812063803
3 844781 14983
3 10846 843771
2 42998 734711 510816840
1 374422
1 96055
3 759504 91644
2 87412 765939 331016335
3 275683 680701
3 231617 499056
1 259471
3 758917 157742
2 9119 465407 679418101
2 104738 110280 276257731
2 61855 623899 334984656
1 518098
2 462192 743142 594730536
1 310583
3 828740 536501
3 31467 752451
1 137980
1 659909
1 411073
3 202645 121000
3 14662 462883
2 460606 471733 329700217
1 602870
1 188784
3 141421 142070
2 599915 306990 584382913
1 506219
2 433094 313273 350050485
1 22221
1 233749
2 746824 811531 512526030
3 7821 516092
1 169695
1 508516
3 149162 59002
1 702058
3 38082 491207
1 814603
2 114155 691980 676716091
1 255738
2 166462 22643 194550382
2 767368 537486 492853379
2 212953 826527 168324712
2 323229 467655 329288352
1 178856
3 685618 170113
2 336309 237612 225998182
3 68131 162837
2 649387 229720 671038737
2 275752 465746 8074954
1 313036
3 784474 708002
3 98427 265392
2 368142 291088 224894276
1 402017
1 544055
2 609689 734452 881933897
3 249103 457447
3 305447 44600
3 466007 118991
3 585807 536645
3 513830 765143
3 423347 13009
3 215281 292107
3 518624 246916
2 416579 686741 195781070
2 455466 56569 832281557
3 644268 38727
2 146976 784448 330633767
3 450614 693376
1 275493
2 834519 309405 830682770
3 197230 252314
3 16396 130485
3 832585 170912
3 219835 50468
1 363897
1 431872
1 16819
2 636840 87149 84711190
2 112751 824131 634961508
3 273217 432779
3 122471 363958
2 730826 309092 580079892
2 532001 393378 189394968
3 803852 79544
2 569835 4865 505929484
3 609583 820348
2 703658 690750 432365094
1 226903
2 807293 511890 133088563
3 462662 476193
3 259047 53692
3 337500 354725
3 450682 306305
3 344871 81661
2 701408 714834 384683157
1 52293
1 410669
1 481505
2 426336 274437 463741245
1 586866
1 223773
3 3340 488792
3 159141 530635
1 476567
1 439116
2 749070 709302 414826384
1 169313
2 157194 647167 345273319
1 262190
3 583693 269288
2 599242 568585 203221220
3 524421 621882
2 6637 568048 78081164
1 781591
2 279634 545561 145214446
2 440710 831685 825700903
3 503425 98814
1 18193
1 381061
1 420485
1 21128
3 86282 542074
2 204722 188188 206368271
2 55222 449080 135694854
2 823050 766928 16142109
2 542437 408667 121186980
1 840824
2 177191 578811 951943540
2 519993 175455 777803190
1 572610
2 640626 452658 838739523
1 20963
1 780412
3 367240 449841
3 172413 2081
3 346572 113264
1 524649
2 338460 110241 120113283
1 109272
3 220105 280705
1 718289
3 443752 260243
1 182472
1 494924
1 313601
1 343221
2 327288 587111 575586809
3 824675 393158
1 152605
3 845231 404908
3 51945 219688
3 232480 574677
3 165502 237584
1 333034
2 801295 429296 326330326
3 44729 644506
3 562245 552163
2 648894 469698 811664633
3 404702 264967
2 208235 681359 442799184
1 756197
1 66104
1 717412
2 153739 315789 991796993
1 191644
3 632530 232687
1 693933
1 47793
3 149377 130349
2 179234 174745 814515875
1 761345
3 72867 463410
3 164957 116842
3 807124 144769
1 179114
3 290672 750909
2 820349 626916 287296417
1 342281
1 16807
3 257014 735634
2 16147 410052 945838820
3 396174 422124
2 346995 3140 340548190
1 710649
1 284785
1 711665
1 483805
1 20919
2 426237 695725 689000374
3 673188 543590
2 753674 592231 725757778
3 667199 395474
2 842294 576678 248958645
2 792974 675767 558186020
3 355364 163308
2 64274 267957 880498696
3 100520 623046
1 467922
1 556424
1 600830
1 378030
2 170959 708663 660928214
2 769045 668562 283417769
2 639005 753244 97169313
1 243852
3 152054 640275
3 546876 768416
1 703433
1 281153
2 703144 103118 64768126
1 57095
1 172254
1 310344
1 251410
3 281300 374153
2 186919 572714 800180515
1 176413
2 150512 557931 543777132
2 546964 370655 156892211
1 237023
2 410785 467665 237872919
2 589874 292738 579127189
2 448164 260454 464890821
2 595455 253572 225399183
2 538092 750122 544920698
2 539514 321392 745128378
2 15313 38300 871390938
2 607108 1535 605924291
1 206361
1 178980
3 754349 504531
1 732145
2 387472 344169 885781796
2 235328 426156 78303454
1 90330
3 580213 695904
2 820607 482495 292888641
1 61136
3 370262 570315
1 476947
1 810707
3 791018 318066
1 272559
3 671754 430483
2 2831 795549 232557986
3 28322 718086
2 502254 174846 920478061
1 4784
1 140469
3 440522 25298
3 183687 107472
1 583750
1 590885
3 101218 440736
1 456470
3 491480 709506
3 607676 765862
1 250035
1 790428
2 596561 818781 858328439
3 831602 44564
3 768997 834879
3 755324 617934
1 652605
1 343993
2 733088 233389 725569708
2 634061 788616 866561973
3 202650 309856
2 728712 275710 372976312
1 234781
2 546808 727677 745059251
1 178469
3 332638 780859
1 19764
2 461460 586748 99379620
1 503975
3 810635 463369
2 734551 640286 720571572
1 68647
2 20221 663154 94385113
2 808452 823035 8421767
1 99348
3 701057 699255
3 100239 559384
2 805665 326168 702295959
2 190487 42858 91069837
3 153502 478693
1 747590
3 653956 223619
1 656515
3 124680 355186
1 319526
1 820897
1 91403
2 470159 355840 210234932
1 390268
3 224042 823237
1 645854
1 89464
2 190768 36919 642777542
2 137418 262985 211835150
1 135806
2 294338 334317 906418020
3 808641 108040
3 492797 317859
3 590375 537474
2 116473 810049 414982274
2 448262 1159 411350268
3 603251 615399
3 63787 534300
1 818719
1 334832
3 580845 666728
1 81962
2 106528 521293 542344015
2 744549 748488 526520990
1 320962
3 278050 77001
1 779556
1 221017
3 358760 68577
2 543029 23798 369717866
1 638483
2 556992 138129 585465047
2 615167 334372 672046492
3 285913 785338
3 526218 35144
3 103019 214001
3 533568 348844
1 442103
2 699236 5234 93553676
2 107273 22457 366553770
3 358503 844200
2 311937 194249 870625539
1 90716
3 481231 339551
1 818305
1 801781
2 771696 788981 94929322
3 726746 133502
1 10868
2 142450 473574 954307777
1 74960
1 331459
2 481672 87362 659080421
2 273981 816142 776502984
1 483745
3 577665 21392
2 379706 468784 949371478
3 73190 817308
2 289585 60330 297276147
1 45462
1 41097
1 802833
2 539533 833668 779934989
1 7022
3 797807 616493
1 513336
2 589583 89504 688944391
1 241455
3 650944 660021
2 799697 504142 988054981
1 728163
3 333950 715180
1 426032
3 465197 494115
1 541829
2 451140 326031 208962680
1 456307
3 109768 555263
1 454661
3 540549 199730
3 363365 788956
2 105405 146895 829988540
2 296686 611046 498596169
1 483397
3 119390 68332
1 475778
2 762268 659687 415149493
1 629584
1 548473
3 523117 100163
2 67768 491163 957740769
3 558595 307662
1 501942
2 167887 592187 837018149
2 471558 609719 478692941
1 733193
1 600634
1 238800
2 147977 53424 9660844
2 451155 776265 944912552
3 560374 585215
2 63529 635776 666229971
2 73554 772168 127414201
2 42275 217370 378876095
1 801116
2 358227 42877 147523997
3 182749 563381
1 782607
1 505840
3 551591 285309
3 169617 440820
2 816565 700680 249419151
2 14998 432071 263535303
3 701961 700395
2 779984 417757 908858034
1 479505
2 790744 211149 607853844
1 783872
3 740498 251515
1 635450
1 355859
3 400186 130917
3 405584 764481
2 389473 141392 323057754
3 280734 769027
3 201369 113121
2 15959 76768 967007960
2 377419 400525 691699340
3 261243 591495
1 608763
1 58479
1 826260
1 752127
1 236250
1 196931
2 506772 459443 941998987
1 534581
3 402115 583622
1 68396
1 734580
1 269225
1 771624
1 317097
1 257913
2 793076 824778 438098334
3 431153 236577
3 81634 282980
1 309765
3 807840 515371
3 778772 67065
2 510842 448351 990481100
2 544116 39199 222666185
1 443758
1 587550
1 175100
3 311613 566156
3 396393 224463
3 807105 451187
3 481300 710198
3 169715 363404
3 834519 611131
1 163318
1 582540
2 423358 231799 237177745
3 32879 813814
1 446020
1 39188
1 758330
1 791096
2 518388 387979 503424697
2 335467 676858 475876507
1 776107
2 788659 646410 985192643
3 423831 232860
1 520498
1 815916
1 643251
1 345375
3 527134 15646
2 802676 840594 283129844
2 607426 616353 48484568
1 674184
1 510423
3 445294 371864
2 512906 606494 415857292
2 828830 60928 49814945
2 804707 599600 394367842
2 255968 385517 787642953
2 82785 254072 672868652
3 816004 736145
3 340278 45292
1 664700
2 839806 104883 193598867
2 463940 218916 282139416
1 354818
2 64387 384033 965818309
1 47271
2 698385 829763 492126677
2 30081 303841 802726945
3 778909 222392
1 336457
2 610729 437027 43080068
3 143192 413318
2 512536 557343 742820071
2 372730 26369 399961949
2 33616 1054 408280671
3 265678 232787
3 742725 708549
2 560299 670038 472005816
1 803645
1 57831
1 449659
3 414534 812918
2 701409 715441 670792575
2 706864 353522 201269808
1 623945
3 533320 16644
3 574047 559858
1 255079
2 188681 830998 201975101
3 758749 194607
2 787220 356794 928260822
3 806257 471758
3 704130 130255
3 212581 420569
1 425303
3 85069 699987
1 445286
1 187238
2 836136 247478 445171147
3 718204 237473
1 38061
3 547057 563712
1 112165
3 384894 650511
1 836403
2 516699 494262 804915964
1 251986
1 176517
2 596279 574184 701813208
2 675554 111607 84246280
3 690386 460380
1 707999
3 250431 129850
2 344053 767714 600483546
2 274220 458517 267352122
3 806968 736970
3 375522 77066
1 796031
3 626773 122894
3 387621 511739
3 576498 483064
2 32090 536715 350379444
3 247901 841104
3 3851 309727
2 407708 531487 363579391
2 139713 299517 984061457
3 777650 452880
3 223352 77044
3 82545 294454
3 737202 637803
3 379177 823880
3 40442 105545
2 282915 519788 928576292
2 619836 828351 205597928
2 621016 602110 173326278
1 336351
1 653026
3 806559 710706
3 635905 533366
1 411616
3 526093 258480
1 179361
2 599618 338399 652984846
2 63160 813720 949194053
3 88837 383995
3 689268 175954
2 74355 525099 399598287
3 358083 599192
1 130342
3 230076 843338
2 247781 438800 935706032
3 364246 582830
3 17433 760676
1 662651
1 237218
1 8798
1 434018
1 746838
3 298636 36804
2 302144 196333 727970858
1 400402
1 362679
3 459434 693652
1 389764
1 629067
3 742870 797113
1 700288
2 345131 21892 13639536
2 560299 84422 440811268
2 573491 572434 712430073
1 750549
1 224806
2 634625 9783 763799258
3 535249 148542
1 242177
2 414467 175519 930477196
1 506337
1 759845
3 4221 563959
1 810682
3 181409 68966
1 43549
2 120743 444981 376808956
3 349568 786045
2 420499 785662 926803700
1 64742
1 788227
2 124968 346250 867998553
3 185156 541316
3 732233 110677
2 568617 417443 383097962
2 545656 86407 401118788
2 761434 635090 930809859
2 452455 589879 639873451
2 222313 254119 896185992
2 173058 325544 145411688
2 737407 352658 514643681
1 576422
1 394333
1 99049
3 584859 567093
3 305477 339727
3 175384 447171
3 546422 109520
3 663879 285643
1 519620
3 600306 552795
3 791083 683585
1 744576
3 813567 787332
2 136311 468464 35333148
2 386782 695517 76587900
2 813741 403243 694706731
1 548189
1 118571
2 693737 817299 287473545
1 735513
3 2898 729321
3 301832 723499
1 716764
1 842151
2 837457 419147 763606770
2 795503 30019 825373002
2 485011 617387 489263189
2 383805 425956 983283917
1 364459
2 589659 544217 321585567
2 734372 117355 113382125
3 795726 483056
1 24578
1 245128
1 346152
3 643132 288949
3 370023 772975
1 803714
2 597428 296507 414061083
2 43226 240971 936002467
3 277873 536256
3 661755 486554
1 113876
3 121537 619151
1 521005
1 440311
3 721303 683853
2 683953 421359 722465749
2 453992 498919 70735953
2 47926 482208 140055356
2 286964 33971 35795001
1 241790
3 831828 547342
2 514815 478535 409100598
3 632686 346426
1 800306
2 658818 540275 643195290
1 9106
3 162705 359844
2 395185 21700 314669723
2 694855 440088 601130664
3 586438 246237
3 24807 639757
2 326095 225595 977929884
2 353029 820075 110235865
3 573462 241421
3 270848 748435
1 643407
2 343443 106171 438843303
2 32728 546011 86775464
2 96122 789984 845221461
3 189040 749292
3 376908 129580
1 15852
2 607560 225823 139036255
3 216523 313648
3 783153 687345
1 190969
3 493831 705960
2 765126 568930 432151976
1 600905
2 11278 633167 815664083
2 58205 415680 714871242
3 305618 801503
2 738819 8092 371637136
1 662222
3 241239 602444
2 84581 181873 654408791
3 87804 189511
2 391085 835750 425275552
3 528348 407848
3 660931 68668
2 27726 292202 478570398
3 790481 564909
2 697646 769782 422381527
1 676147
3 828134 823834
3 756840 405666
3 256541 615042
3 562190 325573
3 697812 373196
1 63452
2 79124 178897 800812046
2 770773 582487 2311608
2 492098 230850 530338787
1 94638
2 107343 520336 16076480
2 231582 514200 910992876
1 345658
1 703528
3 187526 27958
2 674523 66490 144033036
3 458635 781748
3 152090 662590
3 187134 375354
1 830155
2 595006 542909 339630984
1 487620
2 216306 626316 445336704
1 407600
3 484862 831861
1 69423
2 309023 703425 183574078
3 533516 521067
3 491329 342141
1 695339
2 469512 252059 939367619
1 230406
3 127088 841744
2 507041 495304 238033172
3 539945 12606
2 57403 749024 288853709
1 230270
1 731846
2 247257 757274 54033314
2 420358 575953 716825016
2 84183 342327 207723558
3 488595 285954
1 836314
1 407341
3 463901 406298
2 155110 796842 323440504
1 464583
1 839113
1 399374
1 121746
2 815871 508127 894929011
1 777044
1 341631
2 121599 262679 484261865
1 689272
2 314597 184251 917054919
1 416816
1 618563
3 685115 174519
3 5939 666614
2 654214 577791 207494321
2 278324 470417 537393653
3 72023 321331
1 154999
2 697226 753727 351770954
1 470317
2 280901 344999 147234936
3 257242 561164
3 311694 748123
1 334956
3 64856 793482
1 158600
1 755695
2 651329 616845 301920550
1 143272
2 574753 95986 222264278
3 613562 521747
3 138160 577006
1 700457
1 253782
3 495739 121994
3 110989 344585
3 197480 396324
1 24904
3 745007 643085
2 695627 538921 894776908
1 590627
3 445361 396366
3 805544 558475
2 322078 173476 258954202
3 681156 466025
2 95479 585782 627888538
3 580209 28547
1 583298
2 92338 474631 320251791
1 728213
3 108851 804422
2 460428 337538 162570519
1 270873
3 503511 385111
2 578910 398 41724559
2 762895 81077 337567776
1 66615
3 304915 619450
2 344057 751258 446162353
2 828921 520699 465353292
2 322658 488047 784873305
2 268525 510210 452600429
3 629147 200971
2 696323 843553 281464695
2 7759 392755 370589786
2 489536 695323 326712377
3 600188 547888
3 725657 545769
2 741834 656462 575124037
2 117932 42466 707316731
1 642091
3 1990 19754
2 812440 458986 742164404
3 681504 280170
1 616541
1 100685
3 392255 469539
2 666163 592495 76268874
3 675870 435627
2 610513 172017 876522316
2 645373 54054 510414646
2 232745 41299 97418958
1 634630
1 829637
2 358825 454059 19286793
3 26508 322471
2 485785 308839 205774514
3 762595 590135
1 513419
1 364062
1 295699
3 461751 612652
2 237567 753711 190273085
3 318731 459834
1 576162
3 728393 800233
3 56956 418987
1 439802
1 339441
1 490199
2 376529 650214 886103218
3 345171 639887
1 774401
1 547899
2 792252 182234 471202415
2 162488 662823 740670279
2 467492 11940 261674805
2 789820 760762 79708924
2 237339 748646 170825010
1 211274
1 712429
1 693683
2 339437 89393 475539733
1 373130
1 285106
1 207838
3 442716 610373
3 576175 44354
2 75660 75145 289661364
3 243084 833921
2 786732 12805 969670587
1 433209
1 31254
2 323336 476573 861174424
3 412645 412724
3 443199 189541
3 43534 517635
1 260753
1 217374
2 800165 164800 214369955
3 113058 50795
1 549796
3 404440 557715
3 346574 702801
2 435289 748809 22313814
1 647522
3 737137 707558
2 363965 334131 662100617
1 403530
3 191695 149263
3 533259 556982
3 162911 138622
3 164539 296494
3 412195 25961
3 264049 392158
1 479321
2 505396 606705 525465202
3 790000 98832
1 752175
1 52090
2 797440 184791 599727595
3 28771 501544
1 218904
2 595117 797526 615571967
1 741046
3 193144 68711
1 149650
3 431318 699135
1 239264
2 746565 631090 445940405
1 251310
2 550947 329002 588428985
2 217454 344323 524388206
1 295243
3 666119 143413
1 98183
2 447436 475824 289141811
1 205287
2 315595 256308 904726352
1 839103
3 280943 41169
1 323620
3 645867 802955
3 736628 767538
3 224062 408631
1 23081
1 291894
2 425945 474824 992448800
3 840641 760596
2 175888 722464 450031064
3 450800 549622
1 493373
2 416265 174241 943794082
2 588788 259362 512583729
1 744146
3 486121 646388
3 557803 818095
1 416682
3 812070 498815
1 102947
3 424489 627562
2 48369 479064 318246873
3 14184 591832
2 514337 456920 667674572
1 647021
3 578756 449506
2 243562 634541 930985161
3 299482 603950
2 262918 570400 797120504
3 350578 190673
3 505381 391792
2 286732 410809 149245755
3 729595 486363
3 207725 604852
1 566006
2 453828 178300 432349122
1 331814
3 521623 436058
1 614228
2 375324 819790 790282235
2 201357 192814 70419745
1 296026
3 322607 485648
3 46403 567589
3 800679 565554
2 819678 679598 561921684
3 44548 22052
2 157272 510064 769746338
2 318234 381902 778487036
2 434844 40403 794650138
3 215653 487837
2 103357 762540 504858499
2 204255 321100 820377840
3 320392 459019
1 817372
2 58881 690459 284703769
3 246538 624916
2 338720 488898 868564393
2 772184 427243 146457665
1 85859
3 690530 33579
3 191373 644338
3 715272 760853
3 441291 774925
1 821332
2 676777 257442 480472844
1 377662
2 416137 318519 865928841
2 206798 605581 185205740
2 810944 481567 578059742
3 749625 94852
3 328006 620067
3 355670 460959
3 738543 498172
1 788997
2 86266 110928 576595032
3 37098 432607
2 630738 769266 832792474
2 12263 554507 931030360
2 15011 434507 698490674
2 760513 654076 874453291
1 274460
3 645438 254483
2 396066 83604 669503491
1 24728
1 92975
1 419016
2 213785 42557 918771610
3 654384 421625
1 578971
2 631960 454573 612272141
2 244622 581294 377231185
2 385438 630578 760247155
2 549425 818378 701538953
1 292706
2 519673 249736 104698087
3 418235 411663
1 661064
1 326106
3 28330 316268
3 476740 328256
2 666884 692921 526922754
1 423570
3 242949 26821
3 338635 714278
1 156886
3 33667 229094
3 471313 34553
3 700414 125243
1 739577
2 619693 793623 172228082
3 664687 106358
1 89253
1 497509
2 223815 57901 745919083
1 48759
2 726643 428843 940405580
2 527406 611844 417770507
2 354981 138502 240431369
1 645270
1 130089
3 161230 357521
2 63121 264318 502696085
2 85988 607205 141400373
3 537695 514932
1 563331
3 537861 519079
2 518497 352626 123594591
1 655467
3 76567 589751
2 311735 38731 157538277
2 37598 26112 110834792
3 200367 269651
3 532601 130157
1 25112
1 186307
1 145819
3 506537 293198
3 171315 727434
3 730965 295321
1 379547
3 551134 494286
1 168048
2 356711 185178 585405054
1 421848
2 727976 120958 417649893
3 780701 224988
2 383510 184549 773149923
3 533459 99373
2 460039 715817 899613044
3 139926 608320
2 206264 380655 327736114
3 185686 28087
1 4
2 780197 104081 226611094
2 468497 469579 375679853
1 483143
3 800143 776209
1 511067
2 359026 226888 782570051
1 519809
2 27183 706662 673991351
3 356387 57175
3 796949 817613
2 349957 218373 975832988
3 550249 355335
2 326647 489460 758641484
1 42081
2 124203 444280 267266900
3 458034 490686
2 248180 833782 474961071
3 234109 465668
2 527070 670045 154672297
3 289220 366393
1 201109
2 54221 169093 553672235
2 371342 561507 125813811
2 252342 236140 978276718
1 728034
2 207404 393001 378186251
3 654590 316611
1 365270
1 107297
1 766486
3 456086 114762
2 800394 716763 326107738
1 753898
3 551676 764314
2 691331 797785 929054375
3 624116 669522
3 649075 270103
3 678243 529449
1 153357
2 566111 193781 752440532
3 245481 458232
2 708366 795804 301031670
1 265603
1 112127
2 548388 516398 731360450
2 144227 824403 993244176
3 106880 623310
2 302868 264006 640052084
1 225215
2 532179 764199 756445121
3 653006 146443
3 417280 673427
1 490973
2 715121 252989 523266297
1 313209
1 497677
2 42716 398614 995007480
1 763387
1 791772
2 723496 818444 753041357
1 131034
1 741065
1 420044
1 444557
3 190335 233679
3 448448 745614
2 647219 457523 3131207
2 382458 508176 529366589
2 607771 363663 196012159
3 616528 107884
3 681967 730280
1 708592
2 36043 581725 553337318
2 243150 335639 67257492
1 279954
2 337920 462784 381868994
1 39433
3 252253 773360
3 333750 94957
3 778918 774930
1 525264
3 421000 765611
1 806926
1 806535
1 434160
3 138019 407297
2 183027 745934 848943836
1 58826
1 335458
3 832913 327683
2 462819 224305 717125825
3 736476 146485
1 840898
1 277675
3 89656 716899
2 355610 829790 392219596
1 119082
3 393218 122172
1 325364
2 452599 721154 436323156
1 708756
2 688285 325272 752337801
2 512413 196784 983161051
1 707238
2 731856 557235 484341375
1 814566
2 815090 779999 320163750
2 57058 396397 806609885
2 18904 392655 824274783
3 248238 672947
1 102476
2 166808 123035 538329970
3 441811 625242
3 413443 613057
2 492893 815468 53279886
2 763009 580517 649612045
1 399209
1 455323
3 48341 244459
3 536007 515899
1 88607
1 838391
1 272180
3 212416 816315
2 259621 656745 29750885
3 120553 336304
2 823332 641653 342244156
3 205112 193584
2 238218 773403 54018493
1 17528
1 269446
1 561993
1 481775
1 648810
1 402440
1 247273
1 167891
1 768073
3 501433 744115
2 217197 562137 189025992
1 327363
1 617768
2 268652 645985 2924644
3 339462 666767
3 341127 171820
1 199196
2 250602 637111 693648397
2 68109 382662 895805223
1 472744
1 92496
2 78125 455400 745787709
1 415363
2 410000 478467 99031006
2 270852 839151 513108817
1 628849
1 657908
1 614107
3 63783 563846
2 553514 150489 599983987
2 456196 727277 677869552
1 526240
3 344162 815024
2 7938 25923 206678112
2 223964 452026 256089299
2 16401 285672 3302747
1 572893
1 116126
1 144694
3 577070 90117
3 343198 4832
2 341760 571879 105956383
2 193745 308547 702735946
