0
0
0
0
106336260006
700586448
192756055708
262719918
8755088322
51794911180
120309190288
133263731550
515903374060
703718877715
136334935615
417410725976
737068977520
48654774792
506759566852
441599139959
433089497519
1148277991019
664282803250
2298923177307
2137294531235
487758699855
1553645196210
2363800326182
1386733674191
1212519706103
1987858630736
2642459662402
975098102275
621404437792
3256702943088
840392507672
3748256888203
779958972515
1559532738592
1285090460411
3996901558604
3411111935757
417440535996
6995831242043
4160906327822
3028841487716
1691887956174
4047626465381
8967308003222
4285700773696
3297154455355
3414277888128
3462569068297
10515796940057
770878832003
970049013500
4279634559174
13186560623420
2773323067600
10573437997818
2085167245707
3211056917123
12961034428101
10166956918793
10234891002972
1915994816635
8877423911250
9334938215945
3519377523250
8521720279821
15521810435905
10862366560079
8580115690638
11959831512549
3921103427113
15174584636952
8826046025740
15113924660689
7559822850807
20555374670034
5329395313497
17058969471648
17367115928815
1168112088246
17134794956175
6403571367053
20309938397929
1955889047048
11815590305676
1976850068776
14796201121615
11629195731774
10933067866117
2980067839233
13418977235335
4262763527872
12373985158558
26037965589103
18709215390089
9076597213919
18766945871254
51166624348
15878671851609
1179290699063
13786616317214
21466312119316
14039336869113
20916297364870
13036897826078
24962746328300
14593282029058
9854668174729
17021683297482
23225446347029
18991072559199
20049828971820
2038267748692
26278251215255
6539737021960
15076263721201
25896029969228
16023242611716
2862575280429
28433029249426
3352206496227
21538587918195
20671220077072
21546459539868
189949515810
22555808878123
21114575501723
18888162049630
3951763304349
22531720909430
9848304747731
5698559165736
5981007179929
19590166893789
16199169794989
10073475973258
35423022981778
24490274661395
32313741948628
32342945279373
33714507697004
38525307179691
16261609139538
28435485666550
22242040732758
17864199215079
11853045641576
24506262995079
37923294609604
24329377703626
35620143212654
38828040277103
28671013650708
15610492253771
40660969114628
36575868194722
16234406830064
3679254341338
6426137788573
18939753156329
5595772911046
23653284298464
18405592866704
40570193782549
8713910564321
27022075333810
4201728413413
23092043804652
28906332143349
12580196338509
36200148668851
20012130781996
30956514174013
30840420669412
6089068569819
25564989615462
2657576579683
17013081036719
6308157914347
40603236555560
31319806147201
15764053523816
41957100736647
45222507551610
28979495711018
17940872778009
26495001718897
47364897747876
37143040044574
47652059163901
11260390713113
20177538341125
11752594083360
19895507795809
33859458038211
49750242020380
24843861357518
33465192603210
27722206999503
33742697579774
40804416431979
33263164966550
37693677957366
16081272213235
31729060283231
16645977696668
51760113720676
24643549067153
491420107290
42042857307430
23726655128769
8407710693092
52168309356575
29619539681746
54313052682842
5268296741872
40460267762102
38294578514148
39365598042472
37672828556917
41165814533626
42064273700552
55570407687010
14509310013986
34690432137130
57218272297994
2146998721518
47805977087672
580540838207
44783167655599
50132779917139
50411528424198
47154452491940
47306578601800
22851604353825
29497836653198
16179645740421
43665487789085
47803879001709
3131160671730
4498230932213
40025002272436
39488554283190
18087825249326
20405207514973
35436461454292
21837078688908
5001151830804
28031037615513
27591073223404
57897244746784
55367914680172
58010212338865
23175391155430
30250978957312
12417637237523
43610996951879
45621575542052
43586933934199
8057025715767
26044138303477
29493754259516
9552997560042
10311670494701
11793040032567
5066073028688
44081803651461
12212558036347
14071313876241
38868559547451
5202858703057
66536562077123
47304407898698
32034165585835
32419643814474
25042825136618
54122287270497
13116970145098
906186453879
61229908427028
28530788075023
62984012697715
59684170340294
33373243534210
13847779647963
6466264398599
21035131256301
45255075045687
11154160588651
47381730339303
46599022076345
52222184929970
18506356490715
38850990348760
23232567818013
54634851775832
40998447400739
47185124501099
68096093077842
21773069854116
61123787996706
23058559452094
68210610300322
9603884106328
41067183388915
22076119184409
68352273047604
17507949469737
4517116208996
43082560950679
64717059189865
68773284378372
30670159498958
1753408219307
66034483412322
8107617291103
8079377728309
33061586951683
63629942611736
1223235448616
51287060119594
26391041233993
57906930480647
67166914620074
2146659744718
14498232087510
71936610344071
44660133692846
40452196369127
64058908929608
13145983350168
66595317550465
66480944205681
74084255983369
76543937639670
35517267582119
33287433307226
3130752668612
5078530149444
2539998341483
21070881707744
12917443673430
65519439479862
56247680440269
73303854346232
74616268455745
74655263385213
69854243370137
32123876559434
42816186386419
16016914035521
28136165400579
49978645052460
2906276263931
18985825793710
41080329229339
72896131759576
19458670153065
35091236540204
20534523033876
53562910229723
50290981284839
15608170760695
15257570436317
69707617645716
49969245167931
52891420535667
71797779221423
57402246453326
12515597377509
50675071973560
32449588174098
57010464475780
74249837265782
39462902457640
7252499199992
1248225702738
53945817899737
5075835506826
78268656006559
37678917953388
75271150217000
19227668930345
11607334766433
76414316581975
49639094888503
35410315244982
70514448880695
1357551188285
3996253790540
46403243916654
9298719641350
22429993982393
72695486168484
76292567125433
77956737246785
28025878530012
23154150872653
73521860278736
37780374620854
58299947046351
1452188654144
40589650432609
61676712891360
29178260030294
81926427009537
61027253773762
3940455070845
68155372088671
3319873769622
3450298908193
45379563208496
54404128362791
55130132816882
22300916027799
9420815531188
290995707756
55303072709113
68571234290680
16259880468813
37180872450188
59445269264189
62713008760947
44188337415252
72093744146389
843863704257
91334484026702
22159387270937
23883744698737
14244022292868
3231795283020
80962227343664
76472922434607
20405360917587
41031938709639
1837656675970
27950420966615
22674832625489
20362771251682
13929228247889
53417669000532
43886992000112
27060526576287
8759467821400
35835123138568
32788242519255
32093684439895
56901106497978
48298068469205
8750498252658
33316259370096
62980475084471
91840298442682
96923613386270
28729967111320
9889154810805
15679205138756
427454694587
29429737756989
48480690000258
96711280401326
90595796352438
17263728793986
25429164882154
95699899706895
46601933309456
73715888073776
4836390041900
60047363020422
23101356892282
95326284184422
28144571532912
13847980527004
57470934223593
59034638227234
37405021922188
79649377292568
103771064015676
44994699011888
69950587221344
84988256873498
96771222020735
53391845695970
100068992414603
30693870471834
39442938385350
12108773921160
72213553530733
95567316963233
60642234681089
109853137677666
29836372302511
11051065422101
70800505460741
70172531735982
110609140318990
50264734853476
59942411065149
50464947357064
48840709228684
16863493656884
70788828248796
41082137288769
63192645665910
72081324871587
52328335920752
77002045112909
26714196701900
91498101916120
91235401179459
104868875617593
13649565040798
77601043621638
78761857480994
19343777421970
96041943688351
40961023556228
56481204969051
44350689011130
102005008672409
111978916211789
98570617057987
45408726644073
35527792104474
113171121517066
10646110093793
117867671200534
66703692578366
86361570068638
43694449922005
60967379501133
4202194144872
110428560047856
87135828348203
76180188187877
107320823960029
86109915074230
62416491344840
22387916975607
109649895502575
72802532923246
18526603638502
75378293609905
19400228343443
116669513115592
117319072582320
18989618649175
2275632731035
22659423025953
36869499313342
74764358619962
112535934203816
114648002488826
34662243584651
73952012473461
73250060173675
82552278889431
117416970266245
8656180244162
106310573455284
97686232278165
68313560507507
46169526961251
50252630397581
102221457478191
33618155517639
64013600114339
125153403311529
25601446033559
121176882298231
59953039070097
65322933037105
40842100251780
127909576019401
77839771855621
60582255206234
106960001116008
31057070572409
57950307711739
37742739935107
125670688207914
48623797700321
6466363444115
115297489622274
73015483404593
34019176823068
128751211280038
69252776996708
86924028061400
99089966828539
97313961290695
20642631494049
77593856836104
22570606323006
124271650477893
95224140996042
45495429356628
56776716111127
79627972633813
48248245288473
29461473279150
107901504180218
105163392028828
31713355582541
53418454367836
111504688078453
55763383715356
95097919136619
89488550676680
109876335433969
11435842842304
61812616684514
110503646075379
62735080946412
2599057098412
109086629161495
69287316687119
110792309998160
46834808432313
99614495510274
92416966502837
86633401056006
39940157490327
17806555330421
132332195921875
29567260521160
25307927230027
20307450719908
60201733690723
61160219688139
69408277974254
70018665605311
27228558035657
130237411064806
67690682281488
73458124626210
30765318050752
26953506393338
82082898880288
20780185696243
18938288507901
115372313268548
108838307912608
44490236571502
104621490316484
21587142355269
4103122033182
127296810400022
70435491991350
67536894198119
63643650596898
126468747734182
146685242194176
71602899747112
59259433525564
62564312867615
16838561710045
15454409260081
64778857695739
53193301110010
79494554545926
18270387205302
126806452251594
30581314034633
90334903652333
88472490698151
106935019873093
43496908746579
49826467043588
147567402836807
8056903420663
128599486407367
140042127450583
44260154847543
75985611479614
74844130951366
39330799271292
6400459320828
986035988507
143269256677982
109691042304128
14410692452404
94667504683346
23846453964637
37048887558321
94231329735635
21476895973460
17271158852377
77079603532370
35019969636602
118991710396894
68304062447554
130122707549195
105490754039320
131086438331190
155704167914898
13721369752406
78371383858515
8421031007373
1941217983901
134381440179151
23233388125739
2650190154834
158081952194841
142915356678340
118833420068824
7792962441074
152001031715035
112623806627525
131537382353200
49992654450192
59422067713152
120333366167269
108765663752210
63924209258702
14703268187150
7101898199031
23337936185222
70042946167411
44801068663477
104866273916573
11033364122682
107133194651067
31104271820332
59878873034691
59198388358632
66608109368042
151863590150361
89562344264398
60619935596636
30030032914938
28535250841296
24759099875543
10805637220107
5410340145204
74533999154289
16402382297761
68627372490826
94477054414388
77604186417623
169895190842668
132870201859482
3062200432569
15991539165924
91675829290154
110935122431115
48958347890173
129179920586604
51890625181204
19503792470934
149472968143717
23647946785985
63176784658854
84190425370168
113469775208066
152677826275781
77510322842756
23375836001986
88037520587298
6035455980750
108808176582870
104342275662715
30166035115954
134214319836846
113558187397727
66576077569726
95341332051637
76432668738740
126278592902510
123551575292426
172946882677597
31837333560076
48262217315653
102873773664277
96559747895467
167611543335274
15359782734420
158442838559128
26058426887832
17823301452090
86773155482323
131221244370438
22427324401787
22589121687588
89682259939960
121932738531822
126999479565108
147390220635687
45857872117755
155460843765191
144484141423278
71714831032553
154654946173345
156966798466216
52256790805000
87198387524811
91843212145075
45637258304565
76450787728020
134648548650887
169272323712167
57144905181622
27911968440187
13172441155565
123305610579017
51274288258418
16837737278189
167337251062667
27065008799256
158054927296124
83602542456047
152274101258463
85859491875075
92519489202109
108172434455478
32929078720739
3285617727985
108439455485924
103458911418795
1186813161722
172452366486619
83234230525646
150092563644969
8603333071382
110520662481678
54070516992624
21551757169308
160614706757084
169354429296078
64352429177933
3531190028574
47486455648921
171233704405440
20266226825700
126609076584016
72781691982848
30193820441543
9050659284969
161978680246624
174960321526499
92390079959526
32620312067068
82458928258958
180446045535251
77178051739023
151050002327850
122516799687183
46915801235057
70022625210399
68404821308609
29159189081630
102902378527975
102880071167316
124577729606870
195345569125746
119435354183733
176072919327647
16117641408204
37453180070193
24949221889104
127929699530392
8088273487885
137722462063849
194276196409831
86735007769325
191607068113555
81227766424688
50674513127845
120765602692529
43395426803150
121501548496578
161231572406742
96382532184350
25782980352496
87454850887789
122974358408831
96271237006876
168716101269672
147118794793351
85057384839501
116605279467457
76815307804482
17453852420732
120223165007353
137477535609360
5157408053267
57414882448333
128269305394869
189743046561430
97087920926384
187962313288379
57952285015200
155819566277606
156075776850437
65585014690048
30326456880517
204982690702544
182847879321346
36277167531936
124337666065818
24958722125661
6450502888160
104224320645879
1736975624102
78453925836470
17958631662987
201061044505138
5706895042699
126538556277227
125854516326348
136237552805803
78408939696221
103407404825041
21338629174334
113578611334698
148793934835054
138925669824809
131071210128878
16354806792527
84843104293793
128509797926603
187572860236179
204625471016388
62793107429695
55113732613511
149630600178756
167107922032939
187563083448219
56028658258212
66099355184205
142733326176353
30944422072477
126462327557872
645591314385
63544479408038
213736684618231
74677707380887
79097329127056
79309990602725
209569489030544
121227812983460
173327555074485
42927831291409
121279085225422
44647309235695
72142828437342
209639316912670
20193684155866
187887440073440
30669117360839
201021254799247
126629040194461
105932954980647
177418007848698
52465242582114
206145617096566
77469794289815
58890398987374
80104827009198
106470800411248
170275827104269
111665563285107
177589911541885
49716278038081
196941466556339
33623279398712
216824495117213
83735085909840
46198832999761
13582820861898
75276388625145
139614279007829
219816386364430
175257516495312
182324785840089
456934130530
691680685941
111737792611027
129947331638410
158001200672699
108153516564272
125828280972658
63848607900168
194759536135598
123251473297191
136517050260187
52000203587735
132668925885528
183124964741972
1299588829086
161911565770399
106024784126853
37786279328351
4460919912917
171901336772728
228920552700199
109084905007398
29628791664595
131301272028156
226590076810622
130499799330963
7818156275250
70352169021460
204151635315367
70627615707616
127392922019090
78450619492107
100215761970516
96124287920034
151239529205091
15767820212395
141143934504000
67315811492746
201428638483438
220336300806032
192434252855957
18170342811552
229396339274514
96988255111214
18136233003921
15578072097127
62156665301037
210987551210064
189412804094054
50872723870690
215534898412443
21898347282112
39752447646182
105316961514934
229114223068541
79901589437286
169396683441979
140165527943989
100488415208437
128992147828589
45657739867236
52107159758117
108273158207907
7782847666488
42606431034204
23220910071995
161769620968682
165875329049603
208549053100481
49742034986567
757874807073
194504777046392
115349765755267
186427025147593
48176334464239
172925670643463
88378936789783
126698174166425
73085489235076
233218563571061
235756490670488
16268042145259
69771417781868
19713276333894
95750160448655
179943098499872
220445499650427
126963067467143
146695350070044
248389464189199
51835403433294
220027586708858
64726520668031
231465384476339
171548027018748
187519936338061
244509612750083
187025972221067
225167360623479
52466562122571
34198681038772
92006518094905
148863194288076
62553437455370
33967015666457
66910421248095
237096485381528
224721844036927
30836884419838
57461911888503
78113835978580
67299483441682
24050604328814
207052953282144
231304180007445
145945845352642
142647371506053
155486298613023
164384246807323
192117268132734
8802849486170
137674023388613
245079573706437
152750862982085
48886366379614
167582680912123
34067401264377
6647637884550
227286988478823
156602763114675
533544445983
222037093500856
51072976234814
104255256047317
125727413592605
133844952808626
81150751890363
50003918907900
168247582821343
153928611199779
135925374375739
207015025623022
151696932139717
98418301369110
166867832647114
74264482300362
108225724529449
199899313253664
233107449482347
99208448925887
144626293969610
248156072912249
111065462857932
27429220931470
251996286170654
44405112315440
23395171940764
92220193477158
120010808481507
90632139722972
92454386762757
46752510334618
196293729117892
96613287232647
265274039081853
48381938719468
71485385804195
201311198525441
49668628545272
111915539056802
23278308451151
49099318220613
191805013918037
110667857282789
183053463441258
151051142143526
64214136435424
