0
0
0
0
83740911386730
231074477523111
170315614292611
370332828270645
530685926695139
596686653391935
190649468262873
957352012925850
77791419614010
991465080501162
450020131862028
619160692531077
1379393573453264
1050112552322527
96187519087029
1549150402643735
2216018591548968
1097450295818354
217460483980478
2499167084053434
1496631575451013
2316598378008289
2772631501609246
2020829361870889
3386739781066358
4344262584944153
3009395941167107
3234108835420431
4619681407642803
2126642658449933
3600257516950014
582203813822648
142769828666404
144319862260628
4298393429593739
3584222831443614
350933400036646
5488957356788489
1468712720346782
771872449576390
2467206356286231
4843646930689971
645874947091181
277980675073428
223925424736597
64157260048290
625669613415850
1846764421643410
5757069038060182
2834918354036981
172261723294667
2303401772163611
324084222119524
1505670075282280
4254380374736875
1406076991909278
7222233003418983
5855589201220863
1793000452945402
4289188963840150
5686846352412858
7089966223555077
1711626097886861
6903740755668755
2408210071902088
1840640263902589
6063761177769224
7126649315946201
2687828424710540
3731439961339824
9494424297172473
746251878248701
10084800489467154
7350436521116139
9892372109484326
9647900948435251
7268400609559949
11275883175392275
3592640651121374
1117679697216160
3891734153994703
311462004373719
2508885364902345
757243316756918
4523837649537676
2915320284954830
11753970918537783
5272015643825513
233979342947627
641434170353606
180368946253338
5130953196521815
20708275051930
9488390227992648
4817644949719745
10086530650116377
13944127537270976
5459834765093239
15640140170478139
895743529218458
12793914111261106
12554625574655049
832579823486941
15339933613125708
3773237714483253
10630652746735994
8475215457854243
16165473385047984
9759341286480091
1445296868064133
14681911937687843
3488246953634144
3900057424243874
4790460987761144
1783253160820371
1120132759825454
8564512601932929
1645251357782532
701707860016004
6922637892118226
1710258729432165
1298778482278182
1942514729996888
18461888412273307
17558171878849188
12849235461452736
10897170039593522
11587323163871026
10291116166204283
1988046482525326
9455308426803413
14188693652654177
6437404418568386
2539587166642566
15575737810204497
6809004073925379
8560710250799053
15433606945699471
1823373166570722
20785661451500424
11571214402727769
1342631297387581
2493187138497082
11943410198816649
8058819951775928
815718622153648
20690447338071
5104736932644048
3533566792591482
9445140794029694
17435586861102605
9453752309725173
13326926270291962
21225097113887269
2134141375583526
23866934676246005
15252130592197979
550560147589762
11585594789045210
20867520314958918
21735278200864606
4454469923026448
3795679728360313
6205367040829448
12558711971089757
5832217978590355
22353381369711411
594162418587080
308310079646003
21609079630528595
9401287971241008
18795254878918646
83119791482125
354572118216916
21252109290903647
25863677086345783
19554684788334379
14002996162844976
7578311252166874
3215531969003913
8149229259766608
1341131636255027
12532631868513906
226499733836912
15469107246188962
6737758752686172
6812953818029501
16432187802513301
20383634409278880
17078457285770034
25528062315544606
23074392903244753
3169204764192808
3828294026760440
25603231739084228
87244024197365
9965599500624245
4336556297310455
23225284187920753
14553479108618050
13364628952105833
1171105174254453
2258675286338595
560017218983617
2855574915838154
13178625317779468
25822848453846835
11882080152838362
6572740235448104
15247633624320617
21232977416017323
11266346772501967
7909733458245243
7890947273362923
9936365496880117
735041036588298
12921986933317051
13587461240585400
1075773247785133
19782295972196823
16001418188450604
1018348437172971
30167593135658852
5948973208703821
23700517881514330
3990735863186082
5133263973946508
7161662226084133
15193127856604989
10090700347387971
389904277414387
3850346444934088
19742068120166450
29775811819017879
536318015371101
6919889344494813
19815871801736898
11501537336293959
31459949115645738
24426698005158340
27592236131818575
32566872982674940
1651096186622200
14904183430120164
1346441204780526
227944294576283
30436324748980579
4184748435307464
5517248150524322
26593909370840512
16403447092395758
13874227312393616
17438530938618287
12544594143517632
2518066954617358
612907570250699
877015047010019
14649383621043721
4258062385032159
186672109177978
30514364385164230
159110934738841
6859033781244214
270628527017940
18688606413342679
25308821502857564
9011675758954396
2325699817684631
5806706974493968
14486821937583283
9114335518152858
22148419226418482
4504568862859080
7718785332154748
6127830501640777
12961474391482282
19662026195120267
1264941189374069
21131710853783349
12858829517187130
176338320506639
28996022512596426
28112707603282769
3628202911077368
28223809397040445
16123073586548418
25624618507484845
2577472368598510
20679829677096425
8404313159554462
9549628840811793
8865791706779280
14024646619215509
31438219200274692
28534705342507686
963108902574822
2329623547981413
12694238200787313
14320097545949747
8713427610274353
10307620267359350
3958062263784839
3969164581756648
19150678180943439
16132942301682969
22734381341044069
14838557153840560
3852037041266612
7075743527426467
1976707758284927
24521126087813725
16095383055313043
1392088739005366
14272642379355783
32379907295525151
1166872978137285
15724186923886415
2445038162207375
14289343668159006
282539400313143
31319042254019680
1328367150047799
4520606779948581
29785790141960915
2008747510086831
21153676192311044
14949260218228094
16754740610691083
37190228918335075
23971903527953601
42203320105067
34055808875568008
23476232980262894
16356073850496215
25686563654192943
17408582253630960
43021109862784975
9592357351317637
2415310272488486
24231918966870514
26103562227523059
5052997916787683
25277605077546771
20195201496984870
4149143964193486
24689625809961891
205828632017968
39435770313146490
45240834117337068
27510415174440470
29232134544528853
4794391612507349
3772675315515286
1069166976894754
47057706751196259
7116342650210924
13936342858996512
35279963188517137
22305432881177628
5544670542916323
5380969788017554
28803980143170506
15201544076383699
7621314699215032
45338594373025486
35343112057873464
27265540497472492
12298321090612618
45044315717950667
14485265309469605
4799952238043860
48173185000895364
7447601693311032
2014923129019687
44999639341390220
36133511498297350
2489024551647646
2555189761613179
7331634609038456
23556527385632988
24295896917925156
242761259785293
15717341260566866
23998068806286975
20442848168897754
11921825310457134
50350753566202578
43614214225743580
15771223374162757
29975771944313542
27704651602234907
28908677893694269
23056832518521679
31578652420869489
52229960567343484
2322379915573439
27594564077862109
10387824273916032
18915191567470393
29659885851066943
6826768741967097
27115857799585377
39798647486037184
29290796402446487
45766983003372524
45243259131646107
24708104369319563
6241006067202815
16615178068097419
7788922594006855
20952343932686012
16268687257682807
1889108871658351
15212659427015404
431616481319152
232971925330025
31495689681789584
14938703692725500
37871188844833693
6581716528682224
12524550872700842
11897671156404978
3099382774738703
48631054289971730
4390506742475299
5903261826840821
636007545805225
40118387435978901
20501023341648067
4181710030956453
12954277815844125
20994281372188112
611052523126305
17522264170166037
37078985186406069
54645295657502927
6353177016273332
35556790979610896
61454609886208970
17309124133687434
42413356127736171
33727115426029193
43795697433454544
5240742194169655
21782697320724636
2480323685202013
13382465733455122
57195145726174374
20230535879597151
15398727457939098
33621761207734548
20063130252845216
26042429021053087
2092928711956435
21249579401281032
30231011178818491
29722908910231672
28053846218494130
5044940153188851
17209100419766730
50987777609723052
27516436222130637
41695748069928439
37834423663362253
44702273415636288
7058273336798398
28602171829470465
53147282085321596
58551640578169046
8176646240646057
19647266836979912
412907699602165
6427192461313434
33055340603811393
29049015158543857
24056393154992589
21713877641423221
66507423636929185
21832636273185884
11341669913225495
28196341954128677
6114611395489710
55402971999763190
15938583009147413
7765138676630512
11466730752347112
15798482200680788
49541665840179130
15710644396981399
132143304129209
65503145398396893
42481997405589698
61066963446750098
1728024653450580
25202832033149503
46094476696706917
44145301573236674
17547520596434241
13834821635566813
67766549679408274
60539817988022520
33967520184204696
36249432013137591
50597345249326618
26394980957035739
3997435187824750
28944995913837127
21662621182650108
50768800719998580
27098829783100490
32786510914761764
26158356524373651
48090387864983215
74316519578420915
8972061865680032
42357145482880207
48978768799890659
185098533766659
27610168110538371
1017779973926980
16531959192052515
28839149331699880
29822151655099616
51240542736335079
29209934397851889
47722739042968825
76748215467911167
69688306834189160
45928130364934390
35397065738033
31543832742053278
43988954271182045
31758425915899253
53934086323639039
15659649349902402
15046878043674067
251673555090581
8627810961352417
43804918506039571
74897314947560881
70662634188123647
57432362807466251
11405596465680511
5642691582103864
80713037625349091
10375556130054336
10225331913275261
10555840291064351
43949091854342685
21237886723633005
35617219416402710
22050507220308612
57669908893344856
11631531239446454
17754580653401989
5810442256931455
19130328445593821
43744158849775115
26123369649117783
33818508187904465
61806993486207205
50913141714899023
69040502535676827
19122148114481608
48367602349054115
313996599401462
30925657492411562
21669090057522093
16022933782320950
10873545341382094
19958136790261620
6015495226627340
75260832157861740
5122103193447423
25910421547883767
23305140503673775
40277559752179271
71700476084196779
5757511476609593
35637720416512982
9784659629739342
10222416256932087
70788207218872496
266090554726330
3798857565189184
56142046883523712
17289973531724711
46515772445614632
5781008870022798
59016389001100484
84133481038450447
4741303223394076
2775988869077173
70541602140390124
56618911926825375
46726780971364468
19138577128954321
64900283930834197
55563198126902763
24387371300032379
33946190146674709
45992283406035113
79499196935439041
15154990403164637
17400465762005585
941067333009094
37006200733736927
82745054131209226
62384827002746230
3247219978169474
26627338151544155
28284702166201422
87217930623646088
41895689304000709
18125194030264272
23351242621532391
3714918776788008
20888370621090783
16484025840046836
29710208649138830
27901242210591070
52000918267584130
73073721492665593
34993686572020217
76860692698223382
28286287917718937
15830951139213424
61090556318322496
46137033392445549
60085739912676607
65845876091675126
63605689186660635
27393366155300373
201163679259185
44472279093751184
46255775202365486
24418630844842653
240840076996700
36695715787653232
4785779414622732
98450137242636295
74014642219450568
64029002396464120
42610300887099007
59288100082708737
53780198736636529
39806469464112588
28114427235179849
27958850368288345
5532998999639795
153903537804195
8301771830148601
88308709649204005
42828456357175360
12220666187597073
92951707153645709
72868226933909772
88350115143844737
22317770720037999
71806399213064359
39924458844380177
39395282317915061
75022279515320400
19365422085174721
58046754922600662
41396017643045349
21464839577003457
105187067168526539
45101984521141058
16350016705363391
29386912780131493
38184765038829296
63616295430347323
41599966687538467
43262690182228651
3676513855791497
28352045730443434
77613220091376520
22684579620026725
43413981986431314
81667230614775636
13113870627850711
107625490234101456
67915708935822983
89908521865062981
14848594411174614
88077888797255052
61326631420511486
67932147137086475
65183098518963126
91925252974406750
29706787539454699
25153141506492024
52880648497622102
60572179312671978
10787600710113676
98499347290786
53523056786732493
37152922082230843
30433309558914922
45229453578878391
19906154346583919
89115904662562154
4928025347031950
62870845059375052
90869945574225455
54687227843621391
11866138906597908
24977092725912058
35446292960698987
66145180583533200
109902752959851619
38556927214317344
103134921923924379
19216243100332748
95605019526610189
78479132277557831
67961536275388935
69444552811148734
39993351334722033
68481311253910143
41403278026392619
590726210379280
26702729807976973
42079756705864406
80383159514291220
11734803537476894
52517499447345216
81791541701298966
3712713049435756
12860780354012477
98622365274190540
58108711068701923
9608363609852357
81614037802955118
21910883248145172
43909421522018809
65436084349573933
61187582475449934
7422755805321553
25756626340270222
2784154189950105
71753955707238531
40421406757428326
87892300052432076
78096079129824114
9868317769761604
46206234760388816
84860175714179134
4075792431832500
68449514751847816
24587669377605655
14270898914522473
28153751770266193
30052135456701066
29081758786834144
100119976293792735
2645106482889071
17206779400979894
58162135282244201
48765895742861752
43133223448442983
28066078547009912
34235928681104116
4947504562336436
24130863402798899
70348907797687299
22147447544445312
57644527967879640
58944073002319984
950359196151287
102743126054514434
54954742124488043
12853324149514789
90806392377901081
52377818818423787
100273691649297332
39607648217285794
123069963559213353
70284817965132264
14758860758267247
17508459463095660
111290780081292505
96786195175261409
43630030857173138
90224458331536828
71156589698139297
77408858017099644
29923171107694140
21705764964541895
37768618264829561
20074901986886162
30789556752298658
84710220919124795
10183827748145828
75222833542487548
115369250931243599
92946523454511224
53051743566461614
18071724838540798
54157837778480524
49816865858812126
47222541299150072
73990143359231840
119161228119630
14202223945700078
122506440090479216
57250023145343180
18782106041033896
123136013098417460
35523973179580260
43509536687401609
46398787066572818
55449019982793
60708187025861687
91505834643137355
35937873880075270
4522079860428259
19156846047065470
38163960442486896
103449345214859664
10503546628551230
26492256810260642
93852438535328230
19970162327813813
29297538921625267
1059189221287475
9173514673696398
5444333015847601
4218379842492984
13794990738651873
24715591200217906
18912125253397412
91008649310963682
53625798567776065
114420899420528436
75212734954822200
65171086220995560
23421642816778646
97231243532520333
5827377470531965
15350482595578553
24523643947093123
5742134594069129
67127073746420507
74533207184124867
50803780176467085
40792525434459336
115051246320936067
34095163861652594
44599556361017604
107116601589598237
3395890584796275
50789209404079436
100235833594077379
104626914054743119
25790007504210605
31083633616630560
72817845596974584
122375089025006584
32782878075817207
116756878119596076
8216263417334473
95889679175979010
28002883702460428
86799515704079317
48723066154568873
6455904177511105
23753421567747696
125040950895717893
113081412606024800
36912352215069128
10715529287929245
100670557289928568
69032252656426254
81258389373913198
48756382435985294
4651790214483010
39620308716291204
2029194840205665
29357471281358253
122152589201745930
46130178517394679
135892673930944111
77567791779727090
1996849461832858
41304524593377614
59877243030674362
57058074474610658
35495322564242744
41851769963620037
18969977309421028
25828446733018483
112141105244504912
6425034800051043
69216193106459004
86021285758884100
34614177067684745
87577635338785973
83046133514063975
46068743725093334
130916867340954494
19453524472040532
2503026900060752
6585297368151126
33449614313909
121047628835097761
111990745422218990
123454532283948603
58435892110280694
58339579769887067
2012136081104653
7296329285840109
23496801941967694
57115288807093177
76637390967935474
91031646311933196
111156464919844930
45324606402807168
82848118313180355
98384645438388056
5847200801185154
78513369874222203
131686211743985984
84593637484988449
54474951943775243
69772107499928172
13649373790184393
102909235410726630
3742772265503276
11296750112290152
116989983879914378
14069397848491018
79843204191963803
6866315439348329
3977683696374283
53554025433471637
55555220948624328
34347748869054753
128409006887806939
11548756159862374
32140007653832321
1691543630489443
59311957474335621
1502195083967306
22098060120187102
125253703554171718
35774852758376095
132839031054097643
27786559607696599
63067309063377870
125783123059777371
16748731999832018
33320815560665755
25948138867847539
7706240267808063
97501190373203338
94313944764079501
97314854662785388
4320640831786302
86344084987091502
56674113775485363
89049383589330610
26031330158348325
82676332504941247
9183004900048127
2414744502390739
108385783051326935
7575330866052789
85270526061928104
136071636636311518
23179409618611116
68768873504185651
136218049687997148
62188064822438674
26214601147606536
138755324695267421
97848352640319511
724698564232702
24999550263710710
72547234078916958
20429640875748541
16121840652392314
22271976713981088
2861510505339953
45701896696113738
28036125456442814
71191383956595277
54390302165364070
13999654449697880
136521035467430757
145382484561488082
136408372840013881
149390322092359451
67122786342132448
21325620431149264
84320924050858720
97725300540051309
5228186410093560
57407069650150800
86430038365178400
77662732173476711
50146397426474962
145275737890171374
30451659411063684
110562142031303187
44511795001934357
109797289007075965
107669083635830365
44327969709601927
82558809592439136
12512080024407411
93221733688231092
143996796675434258
81120262523333547
5301233370766596
132427584361787014
106697788889570632
12099535885849831
83392614920207303
50867836655583551
84211463459553139
23382566023044792
57894152033161156
138734513958623075
25607156526662142
52934713679851806
33756365646148483
3727241090552186
91591405956363163
1392779342355239
29290857270822959
45873558425193173
101160828797719888
21775864632770713
97407144258455003
130766944340323806
26961190570151812
40428137986714803
30796360958314458
32553535866073115
106907270050815901
63459409796415254
91877244500023444
84630464677246380
15607630567276431
61658171251503233
846997668064705
110777957324849806
778183232894220
30224045615229037
73823273296731128
107771592235835237
14896301297694194
92836848553682612
23126865568422248
28436310216390977
37060794529754856
66274539222834534
96405233731679077
54046606692444654
12055850723981398
150866450112305572
138369760464643347
18811172912053144
53498680054570532
131451684635968338
8053776900595650
41175007145626248
88392072858520448
74827807248448355
50768621523001753
102776746965293026
40729949876205799
142956191699467079
94175256881196751
50100413521961739
105893961822435249
66975365129160145
121866035636040028
71961700793406063
70961140588507455
136785265319487539
133018890468798197
103817027062101014
17914325427308382
92195995261533065
29755296706571066
57980235899199824
157388015405898821
27816558387259479
44602722334727682
34909265514668799
13421109457837056
32015086959436570
10101383191362707
101485432965237564
15556864751310130
22386248090494954
3021861283835459
14189125826420388
122946196563960377
1927317018746704
77871362859509833
15180484663700663
132221949220360294
85811571200289798
71006585319165111
7357182142514035
11524584159740605
228003508643527
60047869833121396
131977961821169391
80375209192059987
3676414417007983
138334158124983444
151622955941875644
71016667437587394
16447134769515063
4293734810828714
162888364341939734
37417705145483367
19695878283374736
59022812399612641
19583727201724915
44419177423418117
151970476618008173
35649816351667005
151764350730407749
43486599934853853
566086581146100
21805683584767375
18314674023209379
132356216282892310
129702344860156814
67590409987317062
110092631614133991
146293735034255310
57014714643442109
161208963927622524
110391057876188371
41140594672154398
78543877939224530
7152028701055902
41475951515745743
25058313511488464
130679666690172889
37618764169896745
62542996026620274
17317013774738131
339569045385077
5764597098036194
137589729175049654
144419403416934641
20670465166866280
154411274923141408
114110668772674261
12273893460552831
96350541485631921
45701099045298479
92042732738877174
50894302109401577
8045128930380517
152790116318563374
16852431042642547
73767161551558869
140688511386267699
70376874210150032
19782728746351842
139162560797061880
26365999373711166
76047231551389542
43578509813146316
340473266012178
54426004277915669
167723900488009269
3104661391216287
153968991424812188
38560073623749961
79552685385143851
82415901311547569
13694195656072485
30812587024184471
26357020393405392
122261812621071907
53683210692502395
17492071288736684
94155707508763623
14900707177306045
65267891340746260
164315808525856000
8073850931484958
86675338269923465
140651833200710408
95683743311516433
65056150968000144
156041267912755063
20030100805554621
144489883325068968
28634555768275182
72778574325688603
735821396130227
33631931621556468
2651561388765561
19061003419800483
155571716399198816
61440355438522147
93868895413476325
24011803470267394
173603459291365220
115434533145014055
52737426368718834
98939033824647301
51602942666794251
26525706552834738
28322128376247140
82307341015779998
3143693606785227
44524115907874801
13659073725616365
16061577349381550
10178327390211176
60193654119873482
83656559272048204
28389787269764390
99325692317715107
63853315213057687
96316469988180229
9277550256009455
1579782671788603
132466073549386817
100932810683876681
93832175459763877
118186997601933624
89120820292971427
3087987019741648
179805622210686557
33324874579119310
82300337562751220
87310546895307470
100235941072991348
14509772084747684
96858761374058639
6882311999179230
1019932605642737
68730264002224456
85506858860593731
30725117501847997
104646506877655377
32665242171272529
46240758399477470
37471221950950834
54753245265798497
49143695863072119
14805556771471928
7376097934593492
70195549733451461
15733589032453052
25582547502426112
6541679429057929
108096577898793630
160433858395430677
57890187236871207
6835832293664427
41023471274603921
129529578429773091
92672465858263055
119639345110415812
60968839540212974
101045881645371713
2146325321445370
146463083535172319
121526382186572177
69583565431633767
4497167786893461
25184301517991790
58077656787271409
80728679477952929
67918531454323772
48524257147552638
35038185104004691
155590067919722807
111574574820910417
43536284313874649
160824851691341487
171672623554193251
66374324555290115
99135627644093008
29086721895361611
19176803579528772
42814441768428367
159856616465833651
74358205038207846
113862555204605386
18647829819229515
173104451748107659
110727813139539797
165218296348470470
89847537770499487
63673604750267778
24766746393737874
55757311447209221
93583490254528473
64242574497442909
144450197309429503
14877068608124004
20355815236454786
37353004031885344
94992816361760768
5975727041449774
101513613702792428
126014495518753610
106024503325369361
1163007882814622
2287347754989199
43079281588264366
154210341419772254
15037231836048309
157294442989688318
18777087775617042
8234289189372418
123862972433413405
36468397719682705
12555781997275750
134856069578762726
17525701046891356
25679518573383864
125326294635453324
5994447546889353
79076437259100547
124785231798851892
20680056669339554
18026481073618014
53147027193214543
73303153471503233
7737361262613300
172758341354729781
168596216319983311
75157814380304631
125317195697014777
48342924861189574
110445499785688105
183322379386538655
41129621295040393
109533635019987614
107942053324917744
23409130541842487
39052057153577583
34505048214853949
65929871151888429
133867489362540279
117546957092813240
37487038004559850
69801177919565757
164378350081034919
14975054363952335
120634184614968627
16060922960990749
47202114111258001
13702667805818003
145610970969565588
92004511283414586
23632190967999434
129914188873421269
101779566299474963
75780873036631411
110533896292128828
143260787159819848
38300106524150209
150895901367219887
47474921335217957
52180487879256170
73897429562962377
66158499209108330
173792437739537999
89668742214822889
35463688359038664
70747846027846344
103171469218572670
102738511311535898
346911163740515
77459372748585338
21843055812569431
170916568173095351
22880749590480989
92118302388977960
44090971595265043
21978564500545869
36710365753618590
98565506011395546
143618736902744456
36564725720559435
6793512835541366
21797091498936476
90752307206182421
6001852695853516
178826773108110290
173243031437844873
32175644137885082
97632628655220428
107194059559221796
16241456997480288
25131236516003501
42483291864757742
24730040802328679
4639708486897810
30548862029228266
70759309880909994
62069792305152143
3985376432564682
2107126008599224
157739840275307872
32190679930201855
83002884087252904
130780942977052276
15003879334182519
9040631386143336
198321000930964539
17741892821596542
71331937556548477
15072252446436188
12088511118203767
1668649381076698
136692277002212108
59365972879893552
185000862211965233
18688806190199812
118048579302811048
18739766165368084
133524589832888466
130745865275252910
35357591107002207
1924811252405780
79752035224289480
40184165153392639
15328600755709421
49427617603653392
70211357138416347
17548543135382523
124212770920811758
156857356926159079
155376967980148777
95259625149509
29008632964298794
91702510534917060
142156471809332908
93391024826801200
24173342325105498
96736793070982884
166853737780319364
46139531252302564
35938565001464043
104470850427141796
53022367022505557
39177095385539775
683412531901274
161475535727239764
135363585807620105
40140293122354050
128113383793894282
103757783849309633
1693763838959525
76946326074857346
155061939776256075
92395580742552383
94182691344609984
154978439805910285
37920944937050510
22182779123479361
167501964911171186
189895146952600590
50466547065483536
204386029112058261
91334715233613464
131104787711318319
80451644601807036
109903972120853906
150100276456132547
24265950953905954
158527965484020901
191099769907927696
54034996229958224
78723562821570733
124579573419103058
115696349715664485
95971575586026448
87316250654886
160015932042667581
200414182879472683
19875038047230889
201803971927565418
124250361830004761
51070544772042954
92209764320723313
124781827853440400
78815381678183790
1218589475166030
84821517961202909
206370151031861060
61805465281887885
8820281690281180
5829732643950981
184853157320892507
145147750099742900
70970721288953556
107508239247608542
5267283413097066
45803172985898404
45153777258632854
95996929407275892
2649556635827313
94071307263726078
33846052833669251
47302667561249940
135818764275990594
213046954372709970
10569054428876150
42528997279381735
130087819969620245
167553277836019292
185717122469005715
1781326819780476
519900751453829
51346512410994747
188237046352696228
36998289890684429
27832790348300383
148529566922845271
93846051453400495
144939511909188138
8592749643941975
153303235158512251
4213943564066831
82117926648024439
134424521089874209
75938348985655086
89996029204303355
216349408638000606
55488647378042262
52077219916533739
54326274801020933
210386773400157486
93312277845985879
92105197804822222
63402095743288411
122470553707959232
9699718959014008
185400414579878043
23665161016194743
39213596609135531
91486813545581804
184029804301369187
147613223129516961
78334068551917507
30270462788564661
27990948614256397
159262595800355280
110122643626940674
175764946660684688
222501706032322141
61138772711507927
13167502300721466
125840561720963718
115546185312998443
56200542299849685
59351755305039877
49427451104395468
9789035710169503
39574081493196623
34019685598495651
16540369277225145
142825324577383523
87156470062126925
6939234994313289
91226247498265888
45218928720998712
26296348676480023
28166135933218853
225952026410189497
132001545828747321
6442759580641740
131912475551613326
90547368757455554
155896394865071599
6952554234846568
45315283433075526
41411957700124034
53192437867212371
79041731342376392
14588584157457197
143413784715728483
107296240071142501
48059459766309033
185235983999859242
57360573170163109
29241062471306658
60860868012229972
213826509072789430
11903149628983945
108079754406562615
80626618695949080
113465675940383426
110445587727095433
59945326819628327
58935912705552339
119473095297333474
29944919220242995
6018041322326715
45101279261427865
111244403450581949
20304896446101119
208392067607735062
5356279973691109
9202735873375492
103722166712475185
66189951104550203
231111787883562950
12398505326023878
71802587616969157
20515801156088446
170061583641177805
86240360038152296
22116945804903655
57729544555648756
73723226745840967
183921189704974708
16209397863834843
2143798867929408
74246239377733292
91627750037852167
183747783095886875
94500447278428683
235535485834687624
98633085675614596
200055831950473347
69157003121559542
87150647744588069
110624470029737449
87266055563244097
197976800191563653
147374398320217480
1023084117048907
9636395723776797
50680710743468492
165941897758912650
34750922122312514
127455924054611695
50728301166003810
87186355546287980
177836931643168188
223709015831314082
136078522400205069
15607849736944358
209815430084189499
121988873696498387
230363042324891289
6759685098838165
58429103823748104
179947874530189822
219513747857833358
114855088504263696
221993771290915083
156984717377524464
227015444220718367
138977193461393476
133842404477452818
13216402962345746
152582274295261410
48819451720334072
153451197390077661
27226132374285668
234805182764601613
82986194759964146
21339845262376974
170765085188182420
84822922805892653
74646622782674757
116181102933743134
54997590491653500
93488409716602512
29527395177794231
154138211581519707
7285902386596796
109327731402986566
97465687458717000
209492708175494803
16189778146334266
39471161626378667
67118244991721057
3848595503684093
49232246563755508
28183009625687792
9990690681476125
33813202153416014
34525047913013627
86314389733411814
1819111396465076
28310955649719332
116699280202788889
41693952345339812
19604746145647324
12509358336384746
60596506689395248
193692176012640618
23925883514230866
83618114302466402
21368386058583591
30926227300530829
230732433927524326
53994830661282048
138952401160802493
105810363601596301
172219966157833629
104780668389650074
140584000545701860
174296932050632072
151899736551975893
6172942922424606
171542623379335243
37968841989446394
804007658123728
195792136250328459
30438729384420428
49488650186477698
174499929425800278
26987357215649856
139497707026794420
67884026107497165
213818893202559329
25970000402198025
20086172621892754
59729712886938177
11039201463644959
176228285981148721
195892997724104706
71800043591866918
898633095431031
1361908738096420
118557152881624428
224493545299164466
100140673000021879
16642733036358647
77940159397439269
87187395916733831
215979260726424775
129524474113825347
70132138370067504
173084697059481035
94637932139077417
153683565472411672
53840092498972536
247717782417324289
134780334937226065
166635529587258397
4704558084444781
249585924216614460
39264636298867435
37508877771641303
187313238513983965
48396345613592890
27754787196913200
117476419159297573
161024051030920732
54851308674347826
16793484952344636
38802937806945331
180464408323444757
82514104742585351
148543849596164209
33880256152876572
125676028666507409
189403075874848404
229322950344738824
14042649165060200
162666651656264241
214748067510980989
67085578866243846
184116031934160004
218123142494350736
246586947244251782
104707985251589581
215190825897733551
2894003044302971
233983655428350820
44809185609441399
242938652818315812
134025135351049773
184239271537697694
133037015932406542
89423613534692113
248117666351387634
210283747906184
6976453657995774
50124364799146482
4301172427210807
199302415602165670
41025149389896973
115257399123788076
234747231582186222
40146923456480611
235820791026590235
167221215473977661
105115243693313232
71485680770052673
253708014374800670
54904772216213777
137105187476763109
159649398591969248
93396702676237204
240273584693787177
76505797835634680
142727702494321995
71372537630110039
67535026260930546
30190334397523922
92478725918978950
171378244728774966
50302550912739568
140253804018330921
14770447148006172
63961111450652270
27864761571927840
32458426398482578
87121269323465411
166558591880067806
4391189319436468
184613483025682339
71768075756978231
78410930262275742
154843441586152903
147861569448576580
43742424108591394
224349483775363021
82359094600347351
129660234761117608
332093316448036
144481396304002797
7560199737700805
229729405360803308
145007671884541823
39787606761494100
84276560791925190
267262688341166181
267947456873749804
85705790018237134
93854852944070615
180744720074790084
4923400268441786
172671561233715460
227810596518240739
203383173276328806
73997810893353391
19454264353035
241348431485007609
20314922431212453
190617123957127178
5802712567154612
243412632023019372
155076222263507435
272412193697200348
11448975647143515
18340504497345570
15329537331665459
269311662674085465
51287255011228988
9099613182662555
6058938945974978
128777539747258603
223602660198927124
11029338420400487
146283067890051074
188375103419686691
10737929628001192
20281062401963775
229767063850596371
218554509900820326
115289493211949770
223634294014641972
7191232429846706
161660211191374955
164089118977944168
89859850411060796
71489661075380547
10973703400411097
258510927779015
62421971986748834
145489738447678091
168878136551881967
213998800860271898
247582355513359801
188047543505316824
265936675337646267
195431095387977777
251172961128202184
273712174231824060
164273937253028666
229297978359240261
234731172817762585
13124440822596592
207269488199297988
55653224050522290
6672944239010135
103421277223891349
13251407090621487
34797374685252413
109827642895359628
64001680219361234
73408729270073904
93215600942136289
131562228220970358
10375980463570295
182956033660696253
92335061436086283
165403519751717282
170201778985166717
224290118403014980
266719843273124182
176119666214604078
23591573598781923
59262893271417450
13575248357998924
98281731958838164
66413670827796274
32757221448186796
85425461971555429
71989060632245652
146780720590987849
199052143597521436
144340026456429307
138043997052861809
9976579901780544
78413639989320448
107969007585850864
111499174995777583
33506322865413844
31153282225813363
83153517840413365
18534884813063929
84088503539401319
146459404763483929
166679471767752163
215899589317904163
47417142880894633
51485937246830957
32431017422135620
2292903972275321
9965790876991565
215090197414688779
200533509509938341
113213055472746506
217667957148686232
144762175863385825
88248791338073898
209449932144887113
187531227072334295
224571073244389571
180545241307027811
256990193736658876
17126773184195855
48625290451198727
88035580617859994
13172599019448160
184538461504899196
96475324311525775
35311645912391226
191187644727648209
16886451245658880
104809845306809098
52725753558611174
158025988775889357
146449144045895884
195797912571504342
5011841399774212
116390510496453093
131446719116727362
281367587050888001
9239605854157371
19942459143434224
110117749293475685
240471039565121658
118014468651161472
23031724047240318
27813930452388274
229522428781295931
201893648021722515
287657960622479089
216031256314197275
57893273009002517
125306501464308556
107343528732851480
105472443132894865
86081478308632201
38767919906878426
229897870096300714
270012485641997753
55998742533677687
183588394318960574
70425389455175567
147916436406387066
292998261856276152
22949524242896018
189778498674490600
145768976880260583
148490451026197337
67415138432260142
158030506100687349
7015627407548738
43550073496760698
28287491841496704
9790177115669641
29474170805872292
92661454868496330
37937431506496428
172307450249351155
232238840129804887
294264405694757914
46167788052625344
153112280172396700
146991466157166920
101026829422723117
251522806923441764
173363070247777650
270739848623292692
103704238716611151
162718750254360389
49381311750471686
99342505059121613
53995125250243536
41261350057796736
50050047924250767
14370511485212915
12138485394065940
86120634671008319
140550883940068993
87588906502715306
38965828615473522
41744536660083587
140030137516174990
197129059353345722
251132881397674767
18482203388951244
25356759488520545
34512508885098954
121991044815022263
249210139066241016
81442185609306194
240981001124083438
112291330916542883
192473274722077224
103690890513467370
14758653159904856
95156260868617151
118868715606655931
135498269062365280
5571825679176760
146034858316873203
87936800730204654
86898941990584897
58115664631346943
6135681826083079
209966236166410564
164507047959550523
215988120467776124
179571791630355964
94216768799687285
18608517516416671
199637092153981769
78539629785766221
101330106646513536
159160889921214355
17458927355851635
196244910753843448
68273810727402495
263576801636559196
18624744589540122
11182851454700776
119350764189176243
23097668322943092
1630714274749400
82216501199418597
1875185207812324
292467234941018211
32220508115856140
7156193352607116
96258414218292301
64450662225593177
170823027429037401
64187031830624285
82509505589529979
148590467400713235
92859554498820072
106992810170479978
187208221959326278
168555536687282275
277464612947912132
258079459740179657
12104477495274580
53437915123178844
54864456421121738
84378141179332701
13869736859617234
28058413751141584
71804819984503188
100229679291796181
155253844411742520
24246603496031054
3201101759412369
35007394108344156
206937217307947230
42809642454068916
52569354042176159
235196907098119957
257298757659287330
195986129727763945
271181114264818877
174918528639305962
102912019557759644
67190470042586572
208898715930878947
288254913409938899
2930467091910325
9245824952861093
76782174152216160
226270098983040268
23819758910852171
157845076419682000
42147806635047218
13191380058688864
186808488481888465
257745572529994419
112634744992692760
60214242044089953
54917602261227854
308778930615299812
49043697399933479
14118464892981412
13963937714785050
63487779094127826
264050262051090587
77681170731621013
47674420985631902
170764739104861768
157081863751309540
92367501817924261
211182837373265158
299400805214383281
64640069050278000
226203266223888489
84279445399890567
127637397358733248
112353661089756338
155579069017910546
310507840131997909
131171724288772870
169645871513572498
197219045502773840
15897963087524492
177328946147482984
26651249920534664
181199395331785127
79367989636446131
282021124381183192
92760109082295604
5322564021907478
101736908768339404
82344589875125579
100068863048300654
139807832866077959
476039481306392
194074777123903793
252318079639587309
239639562154042663
240755096198034764
282993792297381786
41896701857942669
59225942026615631
70723274390272085
33264187029950190
12565133258919014
42504122187603463
127712590451231271
12956688211743947
152801795576546216
662011908579707
214690890398755140
14939751266403547
203328896773895495
25740528475848480
191292450544884565
130267114541233585
7976508942885912
167911601246125277
62895179143142495
201509855017500920
98142895201730618
170913968241083673
308370137744643458
212038424928590809
289502973376143864
41286667676874859
302655244842015829
170972591455727642
14215052004020456
142367605206347449
301404066010762254
8405744298940068
74085343584563512
98744262667734746
45007102724112053
185753076880062486
183495458396443336
40599832964180676
593814148902889
249049980666021881
282396106085635729
52991553030068903
296616556648988674
288666471161190181
13006512007674575
180551066447824905
244827740449498063
278671322546771603
96677421494295492
130355616536613367
87457426294246789
60015057093148008
37146376249817198
67226349320350105
291498731040996769
59648076466136230
176028903975863755
36585128580157112
199208080436958905
264722825929101674
274264366492759273
28394631173422870
201718420480189046
53425140946781459
281869622581356859
129703483151889522
130032962175528320
223184396711116233
98227904178368980
5385506965383136
172411646406184464
274880918184723050
306907243660404644
261599913325927751
127548041771284494
162135975448270877
318582199825012243
163756364250534675
51517181304995317
244575248709163666
81675288580318726
279932696089865355
19308876656786402
88127072092446612
107793871520880694
35767481363184590
81659202628442629
296593742152178090
61856032918430973
92743270438796032
285703487416975118
73947771913836440
277075168377650776
284887987262809305
157783133102602936
145711363817114518
180281500363957268
270356465137931765
33374390365744488
94181044468845203
305088814310702694
72066445865230688
135677316454527964
226074626193201236
87450582469721141
215411900882901391
13378579131054230
49156220075916432
20933991450010831
13790988601687016
60419811124465759
42147511684720245
320977958640177652
60233213014202964
42471154577426828
167217532772580050
281611228402489146
244624509537700720
34180572622518664
20833409492656227
301444826669686455
37093696614048854
133249267377423631
44711390138077072
211865640917546000
24071968990410617
48211381291692803
41481777599188990
10692329150871901
51187180966443135
14066410995897440
162079310821225264
152999868047496125
193032029360762246
88162179537172173
160083516110675932
213396339590988688
95827574980597443
6330744387219234
249163386707691419
120371478879512338
29135386725337004
108588695655680634
134640814237767806
112498774881043803
169743714144105004
138073859193906519
124401620743972044
135278951511058674
176341755292022131
78535500294679345
49126948186887096
15600990597326873
66658186495290298
284134755899924471
73296758812409347
278693084881989919
20978055708769819
93693387529835792
42061298901866193
334023098805564788
46276007906022975
224354482295597777
216279240718258109
306939498621512334
151689771108189696
241444734708916484
134905993301650435
201718155350845464
106191352524913810
80402841929897141
124131455738939851
331847186973489945
189723146836371975
6806676547793078
2835667234658575
255946403876227698
57345752307137824
12609077550769733
206357374594607053
94319536479624149
27026454663783604
45984359634287539
87140500452858074
49410480202742311
58220793783062181
329580114847193918
170058790410352923
97595361938039421
287292482479378868
334981594258930217
183283185326409759
107694192069854414
164776084636006154
239068497265489052
5988022176766202
247720865711085887
9217216692917421
128407130240186552
73730847981240287
244413408199617999
74867263895486583
180789371006701451
174653802818146578
98965794619674831
149379177279044659
216694021548675755
9572727424201827
306478475194239982
117988989713606614
111924951562514642
86342682727690685
282898520672351489
146438734342547350
112977011111957620
278805270432231617
79505174455574016
211783299458196808
287184260688041368
32845446203518150
335116646829115310
20751473267246471
274243276972264364
267101090450031151
308846522602949026
71059317610184315
151130593537667944
26858453593359279
105825842784770251
219549692651099621
37152746190494465
283501222392920552
10398813809339482
217837882727686918
88150790055940836
148142561477186149
146407591888633188
335332932951891196
1624600800513143
172002566786133048
210459058098038581
31171895638363197
344942502235993942
129265027521700808
185581666105387828
4156446793324152
60947842183055138
214684598308595071
134631757242891544
331488342283830028
320675571921578771
68197433987594786
208929744370259551
208155218971175378
127214497092816073
85054273533273306
110226304452616413
335434364544226668
209976257259696259
30260404915002657
341481273930183228
34361729826179804
243473063637531988
277359283763856790
343361515318892537
90320217639284152
6386856024632167
278794603202188679
300705992706103588
3500217781646002
16858359101926049
6515191062213555
326234455921462682
344113884905404141
214987396256792743
63582770171943319
348094956086409095
102825478486059105
46167302900183798
12710492640227950
1458910553851242
164217972601596268
173554876682746366
166188250229981898
971938256596685
103209132395027634
135102491426606886
35021863358921516
278554326434115436
212904802094156434
354912919442550249
226302515175456999
112368175526271606
147877472757852189
182964866308557504
10813272167520054
21685695120140796
87324694883402331
106854160509023648
150555234259652726
169555798097437879
134774107786998577
78289417648773610
216529950896119998
32540965245075227
188167627541272749
267490984361436877
10009836158754856
34653934219575884
20240986316721724
19011081553739747
346657162712852310
7892914323418008
49507150402481575
231218719098068906
11414092158046941
81966019299895542
338024792721253740
182429555919695182
154196253565144386
1328828759896484
273471894760076237
38851166139905677
68356647272807664
335597983806947822
132914136992607348
44857066160770096
120988474948194853
162525325481433665
20879047139276687
149858408876788862
324849375446842465
154338205096364362
188979623987996886
98136227671674044
170815959846049961
37334386373702909
118845733261653456
135153140757285111
9254826965626912
234167156632104304
61369424488580124
75290238966462888
6991360535739047
71764037143213714
240969380186188451
275471686197798050
221795858145729588
69776893935167720
44519687249571135
161721758948027575
272906362532265975
136782422018154805
94770517776437348
129490235664026408
83425970286442001
122769149489634306
32561263968872614
286815413560691479
333712973881513112
347879078235067857
53253384150445029
295129945992246174
290737329544265041
97959309192181222
41052993896168602
143772463534091299
258609713228330334
43601234820845953
322117066856298203
11199149854204620
345445345395124712
102454583904668790
18463391931768020
224891611834724247
59925578044670479
89092298074972037
320792982280568361
40539525314209877
51025482429142994
304240848659839445
54360642312719552
185759557898629240
33422481156060364
80188117116397677
46808354371611711
31301645283820293
148760578935765097
97589941509016025
328733868077239116
63712754279016703
87437746093511395
17285044408777466
119676248198244429
109233296321691132
3917154868830082
47166925046166057
276867012750708683
803342501856977
25772955352312636
244063729255588956
38435073708136613
65014599603163144
211486602498250215
41474285634195399
2957787292633557
285992026785657542
246291405304120379
123018552120264731
207390215415782921
109868531947814552
241564131057719806
94161892318217905
88892884078560221
98929541538871013
177307513402408585
210728577668064151
125148141765979914
195006356764089482
347544904638909514
121133049416882116
72603594508531691
297542270308595555
255106776576611595
188368967543702481
3637716684247185
105061828502734306
11432124656955533
33365893019140023
89455422365370314
346555827899057584
199309017755671859
129290986625827095
275679405715219174
94042469054612046
220817097438118124
39435162164719090
292527652562526468
31164427710908403
67873755132290267
223346822298718667
235480234435029345
10718500428845517
100310232813557656
103849432083005844
109275386997767581
55938374118139524
40856474032813605
42684291908297963
347070164658055175
207314557550344504
42179723289534778
72040889456844916
202683459742918772
217006144273892299
151163175304780854
87024892079044714
118886062653643639
248958438585190959
32608578014663176
5449693954952892
303131869490890444
25150128193202117
115888641813259013
81709874176794959
3953836869892204
150662955449019537
54512511888477110
145214962986293733
51885653388726472
263895515145942617
239649519562833288
282635643967990629
17262925708677694
256377155125978817
104975664783849570
221343414618545580
361549728088217709
165151073517642359
89582537524045799
164232226663364079
154787685038449510
215325630506861527
255528529625367162
149251351346577642
4783402025720817
113418260428518358
370296159501197905
119226197632762800
1129615530484446
42789191376040585
33693241556956660
126903163920519632
195256372764696912
34552261356487037
366291304131886490
323588224274222198
284129123859655297
207021129320231341
54248967891698271
144837549086108784
183239364318390960
95925319519965033
195760063556957867
187542744678723756
11172368186430231
153473205379317859
377112204887490018
141752337513841531
311071569709234324
174029190247472135
128908137240342296
96124815266238052
47958525398985101
40714294314939071
160460845407992365
55026671761370997
248582440538323278
298755491991763069
346936222166028264
31795798789631088
16690281688122448
178694095237936818
259048816298007162
83087241346220259
55041904517932033
211492732033066374
182080309525899103
379222855590383546
251214532337940844
28134097232882976
286834405439738071
50712457796255478
161710837233947271
127673911658794482
116048106041897296
311791020019661294
51845097784160793
113632557528115170
21974878935657999
135671976711046326
102586756600698401
294227325993934338
167255057686962
84853311685503238
270761552475598920
168616255442815430
8319264844385447
316852670826633054
50579487942057998
256641002784946775
61097694923242501
386738685356931554
190573546518902749
62242358977705707
115352066781324567
213192379008875118
73279035928527041
354047237295737801
166034555537593603
190428556356472850
79412396377502604
62697916689987537
73811477481501382
236577813912830278
374838055857833210
14469931054455374
175927492930521835
7850457276026341
55449581493573819
285244217730047629
105989497443427182
384091631174489283
132151020400766672
195205014479059061
26003916957325642
121233360304564431
241257761395586213
95069688611580740
136519229320938180
285583961624353207
61885937637707878
297385909159568947
266744925447918689
43355029540142810
71195655179787638
126737633029664206
254187710036062837
107383542209956509
233090278401365755
77934329999506941
24600390607764548
39537900725664503
845869308028617
52432005846312967
4308961448326884
265606160372723552
387864791426506816
369573297580482160
141918437340654076
151497857897552639
130530506111023095
97157834122121430
11745570298394941
114870357778760834
6459707909054544
42700898896989435
308157815436793405
37020784832311017
226764122718654301
95671190884268383
71577211843308756
283321651388865524
159677501639292839
320846481731923591
171297999681849292
259872466020253365
324835497422698286
97427888433095504
196533107105540103
22058091684842015
81242427200556717
361287150599329102
94400434627972874
133392404112492249
298363304450796096
29692234510290752
161123498543385292
54205147605360490
161234476637394968
58360323060780870
128558790665032413
328718769722196039
382252371325761410
235060847468355125
148864716705929846
199516387454621187
3400175607608358
5687984466012077
360507682484365239
12782802530820820
38648459112940570
212433187311357022
207035906525655065
22515059121633884
35388425958471487
217731842155766823
19982125844174867
186143628262333303
116307930582044962
148740157928411354
5427688833661248
229326230146861041
26985749465834450
249615646915917301
130934865730575907
64858629213751211
87497567675180122
254856454353461762
26937557429044806
134778191000864349
251398356088830650
253602108236661231
11972563804066147
69282281906757234
332874030307803375
214147343502773378
309416771081664981
100215298014865717
91723325632985990
71426610965384398
114477635755859001
8869506792464345
127230536557039707
52082840937069185
318630738002329223
14907183172546696
265365673564240496
401707141690077588
235581081573606449
55067635482410908
147825979094844109
45659056222516001
304556421030229032
335286078178296587
46926102222987523
320612006424477939
57337559529165674
73720548508389868
340108521345809143
101390467738723077
44774396583164420
188296156250803621
190906521435570272
359041212614731860
261919677569663928
100658243119347305
168727118424262230
175216050469725719
121868282341199434
264920298017882558
305158706086881294
304091693510078177
4516902655320053
177952335652783348
19541047943126670
261553058935529027
261279558524148220
240042292865922767
8947302029750445
119869648230355764
137012748715753293
222518762594810591
338368447044287686
101469448190908087
222550490278104853
347427121984914079
103722462049838038
118435387659754387
160300447703182208
15482478078566994
83408749667916380
399166040259804570
93891782952976663
27569230916043975
195101140123630609
241473997454503189
16165029867865352
116222452520887671
41561747490054386
210411184733565192
289717801482628971
15039715131659812
115292942899956513
237706254265481250
280428734669433841
113056240941403817
97498498660537738
343721848470427636
108431752373135507
345218868502731797
397272356739605413
21463838783729681
253944182633321760
15122367347795747
239837045700590976
37572311443902397
71851316541378376
62938638457566540
398454111771834048
154082029074860546
65593281016248810
396527733624182347
230903635328951236
101972794041464230
162327885286961704
300063002046150310
343756835099945398
113506195424457742
53106751831354524
15542204682668397
27096998698681412
133948853995333421
291840882180637866
221134293368254745
233407780948038498
12335989015111355
57279416070872695
322503241507204913
248703525458010833
397352703677861287
149175970080358118
167629157321237662
198005257999326697
278370233835729324
33271902390659694
365734129098654172
11748508075426851
9070699252201785
147653603707861840
301845052042909719
151534466788515961
31786923935235605
147736632972956992
53677231421163608
82202293746802170
275065110348283812
213831378209364742
121788229474782653
285169520189426181
72072041729569834
51956091761549236
328071972891100522
226214690319705285
278627839534802010
72042182990323682
250592439329825902
243448714165862797
97775165190483982
400156249493982991
278091983835744366
327924151504286954
47018032782134152
27853506750833685
134696767298631399
200175054355902873
129376742671357295
40629789606752864
254381632471262483
69906964528882285
233271843514187027
265752154883827815
123851889256882051
72869342848933594
163707543526615093
19012298559529417
159727191260625290
61800113734037038
19140097392112956
313889685648748047
176683259405051841
118522780808339668
51349416097835910
