0
0
0
0
0
93958163581
136840564190
72688479007
70372765803
82963105841
21219150668
106078175479
1602439744
159569866986
214267444697
113803072644
165969832285
218395279755
21566645944
230301311195
46929667233
292911237672
165380618280
541667152871
274066004648
636176366765
619767916697
394052659300
421522278510
346044558149
469236061838
34145155808
497020893012
110637876071
773394473303
350218496779
537729362473
53801747123
507736577096
727859386639
484601181492
266428714575
788901441202
739553523496
167900278635
689305197811
302232599196
225696398544
264309417721
194701525268
437935623468
919127191157
1112253974726
217706340400
364619952512
1375520422746
261575567037
1070324154233
1396216188811
199216840971
1434721457084
1430635673437
1632896972309
1482397005350
627924809776
880354284849
706486924779
1809671635960
851465100896
1745412239719
2091582816077
1600617480856
959566386792
1505002359915
978931072101
2417882957279
85736970390
1467305561479
1251377557362
477475421831
1567652601244
1189769794151
94094816328
634121196332
1276911738258
2749711128646
1073942404028
1319511080578
2266747773211
1632112076412
1437941877227
1728251788143
304877552270
1479792173839
1103498687054
2435233486579
644320389193
204403321977
181518273066
3317670020452
1302592101704
1387756617199
607144586343
2780668961248
3001787951622
1133477603329
1173961157201
3354305483608
4342354215618
1176084158338
1330361087396
3381721569980
86890669521
284055356762
2958476555148
2825288664542
1941609067725
1913663498222
5009280062348
115206882277
4471218371418
3479405712173
1540648187476
2579534083641
1125664798493
2872842541512
494939677432
1569606871816
1596378527532
4511803498730
4828443130074
4269458951148
5334152527298
1198268404405
5473695679609
3731729391878
3101280674954
400723374820
630951123605
6294921144073
1558173087298
5791214979654
6101758286624
5408083349914
6743567782910
2114374145260
3790391514664
3382474866132
391241174911
4660812372723
6649478315338
4248836224403
3389331431781
6020367537770
4421141363322
2432876061662
3873097628689
3564185985282
5241393667064
7534948056915
1941700119549
2198744851702
3511352545416
5011151148095
1381821574434
5565958102324
3482559359523
4780932490710
1745112036473
6768997826169
2939780965383
6115255414632
1817591749924
7041008138475
4482468112897
1713042358303
6644137034930
1208891125746
2395233013508
5718325219985
6171104024161
8942801233095
8031209625160
8073980495918
1948452696827
2995956519466
3724848952985
8319510636117
6580815248527
4313549268588
75552489920
3267431836547
5745189903568
6641315684121
3354255234587
2117231660421
7827849841919
6362819218528
7582503333827
1439378025229
1344467306049
10328594449212
4850161780738
1767717808368
1493402216432
8424718322447
2273748014851
774032547922
3802065143330
5972940643453
7881824607495
318020046007
949190837745
1161964293376
5844580058115
4106719048596
1579144304341
378419880483
10740567638052
10725360358510
5310792883694
1494363065508
5295798635826
3106712628308
7447445758144
1429732210527
5784393478884
4084649775579
3634708494593
6348361812359
5169172021848
7612866991293
10580900262989
7919852286034
5977364804800
6883272433997
1597828309467
7073450366559
5637204717669
2654039074321
7589779420291
9878858844480
7932238194235
6480896503506
4470437998157
10784715413926
2159540867253
1299149341964
4644885122816
6992753379537
1193313445216
3016125450498
10976354754964
6220829642838
4334897385250
6525453300165
10875533966340
1013060124735
9498993480891
12481607400369
3273760054621
11437892293411
4024178477256
4068020662924
13415470288488
2652176544199
2081136349006
2552292436498
7867314124415
13123240637816
11454200244975
1973871672209
12251539746564
3888443596647
10210430713826
123653965564
2804495303125
8581215925484
9074388426395
656248006663
6738680594833
11904564155099
9437770352722
6207745274245
12817059722369
10580234724480
13144599420084
6122169080997
11032383802751
2676717987551
11214933309937
1500497191258
15116747283319
296032287824
8637142016016
9330750145442
1917394387682
8674063500370
5155087770336
995615064936
5606605120467
5885642849366
4142254056618
11578460187385
3861150926098
11517050477497
3012569437975
5373989786791
9845911777048
779403137011
525556089806
6457241355555
6539923407606
562973310036
11568885881510
15007693624822
7596526248504
13587159433798
3302174827927
15806898353504
1500938793973
16739398941552
68528106649
9590768902839
1035352050617
3992574090031
14783674585374
9289463641955
7465711901673
11797022905811
8602758389757
13181134926352
1522665864217
8890369949269
10379740577793
9146745527098
5568891277263
13350160735268
10352054525120
8103672666800
9750179976023
2284538939213
18205242867691
2145125434500
13646700227944
6024705638403
17433017899963
10482834573315
9191004694679
4262050192907
9555465632496
14820884594848
12889474932496
19304501315182
9008453865455
4059167324815
7318808774466
15617152542251
15533142553662
16990658270241
4774373730085
5444052911078
10772742814842
18371374423758
18619493277740
14140488123829
4234641767901
6680395480307
17880586620687
4138631889060
1386669015998
18273873750683
18588110553132
11772217271723
19937289528508
2133549820636
9837446660398
9250633647066
15679227852254
17383152671353
16715744373163
9218363551500
10620910634908
20992869877586
20783043940770
7696585179862
9076340422744
2004390036248
16183911667596
13680196787325
5852742264909
1737185497866
12832390403979
17272446508268
11949446083237
1633524907022
9092718584030
13409960622137
6977897471953
18768132287503
15480119561002
7397359747711
9806762718936
1555384805465
11880103045030
10841966281309
13235200546620
12767506890773
2016061003347
10055566432215
9054562423160
22727795956519
14274343374507
19653591104231
16737573749429
22727771201957
15193794501829
11118221706367
12837637397012
20242698333569
21714688484166
21304198387137
8122416546289
22525985519176
23617459688558
1024308569813
8492626328616
11574329444785
20238934939431
14108907466612
13849004168454
2143293485764
19233973874159
24205069572337
22761282656522
8181179412094
7278150301757
12460559507060
9073798051079
13760773100940
13918145335807
19038319553899
8446259951578
14656772025130
9497341818335
743015434351
14638923478355
23145747921454
855667632715
20926437553184
17593961857525
7721411504402
11073555652281
6233514609487
18761344126866
11233656975381
11901962930441
5962428932249
21976319015176
14545663731012
7812596356196
11062525478177
19750920065272
16002505504653
23673365451082
19609306802630
26364492752994
18298499791854
22207402684802
2026169533142
10319113215343
1257785540010
13759501628268
10565944956231
452639966800
23512401756719
8545782442643
13183286284204
17731001591666
7667366205935
11735004602638
3127360764922
4107888336425
24998044180587
24852454734674
21759774757887
26737687181321
9528934116128
13127496759804
9781886154660
16354208821302
8849938865250
10722467561093
14505939757786
17901385145330
4658160636697
25870565650567
17849341379881
17998218301160
8215660994914
10958948558551
842201364681
15465667420582
28089465344415
2499406009621
5236355414506
25956188580263
23888650121552
12229553274941
19978002602480
7076738918647
14791301650496
7981864204223
5583446238831
10576331445584
25173072071328
27902027951866
16185128253019
24953541884342
6863879594306
4847797254131
10357375125106
17119356591654
23011760878793
21634676758382
23087129560435
21908606336166
26505431569401
12056771519633
25009475579958
16264012213873
19453217813004
22394304588009
13279015598683
30077529491795
12202828014593
28465576907055
25166608041671
26917904265200
30279345745493
4185155714983
19381167876358
3528923804768
12331237085990
29991659725959
24746593055675
25635789628334
16681417799845
4202227885821
2726819648799
20094441264425
404455000879
30410046940150
16423711262142
414206495814
24603341347852
2971225555119
26287911176731
19547829173718
2274088380102
16537837581911
3224135159280
27295632144160
14272762482993
26790789104128
27495162501321
5723120433016
8452690899494
18724644357513
5657920486481
3407254987319
2057844794393
3604339599984
29630053679101
8092487024869
413465915637
26133552887102
21233277747958
18857487698820
28081876902121
24833044685411
16124574896565
24329618210008
7518655252044
5750912259527
5712884536118
14035702643906
12784161499726
2340567918707
18902313142123
15145521518600
31844639769477
17097867929817
25330451694457
16973410728234
20753762874077
16472731637610
33368995340663
20531438481073
6175566539952
1179430699238
14198261748928
3552872837154
7121322717334
3551999716480
21983487395287
30256181519249
16528685567925
6548130670577
11175468321307
5485484114001
31200260586443
28972985113697
10786309626999
30936471708701
13210220230303
4051495621540
3631501578303
5387064129171
16816726927259
3409062822826
3538847713572
14751860665914
20499897584811
1633575266516
15550186665862
7109493448991
13128070064518
10369651252770
34447672850692
9757146957761
9415393279393
26799152945003
10412055266075
11799335074494
24094566933943
25885711860483
5524527924235
10389045161291
10867147311053
34496292324977
28541317839886
18760140778973
35050777398437
19226364287754
16173072388011
30950735785622
647884985562
34957125799456
31113618891967
14140296743821
8489002574844
12822780209506
19268583927567
36226763397818
33824686679416
20861348513220
30550383182496
3554531809019
25287428480949
10560494879646
35559078170743
23162047314031
24432514715506
6436473710090
25160984174833
11973060386829
4233689286515
28476801590344
9206352382833
10668079925349
20208832841158
33220390404059
28265065352365
25710901566984
3233169155161
22887770767766
2386372993670
23660217052774
22227757361897
31355317976603
18336816665569
20978253776935
22603392194225
2752620746792
6165345170123
12451770142493
33961884141851
20142784551888
28388644160333
10877348922925
18883608084375
14764661966659
2975634390001
25592011948510
29910334559189
31814997727358
5376895078852
18030576558946
24462661496160
39477301522420
13605007945214
36922425197426
32497131938692
32436738653910
30904062310744
35408676460605
24618174279665
547529782541
32311382015225
3726502103825
13515303750867
2739981129627
2821476928683
11953840358852
40521799721541
12326222255028
3379351604103
20511588568823
1053275214460
16223910033206
18953502306071
13439507245778
4137231692581
23773316083366
38828078995998
39535415188925
2508811326647
18432356950319
2533625985836
21073744900582
36411998761366
6888975803428
6517942885769
37144434684297
10451615505847
22572521213749
24556891866546
29194024006374
20787231748888
27911730886506
16804980661485
11347314554935
10412699214236
11935435029921
5372802669120
6816113711591
5286031616866
40089804991135
36134746755763
27915034453377
35894685915072
41966205035407
10804445339867
5770949017358
34711035745434
17360008537732
26992507458060
192618235782
32101295236834
34496285294531
31519880200685
33573168276455
1129452509116
38801002681861
5993757755196
27377730091210
28759582654707
27824556663154
36767154942530
24892157060178
40401662100561
10912080352113
8317386161432
7538921377710
13829116607742
11789173122287
17566925019546
8906824038679
9282928687900
30863582301642
21884692629133
23033247681613
26290140791134
30294968423527
570815756946
19117629725322
29222675871338
18176043306454
5416074766529
43939544243692
36553731767158
19815742380711
33996310090299
20186413793288
16540758023239
26399684025713
40814117011315
19733924866838
40297641871228
17382869891696
8125249919012
756131065657
34980521781210
31973176517418
21489103788113
23203017558531
29079369474074
9791210415641
26300495538338
38408552084818
14424832043716
21810359813465
8710760426119
2157616823593
44777818977902
25928464565914
32956083237037
19813070806909
34762594527957
20716585662196
3178128346304
4659238433204
44014142348001
26684237975631
33776289843723
44421973165836
26576811450250
22603169726913
44323762264573
25858296499761
6261619440108
45307245843827
28688625893782
46640346259859
16200068512176
5905707169325
42068033832702
30134097660450
24351315359506
41873047205442
29426718818106
405440899341
21174096812050
6480523877170
11520838610350
28545984611736
13607501806718
12903387780002
11853871458810
36552754046684
35734198203708
12492725714514
42245536131875
3834363116544
27704154151458
37037832835896
14889122795300
29786547275866
11466712260172
44256263756662
14711733713718
10669478449458
16192981757500
9793804415933
6665793642161
5048328748506
16698483355788
4438475588658
4571562805755
44570737122643
2537282858209
22749036048372
12265101797087
47827866635488
40140824118299
29798692745642
31715050975385
27124657929633
8192653717149
20680834017938
12009864649648
49178653711000
43922648757257
47741770689812
25399005084007
46383985776054
24294519551319
9186353058312
46306321830875
17274927613527
18194052386235
21479500707593
14957710127429
49066612987904
34584075008701
17490511769443
17037186213407
10775585573976
7504177535900
28756517752248
24849307649274
19502999845836
35310508475749
22764048624711
39249025166605
46327150001460
9073892621796
22034710455945
45786629438756
29376387496399
2725075552732
40118912136050
12357954709746
14934976610766
26421449695011
38343896257680
22486853723823
22519671874082
18606366564732
6415120092620
46960292546437
14087050055717
15765856206427
49584234833290
22068249793318
48551451848242
22379927951978
17188188506352
27885425387597
21755335662799
22033959560555
13980724169378
29875163026776
6919566026566
30254139236466
25387630644460
36571739580365
11547001199556
28652117474697
1415220338132
18680536955064
45261821746887
16122223703725
23698532508486
11694944783493
18718842917444
30352857472249
23974935640892
21386445331330
34170208342841
7115166740202
29679977458439
14735726217738
12245199332220
17488380310895
35606107771557
48597049227638
13522784192397
47385470490857
18474929911605
34792952055433
11805317260586
11340011349512
15695699932308
17612368960010
15659347996027
6056918734336
38607322458296
22639872078890
27631264556991
10070231360810
31511205425235
31356181819759
32019662980903
56274438903134
15510550143237
53571104826041
22734744103622
23501258750186
14150494130718
41392078256709
55546841235397
33250276253388
29665705064424
15212394048397
40657785085885
51181111153685
17923327059393
4319718858909
14602524502106
24356412915152
39335173193844
27878471743961
12293204475027
21165586269284
10118519771996
41684125745927
8289110680764
45619568820138
53470622091864
14337668657779
31858745158940
29855444727613
3514300760093
50954415069641
55088076064162
55458953795589
13696426095225
44648361633478
12101490793283
28316525167074
14899387310836
24997631372204
34616258615271
7860373919070
23905130421148
11141871124526
18152604363847
13807736115417
40101823683014
54551450331756
261352499398
44832134408829
13098738202304
16873713723029
40328936024600
24702027649945
2506075344519
33241015023275
31245181940069
45985500311712
16513221137759
18372551306063
18063960846754
6555750739148
46932809943388
2024848059685
50491185762432
5039259820827
4098747777498
23392081797202
5582067257490
58518934110926
22335274509636
21716597685328
40275320560341
42975331455828
32601772587881
29677101318568
37369283227551
41010096331758
26812111106288
44512916192962
8723454013640
25177793790249
50106602896397
30529027195171
45551060111326
16033416863192
42154983002899
37880931735607
3383089126535
45870262783857
24179068428305
29027368310700
48660145025237
36380065156810
15517524979912
32037384811938
40713640993700
10480938628056
10355305642651
48457236359744
19806901006646
45316095087397
32463617443828
46619134114560
260237717974
27885632629374
42127675061467
9935678764793
9377272165496
60639648466268
31880181765822
30023651777581
61664265155933
29887215329376
51098938550757
53845232131302
5132440262621
24343906619516
33115498179079
39612239179668
9158297848494
28680896779738
4033252266362
37743081285999
47158659244132
32564721491654
10951056207287
35957348295515
52345200599850
31115505634938
38182328188204
51787092344376
5937467209329
62025939964646
811920459235
28922692657763
50767949559873
43515142069896
59314650835788
43433784215177
15082091112851
18790958138180
1102998486302
3540369963945
51594747662861
62640294025635
17709088474711
60988434230743
23920579583615
49597639104144
28429351417498
11490754557798
36334032323805
55281869960239
24128166129142
53457785301186
26460559099754
62509969596532
27130495690657
7726929815620
40328847799362
54362651755379
24485628584971
8801843006933
57093961501948
19487546574369
38561268419605
26362872902270
13710668176847
18663751656590
5024639780014
31412668154503
32578832194345
32649628938236
42519918944327
41408795058179
61319659277430
46117267932806
28299955350241
10685348375148
25776330580037
9493325139550
19270574825466
29685763049377
40440969848747
40124614583157
47630314013278
63319520986130
15928701088856
46734802150585
60323633741964
60389415523648
59543726555192
43397295784620
64932882184531
58738231023691
60746452432793
7535692200886
856958672501
31805138132708
51881606225125
6859647877801
4824448586513
9873811849512
27915927839675
29503974023429
10495410789317
48427540307046
63394271502234
19065086714906
17343306690525
59532311850666
20891621811877
15492989805998
35684347380898
55532394632053
7244992113434
14338518142637
54361060842697
29389081348442
16998369699945
40272158114863
63581610882450
46770132892749
12548356501073
287331599025
9591497529207
52809177742512
43852691437720
55959536776708
34325468572639
18909281884224
63474101009960
14644912138624
1781320184285
7152112560267
30067295355513
3749580293372
52954860192861
46537626344766
26053440646696
1701697422071
54175818578084
59604247534915
20103640131538
19336965993647
11148834898286
46723255532487
59961502784157
25978627837748
7565690377681
60126087920790
13148768648397
20636754748926
15783576202503
7669787395300
10192350498470
59298887119176
20180861320509
18921126540415
31544417384747
37370635828369
3743279697216
62407530602827
50205054861766
5501133714997
62319935733505
55201503876680
14149962184124
65082544641567
68562269108151
20807283841700
46020263262170
44968670090884
19441975684726
55861474622994
67723403084291
36021289419960
12347816249961
36896424233936
59965842983121
28826360974019
21921222885228
55505052681364
61357400556882
23717222863342
7486732035626
47402458837291
32885477703947
4129524909197
59431707501802
33619884519048
62781436992366
52231849851414
70143031754400
19304558501618
49163600895676
32673686445234
10809464722626
43834177614645
36409696981291
25482192505053
17468410913340
47777524319009
20149812396837
57149641770826
60058516880195
47665321703555
55622595161262
24985503847133
6968032168385
36192025816452
50198247092035
23331054540596
23813855193645
43713658114335
19726699773855
7672431699875
8282877224404
10202284381530
58784148169233
39945712322717
34922097007822
23143775942749
32521446104684
22983780780238
69038679900662
56650380235921
17162846494797
24975708977702
48546405059467
3696610885945
13663489257976
8250619793890
54038493629785
69904371390994
29678666548389
24421744832034
5874199464492
6956001551783
34923953604514
16734214704062
3421392882358
41308414379968
25971521925063
28894558323477
15660305606180
33290451445635
24648921449328
26535820831260
15858636421638
18330371694172
24061150507424
43150575101547
46307418398994
15612939862686
69229957590767
66102297988001
49539750829964
36423555635830
26509902406559
9823967320668
68858315018694
73936000856944
38009734796465
66361113509564
63598599532688
24857641640699
34684658659357
47301387019978
53890764708618
8416560385102
19873387696767
15740856264673
8290175758113
31691335950189
68768547555219
23758398023763
47010048524659
67282572010438
19471954180994
37898079415892
40200313884758
37344794006947
29997202966030
1631772702399
29115899798956
23309217237421
5426322754152
44510848566004
50696267784596
23641997918066
12563925347831
47966698428773
9980488418553
30705038237844
64590293884258
6189725799698
61682026585754
64251862997856
5227587902233
4222331848833
53916038483512
28625069108403
55537736471506
9828273942766
72318523059409
54216673001175
45588548344928
50602935630683
59988285200761
59430074075857
8229844405888
11883961357403
44998627276377
15470284541177
53412503593562
72105642117345
60557564995722
60592895673781
17672306481133
18513269550435
47974230833941
76003677532140
22945070300627
76080287498917
55885088034992
2993924240196
70142469006229
41008729716666
7585897202218
41485971902787
37001261462051
63576458058692
32315410163897
15506793051958
24915714608952
39507206571415
1007084324903
62590719425514
1330999291810
24651869900524
56627436523730
5020431245256
2363817877449
27730162597356
40941395548744
44610347876918
32087618933394
74700080319025
49376909479204
15587908758785
63562940836295
38064993001768
7144203613576
36565658078133
17666238448606
52353834969893
11063107855518
40678481545165
46170779100303
22065200165537
37091958300045
23908684554443
58791127041242
24982397386991
71929995397355
34621000733431
16958313754143
70407081731227
47129760591205
13472603207982
79836052962991
69054760330755
2786158457286
3824693187037
39644549377336
9013701710581
17623994074194
33369847770328
47270829446212
1056233744343
27128486430484
20736824643901
72947583161780
3846152603872
30468138838925
51010834107261
68550846998074
41409658644455
72081239312372
25455555887544
15471188309736
38095948900386
79368748643980
47620966640237
45512522035901
63907563097624
12503696676179
70589882990746
67252346762425
9488626666911
50408368409819
19431718743199
80269581598442
72420878032778
6034975971508
16476037197110
70834377019871
37184352362799
55541932177074
44771006302564
29753271139859
68137803030903
57360195259252
69024431899401
1763729040259
20530898577787
74168753108474
21377450529341
77793790348878
42256032884819
63717452234809
24350460684464
17141244753198
40983802213849
49785914029648
28702341514937
48846220732038
27405076959849
53650313972194
7560029453853
3291910651600
5025256433436
65473295288919
32121378771672
33541613209681
3268523042859
63637092854025
39734094119453
10233958641798
55514238955103
74870209409091
36793773851411
82782228191945
21812431427659
36725319836748
21933672054827
70299703685200
71458586296350
3288883407723
39793699614286
43003061515394
33269191278831
66089790792977
40231913499190
86296200612482
52644947316295
70246292470833
82517419961960
2254581914614
76112501514052
47040533802699
18134655796478
46619527246743
11265985785805
86585394228708
37639267068780
78250532400758
50571807841635
42730832026733
17674182385531
72846536571390
64281717283840
30911658472089
57456220330234
59464401034562
57907658837837
41169146597278
385899152201
67776066664984
14147471011656
55454827591122
84347638449138
34085119298710
9876410342025
62215295989528
10263191721872
2691637718914
63218367863664
85050415271956
44333898241758
24083153887560
13013989437860
45627244586640
57455957614785
51313623590594
61225664275517
47364160961000
58176434252504
64392820297941
2312959830214
62339530994664
8005683276689
54449422375826
41473124243427
59223047140933
3830499124316
10444974361119
76860144399760
70770387751309
47028908601883
49723777078970
5850075317437
85062087178205
19550471431064
38029009003823
46225102182630
50845199083095
7019304433796
9206794835511
72017351425175
76412659317229
82894486937570
41686015401060
34286341457979
89596514929885
46359303540478
22514674046862
18040459323132
72752154574349
38211331332796
89156815059946
28640332976190
2360353779291
21119794072205
40830679370994
43466029024605
24299883546338
38142180076848
46670351167962
20884584891442
58998670937973
4799963601049
52645334822680
2802507300932
70579554798199
86004485561540
72315312819557
26024167638512
800409854548
55237990016473
56746177757071
66316312040930
73499069188227
90614287089559
27516076357897
27719540710102
46533428568775
52489009522268
37702138901700
75665864165107
22420722894512
34159916621845
17131826053893
31675959748161
48308146325327
37050148545713
37890952420776
48708366511587
59944492942928
34291099504687
77215972683461
27900452573704
37229434527191
47518660461688
88234389508395
39366302081130
14505970451738
58548709851783
83557218963658
76686842208001
5975393827545
19651752897930
9587481760815
55485812186340
9462594617443
88469528171930
18854241628071
66182837474484
23281291231754
74465733823742
63661130313024
35491328657844
75169723965354
64194496574280
31375250282263
2446637611053
30591581944506
30605443062532
67560312772091
12002760862552
64668969475629
11073157494407
51301819707410
87495628013279
64377882755688
16663869101111
41908802006914
91948843167825
7364278029828
5007942698425
31615521393842
17528927776626
42124280445869
24416742146864
50272372122267
38417212209830
70888643759023
49197404515536
53754840929638
59126749289216
18527928459290
47694844420139
20780341724847
16903748335025
20244459635124
56346863587653
46573661159110
80670879487165
12093018337825
68721000304070
35223687272968
15996063805459
44007735706626
66290295161732
97242736603127
89142105749346
84798036309750
61892360272574
61479049793021
47417037723468
66599751930513
12226525201237
40778333788008
56083820982970
95736011074661
74169608137118
97150783783468
78867435630085
98847401214401
59647137547467
36774622843821
56814176967063
22316376947790
4208664217380
21702731560562
19439081540176
91735433853334
92843675533304
35847377274757
61681042296588
13922027330665
25390402600750
22760777880323
433064379398
55464145339776
59454780964198
60024123283587
5681991951825
17461666557112
76069459029699
42527507097293
88223804308529
28762721024844
81610155330226
45004738052294
68402028779773
56601896312460
55344072231161
63502522831042
39719839370035
15723401995830
82222316713122
57604233700784
79534377156686
42667657143533
79085493646419
29109396012661
11382218446545
6101886587422
53282079760474
7458583835512
5653074255390
15211726521811
20102984121285
48922762561515
80713405651301
64973963807597
5821207046647
95207212334691
43837343112340
84194115938962
40295593309965
102236202264832
41293579010443
5306795985730
36593565868958
37875543076738
93551404874554
6763935251939
81201892770546
89485072389681
15935874238733
84784626421826
43806403423242
73204298861016
92205453433048
99131529807422
77825944721017
102713352612272
68814253394841
75760904973110
47425219302512
32315857527597
89908982185559
101187410426224
17824137321887
68360720397486
29821761003755
58117342218724
85499897379980
15194296973392
20059310131515
30188157659344
69221337783275
78273773499573
29616438552347
7337803472997
87428417832046
97538882407437
64972532730912
31396283890907
10081366126998
74522045279547
61865665250358
16941820481249
31356482611666
13352957144611
49196351126411
46434745887179
91985913331611
11097927135294
34845675829551
9492152230535
30248297680308
86394575156231
38300680643009
16708488151045
63707194313885
76092910957017
8861698829151
54350541537383
34591485903067
77268680760188
73113805292778
62796523787749
101966835136960
95207445293902
28132683227539
32348864641132
8636011183045
20668118067749
463604576447
24113670860591
9088762296067
47165196016072
41907506216560
43323494616972
36608291300925
101213537412702
60238268525725
51077899637528
107640893311449
85170586435363
26343983783491
17177152677943
105091461597378
75111658903798
42574496962527
103269349619435
67207504707121
95342023629460
79295376031607
85986056363449
26404887373802
57637326658075
69993869942109
63448697634496
61611854567005
106609149193138
95825270624306
96586312127259
46870523726654
44822794585145
68378605785678
81084467902337
103384359747797
83206333865638
62219531920741
32193529439426
68246733642371
36683371904130
107515280551802
52105060698027
961606713133
97112582483839
103063930323837
17993781864009
42835444699678
36636550647670
29566498128368
23157307713165
56649095991753
12586046138926
75876104915526
46240486626627
56769057104718
99705931626889
109383408444271
58483302734624
84695709763507
82478965804817
30052478878891
77626241615005
67725306977701
86636364608635
23159788520520
29421909411553
1474467669334
47125208555958
53003119094472
58111693432417
64295871964104
61259564776172
27711746814540
41893332202526
108077877216794
72736694362627
59836027529466
23113799018934
13282991041891
15565468714377
41986994192674
77296552257739
99475898688809
67866570864075
7249750463189
94291780405205
82896905596799
43762317967915
98891715194442
36913317519256
34140249144025
106357598670843
5795508549402
60146451505838
10274559730266
94927528861505
72501510844957
85077575571610
100705949040031
20801656074241
70722247481512
49029003451172
35936264335638
96105805207686
60930590733610
89452401111093
66361146709280
103898518394378
59102456436985
108018535062811
66184313602283
84828086871725
17618215771582
87823018766971
50761397426465
23917831991603
68536341299868
71005237897929
27148050955271
91533472415332
19445311170339
53694803855291
26606780476657
98892627243576
41633610340521
64259617092193
46137000247649
15441914380535
33341421388423
79775133665146
61521007587868
47605933252476
28215546772918
34738434254900
60797319384448
69808426027955
63492851589725
34867422366794
11207280823702
93191326374587
4786331255944
26131023063455
53310050647438
76978355330121
97226934609368
94944411327849
75923128333802
89978867008601
58756854316585
87691315310397
61144487279433
24112111458737
20214763854047
69866205812914
56886007544400
89936521860188
1438532780553
46327084413610
111463685166267
71036253388513
97512015479945
58614341025112
111847030860594
44027226898286
12142139846339
17850283550004
20859946433261
13972893008822
90514166054873
17845283211034
62646903603011
86201365971591
94423979585175
36827296385147
20303653199907
6478603388484
81696409721997
34393546753797
91623058780420
108041368531628
23319338115344
68782675180995
27497433401789
84171268368954
81872433134324
35853810008579
2966420360877
58488895415427
26456775141860
84670244264500
34179380476500
87714205802957
16403011100781
40291758519396
1530933562519
78958997894428
94662870232836
68424571005518
41298607181646
30242226540150
27808370733141
76766937244419
72230203900208
103000694341660
38923368412911
50559856308103
9023565666730
92720432484150
97971610914606
48403451613523
112853783918623
76239507693143
96716886233185
55433818081546
5027688500770
11154984786907
110077825366556
54477742694184
55526828308337
57020323473874
38720494167291
43849739340226
50586423474000
48919716365061
46378183858522
58612099096301
117556007881879
12308613106352
49355354457076
18158333316149
41440368032070
66001989875940
68794141836496
104052496104834
58359736176084
106252531150052
112955897161256
105417481009210
56595609046658
47223783649864
95548826409997
91354144995180
33866456382946
40008876663756
24250917274020
1548376561012
62383837917887
49701334148116
9407144615099
25016272171279
69389747580927
97482093768171
50196671187838
84479001265469
36115580326360
88601956833831
58650339975159
28592844771244
81510995771700
28706225037944
83037963279032
40434942779439
30016484941560
13107236067426
99586472683750
108242859669263
111374312553188
49605867042291
3638222411765
118260296616878
65755672251931
54437818386401
104792586486337
91359190460406
31146927544435
42512217242258
15246508150139
16698525802508
118180436053295
44237517694469
44897579823369
39258081873872
58470516493918
77051692105671
30898008467250
112438971052063
86772264110234
112048016087140
25939061664223
26267948397774
83016975384455
67805736542961
116169399217881
73777556925353
49799557068554
26310861449696
95484646290891
529796861711
62212173126619
67046326058548
77895106531614
47903330303527
76356868660815
42801866515589
43416566614006
4815655978379
92890564389834
53849295415141
71917406624322
68661298231354
62800727043918
15624037036740
79999573518761
116832018983312
80730965987087
96615335007916
4801830554553
59054833385546
69326370846008
46430062178305
26333579921271
69837299904597
105215455130189
117537564613129
8851069793192
47827053005296
114645964049236
82425306805633
3667987077963
84504199232466
53654540303760
117662791318654
76102638781292
112171295896145
19920840625154
55223506566954
49330383321636
97525237424785
3754097660170
24967395134122
49762135423772
59580801864237
33615582003705
63797183493591
6598552572464
31006671347524
117562817129452
106794241115327
52172426223475
51576601660226
37509293529989
2742169418088
114686883598406
78296883430784
104665498539706
105511964613638
27145700827177
103395325279849
10612202116162
23152188230777
29313587426737
112875853022106
74385647182275
79986857760179
22315940312298
61322194920019
119824721744087
34806549437431
5457417224008
63198898864136
74574586475382
31714377858014
11157992278212
6465795562092
61682669401208
30420743414976
66653753934956
12081225560921
92298831887903
122550173980801
78662248250210
8193353558310
107236498655173
88676302693211
93040154619485
21832357283530
14419442277082
13355969893684
40066211250799
83184219577740
12793984880356
115581666899310
5970823521061
20337141613582
18606963783741
24943965523742
36138977915619
57346784321800
75388085282538
126190797334926
17144249683253
71886136600251
105351017104937
54845764029493
22140031854118
73780546723959
64892688148278
73239719356709
62045447354838
69854972657816
77846870986231
18021796833615
7349287952205
114233116612500
120084475028771
100809565756772
11630857742739
71105921903146
38570572965587
46064613805475
95729537218404
89363687268693
110159590308031
116594810434832
101993429606041
44136296097068
63082005448347
2184462855863
126653317262220
127881909945926
57309512423578
49710545163254
65324232654658
22740365511767
7236587503406
104866805042981
46601403000521
47423577479234
5669044267089
39259501954469
127308135923896
35340512803261
18894087482121
24690135727157
68426394254295
61112262090844
104028625661452
19754804869614
56692708559969
25896840915003
79602710905462
26555482052624
77049279993221
104470035541771
54203086445692
33271332170281
33430663148577
10290377063835
94367174373818
93625332883855
102760520348367
62661000196041
100666459236793
96970410926998
54087039642712
26111727772527
96411345898001
55059130086079
35730833475942
9998528571135
114984836593365
32996097905414
72808074800412
94428566628129
12356070053016
61875789083907
118675656712486
119137236350036
37028049414852
63179329396683
49243664608394
76867851290325
44264069341390
41385341063861
59100694431898
91465554511879
14753717185931
55997625504090
29466388445668
9094608546220
124837443544925
41528778239136
76052135728708
20272071751453
125758484920811
32424194379582
124148898686053
105758566846385
25425353880756
72572954778654
122585295625987
90259527447280
49339126142024
79993320115219
49540062938401
86700575819197
32699065435884
69740488588519
62922299761237
98158495083381
82579473440681
130429070776293
119266878773846
21891769117676
11627215159707
86626264415262
29998833486842
16147222308302
29246873474560
12559014062548
84536366494204
98884940028857
17011183966642
69288587640768
122897584160951
91808690957352
2321765607040
119639389264850
59080230333596
58143810205172
43597520835772
74398479693676
86550788423703
29613438470752
589087759112
13756981534670
13446132066259
10416322092523
66212410225118
126817342127066
65815776563209
120441324961818
78731871399325
66026725920563
46635298690157
16224362569573
19862023871054
123392803948980
11696419034288
121787644399020
10200093638291
88855169759686
68897744448217
58421657571910
131813109836576
8377883239278
62322475941168
59661286570987
69386901969437
59920941197977
21742073294796
104625855663681
40328469365396
66780344753987
75961451753898
54599311955152
69331859497350
77301406089025
73958350939748
97509212256410
130417057577837
120234136816738
83982685327488
14737935387556
123260151651269
74742641406286
117276416038027
77875826870029
2923747862158
117298090104252
35014411152574
135515099902273
16904281252683
94088318689361
105106585103624
36839738726823
52043402415844
60921969202987
45366114961815
70523005254141
10707366336058
86159613956806
85577390255360
6535889466871
102096520047056
132002167883730
115845347143629
117559115480896
72487373716206
95871038639946
78075485726674
91323085101147
58353170278295
8246423739437
37957555913125
101787278827031
7110914948514
590012204666
40080946661670
125728380359393
115070646930953
4211002877118
122369987358673
21225816755580
49730057601240
81325245231550
70400125227859
7811945154136
102799836729255
75934674156723
76835582319780
121490356004345
137222468668322
56316917928900
64080883935920
7242632932081
94650076192893
26014580935321
7774829934077
37208312135328
35190562477388
70129663486154
34154433184838
124214629095589
78872679330686
84110723985591
9596492299251
70161260699740
48223141128326
19117838603228
43085347384072
116953619883040
116986842464236
67179208634747
103836376646211
109402553339803
53796930049102
99020099119638
107937655496204
61578533155105
18595360823751
127348906521013
103849047764721
104868284598983
79198812534187
44817079166015
42273010557341
22808568727176
55802734120534
66646008266020
85271928263637
19765865493098
104776239237941
114718601841466
79453912345064
59943005807526
67727816128492
67793900253492
13359936988001
41344759033494
23743922677882
19057537135257
103974643390261
62441773520958
138939637475732
86230869761197
133488217972748
45794682882275
141624254276833
20182824089918
79388231567019
36330612565347
111485530858465
87417757149793
85386323740022
45256631057029
92802243645232
125108256745051
28384976716991
50627925961640
25775904579282
140774593902163
119119930365678
123240730729759
24428091538228
58454970151893
11795114947036
43876396790457
10433360703152
24802751628323
68809190498275
127624463188411
139870968595301
61656285524456
90483910596143
63533874868990
138022381241356
138846881472312
139496640364255
40628194989943
116061381711034
38381591099768
111727293338157
128239231715979
101960446769555
67907275370065
125201407257659
82959193770940
116880601762745
3100948621622
123279291597543
31187919082271
23150502314523
57700859351756
77059087827905
27614764873908
75173381309980
85742306452331
37082156572451
86856802189326
30263405833398
75844183665928
139835056537373
41921145595814
80859686097055
82241493214491
13101369276262
56245478892612
136579214481635
71855897104479
139232207533017
52141910638469
11258101474783
37028555881998
57868997153176
35632175611280
23366807505540
96131362016348
33437355671054
115521171390292
125952642920812
30389076587505
95339173539420
12564726306333
126606978547829
84583889341431
70001784934029
26689597812153
129928750520904
134210767043865
120651426056513
83060322002522
88841024061178
113063760573955
45695382620764
110366545324721
124360937436851
54548996500165
73669831290509
35468782453320
131402214829839
94156793484304
115760762617439
5840948659896
646171149198
63645642159672
116857352491702
135359750430817
117461048191343
8816704671619
46803237034213
48208440641711
3212233562073
143316357109017
36981510176241
114795511517216
125642575111968
6331683726156
132744945320912
34942655755853
122626904303350
126554719907072
124637035275791
42472999981139
53290444949203
39689471383215
127900932830062
112887767851161
44174030151342
120242772187749
63072665707953
64449564632579
118950434545285
19848525188157
139444321097971
21491608404552
103337772596362
141395515389829
82668806583465
145310309727405
18215800119780
83139512949908
130806246903763
49609000475462
144374258121594
116700822328165
104991692623727
121293539158060
119273883411404
134102668010226
5850465678298
134688796009992
22828686087300
32264192764657
151129086135935
89592352445134
24626660622576
144126106362882
43668992192763
43052413349993
100573190855611
23487176854942
137821023031983
36978997973947
69033648643960
14614664564087
59191213628502
38978154863378
98182985227802
41768217359205
121713253162314
133573031463174
102744085812427
54356606857424
144485545845230
137981410196277
122167016371774
28715455566000
142093920937894
23915477364523
92842361043058
40294984842914
25849009545194
127232112845532
84619094869109
81407722371012
27682725588374
44762439243791
74279937146377
42504044412477
148626267693563
81444133581962
140071128615762
82064125429480
67637324301983
56089735447566
10760477505150
84640385035214
86707191407138
125538872311136
93184264071381
5368698199795
140479119230323
103350871770494
91431519809398
126696535306109
146618361874132
115807220867553
41074784662308
120560701949133
7203953049751
130173500807637
66898831055007
106502858441675
105551717295833
139244163808134
22429309001362
22180607828671
72080335447541
127466414862752
61366876506028
120700220310739
49053253295716
78995229837858
30398250909570
46100690719877
2666736621578
73741687251986
93397153286825
114372483774829
121731844457033
157092163912659
27132879753551
92732398608845
27621415030636
133581677747567
148359084031567
132129576420844
64630045822300
5488911616588
24883371787123
121623929674813
63734341636818
22179487997972
45579084636147
112392852426248
117376512904991
10258433889870
42119785497057
78264218543133
2042640987138
53322881584131
35519618052673
122375356824373
12785558436445
25195584476930
34637952313026
45718680666280
74429724910188
122504883662445
85535369384790
158078249854228
31425859782345
95877037121272
71231774314981
43885597563480
139077646215414
81723734190485
155674113076652
30819969955149
145523004452107
5479273200462
85173532112465
32078665654843
88467817706791
80999564352234
47269012370981
41758557656861
17572270311968
142709177464575
158685728473161
55161438434660
116065034283540
109980726459408
123252710585261
129536595130708
52922207118629
84099996412098
102741558559677
5431777866993
131480074600944
32013959403998
133413466717463
103188842845461
19887599921309
29565789488383
86456801175891
34547726619930
121797746374543
128167941779394
17793765854081
133145474707989
101526241318841
85896023311773
123546107659016
105317065150449
23592501923264
109165367606644
150457599309561
88818542143659
104528808113183
93502207673358
3391899358875
43999019122888
110786829553721
79170750043408
29889852906515
141908551446679
149789260648237
117426901323624
75235299899489
84928240404000
127264095437103
86175949801968
98829989317073
28379856802365
116771070300918
54253835985744
43348362444767
96490075632879
66981512886120
106896354755526
63527183687673
157560856082033
138504390327342
92157382328749
142956507785641
22912502230636
2803852270632
111626033200985
58535218497420
33195175429706
63637121672393
98289028144878
88765025941046
76609742018217
129083788642313
119511867333089
119603707347892
24772936278953
111176333287145
33026347199999
87309160668897
64660666889056
22281488253297
37385822393602
139274131413731
80457708829369
15869279272936
113570878728101
20062546223171
114528897939719
14026523946099
133755836824026
11407699759069
47266111612432
14011444296082
72271529051496
45464865857025
24039728449909
36015802994853
138951298197976
30913218456311
72095461174088
42069712326969
69306149093991
130475036568273
59493196399087
139521869245081
161905683877052
6901530146546
143363410758014
64460361879824
126442491427330
50347265316813
35096701458457
81338909758628
126553930812661
152196308494914
149465048375540
104727422152137
157387258491598
145804584213667
31144248254450
53090125977454
140261440005954
45737103327628
104341910848700
21870593020275
30678639688718
123460608277526
18372745998674
15781301476334
52620168578168
63369182710546
108132150920574
19210505833908
96609469609344
30250452502273
88008072388075
109288896518787
19967620404058
58797966579795
62039492353904
131759410264843
140782885234598
25019249225574
93218452243311
149831956111320
119749587355791
127131102090001
8522566283590
32225245907600
4295397257595
10680172403239
57720082399948
90305402875079
164434245466828
108255413051281
17446809900768
132335874254589
68531243159610
123885248344098
129207842155591
140110514891915
119371208930082
99132069344572
150621304174490
52384363770721
97761793510554
112275395237694
62667945978650
70691471367198
140408053527618
37566404913272
71280785867528
60493966413024
68616513540259
37449811892099
109715280821434
154922926171565
24649888691136
90260243421923
90674987674598
107804489806896
86632055860804
5826256703060
73681781220435
146256523636572
79015679208580
94153850166613
24187572062772
104170983869530
16559242619342
99374582787004
119059052769137
37650140304045
22006356369403
159685217183390
17339340464982
83623420011738
56066834578960
9587202111962
56137962296538
73726536746994
15211285286801
128064338928877
31330270476327
16827790275932
110349128643589
91483287516442
67369240679173
14068874481199
34734218651326
47685287915225
19656592864717
57392648285005
85818247060698
142961730462997
37494474792488
143596716975400
130190554132802
147487141974154
141478222344324
130694648674274
18271407200777
153229311716826
156830385475749
64229403824977
115392632467456
133152816619487
84764594234481
156252700541032
29105762644776
67586074104059
82880351802475
106104741413687
43707440714187
114752547594459
54307263379237
4406342977333
43109662709884
145528380021395
100586133875263
51985061869943
9590649304374
105666678098050
87122742353646
136773555285016
57010880590312
61965684960472
94814927303078
7380720251899
89486249724233
145313684544136
45191412584649
29724458680536
116218596078818
2223916540941
6516224744313
11944722865406
86420492194962
131467911577367
19224387331849
100675083338217
63846765368337
75365408452795
32768685205780
133444060577839
31038131399705
32949172036792
85750388984407
158969353998806
85400302337112
56506805681797
752129565920
34326718739981
159623879905679
61232099768996
135259115395283
120195816295826
48494222706932
115023713254109
135899034691056
163670586717337
69547992233725
64180660039411
31302492335800
12666803304452
70049429885779
57376077082427
57680649947072
52473980589465
107902515658238
157075067881816
57992928086843
150430457892921
6694715944371
36705676994399
68412361270367
165699447646435
156942839358951
17096248223479
113597024137242
10498193414157
13472579393966
131923453661851
3761631288629
143802293947729
115137317230198
158416457789689
159744898954958
116127952175951
94078142064156
126057081767209
84656565664361
93159670920777
113898610200902
89633090044480
164952932849552
158715456270834
132827360144035
47669439648107
83636257091249
148121917425872
50818580960843
114165657403081
111944062357085
159814906291293
63665553003583
131712439004763
155376400692733
120412723473091
156351727918257
144589732078851
47904635081939
35663893035324
8409413898958
133644110804625
114040281481555
49402318996670
166280874607878
123435956188576
16798430461332
69335595727703
57707310233147
161089338514260
68560548435743
35697462802860
174022528100334
89124107630884
70446164688390
76862136423965
144268894098120
14323636160780
133129376240075
150024609365253
130402099485967
49741504703153
131998079065717
44598556350830
105180877876350
1549185520719
163577385055219
42794185829459
21070312580700
100712688429505
4636853267063
28340726496076
47149310724579
64451138571191
10701299514706
50048280427647
58623222234793
19640804183480
107726667906307
30041044404251
49445870499183
62004026964923
34631307755434
168431702813911
131871136700092
139419012227708
9138929847189
120301852664717
84383058175584
27982055038529
95961008265000
147460466669112
49978948423068
169745667950379
67013559278733
37650074494217
115227229051112
40861567593779
81345916988848
47902501758461
115360553166869
42952717319733
14535891121145
128848464999414
62041202724401
13648019683500
42378381066749
66673057412208
92072365152939
105880976368430
160611972773066
1541641349664
103733977955065
124283474790709
179389047418207
67421729135023
61385778950078
157660861553944
69267627062544
83805735351180
25733306999911
67780201711707
29918564976034
164796522272878
43845360591379
41055564531100
7910749578960
12618793547698
144142345995458
43712372434306
31917054158569
5439474864955
47624106264452
169558462905747
49131254033243
174328303706176
137512751607187
83328711151270
30744907179317
94536231018075
155805074331195
129436296433393
86389547497199
64765492814517
83686065075156
90755154981919
171889513179244
151239945193598
163874965741493
23015346628486
80082342574852
55116575629115
120142866003238
21116790396346
82817240691817
102025876870446
140278348895657
154712577336194
13273185978794
72487236016713
1576831180848
152322543322709
22650312330315
105723985970426
178322153614615
22102940081514
180889211274708
164571278514172
37437981895648
3167738593174
120947816311376
121009966418527
42176276211291
63849140274858
76802094263324
56399116665829
107907364073485
34794760769671
73852926860224
3132303006338
122312675332914
41524276131640
44187945422181
146075855539100
114602336768221
3178157337844
61242070863338
68586909451488
79630450500512
153243758490633
158576940468054
103512144102431
47541371420463
70130727152915
100632156655353
95096054320665
104714266538419
130239632713921
169408445656037
26265574543572
87511323371234
152481464917451
177793870725000
84832953998594
148267165115728
145102011403567
185182198035032
109768578526389
114635002477774
102129579485783
13708823341693
8756388293237
166160466917566
23061333679634
63443671696382
153958187404555
31480999792688
119618709034129
15214024438915
170997778663529
97591678958519
3224122149665
38595219304264
76428477102986
138198709312000
51362173874185
114054881670137
93273451538387
12044813388268
159246609503461
127666470004551
46648191880445
135083417516576
49173555304286
62269544205903
179730404365226
174872861838854
12840916304095
86900110504472
99344572914486
73768694911258
16375981498065
17670206548420
2389049689525
118663797806894
118901001593357
71401456859941
98465933439063
78509257924101
116046614005286
25591491010983
144044262833693
10381704307771
65068475900098
9560943706689
59875334356370
68701767395080
34672067611417
97155914039391
43208412555327
83467151725534
127003388446317
178035409703386
30522304123504
131971166934411
100611382545225
141108283113414
64967470150342
176587103830129
109502204490419
117756251925956
65047415200376
127654319111143
18751868578512
40029630281882
31232700803429
100050693825930
84273659205508
37347102940368
123827130645443
153739318215222
179326236311567
113980138555013
129747299221171
71458402631433
88706063750021
120078952480605
21759915336386
9831252919704
50316569883069
188536230337227
