98 6184
2 2 21 51291290
1 55
1 49
2 12 53 158595286
1 14
3 49 52
3 80 20
2 5 95 723639813
1 58
2 3 24 687961810
2 95 64 695974881
3 22 26
1 10
3 97 54
1 47
2 56 19 653655446
1 3
1 85
3 85 33
3 12 9
1 15
3 16 96
2 44 58 153826513
1 88
1 49
2 54 26 752557783
3 34 91
2 69 93 506922147
1 42
2 70 34 702889937
3 7 98
1 92
2 38 64 109040590
2 27 68 472662948
1 65
1 22
2 80 90 425500735
2 51 61 556269949
2 29 93 804959175
2 98 57 495294915
1 14
3 12 71
3 57 54
1 6
3 51 86
1 39
2 49 8 778435363
2 45 3 684042557
1 79
2 34 32 295023969
2 52 49 281658887
2 58 8 540347647
1 86
1 1
2 50 78 134456199
1 58
1 39
1 47
3 65 25
3 98 81
2 64 83 724188264
1 42
2 77 26 542558562
1 61
3 94 52
3 12 21
3 98 63
2 81 30 21638990
2 60 66 47458657
2 59 33 346436093
2 79 45 717237665
3 20 14
2 78 5 578841898
2 77 34 84044134
2 89 21 51642140
3 33 37
3 59 16
1 93
2 30 56 301438277
1 32
3 80 32
1 57
3 6 61
3 86 4
3 9 51
2 27 25 406921068
2 81 66 422637732
2 76 82 359341567
3 48 69
2 47 72 292408189
3 8 34
2 52 55 561000079
3 36 84
2 72 97 83600412
1 27
1 12
3 89 25
3 33 42
3 4 35
3 67 47
2 58 79 277248990
3 89 24
1 72
2 4 86 67102137
2 8 31 760705327
2 45 25 559101919
2 25 12 527522118
1 81
3 12 8
3 61 97
2 4 59 866087135
2 42 59 133409530
1 15
3 44 4
1 11
1 93
2 7 73 109266307
3 3 83
3 45 2
1 2
3 58 57
2 35 85 426850023
2 74 24 140529178
2 45 4 663941114
2 60 94 133190291
2 97 31 959002490
2 57 63 470969520
1 64
3 57 51
1 84
2 18 32 894732533
1 64
2 57 82 861996139
2 78 13 901474342
3 7 20
2 49 38 942200603
2 77 88 78831992
3 41 69
2 14 75 531513940
2 95 30 962745466
1 55
1 79
2 10 31 999729012
1 19
2 24 68 441234424
1 6
1 63
1 48
1 14
2 16 66 598263144
2 84 43 984773195
2 1 40 9774282
3 14 67
1 4
3 85 40
3 13 47
2 98 69 375826788
1 36
1 82
1 28
3 78 23
2 51 49 738149585
1 33
1 45
1 27
3 45 87
2 72 90 677648933
1 38
2 75 93 601487895
2 56 33 270866610
1 29
1 84
3 77 78
2 75 17 309461104
1 98
1 66
1 69
1 93
1 97
1 4
1 37
2 4 45 947580386
3 5 35
1 9
3 96 53
2 25 42 39769550
1 1
3 96 91
2 56 24 773585637
2 90 22 344677208
1 89
3 26 13
1 33
3 63 29
1 69
3 3 33
1 56
1 86
2 90 85 444408020
3 40 39
1 38
1 72
2 40 26 187633044
1 35
3 42 57
3 70 41
2 37 20 131341723
3 8 10
2 30 30 945227955
1 36
2 84 39 56398140
3 37 23
1 27
2 26 59 189290473
2 16 79 244159876
2 44 74 915734938
3 28 72
2 64 26 556226911
1 94
3 35 60
3 10 4
2 97 56 502254254
1 40
1 86
2 50 47 651231617
3 23 46
1 15
1 49
1 51
1 96
1 22
1 91
3 13 92
3 48 47
2 87 94 370668725
3 32 7
2 33 61 703162556
2 65 51 948364766
2 47 51 829382979
3 48 93
2 90 19 243814359
2 49 20 880534565
2 78 84 941998898
3 64 29
2 59 95 436532481
1 28
2 47 85 419259896
2 93 8 832254470
2 65 85 993395712
3 8 37
1 96
3 7 85
2 7 25 927246824
1 75
3 84 47
3 5 3
2 55 81 416510797
3 8 27
2 12 18 909070829
1 5
3 51 68
3 45 79
2 93 14 930567845
2 75 70 74299869
1 20
2 94 78 760607336
3 66 10
2 68 13 638751722
1 21
2 2 8 401367543
1 25
1 66
2 83 16 684226699
2 69 37 426002760
3 44 35
2 70 2 383075190
2 2 16 212365805
2 82 68 426942308
1 66
2 48 74 521361596
2 37 27 307460180
2 41 43 389820157
1 90
3 86 68
1 9
1 5
1 51
1 80
1 29
2 13 14 322767788
2 6 40 183483951
1 65
2 25 85 502654029
3 19 60
1 9
1 11
2 80 45 999169867
2 10 90 235348208
3 51 63
1 98
1 29
3 95 84
1 50
3 92 36
2 96 98 418290617
3 66 3
1 98
2 40 36 745884141
1 71
2 67 98 78515977
2 19 19 786227436
2 46 35 582575986
1 37
3 55 2
1 71
2 84 27 642325800
1 8
3 9 41
1 12
2 57 11 89125326
1 41
1 44
3 3 91
3 86 50
1 43
2 53 28 278330135
2 31 95 948268280
3 79 16
2 43 88 75383680
2 33 85 625324923
3 7 74
1 17
1 94
1 20
1 85
1 68
1 65
1 67
3 73 50
3 68 49
1 35
2 41 15 245580084
1 20
2 84 42 793198919
2 44 42 858299391
1 63
3 45 10
1 1
3 59 69
1 53
2 95 88 941593136
3 89 96
1 59
1 14
3 79 66
2 88 23 854578546
3 86 22
3 22 1
1 33
2 25 30 263332005
2 64 91 991182967
3 89 79
2 4 74 249180303
1 53
1 23
1 88
1 91
3 3 11
2 96 70 801215748
3 73 58
3 98 29
2 81 32 350415223
3 10 30
2 40 85 361649770
3 3 79
3 27 53
1 16
2 6 72 951000816
1 47
1 77
1 51
2 5 14 847620378
3 27 62
2 38 40 697136417
3 96 96
3 73 74
1 17
1 47
3 61 81
1 83
3 48 97
1 94
3 49 88
3 7 39
1 58
2 46 60 479704770
2 92 42 46082842
2 66 49 657140004
2 78 54 231006278
1 27
2 51 26 898541143
1 25
1 15
1 55
2 16 16 29578528
2 61 25 265095467
1 71
3 62 7
1 28
2 56 93 681064467
2 90 16 673867910
3 70 5
2 20 21 618260276
2 54 17 226766909
1 83
1 23
1 3
2 2 18 438001299
1 66
2 37 16 373240129
2 54 90 373355249
2 56 30 705738238
2 8 36 435314066
2 49 77 58947263
3 35 98
1 15
1 74
3 36 61
2 94 56 343216805
2 81 95 103548011
3 41 79
2 59 70 84132529
1 13
3 53 50
3 77 75
1 39
2 62 26 96374104
3 45 15
2 32 31 238475336
2 86 56 769260092
3 73 6
3 13 73
3 70 96
3 75 76
3 27 44
2 1 45 479706203
2 6 75 191206532
1 87
2 29 5 181831552
2 18 1 69791432
3 23 79
2 59 47 772775688
3 2 74
3 20 3
3 48 55
3 93 49
3 89 26
2 57 42 795654545
1 55
3 19 30
3 64 74
2 61 35 60120715
3 13 63
2 79 32 898322058
1 2
1 81
3 59 36
1 20
2 41 10 554909271
1 32
2 5 20 901624393
2 49 90 318361935
1 40
2 41 86 904054830
3 80 87
1 22
2 35 57 83203964
1 1
3 44 49
3 67 45
3 69 66
1 4
2 65 75 804538926
2 66 86 799397913
1 2
1 95
3 39 42
1 55
3 57 93
3 14 6
3 5 32
1 14
1 63
3 88 65
2 55 84 129078706
2 96 82 966238165
1 12
3 43 57
3 1 58
3 97 45
3 97 19
1 32
2 31 29 675112115
1 7
2 19 70 317489101
3 69 50
2 74 76 211626891
2 88 91 350014974
3 67 41
3 53 93
3 71 21
1 36
1 13
3 24 81
1 38
1 17
1 9
3 26 92
1 87
1 65
2 81 2 486842064
3 79 27
1 94
2 55 93 84865049
1 59
1 43
1 40
1 66
2 82 28 213250464
1 8
1 55
1 45
2 18 95 785185515
3 87 88
3 62 9
1 29
1 36
2 66 30 376511035
2 3 69 174704264
2 39 58 857592960
3 25 30
1 13
1 77
1 19
3 91 34
2 40 74 268918528
2 43 27 235867033
2 48 77 935108295
2 89 90 681671070
1 77
3 27 77
2 32 20 670899048
1 81
1 64
3 72 37
1 50
1 47
2 19 49 503964105
2 24 60 644733667
3 66 80
3 79 98
3 96 38
3 80 20
3 21 24
3 8 79
1 88
1 14
1 27
2 39 40 510996643
1 41
2 45 89 969364813
2 59 86 825705773
1 12
1 70
2 48 83 689342675
2 92 72 655656926
2 44 7 536565263
1 24
3 66 79
1 62
2 65 3 70020350
1 55
3 12 81
2 79 32 779213060
3 6 72
2 2 37 578033839
3 18 18
1 35
3 19 30
1 28
1 30
3 60 39
2 90 10 11770026
2 49 23 85384113
2 74 81 298848657
2 59 58 756946212
1 34
3 27 10
1 75
1 43
3 83 63
2 69 91 666889869
2 94 74 843053621
1 29
1 11
3 20 93
1 61
1 3
2 86 9 7028107
1 83
1 88
2 66 6 722689011
2 42 13 446595482
2 67 91 474391565
1 18
1 64
1 1
1 36
3 56 11
1 69
2 8 94 222307132
3 44 20
2 3 17 686145329
2 81 42 594961442
1 62
1 64
3 67 1
1 47
1 20
2 71 60 543599326
1 27
2 29 17 596976087
2 31 56 28843354
1 75
3 32 85
1 88
1 74
2 97 4 456335621
2 83 36 619363182
2 30 11 517671842
3 91 18
3 93 83
2 12 78 393771698
3 10 88
1 38
2 61 29 813110020
1 93
2 54 57 875926315
1 54
2 63 66 397141498
3 15 29
1 94
3 28 32
1 87
3 14 31
2 20 76 201031888
1 30
3 75 21
2 60 10 155641634
2 62 20 712970651
1 67
3 47 30
3 29 60
2 28 56 664955880
3 29 74
2 13 33 200006124
1 65
2 49 34 147407268
2 97 94 461611782
3 82 46
2 80 66 326399081
3 47 25
1 32
1 68
1 50
1 55
2 92 54 682426463
3 20 42
3 70 81
1 72
3 68 2
1 41
3 72 74
3 44 14
3 25 35
3 73 91
3 98 31
2 37 71 587506190
3 55 83
1 39
3 59 88
3 89 54
3 81 10
1 98
2 63 60 251912129
3 86 7
1 9
1 90
1 81
1 34
3 52 30
1 40
2 65 23 100852979
1 26
2 46 74 187338676
1 86
3 45 85
2 41 17 205351808
1 40
1 73
3 22 21
1 82
1 15
2 79 65 598773323
2 34 47 945774698
1 54
3 76 40
2 72 47 84472937
2 81 28 277705875
1 78
3 56 70
3 74 77
3 35 32
1 58
1 78
3 98 63
3 68 31
1 66
1 80
1 13
2 92 10 587773428
3 31 30
2 51 83 896058625
2 2 34 574447473
3 14 4
2 80 28 940234339
3 87 63
1 52
2 17 10 370295499
2 2 58 714608543
2 83 75 152811115
2 55 20 653012748
3 35 68
2 73 23 393266638
2 1 26 571421206
3 80 69
1 46
3 94 95
1 19
2 83 41 808321425
1 24
2 83 80 350019833
2 8 58 957370310
1 89
3 30 67
1 7
1 59
3 19 79
1 97
3 86 65
3 37 33
1 7
3 96 53
1 59
3 57 47
3 36 82
2 86 23 316257177
3 78 70
3 37 83
1 14
2 95 1 273104441
2 98 55 783139583
1 41
2 38 34 347384081
2 29 84 587522812
3 64 72
1 70
3 50 26
2 61 45 78890628
2 86 4 396681361
2 90 72 517038387
1 33
3 86 19
3 16 97
3 83 64
3 61 76
2 28 16 926975493
2 28 26 728188184
2 91 97 813836523
1 91
3 89 55
1 42
2 18 16 386165151
1 31
3 56 92
1 41
1 64
3 72 38
3 26 8
2 91 96 293575467
3 57 69
1 53
1 6
2 44 9 24483529
2 4 38 259499195
1 77
1 63
1 24
3 23 66
3 66 9
2 41 91 287975448
2 70 31 772946712
1 48
1 78
3 76 23
1 35
1 64
2 26 77 75547367
1 27
1 17
1 94
2 30 55 729501780
2 28 66 858351505
3 85 16
3 38 70
2 74 68 656596591
2 55 45 163461083
2 55 71 705515122
1 26
1 83
3 7 28
3 28 63
3 66 95
3 25 75
1 42
2 97 65 238373755
2 12 98 777487920
1 33
1 21
3 45 36
1 49
2 89 66 400277694
3 72 7
1 64
2 40 34 449510370
2 55 22 230852554
3 84 46
3 18 41
3 71 62
1 27
1 62
1 23
1 40
2 28 2 67853802
3 32 89
2 12 39 867077416
3 29 63
3 10 20
2 44 23 369333713
1 79
1 86
1 71
2 82 51 316595122
2 81 67 47229385
3 41 27
3 71 20
3 53 96
2 84 73 938800230
1 39
2 95 41 493328487
3 33 21
2 94 60 702158961
3 75 45
1 76
1 48
3 11 84
2 38 79 568538919
3 26 92
3 52 61
1 80
1 4
1 96
3 88 5
1 68
1 44
1 24
3 14 79
3 56 58
3 85 52
2 38 89 705227440
3 13 96
1 6
1 27
3 20 27
2 82 21 518375789
3 67 39
3 37 34
2 77 54 983195799
3 93 18
1 77
3 88 57
3 35 56
3 32 61
1 56
3 36 22
2 91 44 263812206
3 57 8
3 60 73
1 52
1 46
1 89
2 41 68 946593798
1 87
2 78 11 267150075
2 37 69 637730544
1 83
2 71 2 397374256
1 44
3 44 72
2 75 13 962772291
1 80
3 23 16
2 67 65 246085057
1 32
3 39 10
3 74 66
2 59 96 324728138
3 82 4
1 47
3 63 55
2 38 63 651402356
1 64
3 21 33
3 62 22
1 28
1 13
2 69 23 684542197
2 3 65 397695429
1 83
1 27
2 98 96 574378638
3 79 60
2 75 95 393564592
3 96 30
1 91
1 62
3 21 46
1 41
2 8 6 257394107
2 21 21 184887501
3 61 25
1 79
1 86
1 26
1 56
1 65
2 43 12 778867987
1 75
1 41
2 8 43 492015295
2 18 12 528646511
3 79 34
2 12 3 587241207
1 12
3 52 22
2 28 16 393917184
3 66 12
1 96
1 82
3 62 70
3 78 70
3 43 49
2 85 9 447322909
3 55 40
1 58
3 60 32
3 65 24
3 37 55
2 32 7 864468032
1 83
3 25 15
2 76 33 302206014
2 76 83 588114541
2 30 84 790803069
2 19 15 117298363
3 49 8
1 43
1 7
3 50 25
2 73 13 448949409
2 60 20 826121136
3 64 37
3 19 75
2 5 70 489485077
1 15
2 12 29 624482249
3 44 67
2 4 56 170721069
3 10 63
3 19 28
2 6 28 725540306
1 25
1 75
2 34 40 882685283
1 17
2 36 26 911546804
2 72 25 576004106
3 12 40
3 34 43
3 18 46
3 51 35
1 81
2 32 81 979625566
3 91 85
2 67 54 330333988
3 17 47
2 21 53 681994837
3 27 41
2 68 14 745718522
2 25 64 953356876
1 96
3 75 51
3 27 76
1 21
1 78
2 71 18 754186534
1 11
2 46 88 718034806
1 56
3 16 28
3 4 48
1 66
3 13 57
1 75
1 37
2 58 73 98822355
1 51
1 95
2 25 58 272057563
1 1
1 9
2 85 3 160664005
2 78 63 191024786
1 66
1 34
3 68 14
2 13 2 229009115
2 34 50 29377438
3 21 68
2 36 18 107125656
3 18 84
2 50 78 851757005
3 81 81
1 40
2 68 13 49277432
2 57 61 538577442
3 77 51
1 96
1 34
3 3 32
3 21 33
1 73
1 17
1 24
3 87 76
1 36
2 96 7 347824382
2 77 72 70397889
1 92
3 44 25
1 43
3 46 85
3 35 91
2 72 49 647526381
3 40 97
3 1 20
1 10
3 31 78
3 92 14
3 30 28
3 20 14
3 74 53
3 48 93
1 22
1 76
2 89 74 518557066
2 61 11 353058894
1 70
3 19 69
1 62
1 3
3 82 90
3 22 61
1 86
2 58 51 68350903
3 91 55
1 80
3 73 48
1 86
3 38 63
1 15
1 56
1 49
3 98 89
2 78 40 94045105
2 38 79 28068827
1 13
1 54
1 8
1 75
2 64 59 148122555
3 50 3
1 79
3 43 85
3 63 24
1 33
1 16
3 85 23
2 46 90 150886080
2 92 31 153908607
2 43 37 19596225
1 16
3 47 40
1 42
1 37
1 59
2 13 45 638186771
1 87
1 38
3 72 18
2 49 72 873953596
2 52 51 430832053
3 33 57
2 71 45 71977309
2 17 75 387170972
1 85
2 53 20 546075026
3 61 83
1 6
3 91 86
2 40 28 989683695
1 20
3 7 38
3 17 23
1 88
1 37
3 25 92
3 41 71
3 23 69
1 48
2 6 41 767840028
1 20
2 29 22 661267024
3 47 88
3 18 92
3 72 28
3 68 57
1 28
2 20 20 101428573
2 61 93 25090597
1 38
2 19 74 565911542
2 35 28 243701133
3 81 2
1 11
1 67
1 24
2 3 84 986591685
1 37
3 76 77
1 49
2 95 4 474758069
3 45 1
2 28 3 347897747
1 9
2 66 47 226339110
3 23 97
1 15
2 19 65 941602838
3 79 63
2 41 36 734438853
1 8
2 10 73 569369864
2 31 5 412569524
2 76 59 685395025
1 64
1 10
2 72 4 194283754
3 52 84
3 29 33
3 78 65
1 43
2 26 77 440950033
3 67 92
1 67
1 95
3 50 25
1 1
1 98
2 29 76 788422096
1 11
1 20
2 2 38 905517302
3 95 20
3 29 34
3 35 19
2 53 76 940028756
1 65
1 29
3 80 45
1 36
1 87
3 21 19
3 18 97
2 78 93 63991067
2 50 21 983746461
1 50
3 77 86
3 70 19
2 34 74 982877668
1 17
1 61
3 34 78
3 57 11
3 92 6
1 62
2 46 50 476037909
2 24 90 749062271
3 36 33
3 6 14
3 51 81
1 31
3 6 42
1 19
2 98 3 517782797
1 92
2 38 45 335722458
3 83 15
2 10 25 767498259
2 23 6 791196473
2 61 72 703674414
1 57
2 44 98 258648275
2 55 90 531519363
2 56 58 895431195
3 13 12
1 45
3 27 87
2 38 2 998163581
2 59 84 227547208
3 69 62
2 83 32 301242832
3 46 72
3 27 16
2 74 31 917346764
3 85 69
1 45
2 4 11 865894470
2 63 43 260815626
1 88
2 97 33 97499494
1 42
3 91 53
1 78
3 70 35
2 24 32 714193359
2 10 29 412184650
1 30
2 8 65 495424956
3 29 67
3 59 65
1 70
3 56 39
1 62
3 32 62
1 50
3 72 17
3 5 9
1 26
2 56 6 476762345
2 64 82 604734363
2 2 84 919728777
3 55 51
3 6 40
1 4
1 85
2 8 42 668477371
3 63 54
3 11 19
3 16 41
3 56 37
3 81 67
3 70 26
1 30
3 19 68
1 97
3 50 65
3 53 53
1 3
1 97
3 41 78
2 63 78 378849276
3 33 53
3 24 12
3 42 46
2 50 2 579975750
3 43 90
1 36
3 98 69
3 39 96
2 78 75 488442715
1 10
2 26 5 296315454
1 66
2 64 79 812388337
2 72 95 74833392
1 79
1 93
2 14 14 566612601
1 68
1 92
1 97
3 10 4
3 93 13
2 11 31 746213379
3 15 7
3 54 59
3 24 11
3 62 45
1 49
2 94 34 688119693
2 33 53 548912749
2 35 85 608346660
3 80 54
1 3
1 70
2 83 50 67931741
1 67
2 66 48 755849720
3 71 80
2 92 68 686319948
3 74 51
3 95 68
3 6 4
3 22 63
2 14 44 493787139
2 36 34 79254243
1 53
2 53 95 140535601
1 22
3 15 42
1 36
1 31
2 95 26 975336118
3 95 40
3 89 43
3 97 18
2 18 41 473631415
3 38 42
1 62
2 75 18 185835621
3 98 29
3 90 25
2 85 24 550690748
3 73 12
2 8 15 274937824
3 28 78
2 90 56 905324122
2 33 81 416221801
3 10 74
1 41
1 21
2 53 85 575048876
1 54
3 12 56
2 14 80 37430559
3 49 10
3 86 92
2 52 6 747591220
3 59 59
1 17
1 58
3 53 88
1 15
3 15 8
3 61 24
3 67 16
2 65 73 607528148
2 3 88 402047859
1 29
1 60
2 38 46 387553243
2 72 75 526596918
2 72 42 393718559
3 37 67
1 44
2 5 89 711548808
1 55
3 26 40
3 28 35
1 13
2 80 7 321990462
1 92
2 46 68 447401501
3 17 82
2 7 74 872138858
3 53 42
3 44 27
3 15 47
1 7
3 29 1
2 55 77 705959883
3 80 88
2 8 80 795470420
2 57 72 143946940
3 11 43
2 19 72 418515147
1 12
3 17 78
3 37 81
3 89 46
3 91 79
2 75 6 498846991
3 68 25
3 36 22
3 46 56
1 96
2 11 94 618141243
2 90 39 472711210
3 47 60
1 87
1 75
2 87 70 151136201
3 8 50
3 11 24
2 87 4 360926318
2 52 21 663661504
1 52
3 35 15
1 18
3 73 60
1 55
3 32 94
2 45 38 952349685
3 79 12
2 90 72 993754482
3 14 26
3 68 11
1 44
1 46
2 14 41 552869049
3 70 49
1 81
3 37 35
2 55 63 217940394
1 97
3 40 50
1 95
1 61
2 11 72 332254575
2 39 36 425588744
2 39 73 619530292
3 68 88
2 25 5 973838882
1 12
1 17
3 41 10
3 29 45
2 87 28 472104106
1 59
3 2 23
1 64
1 28
3 97 96
3 10 98
3 43 84
1 11
1 4
2 29 42 276048171
1 4
1 37
2 78 20 161500695
1 98
3 20 92
3 29 54
2 59 98 234586145
1 9
1 33
2 73 36 598677773
1 61
3 78 15
2 27 67 747705454
3 52 40
1 86
1 97
3 48 20
3 78 96
1 50
3 32 21
2 72 47 513785413
2 94 64 336725468
1 36
2 9 60 114820209
3 37 90
3 55 65
1 94
1 53
3 41 2
2 13 69 465954571
1 28
3 17 5
1 92
2 38 10 889670334
3 16 98
2 67 42 113429628
2 46 89 247141406
2 17 48 341009951
1 74
2 5 31 855558994
3 23 30
2 48 33 312897052
3 9 23
3 71 80
2 73 17 547091979
3 55 39
2 73 63 657883119
1 29
2 2 42 67036770
2 56 69 513808719
2 7 25 336728058
1 46
3 87 3
3 38 26
2 95 30 500932579
1 3
2 4 55 418058470
1 91
3 61 86
1 55
1 93
1 56
3 27 51
1 40
1 42
3 54 72
3 6 75
3 57 98
2 58 73 50921001
3 88 57
2 30 34 83571211
2 67 40 558066822
1 95
2 93 37 901739417
3 58 77
3 58 41
1 40
1 44
2 9 6 863308693
2 73 37 519260987
1 50
1 87
2 48 21 298523470
2 8 49 875519874
3 45 90
3 39 37
2 63 82 571750102
1 67
3 8 32
1 90
1 41
1 3
1 89
1 87
3 55 43
3 60 57
3 19 18
1 5
2 55 12 892263178
1 65
2 90 58 524404106
2 80 38 64449165
3 22 17
2 60 70 211169462
3 75 68
1 93
2 17 26 217120094
1 81
1 40
1 84
2 11 17 813552557
3 25 80
1 97
2 63 93 973287409
2 81 68 654382601
1 81
2 16 22 124307992
3 14 21
2 58 1 848069575
1 10
3 40 76
2 27 38 305913782
2 55 76 586811873
2 5 10 223653727
2 85 7 729745885
1 43
2 14 24 776362516
2 44 8 163495090
1 16
3 19 69
1 1
1 86
3 85 2
2 79 53 312225391
2 26 68 946768647
3 11 70
2 54 81 800092914
1 41
1 18
1 9
2 51 40 810038753
1 10
1 77
3 21 78
2 45 43 560797764
2 96 83 992842850
1 13
2 76 46 895434254
3 40 71
3 48 86
2 91 23 801509670
2 70 22 538277571
3 65 5
3 4 10
3 68 10
3 29 52
2 28 56 109825397
3 81 85
3 97 35
1 62
3 36 78
1 60
3 65 4
3 32 55
3 47 65
2 31 97 256525016
1 23
2 86 5 126693192
1 32
2 90 69 825629614
2 53 46 545191692
2 40 33 188711690
1 14
1 15
1 93
1 98
3 51 89
3 49 92
1 90
1 72
2 52 42 993623681
1 32
3 90 33
2 14 65 912985081
2 36 66 701262872
3 36 91
3 35 19
1 71
2 42 77 254568446
2 85 93 995291372
1 89
1 38
3 40 5
1 53
3 67 81
1 60
2 55 51 663870682
3 86 90
2 52 12 272676282
2 34 63 183763338
1 70
3 27 25
1 53
1 30
1 47
1 81
1 94
2 20 27 378159611
3 78 10
2 35 12 90195168
2 45 95 625709449
3 25 62
1 4
3 40 35
1 42
3 60 52
1 68
3 78 66
1 56
1 36
2 38 6 814405761
1 60
1 77
1 7
3 1 6
2 57 67 925215618
2 58 21 652186012
3 17 51
1 5
1 66
3 86 91
1 40
3 75 26
1 11
2 13 54 391628513
1 26
2 37 17 522633333
2 90 14 628789266
1 45
1 18
2 42 84 718822212
2 22 14 682365595
3 82 27
2 12 5 40158339
1 57
3 47 89
2 84 39 129622000
3 62 52
3 41 43
3 8 76
2 71 83 938436425
1 6
3 84 22
3 77 33
1 39
3 9 81
2 1 58 646999468
2 47 43 140137873
3 45 45
2 58 26 962000061
1 38
1 34
1 9
1 4
1 2
3 46 24
1 19
3 36 93
2 56 65 450140110
2 69 88 816432221
2 42 74 331593191
1 40
3 88 21
1 75
2 3 63 535875765
1 27
1 74
1 77
3 63 4
3 17 33
3 45 58
2 12 72 158941102
1 96
3 39 92
2 11 79 275049409
3 64 16
3 65 40
2 67 77 530647571
3 4 54
3 46 81
1 89
1 28
3 76 68
2 51 20 698334547
2 41 8 356575919
3 85 75
1 3
3 21 94
2 5 29 841195199
1 37
2 39 56 162720134
1 76
3 45 55
3 2 75
2 42 14 499613952
2 58 81 922663601
3 56 95
3 38 16
2 80 3 723351295
1 76
2 26 67 807955318
3 91 66
1 44
2 24 1 797444332
2 48 78 956560840
1 49
3 5 73
2 40 53 188098719
2 76 14 488853034
3 33 1
2 30 26 396689745
1 71
2 87 23 253182628
3 70 75
3 68 37
2 55 72 942404426
1 90
1 80
2 50 35 975693289
3 52 68
1 20
3 5 76
3 85 3
3 65 67
1 10
1 7
2 17 85 264016142
3 43 1
3 70 20
2 86 82 206917016
3 8 61
1 26
1 47
1 53
3 92 12
2 95 31 112589075
3 77 30
1 6
3 6 32
2 58 52 831211456
2 37 14 460068167
1 33
2 80 17 882329396
2 78 65 358059326
2 40 31 189270920
2 55 9 158277170
3 74 15
3 81 40
3 54 34
3 55 14
3 59 36
3 11 45
1 92
3 6 64
2 23 89 341409614
1 76
1 50
2 93 98 838474323
1 57
3 87 48
1 90
1 39
3 50 94
2 56 22 991566846
2 49 51 531048178
1 16
1 23
3 95 52
1 96
3 14 71
3 90 20
3 12 92
1 60
1 70
2 7 16 824429754
2 76 8 568579524
1 22
2 9 98 364540405
3 86 86
3 50 14
3 7 12
3 48 64
2 90 5 63062310
1 49
1 30
1 41
3 16 98
2 66 20 476315819
2 23 87 909798384
3 67 91
2 39 94 417505383
1 87
1 29
1 22
3 62 30
1 45
2 10 85 821458913
3 25 2
1 13
1 95
1 58
2 30 96 362838418
3 8 43
2 15 48 558084346
1 42
3 35 63
1 49
3 69 83
3 97 91
2 9 2 899670635
3 5 1
2 56 66 314762645
2 29 67 41524851
1 39
2 5 2 473308644
1 21
2 86 75 784397746
1 20
2 41 89 188431610
1 25
1 41
2 38 57 628479077
3 61 44
1 58
1 51
2 88 7 532606289
2 22 44 785296976
1 45
2 77 15 947632262
3 88 4
2 85 75 683374371
1 33
2 35 94 996282105
3 42 4
1 87
3 44 91
3 8 29
3 1 80
3 49 5
3 29 78
3 83 89
1 94
2 36 45 95227937
1 92
3 45 38
2 46 1 706980121
2 41 52 391052345
3 4 55
1 39
3 44 14
1 93
2 98 86 499585730
2 25 57 852779825
3 74 10
1 60
3 55 89
2 9 89 712071340
3 12 43
2 34 69 725095049
3 55 31
3 71 97
2 82 89 870040699
1 95
1 46
1 43
2 90 47 226824905
1 14
2 42 14 497309476
2 89 98 439374805
2 87 86 82977131
2 3 48 878830026
1 10
2 77 17 870628550
3 97 82
2 25 86 25861537
1 29
1 89
2 22 32 866238920
2 69 97 811075905
1 69
3 94 65
3 95 52
3 96 46
1 31
1 2
1 60
2 33 89 622489134
2 19 69 799581741
2 59 28 697180524
3 85 67
1 58
2 57 84 304594794
3 38 21
3 71 3
1 17
1 40
3 30 64
1 87
3 88 16
3 45 42
1 56
2 19 43 508894937
3 59 90
3 36 7
1 30
2 49 74 622828558
3 58 53
1 44
1 75
2 81 9 32608274
1 11
3 13 69
1 77
1 81
2 42 93 943353238
1 19
2 6 30 327810338
1 36
2 13 74 205557819
3 61 37
2 92 65 797254987
3 19 34
1 74
2 58 57 888794703
3 85 56
3 84 62
1 98
3 48 84
2 4 22 982475365
2 44 40 738158430
3 68 92
3 38 82
2 41 17 35730918
2 32 40 157834875
3 81 49
2 24 93 577072475
2 31 55 594200735
2 39 97 407512245
2 76 83 778132924
1 94
3 66 26
2 1 56 999694276
1 20
1 10
1 4
1 52
3 72 26
3 15 35
1 1
2 33 83 496494726
2 61 41 972315138
2 42 47 60843625
1 12
3 14 87
3 35 71
2 70 35 942607744
2 90 93 84084648
2 10 35 651823176
1 10
1 7
3 24 20
3 75 11
2 31 80 398642691
2 54 16 953302851
3 76 60
1 43
1 42
3 80 52
1 33
1 78
1 53
3 73 57
1 78
2 15 62 663976632
1 74
2 22 8 172920426
1 25
2 97 50 291190701
3 76 42
3 10 52
3 86 22
3 63 87
1 53
3 81 75
2 87 73 852361893
3 16 30
3 51 77
1 97
3 79 6
1 64
1 70
3 26 13
2 67 3 533496223
2 60 83 793833279
1 27
2 85 12 614775786
2 78 87 21659631
1 90
3 4 29
2 51 28 731414045
1 55
1 79
1 84
2 31 80 998665363
2 68 61 916514210
1 42
3 43 38
2 68 47 882448137
3 11 46
1 93
3 12 44
3 55 19
1 41
1 91
2 84 20 117691438
2 90 61 670327634
2 31 37 856420747
2 41 58 100814774
1 56
1 32
3 60 86
3 36 71
3 67 61
2 12 89 439085826
1 38
3 72 3
2 54 85 394975240
1 97
1 50
2 87 83 11853065
3 38 16
3 55 78
1 40
2 73 7 384133877
1 23
3 31 20
3 61 61
2 68 49 569048781
3 90 83
1 45
1 77
3 83 49
2 94 87 302247218
2 24 62 252572586
2 17 3 987689868
3 34 18
3 18 58
1 89
1 77
3 96 59
3 39 33
3 1 34
2 61 8 822815891
1 72
3 83 74
1 65
3 72 76
2 15 16 852063255
2 10 42 297100877
1 23
1 67
3 23 59
2 88 60 483996567
1 41
2 68 24 607167869
1 1
1 52
1 14
3 47 37
3 34 9
3 31 31
1 9
3 56 30
3 63 64
1 73
2 44 1 911662587
1 20
1 38
3 3 72
3 72 75
1 77
3 50 12
2 89 85 138450532
2 32 79 78737225
3 82 23
3 42 24
3 51 20
2 18 7 176453317
2 19 57 110016139
3 52 38
3 98 51
1 63
2 50 53 690983510
1 75
3 62 62
2 29 73 871747268
3 64 69
1 39
2 44 35 5627129
2 24 71 159873871
3 21 27
1 53
3 54 58
1 13
3 54 1
2 66 91 636510431
1 27
2 84 87 75199057
1 55
1 73
3 36 28
1 70
2 58 43 996698045
1 62
1 27
1 93
3 35 84
1 11
2 11 42 478871664
3 46 48
2 48 32 664835883
1 64
3 90 70
1 83
1 78
3 20 60
1 93
2 5 23 854516300
2 49 5 707342474
3 18 72
1 89
3 49 61
2 2 21 67123403
3 24 5
3 89 84
2 71 85 449136448
3 59 50
1 78
3 96 83
1 64
1 49
3 1 51
2 84 32 159864491
1 12
3 92 27
2 7 50 944508481
3 11 84
2 40 91 634236248
1 34
3 21 78
3 57 42
3 31 88
1 78
2 19 49 519440504
2 50 82 955159737
1 4
2 17 89 430650581
1 67
3 44 8
2 42 20 636042446
2 89 71 754726202
2 92 47 497621824
3 83 76
2 89 98 294759383
1 71
2 68 1 799643822
2 2 36 668398293
3 83 86
3 89 84
3 89 77
1 69
3 58 37
1 47
2 22 51 219714480
2 82 75 410649223
1 33
3 15 43
1 25
3 5 5
1 46
3 74 59
3 22 37
1 1
1 6
3 68 90
2 47 98 652338310
3 88 9
1 19
3 31 73
3 91 58
1 69
3 32 92
2 65 88 708585290
1 30
2 74 83 710795022
3 68 74
3 69 74
2 25 1 85371606
2 51 27 717940957
2 63 46 568822932
2 31 96 960876557
3 33 28
1 24
2 41 48 524824014
1 14
2 8 58 369116738
1 20
2 82 25 452390657
3 89 14
1 78
3 75 40
1 72
3 48 7
3 5 74
1 1
3 74 59
3 31 60
3 34 51
1 89
1 45
3 73 86
2 88 63 426743095
3 20 97
1 44
2 93 47 514232921
1 87
2 34 8 264824678
2 29 24 566193432
1 91
2 32 45 608396494
3 43 26
2 17 94 977805995
1 9
3 81 86
1 84
1 44
3 44 2
1 79
1 39
1 56
3 61 76
2 87 12 178689300
2 61 22 771104059
3 83 92
1 64
3 90 95
3 68 79
3 34 15
1 67
3 25 36
1 32
1 9
3 61 27
2 34 56 157726829
1 8
3 1 32
2 46 74 669545946
3 9 28
2 94 85 450062846
1 35
2 16 30 629108208
2 5 48 455052853
1 85
3 13 32
1 5
1 57
1 11
1 76
2 50 14 669668597
2 18 11 851024046
3 42 25
1 34
3 8 41
1 33
1 77
3 2 3
1 7
2 84 73 164798842
3 74 94
3 7 7
1 50
2 95 55 208458249
2 15 86 711534965
2 49 41 496290558
3 83 84
1 49
3 86 7
1 35
3 27 87
3 56 27
2 75 98 32511024
2 27 59 776881670
2 3 38 587798713
1 91
2 80 2 843912801
2 76 37 439276434
2 95 39 919210685
3 63 7
2 25 13 210118706
3 96 44
3 11 8
3 78 37
1 36
3 22 52
2 64 78 268488931
2 9 20 713201330
3 22 78
2 82 22 910659058
1 49
2 80 12 890579635
1 35
1 66
2 76 52 144627388
1 93
2 14 51 530045834
1 2
3 22 12
1 10
3 40 20
2 45 72 187836307
3 54 74
3 40 53
2 32 47 154090996
1 90
3 13 4
1 82
1 9
2 18 15 265094565
2 65 81 394529210
2 94 59 295584987
1 68
3 70 31
1 77
3 97 83
2 14 29 102357472
3 51 43
1 60
2 82 73 775254587
3 68 24
3 46 3
3 37 67
1 29
2 80 69 225518244
1 86
1 14
3 12 34
1 67
1 57
1 82
3 16 8
1 86
3 9 9
1 25
2 66 18 837748478
1 82
3 46 11
3 70 2
2 64 30 859823605
3 23 61
1 97
3 13 84
3 10 61
1 86
2 5 75 126320468
1 94
1 96
2 97 20 882171185
1 22
2 88 97 743371667
1 44
2 1 80 826331667
2 12 49 45126898
1 43
1 97
2 72 11 656018465
3 71 38
3 5 5
1 67
1 58
3 7 71
3 14 77
2 45 31 539814457
1 74
3 78 17
3 43 47
1 25
2 82 20 683720310
2 85 7 756961334
1 63
1 1
3 48 79
2 98 50 329316157
2 84 46 888289728
3 33 1
2 62 19 776260344
2 31 51 347786491
3 91 9
3 24 30
1 35
2 17 16 264167018
1 98
2 75 50 615826392
1 20
3 11 82
2 42 3 6059937
3 4 98
3 65 80
3 98 83
3 10 61
1 15
3 39 54
3 32 44
2 8 29 833668299
3 26 10
3 39 47
1 90
1 85
1 35
2 74 83 753182805
2 47 66 408244332
1 73
1 24
1 55
3 34 81
3 46 13
1 12
2 15 70 455234033
1 10
1 1
3 2 33
2 54 26 184796034
2 25 15 513408898
3 20 19
3 79 63
3 39 84
1 28
1 72
1 90
1 32
1 84
1 60
1 67
3 56 11
3 11 46
3 27 27
2 43 34 958914202
1 44
3 28 80
1 56
3 63 37
3 87 59
3 90 10
2 59 83 334627596
1 63
1 21
1 67
3 45 84
1 77
2 85 36 100740750
2 62 10 886438710
3 8 30
3 76 62
1 3
3 52 64
3 56 36
3 83 22
1 67
3 94 73
2 56 11 477535615
1 23
2 8 17 921372472
3 46 94
3 8 60
1 75
1 84
2 68 44 890654962
1 15
2 69 40 763147712
1 98
1 77
2 67 26 22006693
2 11 14 731003616
2 32 74 14163649
3 61 23
2 16 38 725507073
1 8
2 9 42 66765021
1 96
3 91 78
2 21 61 773665834
2 55 98 49203095
2 66 85 901111458
3 9 77
3 6 35
3 81 84
2 2 96 353056309
3 67 77
3 79 67
1 52
1 62
3 20 52
1 15
3 6 85
2 85 7 154416948
2 46 31 984088087
1 11
3 75 17
1 60
3 95 89
3 33 46
2 76 30 794718090
1 77
1 11
2 89 44 612208575
2 94 10 73265222
3 35 21
2 8 68 452706596
3 64 58
2 21 2 168659013
3 81 30
3 57 3
2 86 80 388199132
3 88 75
3 2 31
3 83 28
2 1 38 373346104
2 84 60 262550372
1 83
1 37
3 36 67
3 48 60
2 71 29 7962900
3 13 36
3 73 67
3 76 13
2 98 4 713463662
3 50 63
1 77
3 39 52
3 15 49
2 65 10 765201234
3 61 5
2 95 81 906705164
2 97 25 877948919
2 72 91 201612811
2 68 78 418801742
3 56 68
3 39 81
2 81 34 376945535
2 63 75 933790826
3 13 37
1 27
1 89
2 30 88 899462847
2 22 4 95730264
1 86
3 65 30
1 17
2 3 27 994984067
3 67 26
3 93 42
2 61 74 739793292
2 30 49 885710549
1 92
3 66 28
3 2 19
1 14
2 27 37 923539734
3 97 32
3 62 97
3 32 50
3 22 37
2 4 2 313292750
1 21
3 2 68
2 42 83 518700844
3 97 76
3 86 96
1 85
1 29
3 90 8
3 66 90
2 10 72 210133540
1 36
2 36 61 906897093
3 90 22
2 53 13 539915602
1 72
1 4
1 92
2 21 47 977913168
1 6
2 29 39 416440349
2 31 50 892260406
3 53 7
2 11 31 7594130
2 24 86 956039610
3 56 8
1 11
2 36 12 420906462
3 13 43
1 57
3 32 22
3 18 87
1 74
1 62
3 13 30
2 31 54 235305232
3 69 5
2 79 95 516288111
2 70 30 614271870
3 85 54
2 49 21 162382977
1 69
2 12 66 233442746
2 48 86 379311187
3 75 54
3 28 42
1 46
1 89
3 53 83
1 9
2 12 17 970458971
3 65 58
3 70 92
2 7 89 19847988
3 9 10
3 69 88
2 6 89 752739152
2 95 5 749890182
2 63 88 474284520
2 68 67 505286434
3 29 64
1 97
2 16 89 327345008
3 25 21
1 42
3 96 26
2 82 12 402518292
2 4 40 180782209
3 95 85
3 1 90
1 36
2 71 49 53450036
3 12 70
3 41 67
2 14 62 429305282
1 59
1 35
3 71 13
3 46 92
2 1 64 401520425
1 40
2 52 8 972877343
2 20 61 232731084
3 84 77
2 84 57 882567217
2 87 54 160822407
3 9 51
2 8 2 396681806
2 1 11 526660917
1 42
3 55 28
1 64
3 70 15
2 24 50 676374633
2 6 24 925118354
3 22 82
2 12 50 466947666
2 18 98 958801833
2 65 63 965679604
1 78
2 68 54 967032618
2 72 87 797587460
3 63 33
1 35
1 52
3 3 83
2 70 83 388166738
3 50 39
1 19
3 84 67
2 17 77 451940093
1 21
3 95 30
3 39 18
3 31 58
1 33
3 98 92
2 84 52 671593180
3 79 86
2 50 88 711071360
3 9 52
2 46 35 961191090
3 86 54
2 13 40 991169433
1 72
3 70 7
2 8 51 870987742
1 89
1 55
1 44
1 27
2 64 95 230639652
2 43 15 461751079
3 20 59
2 70 89 706722598
1 40
2 32 65 489335734
3 44 69
3 46 24
1 42
1 28
3 97 56
3 71 60
1 26
3 32 18
3 57 6
1 18
1 57
1 92
1 70
2 16 49 263709953
2 31 63 370342446
3 9 96
2 72 18 131809986
3 48 68
2 43 37 901571111
3 2 35
3 18 66
1 82
3 62 72
3 84 70
2 2 21 241435601
1 79
3 42 3
3 48 75
1 87
3 3 30
1 80
3 48 8
2 51 66 760939058
1 37
1 19
3 40 34
3 59 64
3 87 93
2 81 65 497080021
1 3
1 48
1 41
1 82
3 67 55
1 21
1 37
1 51
1 2
2 49 95 735788717
3 68 4
1 93
2 56 49 563774634
3 46 18
1 43
2 4 72 529894118
3 40 54
1 49
2 44 9 629600683
1 41
3 41 41
3 20 51
3 27 62
1 5
1 88
1 1
2 72 57 828409543
1 58
3 22 63
2 35 46 75799493
3 55 4
2 17 11 906625642
3 20 69
1 84
2 87 59 440873614
1 85
1 27
3 35 23
1 97
2 1 92 293226704
2 27 38 17922853
2 73 61 97484655
3 22 6
3 46 10
2 82 29 392904472
3 14 91
3 46 42
1 1
2 3 31 80832443
3 86 97
2 9 44 657604095
2 6 91 598739772
2 88 41 818393358
1 79
1 33
1 45
3 50 47
1 18
3 93 11
3 54 97
3 59 16
1 54
3 66 24
1 48
2 35 4 712302372
3 89 93
2 92 67 798088260
1 17
1 48
3 19 65
3 86 51
2 3 89 481044682
1 78
2 11 1 216931280
3 80 8
3 78 53
2 95 91 486890974
1 37
2 41 78 786741127
2 40 21 406892315
3 29 48
3 48 59
1 44
3 69 19
1 98
3 3 79
1 91
1 50
2 76 90 890722058
1 75
1 1
3 93 30
3 52 39
3 56 20
2 60 91 30484635
1 84
3 88 36
1 67
3 18 15
2 17 93 756866674
2 68 93 582037845
1 68
1 86
2 58 70 817929949
1 88
1 70
2 86 47 7028088
3 52 17
2 70 49 636305028
3 61 74
2 5 80 979952219
2 76 62 731931162
2 6 97 858708832
2 7 37 277801766
3 98 31
1 20
3 65 47
3 58 51
1 6
1 67
1 92
3 19 96
2 61 9 47941229
1 48
1 31
2 54 5 632061207
1 42
2 23 71 937271719
3 40 69
3 67 27
1 70
1 28
2 22 68 820792476
1 54
3 65 58
3 88 37
3 5 86
3 64 95
2 58 68 246617308
1 3
3 90 87
2 98 47 120325897
1 54
2 23 88 740082604
3 47 24
3 53 89
1 24
3 15 34
3 76 44
3 40 73
2 55 45 157850724
3 2 82
3 74 70
1 48
1 47
2 46 17 369522695
2 26 90 776860202
2 92 95 189493024
1 61
3 23 58
3 63 88
3 30 91
1 52
2 96 5 259517435
2 73 2 684855125
3 19 53
1 68
1 82
3 55 86
1 84
1 37
1 47
3 2 8
3 74 84
3 36 15
1 62
2 19 33 736896964
2 46 95 133107033
2 92 66 738378595
1 36
2 25 31 77124878
1 94
2 25 22 970950045
3 91 53
3 25 22
1 36
1 39
2 52 23 902154961
1 12
3 63 76
2 60 62 221647044
2 69 80 591539009
1 57
2 51 70 555515497
1 29
1 32
1 95
3 80 67
3 2 64
3 23 33
3 2 95
2 5 54 591017246
1 44
1 8
3 20 78
1 35
1 78
2 75 7 860299377
3 74 2
1 3
2 34 7 957666971
2 40 65 489905694
2 91 28 165501398
3 53 81
3 12 15
3 46 72
3 92 46
3 51 84
3 17 92
1 40
2 72 36 260175917
1 10
3 67 91
1 46
1 85
3 48 45
2 15 15 521043313
3 92 44
2 81 53 16130018
3 81 62
2 17 14 861872844
3 68 19
1 37
2 41 24 615265762
3 61 46
3 91 64
2 84 19 650690876
1 97
3 81 29
1 81
2 91 97 710714558
1 41
2 80 4 124996903
2 89 97 761940127
1 26
3 97 32
2 43 27 856600126
2 45 46 210912244
1 1
3 35 13
2 41 2 979885290
2 74 88 146681336
3 64 57
2 70 37 534949027
1 79
1 54
2 45 58 266418839
1 38
2 88 81 968398307
1 11
1 3
2 3 52 911817624
1 60
2 43 21 779274033
3 17 8
1 17
2 76 60 411113830
3 72 47
2 78 13 337918099
1 50
2 35 67 918776658
1 18
1 34
2 11 37 972553874
2 35 69 330518912
3 98 17
3 27 22
2 13 81 812725629
2 53 63 975953912
2 79 33 382064267
1 82
3 18 9
3 56 67
1 21
2 72 70 754902074
3 42 22
1 4
1 85
3 2 41
2 5 56 761381246
1 31
3 45 16
2 39 93 530562504
1 25
3 4 98
1 57
3 27 66
3 57 37
2 18 86 293039028
3 21 64
2 56 5 536232471
2 7 43 570069198
3 75 7
1 98
2 93 69 921151740
1 50
2 22 36 147201375
2 59 43 471623371
2 19 6 871468506
2 22 65 110151891
2 65 17 512124949
3 54 94
1 69
3 43 57
1 7
3 19 30
3 56 3
3 74 58
2 13 49 317030043
1 42
2 87 58 247432006
1 65
2 8 63 503671439
2 22 1 66528596
1 10
1 65
2 92 48 164906267
2 67 10 288820443
2 17 23 832818022
1 75
3 47 55
1 72
2 23 46 327434095
1 68
3 84 76
3 11 26
2 87 83 201340716
3 1 42
1 98
3 81 84
1 31
2 16 93 734622469
2 91 28 175477863
2 37 21 909952147
2 51 85 515067516
2 84 65 455346481
3 29 46
2 38 54 826763953
2 58 19 440279137
1 53
2 5 11 252888598
3 20 9
1 79
3 71 3
1 44
1 83
3 67 62
1 86
2 41 35 154593529
3 76 26
2 36 74 761652493
1 74
3 58 71
3 42 40
3 27 77
1 15
1 96
2 73 86 714300733
2 62 90 455480456
2 7 90 478626754
3 87 57
3 9 5
3 38 16
2 75 91 505449074
3 48 53
1 38
1 26
3 54 4
2 31 10 150411620
3 7 12
2 6 69 908852882
2 80 83 257262917
1 28
1 80
2 93 78 338183109
3 16 86
2 60 73 85115879
3 66 3
1 18
2 14 91 626247269
2 69 52 486018670
2 43 29 521497978
1 48
3 83 16
3 42 22
1 51
1 96
1 85
3 88 15
1 9
1 47
2 36 13 124074964
2 87 10 566041290
2 66 72 485148310
1 27
1 74
1 73
1 47
3 34 92
2 45 34 906513943
3 15 84
2 58 13 806599680
1 12
3 40 20
2 33 74 85173927
2 32 54 859348043
3 14 97
1 21
1 61
1 14
2 31 10 230166855
2 93 20 572322201
2 49 63 839936450
3 91 2
1 25
2 25 75 119151003
3 44 22
2 21 8 64400268
1 76
3 76 61
3 79 33
2 97 45 932648533
2 16 43 840233515
3 71 4
1 16
2 73 55 119042819
2 22 55 827395215
3 6 28
2 35 10 131827832
1 42
3 3 59
2 83 23 465513371
2 11 18 313579646
2 65 38 419930815
2 92 82 679736715
1 42
2 23 40 397958527
1 88
1 38
3 91 92
3 19 65
2 14 76 886792270
3 68 20
2 72 76 37783066
3 56 67
1 48
2 63 19 535934978
1 32
2 88 85 174881725
2 79 35 397113038
1 61
3 59 7
3 2 36
1 5
2 86 6 767143202
3 48 76
3 65 83
1 36
3 35 29
2 58 81 939318170
2 69 56 756859952
1 91
3 87 82
1 23
1 91
2 13 83 73936012
1 65
2 56 60 406304725
3 5 96
3 26 26
2 1 77 358611413
3 29 86
2 34 59 285832451
3 44 44
1 61
2 75 34 763411522
1 1
1 62
3 22 81
3 74 79
1 42
3 17 66
2 48 90 986689081
1 35
1 28
3 17 67
1 42
3 61 18
3 41 3
1 36
2 18 70 489449202
2 49 41 377792745
1 76
2 75 38 940615711
2 69 10 708672047
1 7
2 79 14 891585505
3 43 90
2 81 58 407358783
2 56 16 117526268
3 53 98
1 18
3 28 19
3 90 58
2 29 80 42707912
3 84 23
2 40 66 526422339
1 53
3 42 28
1 34
1 30
1 52
3 3 9
1 56
1 31
3 89 85
1 70
2 66 36 899701102
1 14
2 16 32 154918974
3 88 35
1 78
2 66 43 241047046
2 34 18 952418757
2 4 57 214849769
3 86 39
3 49 28
3 73 27
3 16 14
1 26
2 55 40 431215440
1 52
1 82
2 22 96 171484790
2 32 19 625659709
3 70 98
2 27 2 634660482
3 76 13
2 42 74 830144601
1 20
1 90
2 38 62 209552771
1 60
2 31 48 895535028
1 77
1 45
2 67 98 408281230
2 75 89 175445132
2 63 98 905862384
3 64 21
3 59 18
2 68 13 295256795
1 13
1 8
2 43 34 451744561
2 23 97 849841393
3 73 66
2 90 7 223300303
3 30 91
3 56 42
1 8
2 29 30 507061584
2 8 55 607166991
1 7
3 32 95
3 23 1
2 36 9 800188279
3 95 3
2 37 81 344160879
3 11 90
1 52
2 91 44 970741223
3 8 20
1 68
2 21 97 77070380
2 14 87 431357492
3 27 97
1 27
2 61 47 697850985
2 38 74 121007933
2 80 64 341803126
1 40
2 37 98 560550140
2 76 32 12565869
2 61 30 42075199
3 2 28
1 69
2 61 96 527567186
2 54 53 294842780
3 82 10
3 79 66
3 93 63
1 74
1 38
3 92 65
2 8 63 963042291
1 45
1 72
3 23 62
3 29 54
3 43 77
3 8 77
1 66
2 72 49 189261951
1 94
2 72 68 520204332
2 66 46 673845120
3 22 47
2 92 24 973916521
1 5
1 25
1 26
1 22
1 44
2 63 6 181890519
1 73
3 11 44
1 63
1 60
1 40
3 55 54
2 27 18 498354550
3 52 85
3 88 71
2 27 57 330291665
1 69
3 81 51
2 89 84 132032152
2 16 42 203056159
1 3
1 24
1 64
3 61 67
1 47
2 34 52 781109064
3 31 39
1 85
3 93 38
1 43
2 92 30 815242233
3 89 25
1 64
1 80
2 32 12 319004003
3 80 51
3 31 77
3 6 65
2 80 95 277634597
1 3
1 18
1 90
1 8
3 8 68
2 66 2 340884040
1 90
3 40 11
2 96 36 400044303
3 35 91
1 72
1 59
1 69
1 58
3 91 72
1 32
1 7
2 31 48 107000713
3 34 5
3 84 55
2 98 65 702358081
1 3
2 88 37 355906527
1 92
3 38 17
1 3
3 23 1
3 5 10
1 63
1 44
3 80 94
3 49 1
2 44 85 331895877
3 45 28
3 78 41
3 16 77
1 84
1 32
1 50
2 61 94 993919709
1 98
3 17 75
1 71
1 54
2 52 48 907593096
3 86 98
3 58 1
1 97
2 61 20 978296996
1 61
3 55 59
1 27
2 46 69 637226798
1 32
1 39
1 12
2 69 69 912957424
1 25
2 44 57 329008773
1 9
1 65
3 71 7
2 26 76 153026601
3 58 41
3 2 25
2 95 41 231018633
3 87 45
1 73
2 66 1 836860171
3 60 31
1 39
1 43
1 68
2 96 77 782996255
2 85 55 663198693
2 69 69 797564490
3 94 17
3 82 33
3 29 89
3 86 27
1 74
3 3 27
2 29 34 714248230
2 90 27 892897358
2 59 19 474800437
2 12 13 981476113
1 24
3 13 21
1 64
1 35
3 69 7
3 79 39
1 71
3 77 94
3 63 61
2 26 87 9064416
2 64 95 619167588
1 48
2 27 71 50248560
1 30
3 3 71
2 25 79 315374338
2 59 59 433382983
2 92 39 862080507
3 46 53
1 26
3 58 51
1 64
3 69 3
1 63
2 87 76 410863595
2 13 57 139696811
1 81
3 53 65
1 41
2 33 15 861455958
3 69 56
3 23 47
2 74 77 781511241
3 78 39
1 41
3 73 47
1 21
1 66
3 47 49
1 91
2 70 64 892756544
3 5 89
3 98 56
1 19
1 87
2 31 23 468342354
1 39
2 94 12 20018878
3 92 21
3 92 28
3 25 10
2 66 34 721139245
2 97 93 405298871
1 76
2 53 35 244329428
1 20
3 94 81
3 8 96
1 51
2 77 27 456290359
1 4
3 29 84
3 77 93
3 4 46
2 49 94 697918889
1 98
3 82 43
2 65 80 560643077
1 74
3 22 67
2 53 33 330840245
2 48 98 199389359
3 26 22
3 21 11
1 46
3 35 81
1 33
1 48
3 78 1
3 51 41
1 95
3 92 73
2 84 38 457896841
3 46 44
1 5
2 64 26 61294942
2 72 47 586892212
2 68 55 255257204
3 49 61
1 42
3 94 29
1 74
2 63 93 155569569
2 76 23 525210312
2 32 59 650269255
1 7
1 46
1 8
3 2 31
2 45 16 397784014
3 6 50
3 78 85
1 45
2 8 4 842789437
3 31 5
3 3 48
2 66 98 962791042
2 38 31 294569773
2 87 92 957702272
1 93
1 98
3 90 89
3 67 66
1 50
1 40
3 36 6
2 14 56 911559565
3 38 51
2 46 47 936127435
3 12 36
1 92
1 25
2 77 37 532865140
3 17 2
2 45 36 584081419
1 71
3 61 66
2 76 24 594857754
2 15 45 603178660
2 17 58 995100860
1 92
2 42 95 824946094
2 36 72 265751900
2 72 20 580931017
1 36
1 55
1 31
2 89 81 501889501
1 23
3 67 55
2 51 66 839754361
3 80 34
1 60
1 10
1 68
2 68 41 799270798
2 17 91 563260948
1 16
2 71 2 545051571
3 41 60
3 14 65
1 87
1 50
3 11 83
2 49 98 259017485
2 19 30 337709231
3 63 86
3 18 41
2 23 15 49441580
1 88
2 31 5 106344032
1 52
1 7
1 10
1 45
3 15 86
2 7 91 795771446
3 60 22
2 6 2 129971009
1 5
3 17 38
3 36 70
3 67 84
3 25 89
2 40 23 111158485
3 63 50
2 72 72 968475686
2 93 7 643909209
3 71 12
3 95 17
3 64 16
1 51
2 41 42 640944850
2 18 61 388006184
2 48 54 841011133
3 38 5
3 27 72
2 63 87 212060606
2 52 24 964623443
1 84
1 20
1 48
2 71 66 57852714
2 13 4 912713568
3 59 87
1 6
2 22 40 805940499
2 2 37 396226273
2 71 69 419416438
1 67
2 79 13 799753576
2 6 83 961854367
3 86 34
3 20 17
1 12
1 78
3 44 44
2 43 16 392641829
1 22
2 32 52 230203074
3 36 70
2 66 85 307391094
2 17 21 648828803
1 52
3 21 74
3 89 19
3 35 82
1 94
1 29
3 73 41
3 73 28
1 7
1 67
3 29 85
1 26
1 27
1 37
2 95 68 260525743
3 11 97
2 59 25 540716999
1 89
2 48 25 755532263
1 28
1 76
2 54 41 44694865
3 80 61
1 41
1 68
1 10
2 81 95 749341792
2 13 62 974256590
2 56 97 510866242
3 18 63
2 67 71 412948914
1 68
3 74 22
2 58 33 509828928
3 15 96
2 46 91 348670164
1 42
3 41 67
1 69
2 44 62 186005423
2 79 86 762559280
1 47
2 40 80 539431049
1 89
2 50 29 960924647
1 24
2 4 54 488266627
1 50
3 83 17
1 54
2 4 68 334077173
1 88
3 37 11
1 94
3 87 76
2 10 72 595120317
1 52
2 40 87 525106383
3 11 26
3 70 37
3 80 43
3 18 78
3 30 66
2 82 43 481601122
1 21
2 88 61 350735576
1 71
1 46
1 21
3 96 92
1 33
3 70 35
3 97 86
2 47 91 697801477
1 18
3 33 66
2 23 35 146631602
2 46 39 90394788
3 80 76
1 11
2 18 38 66932733
2 72 15 577553382
3 35 85
1 72
1 15
1 53
2 56 1 465539237
3 28 30
1 65
1 78
3 77 26
2 40 45 735931539
2 81 90 170453919
2 72 89 932284973
3 22 76
2 82 2 791008343
1 16
3 91 60
2 86 44 441176751
2 35 77 956924710
2 71 87 679622536
3 74 58
2 79 1 917015988
1 97
2 62 56 770604647
2 40 71 800446078
1 51
3 87 15
2 93 59 759658076
2 9 39 719384802
1 26
3 12 61
1 20
1 5
1 62
2 49 3 989880841
2 82 86 149746674
2 29 2 748891127
2 78 23 250759483
3 2 32
1 78
1 9
2 88 58 190413213
1 80
3 72 22
3 70 85
3 28 15
1 43
3 48 13
3 96 15
2 43 96 182616681
3 79 71
2 42 12 461742464
3 38 70
2 20 18 541735667
1 85
2 78 69 306161062
2 90 49 300291197
2 82 92 792623864
3 53 44
2 4 50 573417741
3 88 32
2 66 49 675657537
1 42
1 55
3 65 37
2 21 52 939155289
1 26
2 30 98 502004613
1 32
2 88 57 391869182
3 85 96
3 37 85
1 65
2 32 73 499547151
1 30
2 12 32 930817815
2 16 78 333509917
1 24
1 53
3 32 20
2 19 63 44483027
2 21 37 128664539
1 21
2 84 52 296413165
2 89 26 6973858
3 31 97
2 98 96 686368303
3 85 55
1 14
1 68
2 52 37 958191497
3 11 69
3 28 76
1 46
1 12
3 97 23
1 54
3 78 86
3 12 95
2 55 50 347691800
1 58
3 85 2
3 6 47
2 59 43 19332338
2 43 22 349823334
2 80 83 8067832
1 81
2 22 32 781290943
2 57 3 20080030
3 7 2
1 28
2 26 55 191989201
1 57
3 73 22
3 49 24
2 55 4 995086267
2 49 62 388702304
3 67 24
1 7
2 26 78 505087892
3 71 77
1 2
2 54 21 824229964
1 90
2 54 24 152340483
3 43 55
1 91
1 66
1 24
3 21 46
2 12 40 369480362
1 27
2 35 77 67946623
1 39
1 84
2 49 67 965154145
2 71 5 997522596
2 71 42 236788417
3 54 95
2 44 65 839049430
1 1
1 80
2 63 92 555890930
1 43
2 29 62 540626002
3 15 50
2 91 9 812480406
2 83 78 984470719
3 13 96
1 38
1 76
2 43 42 682262971
3 92 7
1 67
1 21
3 93 73
3 93 65
1 32
1 22
2 10 91 58922273
3 96 64
2 18 97 248390043
1 23
1 35
3 84 24
2 30 68 822429764
2 19 78 457392398
2 31 33 523304704
1 41
2 60 36 942758015
3 92 96
2 77 63 894819471
1 67
3 88 85
3 61 42
1 48
1 9
2 96 58 345624996
2 7 38 16465936
2 84 98 126703056
2 39 50 134955709
1 52
1 93
2 57 71 635966458
3 7 54
2 68 9 239297797
2 6 50 173215080
1 24
1 28
1 34
2 38 32 151388005
2 90 79 254301134
1 59
1 29
3 18 63
2 31 29 417877824
3 4 10
1 66
1 92
2 6 40 126869904
3 54 57
3 18 78
3 57 66
1 27
3 89 78
3 45 81
1 4
3 7 17
2 24 67 146673838
1 42
3 93 53
2 83 73 318840030
1 35
1 67
3 68 4
3 43 7
2 1 41 819470413
2 24 22 963396018
1 50
2 36 44 254674974
2 70 16 908406140
2 37 32 241734285
2 63 62 979835896
1 51
3 51 91
1 60
2 4 40 908452979
1 63
2 38 29 619539328
2 26 58 689862334
1 88
1 72
1 30
3 89 49
2 96 13 533517231
2 56 33 675890321
1 97
3 18 20
2 42 63 890661618
2 51 32 751859650
3 37 32
2 95 52 96562485
2 23 76 342481173
1 69
2 7 46 79311541
1 43
3 26 64
3 24 47
1 91
2 86 42 349888569
1 82
3 1 29
1 82
2 10 87 608281540
2 71 4 35801207
1 15
3 70 48
2 79 73 437848930
1 44
1 27
3 80 64
1 58
3 29 14
2 61 3 531324101
1 96
1 60
1 10
1 83
2 90 81 397840734
1 17
3 89 92
2 7 1 520806898
1 76
2 92 18 432026691
3 35 52
1 28
1 76
2 36 87 756276610
1 26
3 88 62
1 65
1 82
1 78
2 66 50 461162623
1 41
1 18
1 84
1 14
3 77 21
3 98 64
1 25
2 52 53 53936954
3 33 22
2 85 59 131595200
1 11
2 88 74 129380368
2 81 13 258483266
1 30
2 86 87 273825622
3 62 72
2 71 29 601170265
2 43 66 354321617
3 56 82
1 87
2 84 67 220087216
1 72
2 91 86 869981635
2 72 84 987528691
1 94
3 73 9
1 81
3 20 57
1 5
3 58 97
2 28 97 642380573
2 70 86 15644635
2 72 97 562490892
3 64 73
2 19 40 801061291
1 51
2 33 47 556897210
2 16 79 290430602
3 58 89
1 86
1 26
1 78
2 2 40 635043866
1 10
3 22 6
3 93 96
3 92 60
2 1 66 839417426
1 7
3 6 29
1 96
1 96
2 19 74 748682655
1 80
3 18 67
3 33 48
1 86
2 59 50 682895766
2 66 91 820946334
3 32 57
3 43 87
1 66
3 7 38
2 56 8 819990888
1 60
2 31 18 680944203
1 50
3 17 36
1 20
3 50 82
2 45 47 290935303
1 91
3 79 47
1 37
3 15 50
2 81 48 69991058
2 95 20 59922329
2 62 8 955035615
1 70
3 76 59
1 5
3 33 43
2 69 20 10182756
2 51 98 850532027
1 92
2 17 76 75111245
2 30 67 545853318
3 87 59
3 66 80
1 48
3 88 42
2 52 27 889136211
1 26
1 19
3 15 7
3 41 37
1 7
2 1 90 872896452
3 48 45
1 36
3 77 96
3 28 58
3 49 98
2 39 74 296314711
2 79 43 979553371
2 33 77 882401004
3 92 90
3 61 13
1 76
2 29 43 42358514
3 79 40
3 38 29
1 79
3 43 41
2 34 7 265047529
2 73 28 274590383
1 64
1 53
2 76 16 729404047
3 33 3
3 32 45
3 21 39
1 31
1 98
2 28 35 74204122
2 46 13 269281191
2 52 9 474895480
3 72 2
1 21
1 32
3 83 25
3 25 2
3 37 19
3 34 68
3 63 76
3 95 26
1 15
1 5
2 30 68 930753882
2 29 65 941923675
3 17 96
2 95 19 212727271
1 95
1 5
2 57 66 695889167
2 63 34 44752186
2 32 86 984807912
2 51 60 704033028
1 94
2 61 51 839590637
2 52 80 588279803
2 8 33 727306343
2 71 51 461560393
2 21 77 205059478
2 20 1 602442873
2 67 29 338473263
2 12 92 167088818
3 24 23
2 59 87 951080012
2 12 42 502809473
3 67 91
3 12 46
2 26 32 464738114
1 82
1 77
1 8
2 59 89 673750374
2 65 64 792512714
3 47 19
2 71 42 211000129
1 80
2 21 52 554342094
1 93
1 39
2 62 11 807504495
1 55
2 41 55 26928194
3 3 82
3 98 29
2 2 76 163189091
3 64 22
2 74 27 131549115
3 81 73
2 70 92 430476318
1 6
3 36 91
2 49 81 707772916
3 50 21
1 11
2 48 31 668378348
3 39 22
2 11 77 634766757
2 84 35 916220740
3 76 52
2 56 81 12810712
1 3
2 76 78 262577267
2 61 71 194181852
1 35
1 85
1 44
1 37
3 70 88
2 86 30 102728695
3 33 37
3 16 75
1 4
3 63 62
3 65 27
3 69 10
3 15 29
1 9
2 51 67 108725469
2 96 75 423057747
1 22
3 42 5
2 59 98 20424377
1 73
1 50
1 2
2 72 47 749269620
3 28 57
2 42 76 349945310
2 98 37 940806901
2 77 66 159414354
1 95
1 85
3 47 25
1 36
3 82 43
3 55 51
2 15 61 5968387
2 21 77 38881592
2 70 51 771743627
3 68 59
1 74
3 16 52
2 76 84 658902677
1 51
2 63 31 740506956
1 67
1 7
3 69 91
3 21 43
2 18 5 5235090
3 26 35
1 48
1 68
3 7 89
3 90 73
2 44 1 588494138
2 50 57 938074606
3 10 94
3 13 44
2 41 67 876415503
3 31 47
1 50
1 69
2 29 65 331489127
1 73
2 77 49 48006640
1 34
2 88 55 675680681
3 57 11
1 23
2 72 86 524455059
1 55
2 88 8 244100458
2 97 65 559039138
3 66 98
1 81
1 19
3 75 33
1 37
2 90 43 422422130
3 4 78
1 94
3 7 22
3 12 67
1 14
1 20
3 48 59
3 15 75
3 6 43
1 62
2 86 73 217674107
2 43 55 477616518
1 43
2 93 11 435613126
1 28
3 38 76
3 54 30
3 23 88
1 49
3 50 28
3 15 15
1 59
2 31 60 665717657
3 23 33
1 37
1 69
1 38
3 85 48
1 30
2 83 20 834128190
2 82 78 744082636
3 40 59
1 4
3 45 98
2 40 17 140101977
1 15
1 39
3 40 84
1 22
2 98 53 46815190
2 72 6 420568475
3 77 10
3 2 70
3 59 18
1 3
1 92
2 3 4 615575820
3 12 52
3 38 60
3 10 74
1 93
2 14 45 603161997
3 65 31
3 2 76
3 31 67
1 73
3 78 4
3 5 70
2 5 2 378190792
1 35
3 91 13
2 36 48 222562761
3 50 10
1 81
1 32
3 43 54
3 32 75
3 13 91
2 42 97 142659055
2 27 63 441533252
2 25 65 229795504
2 28 74 525922095
1 79
2 40 67 202839116
2 57 15 216591477
1 3
1 94
1 20
1 4
2 11 22 989518901
2 63 6 703334143
3 93 73
1 59
3 48 20
2 16 66 883654502
3 95 24
2 11 66 945683939
2 63 24 162716162
2 84 69 780994084
1 73
3 55 62
1 52
3 33 28
1 73
3 40 48
2 13 24 879444927
2 53 37 382523005
2 15 37 787006258
3 9 76
2 44 69 710818957
3 5 90
3 78 61
1 3
1 95
2 32 65 779304814
2 26 1 394524154
3 10 68
3 46 79
3 66 76
1 86
3 40 40
1 19
1 81
1 42
3 97 17
1 56
1 64
2 17 65 63501748
1 93
1 53
3 84 64
3 61 79
2 83 58 64111907
2 87 91 468796958
3 73 49
1 11
1 33
1 51
2 96 90 343536514
3 42 23
3 21 2
3 65 97
3 77 35
1 80
2 25 15 401851651
3 94 45
2 47 80 786205327
2 79 53 605461955
1 8
2 51 47 160015620
3 82 95
3 41 39
2 67 45 80860038
1 85
1 68
2 77 34 180942027
1 62
1 26
3 57 67
3 11 38
1 86
3 84 3
1 34
1 8
2 25 48 617045550
3 29 47
3 40 7
1 27
1 32
2 38 52 347080256
1 61
3 49 65
1 78
2 83 21 652109605
2 47 98 45926047
1 73
3 28 37
3 51 74
1 48
1 50
3 88 58
1 91
1 87
1 61
1 41
1 32
3 2 16
3 37 41
2 4 98 150112243
2 62 83 588697827
2 92 12 476992653
3 97 49
2 22 46 709082797
3 38 86
3 53 57
1 50
2 23 90 505274556
1 97
3 38 35
3 66 50
2 72 24 910856151
2 70 39 447317413
3 35 12
1 5
1 9
2 60 5 934608621
2 51 21 36365620
2 44 69 4942784
1 48
3 22 64
2 87 57 971749093
3 5 69
2 4 94 426705300
2 7 85 576167806
1 33
3 91 29
3 91 49
2 41 54 130442121
2 75 55 32987193
1 66
3 32 53
2 33 53 489198006
1 85
1 73
2 69 92 786572642
3 46 14
2 84 66 490919791
1 26
2 94 40 209151570
2 43 22 344185860
2 32 52 780389573
3 89 28
3 48 25
3 60 12
3 11 6
1 25
1 17
1 11
1 42
3 7 7
2 14 88 503479149
2 59 27 850237263
3 68 8
2 12 85 899825773
1 81
1 9
1 1
3 67 52
2 60 75 584100793
1 9
3 75 77
1 43
2 82 9 620430802
3 11 68
3 77 65
3 59 55
2 96 78 671496581
1 79
2 19 77 802997111
3 84 20
3 80 45
3 84 44
3 37 94
3 68 52
3 44 32
2 87 13 125138547
1 93
3 51 68
2 4 34 687460798
3 14 8
1 12
1 72
3 91 22
2 30 33 266621425
2 81 45 462907159
1 23
2 9 25 762144302
3 12 36
2 21 89 255860148
1 37
3 60 35
3 75 30
2 27 67 743143076
1 25
1 1
3 19 72
1 39
1 16
2 85 70 926815881
2 13 56 296571887
3 8 30
1 87
2 86 62 564953487
1 33
2 71 54 754792750
2 17 65 510189215
3 59 67
3 16 26
3 44 19
3 30 73
2 19 30 722335117
1 41
3 55 64
3 18 50
2 72 95 721695073
3 73 54
3 46 7
3 88 31
3 49 19
3 95 67
2 28 23 996763121
3 14 17
3 46 71
2 28 90 324436713
3 76 51
2 17 52 553565017
3 78 77
1 57
3 48 50
2 55 45 835595177
2 9 47 113244223
3 46 56
2 70 75 600265363
3 38 63
3 70 6
1 1
2 52 26 598645050
1 17
2 57 6 640808647
3 55 59
2 11 77 616048106
3 70 34
1 6
2 51 61 911719563
1 56
2 76 90 927963560
2 5 73 992971298
1 8
2 22 11 439920782
3 10 23
2 65 60 336654469
3 97 20
2 63 40 288370811
2 85 4 912296754
2 40 23 691685950
2 17 19 107024026
1 1
2 67 4 498422630
1 56
3 9 67
1 65
2 60 61 120088822
3 95 45
1 89
3 96 98
1 96
2 21 17 160205314
1 16
3 65 89
3 51 42
1 37
3 62 11
1 3
3 18 73
1 84
1 28
1 88
2 85 36 940699793
2 17 17 303610792
3 43 44
3 48 59
2 75 33 652849443
1 53
1 57
2 15 66 452713470
2 43 7 902334822
3 41 44
2 56 57 38181376
1 13
3 10 76
2 92 34 787158731
1 34
2 56 28 316980040
2 96 61 922831722
3 8 38
2 77 51 284456109
2 1 25 528632067
1 10
3 66 10
3 6 4
3 50 12
3 27 53
2 64 70 35068043
1 85
3 73 6
2 56 49 783496734
3 6 91
1 95
2 31 66 987641303
3 39 78
1 96
2 56 68 985002686
2 23 62 364924632
3 88 92
3 55 51
1 50
2 28 32 423273424
2 68 86 301678392
3 74 35
2 62 39 614334397
1 61
3 72 75
2 95 28 802589371
2 14 60 303447980
3 43 35
2 42 9 930317753
2 45 34 365125480
2 41 68 163849279
1 44
2 22 36 929503822
1 55
2 91 87 369643635
3 24 6
1 76
3 66 48
1 89
2 73 73 59755074
3 55 23
2 69 29 827781459
3 96 39
2 76 42 892066644
2 1 63 230401622
1 78
2 95 72 13262443
3 74 34
3 59 62
3 25 49
1 61
3 33 88
1 34
1 60
3 60 47
2 19 96 750439975
2 74 95 221690190
2 4 40 817012057
1 15
1 27
1 2
2 62 62 346207506
3 74 19
3 75 75
3 52 20
3 6 42
3 88 14
2 18 24 374607978
2 33 98 978334483
2 67 41 252406459
1 59
2 22 17 947020006
2 9 84 525201147
1 90
3 62 93
2 91 33 445400327
1 45
3 86 10
2 47 91 533067584
1 94
1 69
1 10
2 31 30 921988371
2 35 98 359172697
2 23 28 450374459
3 60 23
2 73 73 952186012
2 52 10 25091748
1 77
1 98
1 3
3 41 39
1 75
1 61
3 8 34
3 66 80
3 89 32
2 95 15 55188799
2 17 46 554875345
1 45
2 50 13 845767354
1 13
3 53 25
1 95
1 8
1 57
3 3 85
1 18
3 1 21
2 44 37 260833317
3 82 32
2 88 18 414769521
2 50 73 372630778
3 57 53
1 25
1 94
1 67
3 40 75
2 29 21 394398164
3 27 79
2 83 12 883237496
1 3
2 27 33 649116603
2 57 61 972259540
3 77 18
1 29
1 29
1 14
2 44 52 99024638
2 19 69 452672564
2 33 49 564328855
3 35 9
3 44 2
3 66 68
2 58 47 315863282
1 48
3 71 97
1 67
2 26 55 152027379
3 68 49
3 60 23
3 2 40
3 39 61
3 87 24
1 50
3 13 5
1 11
1 41
3 39 73
3 64 59
1 18
1 20
1 20
1 44
3 17 61
1 31
1 41
1 57
3 71 1
1 28
3 41 14
1 16
3 89 2
2 86 53 589213333
1 17
3 50 42
1 55
3 68 70
3 11 98
3 85 58
3 16 94
3 87 30
1 59
2 11 76 938579109
2 54 57 471118560
2 98 15 153363157
2 42 66 390456263
3 52 27
3 79 12
2 62 71 768056605
2 58 55 525601536
1 55
2 51 30 827042375
1 82
3 35 41
2 66 78 642076867
2 66 47 576119029
3 26 11
2 34 29 773490099
2 46 78 848848969
3 68 18
2 80 87 832481369
2 39 36 797484420
1 37
2 76 91 851370844
2 43 71 774247278
2 22 64 364507523
1 75
3 9 84
1 58
2 86 86 638969468
3 89 8
1 73
2 46 84 790005500
1 9
3 38 57
3 86 65
3 72 68
3 33 11
2 92 56 940561200
3 38 46
3 93 36
1 89
3 58 45
1 83
2 70 73 969021099
2 83 59 475283522
1 4
1 5
1 50
3 75 5
3 85 52
1 55
3 39 7
1 52
3 11 70
2 50 57 890699567
1 72
3 14 60
2 29 38 347788066
1 42
1 18
2 79 59 950339411
3 79 28
2 55 10 648449812
2 74 49 359996669
2 87 68 511686583
3 80 31
1 58
1 49
1 88
2 92 82 212099920
2 16 76 134713296
1 80
3 91 43
2 18 1 731423162
3 44 17
1 28
2 49 8 494407681
1 97
3 19 14
2 41 15 529374938
1 62
1 62
2 25 71 713726059
2 42 67 862147504
2 40 62 602216147
1 7
2 7 84 915087053
2 43 5 883250917
1 7
3 93 72
1 25
1 8
3 88 77
2 37 34 42455653
3 42 3
2 69 1 682003185
3 29 61
2 40 69 111910895
1 60
2 48 35 404313057
1 70
2 29 95 560302369
3 73 46
1 32
2 79 58 616741707
3 57 80
3 25 13
1 79
3 81 25
2 57 14 36868055
2 97 52 825682026
2 31 81 506860695
1 89
1 37
3 16 70
2 69 39 957421417
3 39 84
2 86 19 825271510
3 13 95
2 31 71 971041306
1 8
2 97 84 538489937
1 19
2 31 11 348853587
2 72 27 821880547
3 65 52
2 56 42 387770608
3 91 27
2 90 86 911769130
1 44
2 84 47 555559154
2 20 40 857105473
2 21 18 882455429
1 48
3 93 3
3 13 50
3 21 28
2 26 86 817311697
1 41
1 23
1 8
1 38
2 81 62 720439966
1 37
2 10 30 768174004
2 47 85 915858537
2 42 35 57728686
2 38 81 716678079
3 98 28
1 85
1 58
3 26 87
1 56
3 88 47
3 3 90
1 43
2 47 8 90916495
2 27 86 876733956
2 44 89 191779009
3 46 39
3 51 94
1 53
1 65
2 79 10 532762098
3 47 85
3 5 68
2 84 39 682708184
3 83 16
1 9
2 65 18 841497023
2 82 77 464604979
3 92 6
1 9
2 4 37 891465196
1 61
1 58
3 3 77
3 93 42
1 32
3 79 75
1 92
3 14 48
2 39 28 750199792
1 71
2 85 34 741202526
2 70 73 562204036
2 55 96 994513780
2 24 32 897021547
3 35 77
1 66
2 83 57 892539851
2 66 23 164035215
3 13 73
1 37
3 20 35
2 20 95 868384200
1 57
1 45
2 59 88 746954084
2 3 4 428472617
2 53 40 168620989
3 48 35
1 63
1 94
1 62
1 7
1 19
2 57 23 434302038
1 78
2 50 77 781560447
2 18 37 246427309
1 63
3 55 82
1 35
1 70
3 79 6
1 88
3 10 9
1 11
1 91
1 98
2 48 34 538217336
2 23 56 688001961
2 67 81 11036489
2 12 23 859236584
2 73 49 624560237
2 51 68 968911390
2 26 11 328659739
3 26 74
2 3 48 776886861
2 53 74 594043492
1 98
1 93
3 79 11
2 52 81 959044585
2 8 16 318501771
1 20
1 68
3 7 64
3 44 30
3 28 95
1 85
3 64 84
1 87
3 42 2
3 51 84
3 88 97
1 6
3 86 37
3 95 33
2 5 65 723668841
3 45 73
2 85 95 734176439
1 1
3 36 71
1 41
2 32 7 243706032
1 1
3 45 33
3 46 94
1 5
3 55 54
2 2 66 483161421
1 37
3 17 47
2 9 12 409118133
2 90 16 264811959
2 81 26 976896477
1 57
2 95 30 805182518
1 11
3 93 15
2 9 47 442973475
2 53 89 261339904
3 56 20
2 9 17 784969794
1 62
1 50
1 22
2 75 98 342812729
3 49 77
1 87
1 52
1 62
1 69
1 15
2 61 46 609022460
2 86 72 637509585
3 57 54
1 65
1 65
3 52 55
3 74 33
2 50 92 679963348
3 94 58
3 5 18
2 60 64 495105932
2 49 76 157019632
3 32 33
1 30
2 32 73 738552614
1 69
3 24 54
2 26 81 86811947
1 38
2 37 97 399858427
3 52 98
2 26 40 437365730
1 85
2 82 42 321164299
1 97
3 37 39
2 25 43 524772750
3 94 95
2 64 10 51983975
3 67 46
2 65 64 706762432
1 33
2 83 83 51209549
2 7 56 223121186
1 71
2 17 21 78820877
3 52 33
2 23 86 215673212
1 85
2 33 48 266031922
2 15 53 831134625
3 60 79
2 31 6 974206463
2 38 16 615839840
2 42 48 53462164
1 94
1 91
1 46
3 10 48
3 31 85
2 67 89 350002084
3 19 24
2 31 37 276722810
3 72 49
2 88 37 902716148
1 36
3 46 5
1 19
1 19
3 97 45
3 8 42
1 29
3 70 36
3 30 3
3 38 37
3 27 39
1 61
3 80 45
2 11 92 942128208
3 13 85
1 8
3 45 65
2 59 70 451352925
1 3
2 85 52 843026994
1 35
2 66 4 204523555
2 64 4 963415032
3 64 75
3 9 79
1 37
2 8 84 91211216
2 71 67 836661280
3 11 30
3 83 42
1 88
2 73 97 128642698
3 62 70
3 63 79
2 19 63 113583228
2 30 96 179000262
1 74
3 25 2
2 95 41 526384927
2 26 98 161108191
2 96 96 736783714
3 23 39
1 88
1 17
2 15 83 140740230
1 26
2 80 34 975212809
3 26 6
2 46 34 399362022
2 78 13 54066581
1 21
2 87 88 451099419
2 69 41 602155981
2 13 16 326409732
1 81
2 96 9 945975986
1 73
2 4 18 168230470
1 61
1 98
2 8 14 531913269
3 58 95
2 47 29 169236080
1 35
1 14
1 32
1 54
1 37
3 16 77
2 33 28 825513569
1 14
3 6 43
2 75 20 838604168
2 71 91 853951449
1 56
2 67 56 805724262
2 39 12 267919550
2 36 68 356774506
2 29 3 17314358
3 44 47
1 44
1 68
3 91 30
2 16 71 960066656
3 38 86
1 88
1 3
2 64 32 182793801
1 42
2 39 47 469761126
2 50 65 709242357
2 40 80 21005583
2 11 71 953871216
3 2 10
1 45
3 35 30
2 44 94 887817924
2 14 19 90403071
1 10
3 46 45
1 35
2 73 19 359382148
1 54
1 89
1 28
3 12 38
1 36
3 72 35
2 42 17 298612339
1 56
3 87 44
1 95
1 11
1 72
2 77 19 772692904
1 59
3 41 7
2 36 14 416631764
3 65 63
3 52 9
3 32 10
1 38
3 85 73
2 84 66 540578847
1 79
2 13 36 824892285
2 21 95 906967337
1 65
1 44
2 73 28 571382443
2 65 82 861941500
2 38 91 628925832
1 11
1 46
3 34 53
3 41 77
1 34
3 28 2
3 48 35
1 26
1 71
3 47 98
3 28 18
1 85
2 18 11 448945773
3 98 48
2 29 40 321020909
3 42 2
2 64 42 530689146
3 52 26
1 41
3 65 70
3 57 75
3 96 15
3 53 43
3 56 29
2 16 12 836375126
2 70 20 803425174
2 51 82 492284333
2 40 29 567073788
1 37
1 32
3 28 16
2 39 1 304789503
1 69
2 21 64 614108538
2 60 59 792313561
3 6 91
2 63 45 127027497
3 1 11
3 98 82
1 73
3 63 49
2 40 21 860997710
1 69
1 50
3 90 16
1 2
3 55 3
3 92 60
2 87 38 639092876
2 56 40 638942718
1 64
1 42
1 86
1 15
3 45 25
1 80
1 93
2 84 60 666379420
2 57 76 782122452
1 83
2 23 74 532425323
3 87 85
1 41
1 57
1 89
1 5
1 89
2 27 10 517598400
2 26 19 601264087
2 20 7 133239873
2 75 31 583329598
3 56 11
1 59
1 47
1 23
1 80
1 59
3 76 69
3 5 28
3 25 83
1 97
2 5 53 646573053
3 4 10
3 28 44
2 54 68 840404784
1 79
1 21
1 98
3 55 79
1 45
3 24 64
2 31 57 141461852
1 82
1 70
2 49 22 79555702
2 29 64 717115498
3 97 98
2 85 1 258755315
3 75 55
1 37
2 94 97 238035516
1 9
1 47
1 65
3 17 72
1 64
2 74 96 495356055
1 35
3 39 51
2 40 65 121020488
3 68 91
2 47 11 294107426
2 37 42 821508213
2 13 58 618950900
3 23 4
3 56 3
3 76 75
3 5 18
1 4
1 92
2 14 90 671586812
3 13 16
3 63 6
1 72
1 78
1 35
3 62 37
1 45
2 34 29 404542532
1 82
3 86 33
2 89 21 724370089
3 12 8
1 27
3 29 65
3 39 85
3 24 73
3 65 54
2 10 1 757874945
1 52
2 66 23 711081463
1 36
3 72 17
1 5
1 42
3 17 82
1 47
2 50 71 328948322
3 38 11
3 86 50
3 27 96
2 56 32 923394405
1 65
1 16
2 78 35 556743759
1 50
1 19
3 87 11
3 5 69
2 46 54 402483482
1 73
2 46 20 518118876
2 3 9 920642949
3 28 94
1 9
2 49 5 907090897
2 13 86 965514902
2 87 93 146977051
1 78
1 89
1 56
1 34
2 87 22 583451060
1 15
3 54 58
3 68 63
3 47 49
2 4 90 300229536
2 75 32 329807158
1 73
1 68
1 57
2 39 32 173533420
1 46
2 37 20 629735007
3 45 24
2 90 55 172194056
3 88 52
2 56 82 877086188
3 45 90
2 32 23 650081977
3 15 75
3 23 4
2 40 25 974656178
3 16 74
2 29 94 61586391
1 4
2 27 33 561637277
2 59 38 498886908
1 29
1 89
3 6 61
2 63 87 578988975
1 36
1 97
1 17
3 2 66
3 55 58
3 45 42
3 6 60
3 10 5
3 25 7
2 6 35 499916436
2 88 54 709565717
1 51
3 89 85
1 96
3 60 94
3 52 81
2 20 52 300390084
1 61
3 71 6
3 84 1
3 73 86
2 10 45 576350702
1 73
2 77 37 133406695
3 2 85
2 66 8 391371716
3 52 66
2 42 86 798880321
2 98 13 707407248
3 65 38
1 68
2 92 33 875496291
2 56 91 735779481
3 75 87
1 91
2 61 5 460504859
1 78
2 64 92 821072988
2 96 40 193965409
3 9 41
2 33 1 550334327
2 59 56 963471702
2 15 74 340770775
1 33
2 20 63 195057645
1 64
3 13 33
2 88 47 799857657
3 91 3
2 77 90 611175513
3 91 94
3 51 39
3 8 62
2 41 41 590785902
1 67
2 36 58 506602173
3 48 34
2 4 61 175203055
1 13
1 89
2 77 67 694877051
3 40 70
1 46
2 72 18 300063153
3 92 63
3 40 57
3 49 27
2 11 28 902366460
3 49 63
3 28 97
3 18 52
2 8 78 981592214
3 54 32
3 21 33
2 6 31 527809133
3 82 32
2 1 7 188460124
3 39 17
2 15 7 831514397
3 36 87
1 68
3 84 91
2 86 88 986734401
1 72
2 8 51 171118374
2 94 60 739642096
1 65
1 61
2 16 17 703544160
2 96 15 434626263
2 57 93 687366999
2 27 98 416443725
3 22 6
3 95 16
1 34
3 52 12
2 11 35 412600642
1 15
2 84 81 79389047
1 96
2 89 56 444429518
3 59 59
2 70 45 586892550
2 35 82 655170336
3 19 12
1 68
3 13 75
2 60 63 535074947
2 76 5 196605400
3 78 4
2 94 91 684953649
2 68 97 51678126
2 2 48 395505886
2 92 19 360809608
1 53
1 5
2 64 26 192338467
3 7 52
1 40
1 68
1 41
1 81
3 5 2
3 4 26
1 73
3 14 58
3 51 84
1 31
1 5
2 17 64 427157706
2 89 93 161934463
3 67 60
1 4
3 51 64
1 61
1 29
2 98 91 999847207
3 16 31
3 44 88
3 83 20
3 12 89
2 2 7 460441325
2 11 36 89489439
1 75
3 48 13
1 27
2 47 35 504251346
3 14 96
3 59 41
2 91 95 651373059
2 54 9 99681699
1 86
3 94 87
1 23
1 85
2 93 96 519665227
1 80
1 13
1 17
2 65 97 653859000
2 36 46 60483072
3 3 92
2 8 78 725609232
1 92
2 78 44 795365798
2 88 35 480769026
1 61
1 90
2 91 32 440430190
3 86 33
2 57 67 311864033
2 19 20 336719112
2 18 16 901426286
3 96 60
2 67 96 88085506
1 71
2 68 71 875077697
1 1
2 65 59 699830714
3 22 23
1 75
2 97 86 487280573
2 27 48 397551193
2 15 38 743496386
2 31 24 641567468
1 69
1 20
2 47 73 589087204
3 14 74
3 47 37
2 38 23 855236428
3 50 79
3 89 1
3 68 25
3 39 62
3 94 21
1 75
1 60
3 95 31
3 74 35
3 66 81
1 49
3 17 64
1 30
2 39 80 696398624
1 43
2 41 97 838724450
1 9
3 16 49
3 21 70
1 23
1 4
2 88 32 856496964
2 81 94 181247224
3 94 16
2 10 2 462089493
3 26 10
2 27 53 785769952
1 6
1 11
1 5
3 26 34
1 76
2 47 47 518741488
3 41 95
2 62 58 232066635
3 46 78
1 68
1 59
2 70 69 916558057
3 77 20
1 75
2 14 13 3887895
1 70
2 79 68 3853933
2 49 65 898799468
3 96 21
1 60
2 24 68 668066903
2 88 17 993286364
2 83 73 627132228
1 52
2 88 80 688242968
2 3 92 258359317
2 46 49 439750966
1 43
1 97
3 30 36
3 30 75
1 4
1 30
2 60 54 637489849
3 13 25
1 19
1 34
2 94 48 686972765
1 87
2 86 46 187397943
1 52
1 32
3 40 74
2 76 24 159368255
3 81 69
3 26 46
2 51 59 826150754
3 50 39
1 49
2 2 18 185643834
2 70 92 127638842
1 3
2 10 17 343507621
1 94
1 23
1 95
1 16
3 7 74
3 30 48
2 97 42 157134349
3 26 9
3 42 87
1 65
3 75 28
1 67
1 64
3 16 24
3 58 20
2 74 41 396007127
2 83 30 130016387
1 28
2 77 97 107542876
1 11
3 65 49
3 2 6
1 48
3 35 7
2 56 75 22726352
3 19 44
1 53
2 38 92 398345272
1 92
2 92 93 548678848
1 13
1 77
3 88 9
1 82
1 65
1 96
3 56 15
2 3 8 894920723
2 96 87 54471285
1 27
1 19
1 14
1 4
2 14 68 790688665
1 19
2 65 50 553516870
3 78 80
2 75 84 105596759
3 8 54
1 54
1 91
3 71 61
3 39 94
1 20
3 17 81
1 20
3 13 63
2 53 13 762178196
2 11 26 71961488
1 73
2 65 65 22156669
1 35
3 19 56
1 32
1 93
1 42
2 45 44 398423296
1 43
2 67 73 978217307
1 29
1 85
2 33 68 560936353
2 20 48 419472954
3 43 98
3 47 5
3 53 53
2 41 18 187452539
3 6 33
3 12 86
2 9 77 832426240
2 29 57 786315174
3 94 70
1 75
1 54
2 63 52 748588315
1 5
2 86 51 286589158
3 44 3
2 36 94 160985532
3 77 47
3 23 78
1 35
3 36 46
3 1 54
2 94 32 486330342
1 59
3 18 51
3 59 75
2 23 23 281642129
2 25 60 663735679
1 17
3 62 57
3 53 43
1 95
1 92
2 72 18 37524555
3 1 44
2 45 85 540967083
2 79 5 732496571
2 43 27 351618206
2 34 48 909330759
1 30
1 30
2 20 31 499882129
1 96
2 62 10 728421330
3 72 71
3 83 86
2 63 76 117765079
3 75 12
2 55 12 271223805
2 61 25 463918087
3 90 89
1 79
3 45 30
2 37 53 225617632
1 12
3 84 67
2 60 1 292600922
2 13 79 651037875
1 7
2 9 50 359331810
1 1
2 56 65 647700269
2 71 59 667372036
1 94
2 2 49 899071519
3 54 50
1 20
3 29 89
2 60 37 944541820
3 89 87
1 57
2 51 38 257787764
3 40 26
1 76
1 58
3 22 68
3 7 25
2 9 8 462206085
2 94 25 151263213
3 74 22
3 3 17
3 72 13
2 82 7 282831402
2 84 35 388513671
3 80 17
3 68 26
2 38 89 725020990
2 2 30 601328228
1 43
2 67 32 963298099
2 54 74 91729101
1 66
3 1 38
1 14
2 78 67 80628706
2 40 58 256337862
1 76
1 38
3 51 71
3 12 54
2 80 96 281633614
2 72 47 622551292
2 11 50 698986620
1 98
1 4
2 98 76 543973314
1 86
3 7 55
3 59 7
3 44 80
2 37 94 855365349
2 25 50 114670068
1 30
1 96
3 22 31
3 6 34
1 63
2 78 20 989027161
3 50 43
1 15
3 58 23
3 14 43
3 45 35
3 23 86
1 32
1 6
1 37
2 59 24 989009667
3 29 93
3 45 23
1 73
1 11
1 60
1 36
3 72 26
3 73 6
2 53 94 894559186
2 58 26 467802939
1 36
2 42 61 428144341
3 96 9
2 16 78 601443155
1 14
2 38 32 171582897
3 92 23
2 52 90 251540474
3 18 68
1 18
2 30 12 896772591
2 26 11 557386862
1 33
3 49 41
2 83 23 965100877
2 84 20 79503694
2 49 61 680926782
3 19 93
1 83
2 9 28 645087408
3 43 98
3 33 61
3 65 63
3 53 23
1 15
3 66 84
1 83
1 64
3 54 17
2 78 67 83367926
2 74 7 920263890
1 40
3 66 8
2 6 95 98301250
2 7 4 994485450
1 97
1 21
1 43
2 45 77 202575484
1 81
2 35 66 387949560
2 31 52 138281603
2 70 60 637757020
1 12
