183 7557
2 19 147 581921125
1 59
2 159 178 100314719
1 133
2 100 73 562971633
3 174 9
1 45
3 94 59
1 14
1 21
1 102
1 157
3 7 93
3 59 84
1 174
2 24 139 703137547
3 161 25
3 23 105
2 81 169 801434794
1 130
3 60 141
2 170 14 364495576
1 94
1 13
3 79 7
3 59 54
1 128
3 96 6
2 177 106 349707830
1 164
2 69 43 502517010
2 169 105 93475097
3 143 39
3 115 33
2 86 167 694635508
2 121 87 497122156
2 101 171 444629162
3 102 177
2 103 105 320478943
3 27 36
3 124 109
1 11
1 153
2 22 30 687170885
3 109 88
3 124 81
1 178
3 176 162
2 11 88 591250936
1 161
3 130 181
3 51 176
3 146 135
2 114 107 373008635
3 146 117
3 173 157
1 60
1 7
3 18 32
2 59 103 392969587
3 82 165
2 161 71 291088562
1 26
2 131 115 220425877
3 134 144
3 38 150
3 144 71
2 77 122 994563964
3 1 12
3 56 86
3 171 23
2 13 161 843524041
1 113
3 46 65
2 162 165 601906587
1 14
1 140
1 51
1 140
2 117 65 904547378
2 25 82 813827597
2 162 95 403728677
3 136 160
1 107
2 6 77 814850859
3 64 127
3 97 94
3 106 178
3 103 100
2 78 84 16334556
2 82 46 942834154
2 123 98 351382580
2 175 179 655250750
1 58
3 139 153
3 99 137
3 58 105
1 116
1 82
3 99 77
2 22 34 372064336
3 133 113
3 73 26
2 115 67 595331347
2 136 13 117104820
3 123 16
2 16 92 245954751
2 148 67 680858126
3 139 142
1 149
2 181 182 54651086
3 2 96
3 12 70
2 160 112 787155385
1 99
1 12
1 123
1 123
3 97 153
3 103 163
2 90 169 159811680
2 153 169 300003619
2 91 24 649845128
3 15 33
1 13
1 88
3 183 59
1 57
2 113 12 17190906
3 49 133
2 72 157 634939509
1 1
1 76
2 83 30 845630722
2 112 48 110769749
2 46 113 203895170
3 118 20
2 76 35 513057017
3 171 80
2 136 161 976743732
3 182 70
1 54
3 64 109
3 76 154
3 162 48
2 34 38 88524504
3 107 59
3 88 4
1 112
2 174 33 402326619
3 46 62
3 26 157
3 37 171
1 98
2 149 35 794942414
3 77 9
3 88 68
3 48 97
3 145 53
2 128 38 931598390
1 99
1 131
2 157 56 305297249
3 77 145
1 132
1 126
3 4 147
3 144 182
3 162 60
2 147 174 196970866
3 13 66
2 101 14 641327583
1 121
3 155 44
1 2
1 130
3 33 25
2 127 72 291540115
1 87
1 154
2 174 73 871225682
1 43
2 104 57 327257798
1 91
2 80 84 210118858
1 129
2 47 51 546832054
1 36
3 107 178
3 25 92
1 158
2 122 163 701490651
1 23
1 161
3 88 75
3 124 166
1 126
1 86
2 109 14 741321164
1 27
2 17 31 690988657
2 20 65 564173633
2 109 175 155126516
2 140 19 750160601
3 50 25
3 17 49
3 48 145
1 132
2 22 123 615704308
2 70 108 801241308
1 30
3 125 72
2 79 5 211734560
2 22 37 360923289
3 75 166
1 85
3 72 59
2 38 5 910502476
2 77 20 839349606
3 11 23
2 161 174 329914242
3 56 11
1 131
1 39
1 64
2 150 25 299406175
2 174 134 237263927
2 3 8 457503900
3 120 91
1 157
1 111
1 38
3 66 48
3 36 18
2 19 42 246565740
3 49 83
3 136 105
3 130 68
2 149 154 559161083
2 133 12 43785918
3 53 25
1 26
1 102
2 62 63 188653473
1 86
1 21
1 77
1 165
2 130 79 538850830
3 36 26
1 165
2 89 105 109883978
3 170 146
2 141 155 194265652
1 68
1 138
1 70
1 122
3 38 98
3 55 129
1 158
2 122 79 329440721
2 63 161 993010049
3 90 89
1 30
2 60 91 930625326
1 8
1 119
3 110 55
1 129
2 70 67 800595454
3 101 16
1 54
3 139 19
2 90 46 302204127
1 106
2 73 109 43814376
2 55 14 128703472
3 157 127
2 64 133 426790955
1 171
1 109
2 151 62 322979277
1 70
1 139
1 142
3 52 57
3 36 100
1 110
3 145 181
3 39 144
2 12 5 463804948
1 128
2 95 92 116863775
2 136 12 54345652
3 93 4
1 16
2 132 15 784633625
2 114 179 607028393
2 30 114 753027038
3 157 155
1 46
3 125 140
2 117 89 165840349
3 138 20
3 161 167
1 126
3 82 154
2 11 9 159389438
2 105 171 965603351
1 144
3 8 85
2 1 49 317493649
3 131 182
1 2
1 182
2 31 123 13093615
2 9 150 45465047
3 34 84
2 21 22 10680736
2 23 105 625953132
2 6 125 926328082
1 134
1 61
2 164 80 770923927
2 130 46 304166693
3 1 46
3 131 128
2 177 66 623514080
1 59
1 112
1 88
3 79 10
1 129
1 69
3 78 54
3 125 40
1 125
3 135 92
3 31 2
1 36
1 160
2 138 107 902331514
3 126 154
2 24 8 158758307
3 113 167
1 2
1 166
1 12
3 182 125
3 1 143
2 126 9 681431584
2 16 4 775647470
3 179 133
1 34
3 90 53
3 58 118
3 86 167
1 53
2 121 65 507093432
3 27 19
1 165
3 15 137
3 107 152
2 43 176 626218275
1 53
2 149 141 310921920
1 73
3 112 84
1 132
3 33 20
2 28 90 915669048
2 164 73 200698465
2 149 44 365958249
2 163 41 89229324
1 117
1 75
2 174 167 928249865
3 155 122
2 2 92 130182437
2 145 82 166364762
3 64 161
2 169 84 529035915
2 84 85 308211061
3 23 105
3 103 27
1 175
1 151
1 110
2 134 1 859718759
1 61
1 115
1 159
3 151 117
3 146 137
2 85 96 73108929
2 96 62 444431452
2 21 66 77048395
1 22
2 90 156 532466583
2 160 160 713940589
2 144 76 728670186
3 176 37
2 73 99 411239300
3 31 170
1 10
3 27 39
1 165
3 36 55
2 1 79 460111652
3 163 113
1 170
1 60
1 56
1 98
3 153 35
3 14 141
1 159
3 148 65
2 64 30 82653610
1 62
1 102
3 113 45
3 134 99
2 54 123 452831388
3 41 132
2 117 64 1560357
2 179 129 94608548
3 15 16
1 155
2 183 154 85336442
3 119 120
2 92 130 395345136
1 137
2 29 151 305764641
1 54
2 140 4 331944400
2 98 159 880475160
3 156 10
2 33 64 917506892
2 29 106 375311130
3 90 30
3 86 162
3 114 135
1 41
3 133 18
3 139 25
1 52
3 91 170
2 80 143 192926252
3 164 151
3 143 135
3 126 29
3 36 62
3 106 181
2 31 75 744790193
3 167 62
3 84 173
2 119 27 641746522
3 20 155
3 156 45
1 73
1 67
3 151 55
3 169 24
1 161
2 86 43 261609315
3 88 127
3 25 141
2 13 12 448676464
3 172 24
1 75
1 122
3 84 127
2 100 36 720502800
3 158 122
3 147 23
2 69 79 334885242
3 160 135
1 148
2 158 44 355169133
1 12
1 2
2 144 129 369978359
2 76 52 303246757
3 25 23
1 47
2 114 83 946009227
2 182 125 816663424
3 93 142
1 27
3 7 183
3 83 64
2 119 162 956867720
1 136
3 18 160
1 27
1 68
1 120
1 172
2 2 107 787879978
1 9
3 137 131
2 91 95 604504916
2 167 125 794786700
3 149 90
3 95 35
1 6
2 27 78 294140728
1 117
3 73 176
2 23 25 79090487
2 117 115 434603076
1 1
1 42
1 116
1 37
1 160
2 105 177 788531732
2 145 25 240511431
3 121 181
3 173 142
3 126 158
1 101
3 76 89
3 52 46
2 144 6 387897518
1 57
1 26
2 135 75 924535483
1 100
1 171
3 114 180
3 142 178
2 55 10 568500712
3 110 65
3 177 178
2 147 31 644377122
2 128 37 575374217
3 63 44
3 108 12
1 2
3 94 167
2 122 157 227664813
2 141 162 775729481
3 14 170
2 66 161 580321680
3 175 179
1 51
1 121
2 29 100 335629831
2 8 25 342091889
3 55 144
1 155
3 172 170
3 136 110
2 54 96 961912101
2 110 166 698697175
2 160 5 202637359
3 14 173
1 80
3 160 111
3 174 155
1 177
1 124
1 64
1 45
3 43 46
2 59 135 348440817
2 70 20 699771832
1 52
3 133 127
3 62 96
1 33
3 60 166
1 146
1 94
2 88 71 104099190
3 24 9
1 40
2 54 55 791187848
2 155 116 9902658
3 167 117
1 68
1 15
3 137 157
3 96 167
2 35 14 307324851
1 79
3 36 76
1 174
1 128
2 110 109 125575208
3 16 113
2 1 38 864937259
3 46 39
1 118
1 51
1 50
1 173
2 46 111 133364658
3 68 70
3 78 41
3 179 12
3 105 79
3 95 74
2 120 76 460834454
1 150
2 8 112 419996777
1 65
1 18
2 63 99 858059161
1 160
3 102 65
1 155
3 129 159
3 12 105
3 159 100
2 88 172 669735574
3 14 109
3 148 47
1 144
3 181 23
1 124
1 159
1 135
1 178
2 64 169 25751207
2 144 40 352026894
1 117
2 140 120 918653637
1 77
2 34 85 738083
2 128 86 889120357
3 131 146
1 92
3 154 31
3 57 144
1 131
1 34
3 12 27
3 92 120
2 12 33 802758448
1 85
1 83
2 123 157 266539402
2 159 117 32795167
1 33
3 180 53
3 102 95
1 165
3 181 144
2 45 168 841191400
1 83
3 120 105
1 71
3 70 136
2 40 48 399839935
2 167 126 586584723
3 182 170
3 58 146
3 57 60
1 93
2 173 10 626095967
3 160 5
3 23 12
1 110
1 91
1 39
1 2
2 141 175 645108293
1 61
1 55
3 174 84
1 13
1 78
3 46 151
2 50 89 229046544
2 177 49 864847090
3 146 133
3 96 92
3 151 159
2 153 45 929367434
2 19 128 380739287
2 102 114 399810438
3 182 86
1 39
3 18 18
3 155 44
1 9
1 66
1 11
1 104
3 57 95
3 37 4
1 74
2 102 100 486512221
1 107
1 144
3 166 60
2 105 30 559337252
2 143 181 401964987
2 27 20 785413087
1 117
2 153 83 929387770
3 4 97
1 146
1 160
3 177 8
2 70 140 709708077
1 100
2 57 84 804188631
3 143 17
2 52 84 812774821
1 18
3 156 142
3 165 146
3 80 161
3 125 124
2 123 138 652796085
3 98 11
2 4 141 119823559
1 26
3 104 75
1 63
1 89
3 82 56
1 145
3 117 107
2 82 152 933329896
3 17 145
2 78 109 657317957
1 81
1 61
2 42 98 462212278
3 51 72
3 8 111
1 135
2 174 99 217427270
1 47
1 103
1 79
1 61
1 123
2 178 28 329442987
2 118 77 486208
3 53 105
3 76 142
2 19 61 740357774
1 78
3 108 171
3 129 74
1 148
1 98
3 47 78
1 69
2 67 2 783261081
2 162 86 241937917
2 11 27 11831227
2 54 6 831378597
2 180 115 152905498
2 46 21 729505680
3 29 8
3 71 60
3 93 134
1 155
2 174 107 84178588
2 119 83 231546556
3 170 58
3 3 172
1 17
1 14
1 80
1 145
3 149 62
2 129 89 358300280
2 60 161 140345021
1 142
3 151 181
3 72 18
3 59 123
1 10
2 43 119 625129777
2 88 146 601816252
2 22 36 928176876
2 69 95 275520112
2 25 82 510400768
3 70 154
2 128 112 410720113
1 63
1 163
1 105
1 174
3 6 51
3 105 161
3 119 96
2 58 25 262530837
3 171 70
2 133 149 370483474
2 92 118 708693019
1 79
3 164 180
3 47 169
1 164
2 54 34 794615091
3 112 51
3 130 181
2 160 113 132576458
1 88
2 57 49 439887891
3 160 140
1 157
2 118 85 630194519
2 179 172 448945740
1 8
2 89 100 626288915
1 42
2 28 6 915823903
1 46
3 146 164
3 125 93
1 48
2 27 40 172459085
3 128 180
2 152 164 820142090
1 83
2 75 149 414268257
3 98 87
1 61
2 43 155 683875985
3 8 2
3 6 150
1 6
2 45 168 365029487
2 60 46 308910167
3 40 126
2 1 39 511705216
3 82 36
1 104
1 173
3 150 130
2 41 95 71001241
2 145 140 459403938
1 54
1 88
2 70 149 587033043
2 18 148 659444864
2 136 149 994291708
3 48 1
3 1 163
2 41 132 695044930
1 7
3 40 106
1 127
3 124 74
2 7 81 849328907
1 16
2 133 57 978897418
1 114
1 109
2 57 109 415530472
1 71
1 58
2 77 148 872186524
3 171 115
1 143
2 119 42 977586173
1 89
2 50 138 315288227
1 151
1 90
3 81 173
1 43
2 83 4 138184014
3 150 99
3 108 8
3 127 72
2 11 27 373923649
1 71
2 40 161 865980829
2 55 98 390499870
3 42 179
3 96 156
2 117 34 99942501
3 103 37
1 31
3 50 10
1 16
1 37
1 180
3 174 89
1 49
1 106
3 77 61
2 17 14 69068354
3 6 28
2 43 13 501757417
2 26 10 212546415
3 83 62
2 66 158 536029386
1 158
3 113 47
2 128 90 108954841
2 172 48 542745331
3 182 145
1 143
2 97 46 767563095
3 59 50
1 162
2 123 40 723052688
2 159 14 968203815
2 93 85 765506616
1 91
1 133
2 46 121 23887996
3 12 116
2 182 89 112402980
1 31
1 73
2 61 28 582421094
3 135 125
3 13 69
1 49
3 170 108
2 127 155 918256069
1 86
2 157 105 646631925
3 146 63
1 160
1 8
3 13 119
1 153
2 142 134 164058001
2 169 17 62377540
1 155
1 46
1 41
3 116 12
1 118
3 7 137
1 40
1 119
1 7
1 81
3 48 87
1 149
1 63
3 68 73
2 182 45 651542777
2 123 156 787159628
2 45 74 465584391
2 26 153 737141099
2 16 100 107122463
2 156 80 417944633
3 151 136
1 41
3 33 29
3 84 77
2 20 103 754132428
3 87 108
1 181
1 72
2 26 119 281488876
3 76 22
2 145 148 387880767
1 174
2 41 126 599657315
2 33 106 203675706
2 114 179 854740017
3 102 53
2 102 24 302865259
1 15
2 151 163 564991758
1 69
1 106
3 101 56
1 111
2 103 98 896044595
3 54 61
3 125 170
1 127
1 176
1 153
2 58 121 905827308
3 2 38
1 48
3 57 163
3 95 33
2 33 150 329136262
2 38 115 589142103
3 87 7
2 58 17 713085408
3 20 64
2 72 123 357662091
2 136 29 188643583
1 49
3 18 66
2 145 78 629190393
2 132 82 252592895
1 134
2 68 116 509356453
1 142
3 100 179
1 135
1 152
1 46
1 158
3 22 124
1 34
1 2
1 155
2 156 65 86783141
2 91 4 120580086
1 164
2 86 85 953740969
1 126
1 3
1 85
3 102 132
1 63
3 13 57
1 180
2 20 32 493976649
2 95 42 42651419
3 113 152
2 178 90 461146294
2 35 80 443803212
3 103 172
3 23 48
3 81 89
3 107 47
3 19 79
1 65
3 167 70
3 6 87
3 65 170
1 158
1 124
1 146
1 102
3 12 140
2 38 51 891045730
2 160 39 706127407
2 138 119 748094118
1 169
3 181 44
1 138
2 183 54 149139993
1 126
2 178 59 38030064
1 4
1 174
2 20 11 499854801
1 15
2 162 55 678552806
2 39 112 548957585
3 85 69
2 23 121 84610128
1 139
2 121 16 559783731
3 2 136
1 23
1 120
1 168
2 40 75 198903710
3 89 101
1 12
3 21 97
2 150 128 301541785
1 150
1 162
3 28 160
2 117 161 153278440
2 136 22 687005585
2 139 114 642248217
3 176 108
2 31 44 543064037
3 172 37
2 164 2 180139505
3 129 183
3 95 135
1 139
1 62
2 129 17 747142634
3 115 146
2 68 65 669658382
1 43
3 55 123
1 58
3 182 68
1 88
1 29
2 76 163 911536219
1 64
1 60
1 158
3 11 168
1 21
2 75 148 490991208
3 177 131
3 146 66
2 14 107 249641352
2 130 62 852265109
2 27 134 788113951
1 91
3 69 99
3 108 167
1 164
3 146 34
2 173 166 237746120
3 44 47
3 8 68
2 18 182 250281825
2 87 25 718236094
2 65 85 201209168
3 180 78
3 69 148
2 131 128 620938672
2 170 37 526981250
2 125 36 933608656
3 9 109
1 46
3 75 41
1 173
2 163 18 342682914
1 41
1 149
1 76
2 106 53 602150562
2 140 2 538938675
1 96
3 116 108
1 40
1 14
2 20 180 946411696
1 168
1 5
3 81 83
3 103 76
3 144 49
2 46 176 527038587
1 183
3 43 176
2 34 69 829208919
3 118 101
1 7
1 26
3 99 119
2 84 33 173449576
2 142 1 993321437
2 178 139 932194996
3 55 151
3 157 56
2 20 48 118376522
3 97 73
1 69
2 17 85 652361526
1 18
1 65
2 104 47 983399356
2 149 8 391165697
2 9 146 342832566
2 133 67 28996842
1 96
1 73
1 109
3 61 93
1 159
2 53 89 508843284
2 109 155 72308498
2 100 97 100731139
1 150
3 3 33
3 86 95
3 93 93
2 175 156 452073049
2 60 80 575818545
2 98 16 996663829
1 95
3 101 137
1 124
2 141 91 815601611
1 111
1 4
2 151 63 295521704
1 74
3 146 149
3 45 43
1 57
1 152
1 21
1 72
1 95
3 142 81
2 104 91 337264159
1 21
2 37 172 213395099
3 133 153
3 145 126
2 158 109 436182146
1 136
2 172 98 258523758
2 131 30 106629382
3 14 123
2 171 50 548132993
3 24 3
1 134
3 16 11
3 144 180
1 75
3 103 152
1 4
2 149 138 707455913
3 25 107
2 149 93 78998787
2 173 167 234838193
1 99
3 73 73
3 171 141
3 117 29
3 68 76
2 32 19 57989024
3 172 48
3 54 7
1 153
1 178
1 43
2 1 95 842659155
2 65 25 505077665
1 85
1 21
3 52 81
3 145 51
2 115 29 501575263
2 155 113 591739933
2 171 170 4623448
3 27 31
2 168 24 941803732
1 141
2 103 58 830627277
1 136
1 10
2 83 17 599024912
2 98 110 155357498
3 136 97
1 54
3 174 145
2 99 81 669066291
1 75
1 32
2 70 93 304229168
3 90 163
1 130
3 108 126
3 26 96
1 99
1 10
3 142 63
2 132 111 289692351
2 166 156 961859007
1 145
3 179 23
2 166 143 82528228
1 146
1 149
1 156
2 115 150 324672189
3 74 119
1 166
2 177 29 906947379
2 77 99 361059170
3 181 57
1 57
1 68
2 146 180 439385181
2 31 79 10525252
2 90 123 153469263
3 121 38
1 180
1 18
2 63 7 648848779
1 157
1 135
3 46 91
2 68 146 140768925
3 112 87
1 158
1 161
3 96 11
3 164 31
1 85
2 106 99 453471661
3 4 48
2 87 120 963859035
3 8 3
2 171 153 140371321
1 177
1 18
1 154
1 107
2 82 68 46013323
1 24
2 171 74 182942591
2 151 63 443488909
1 50
1 40
2 96 180 841429995
3 154 47
2 160 128 193347082
3 46 82
1 39
2 11 15 510547117
2 1 175 288043808
1 33
3 162 49
3 73 81
2 179 122 694065976
3 168 175
1 115
3 97 136
1 37
2 78 103 407751797
2 10 24 745973101
2 149 14 926879512
1 143
3 174 156
1 17
1 30
1 31
1 162
3 53 108
1 126
3 142 63
3 165 37
1 153
1 178
3 27 158
1 31
3 89 93
1 105
3 146 146
1 156
3 49 35
3 166 120
3 127 101
2 108 30 4764615
3 42 79
3 56 97
1 179
2 10 83 861054406
2 146 74 795959543
1 119
3 95 182
2 155 91 483996231
3 146 29
1 97
2 149 107 563453717
3 183 157
3 165 51
2 41 77 704882602
2 10 25 946295270
1 38
1 3
3 147 9
3 176 85
2 161 167 396372247
2 37 51 239663749
1 86
1 71
2 42 154 214766580
3 122 95
2 137 34 729004891
3 116 13
3 71 137
2 85 132 507591108
2 179 60 168329875
3 109 140
3 107 165
1 9
3 27 2
3 180 112
1 16
2 140 120 48432028
2 181 65 633955787
3 178 58
1 169
3 41 123
1 124
1 156
2 76 133 841192595
3 38 49
1 96
2 148 182 95314909
3 86 111
2 117 15 654220582
2 17 132 273474388
1 3
3 127 134
3 142 91
2 117 157 645201583
2 118 166 503349194
3 93 115
1 48
2 94 73 860934504
1 8
1 144
2 22 97 362398377
1 64
2 13 108 230828216
3 24 68
1 10
2 62 182 313288654
1 183
1 8
2 118 131 330146733
1 89
3 131 124
1 174
1 100
2 108 25 755540012
1 165
2 66 31 190567429
1 129
2 154 71 865355562
2 68 48 583734659
3 165 154
1 33
3 135 100
3 21 64
2 40 82 745172889
1 6
1 82
2 123 59 255977944
2 61 158 260242662
1 120
1 168
1 100
2 50 113 445541046
2 80 90 78657652
3 169 110
2 69 79 945065377
3 166 71
1 128
1 83
1 118
3 103 88
1 144
1 122
2 23 25 344263712
1 15
2 97 84 297259217
2 137 149 287171930
2 102 174 304234094
2 12 32 831567105
2 53 120 23207811
1 147
1 146
3 119 80
1 175
2 147 67 738286102
3 101 177
1 161
2 110 36 464900764
1 60
3 81 105
2 159 158 438042407
1 47
3 50 158
2 72 42 372214500
3 114 59
3 152 146
2 35 53 620790121
1 38
2 50 179 240157810
2 4 158 834330545
1 3
2 97 1 688815099
2 27 135 170221354
2 119 99 114686089
3 48 77
3 64 122
3 79 177
2 129 9 17379606
3 162 52
1 183
2 41 18 562996647
3 100 29
1 85
2 114 71 901175767
2 169 84 713779674
2 1 87 910840707
1 69
1 9
3 107 31
2 96 130 35767445
3 91 29
2 1 70 190610793
3 111 27
1 115
3 123 49
2 147 83 414548109
3 97 62
1 164
2 134 147 90577257
3 133 172
1 158
1 182
1 155
1 44
1 167
1 169
1 17
2 77 83 783986339
2 107 120 268670076
2 68 21 208804739
2 174 27 306995906
3 144 122
2 140 53 18570400
3 34 65
3 34 159
2 42 31 360347623
1 47
2 83 46 316038682
2 108 107 844770526
3 111 159
1 180
2 113 159 271193838
1 95
1 112
2 124 131 29303232
1 45
2 37 79 352816557
3 79 45
1 4
3 23 19
2 11 152 353140130
3 48 142
2 176 165 519433537
1 93
1 181
3 165 24
1 28
1 15
2 53 3 756687326
2 172 128 555175351
1 106
3 59 124
3 171 93
3 56 54
1 117
2 19 22 912320539
3 103 138
3 124 42
2 164 42 611987855
3 121 112
1 115
2 84 36 317902894
3 61 41
2 169 84 866908343
2 48 39 585974453
2 167 159 674556127
2 157 2 821561508
1 72
3 183 165
1 83
1 36
1 181
1 113
2 68 86 237406349
3 99 90
3 87 183
3 33 68
2 119 109 482875365
1 64
2 181 128 525183004
3 60 46
2 60 161 354481977
1 28
2 93 137 531803664
1 1
2 83 101 605329767
1 58
3 60 32
3 178 13
2 57 16 629590575
2 70 22 297684638
2 177 27 491049183
1 33
2 182 158 122966523
1 6
1 109
3 59 79
2 109 101 721113702
1 42
1 44
1 180
3 14 143
2 37 106 259728813
1 64
1 101
1 132
1 6
3 6 9
1 155
3 129 88
1 9
2 48 95 293665635
1 97
3 9 13
1 28
1 150
3 54 32
1 6
2 80 178 523973557
1 154
3 41 66
2 140 172 195732736
3 10 36
3 2 57
3 9 104
2 160 47 304977967
3 78 141
1 124
1 3
2 133 42 76916621
2 115 158 648090242
1 47
1 82
2 142 94 504489658
2 2 156 233015517
1 13
2 42 156 989143569
3 135 52
2 25 136 244690510
3 16 91
2 41 153 516191089
1 39
3 182 91
2 7 64 252569035
3 35 91
1 60
3 2 131
3 139 33
3 98 120
1 38
2 45 121 575660920
2 27 111 528198054
2 56 8 661596924
3 183 3
2 42 152 997250318
2 148 153 266214769
2 101 120 104090032
2 30 80 779037491
3 56 162
2 131 143 31340556
3 83 76
2 122 173 284678183
1 174
3 42 71
2 104 137 932272671
2 116 110 298261785
1 83
1 98
3 29 29
2 10 36 382551964
2 51 1 482412556
2 152 14 769004012
3 38 9
3 88 105
2 175 30 585043369
3 127 35
1 114
1 163
1 179
3 17 73
3 19 176
3 144 21
2 44 83 168324361
1 114
3 115 59
3 155 106
2 96 6 864033074
2 38 125 352155459
3 88 74
2 23 34 750700549
3 69 89
3 168 86
3 30 72
3 128 3
3 59 161
3 171 128
1 67
1 131
1 182
3 23 149
2 158 48 580719016
3 157 8
2 56 15 719216406
3 78 82
3 154 48
2 136 168 106976955
1 36
2 120 93 849187599
3 158 60
2 7 115 526899585
1 140
2 141 115 747571948
3 150 48
2 29 59 147969376
1 130
1 17
3 108 161
3 34 56
2 166 164 672912355
1 80
3 83 179
3 126 71
3 80 104
2 100 133 756554247
3 181 117
2 175 77 143435693
2 38 158 784813
2 49 155 203200315
3 115 1
2 120 3 72949372
2 83 125 607417080
2 181 101 144470990
1 65
3 30 55
3 104 38
2 20 129 377894173
2 36 135 355924744
2 149 21 414889026
2 17 141 665089935
1 78
3 2 142
3 179 176
1 163
2 6 8 707728153
1 84
2 24 92 45934173
2 34 37 146106428
2 183 5 764973702
3 174 160
1 131
3 70 178
2 167 76 443540157
2 135 78 198629506
2 77 11 710215188
2 4 105 183483633
2 24 79 290432761
2 129 131 188790486
3 65 130
1 56
1 103
1 1
3 148 114
3 5 130
3 118 130
3 62 41
2 154 103 272897478
2 125 182 991041433
1 6
2 110 33 301213192
3 62 143
1 174
3 93 72
1 7
2 152 51 354512040
2 2 57 960291915
2 75 163 380981906
1 66
2 120 84 932671518
1 34
2 64 89 887250198
2 94 110 695819988
2 39 129 925510084
1 180
1 101
2 57 63 284884392
3 97 137
3 26 40
3 38 110
1 133
2 108 42 549620728
1 40
3 13 84
3 177 103
3 87 78
2 105 168 97972720
1 138
1 153
2 4 74 377095297
2 79 95 50698094
3 134 93
2 21 22 864759628
1 69
1 63
2 107 27 283100053
2 35 173 466804524
2 24 151 701393175
1 12
1 183
2 148 115 558472186
3 102 159
1 135
3 45 158
3 105 117
2 20 149 965352883
2 5 82 444848950
2 26 94 842180096
3 125 45
3 111 127
2 6 165 203377343
3 73 171
3 147 121
2 45 83 946279006
1 157
1 81
2 142 30 434533137
2 33 165 150782104
2 40 81 69489756
1 177
1 98
1 63
2 126 55 211779190
1 49
1 73
1 31
1 121
3 45 47
2 44 148 142184715
1 72
3 114 69
3 90 3
2 146 101 772800117
2 78 11 927676078
1 73
3 86 170
2 66 22 8888785
1 139
1 178
3 61 166
2 34 7 848533155
3 38 121
2 6 138 309831514
1 125
2 92 131 91566338
3 128 99
2 126 170 952801689
1 120
2 18 76 895289547
1 139
1 74
2 147 126 794982134
2 70 63 565254883
3 151 55
1 180
3 169 116
3 169 38
3 115 129
1 135
2 59 173 189728715
1 73
1 104
3 145 166
3 117 93
2 22 28 174937561
3 134 42
1 129
2 179 82 657787166
1 169
2 30 132 638207808
1 114
2 143 28 628978651
2 88 57 689808091
3 166 20
1 41
1 39
1 19
2 133 20 179030084
2 101 118 78095173
2 177 1 59710819
1 23
1 140
2 129 89 368220555
2 139 13 905611651
1 139
1 42
3 38 86
2 73 104 548166733
2 38 49 141395295
2 72 5 719806495
2 95 130 767518035
3 125 95
1 152
2 170 11 704320539
2 112 7 449272375
2 65 155 60960287
2 75 127 67560887
2 38 45 162676273
1 162
2 149 79 383054228
2 71 56 521820730
2 179 101 177427136
1 44
2 137 61 250100750
2 117 69 195157768
2 143 107 339308243
2 169 179 926429202
2 88 168 919705352
3 90 57
2 152 154 671362034
1 67
2 44 147 570791206
3 109 91
1 102
3 164 78
1 29
1 49
2 139 118 743655010
2 32 18 641892955
2 40 17 815609007
3 37 54
1 8
3 125 17
2 155 7 226177588
2 66 45 68702334
1 126
2 22 109 969271466
3 41 50
1 26
3 8 92
2 179 27 875325781
2 178 163 399944497
2 73 130 471466711
2 89 143 922170554
2 152 128 411989731
2 109 145 316725784
1 75
3 153 68
1 10
1 108
1 2
3 68 43
2 99 124 394343477
1 49
3 171 29
2 87 180 438757988
2 128 114 398156934
1 79
2 34 39 665080516
2 120 141 940596105
3 85 152
1 137
3 102 2
3 181 138
2 178 54 718836082
2 118 128 459105133
3 140 172
3 28 137
3 119 76
2 83 112 255208413
1 14
2 165 96 331111374
2 114 136 76662674
3 40 166
2 91 177 91545075
1 21
1 24
1 88
3 15 181
2 137 4 82083629
1 168
1 58
1 115
1 169
1 23
2 147 62 324964215
2 176 142 240258884
3 20 35
3 180 43
2 130 82 168573325
1 24
2 167 147 985373603
1 80
1 63
2 66 132 665907347
1 5
2 52 146 327512083
3 80 43
3 43 26
1 108
2 166 39 643738738
2 179 166 756495177
2 59 73 956860601
2 12 131 948719271
2 146 106 521566261
2 118 24 998045172
2 159 151 890656350
3 181 25
1 21
1 42
3 153 124
2 102 119 276075388
1 140
3 32 99
2 59 114 280137455
2 80 168 825305645
3 35 70
3 118 165
2 174 63 145230967
3 158 39
3 183 24
3 97 91
3 69 2
2 51 34 475238177
1 77
1 9
2 68 161 276411263
2 8 129 676152428
2 150 73 653161247
1 178
1 165
2 115 174 632386368
2 80 143 594243061
2 101 11 565484512
1 111
3 76 175
3 59 146
2 95 10 906077700
2 27 37 728233473
1 104
1 170
1 133
2 175 81 264789723
1 50
3 172 150
2 179 120 278682700
1 182
2 103 179 60566986
2 156 110 791084552
3 92 57
2 136 142 696880192
3 86 99
3 22 13
1 158
2 100 100 527065403
2 162 113 837264103
3 115 91
1 170
2 78 135 671532555
3 22 32
1 40
3 160 102
2 145 146 645050401
2 66 104 343477547
1 34
3 72 122
3 61 173
3 78 134
3 142 123
3 170 136
3 93 6
3 178 98
3 71 123
2 156 55 200500890
1 31
3 74 114
3 152 41
3 102 142
3 157 57
2 62 90 192431630
3 172 176
1 173
2 164 56 914055896
3 98 165
1 39
2 181 11 770707740
1 42
3 59 142
2 67 96 976213130
1 10
2 49 141 48336966
3 82 28
2 15 181 454317981
1 103
3 115 90
3 150 85
2 1 121 713790547
3 25 115
1 4
2 93 175 198813000
3 109 164
2 170 5 678149353
1 173
1 33
1 107
2 67 15 57304006
3 158 43
1 108
2 165 168 49247209
1 134
2 109 153 506008883
2 169 62 608449510
2 155 92 144850482
2 62 173 673537169
3 19 59
2 110 172 229540912
3 46 88
2 22 160 956567633
1 97
1 51
3 146 128
2 76 119 558413572
3 131 61
1 125
2 146 115 873918170
3 7 4
2 9 36 941838499
2 154 16 631164553
1 32
3 110 92
2 87 59 95217275
1 175
1 136
3 173 80
2 58 60 102873624
3 124 153
2 14 2 280583259
3 178 164
2 54 176 537484105
3 71 172
3 82 153
3 114 65
2 88 111 997582046
1 82
3 167 90
3 59 81
3 156 178
2 58 88 855915329
3 92 83
1 32
1 67
2 144 167 447981054
2 132 45 654278941
3 176 126
3 62 47
3 58 77
3 124 128
1 153
2 49 119 156258662
3 25 127
2 83 35 867985201
1 58
3 163 133
3 142 45
3 182 111
3 83 48
2 49 17 830257577
1 22
2 2 174 770930051
1 169
2 104 180 772618202
2 73 141 565385410
3 153 1
3 81 163
1 131
2 2 87 910698825
1 138
3 120 105
2 21 169 206063557
1 167
2 36 146 129932946
1 81
2 67 52 288423208
2 10 99 38649260
3 171 19
2 152 123 770091679
3 151 111
1 16
3 64 49
1 83
3 49 175
1 120
2 127 65 146448464
1 73
1 113
2 75 168 683404419
2 50 137 381088345
2 31 126 476394684
2 80 95 653212712
1 155
2 183 19 642396326
1 99
2 146 118 168498091
3 121 155
1 119
3 129 46
1 168
3 24 171
1 69
2 62 44 977715516
1 135
2 68 73 326166538
3 115 8
1 92
2 31 75 114040527
3 152 75
3 180 179
1 144
3 162 126
1 157
3 15 72
2 35 107 725856421
3 163 86
3 39 2
3 80 21
2 142 25 310495826
2 183 181 221522166
2 74 154 734009381
1 7
2 163 128 346203783
2 30 53 670191889
2 44 29 603355052
1 84
2 2 85 859751812
1 28
1 92
3 72 162
2 25 174 843720914
2 83 49 505048027
1 54
2 131 162 920839523
2 162 45 330237594
1 50
3 32 147
2 158 51 705966710
3 33 17
1 119
1 22
3 149 80
3 115 70
1 119
3 80 75
1 56
2 90 22 630790515
2 151 179 908155845
2 83 60 479911663
2 17 52 420640628
1 112
3 158 16
3 65 133
3 19 128
1 66
1 109
3 63 130
3 76 151
3 82 146
3 102 158
2 138 71 341731973
1 117
2 36 7 513289435
1 70
2 179 164 416630163
2 10 102 306219071
3 54 3
1 119
3 130 119
2 107 45 645940757
3 34 37
1 11
1 134
1 108
3 65 161
2 158 58 73363286
1 105
2 168 126 824059522
2 28 158 98873167
2 117 107 278766191
2 76 93 716047805
3 13 80
3 31 17
2 87 32 835738324
2 124 183 23831614
1 23
2 73 121 799429483
1 128
1 137
3 58 9
1 11
3 32 142
2 10 33 433517520
2 97 155 65316413
1 115
1 79
1 180
2 83 133 107945583
2 94 3 992686709
3 62 69
2 133 96 700207055
1 11
1 104
2 79 82 871107419
3 22 46
3 8 132
1 26
1 45
3 20 65
1 177
2 33 55 492936402
2 10 64 162316654
2 35 68 323940754
2 145 89 658278897
2 103 81 102601194
2 16 51 11265750
3 135 116
2 58 164 970316689
3 44 72
3 96 63
2 56 182 675678185
2 53 135 57594584
1 166
2 175 113 537096567
2 7 133 676853275
2 56 111 199243284
2 59 36 830499067
1 156
1 179
2 135 142 282406193
1 124
3 149 166
2 82 142 398433515
3 144 39
2 62 44 282773153
2 125 132 967220548
3 136 164
1 176
3 97 80
2 116 142 100283568
1 66
1 154
3 52 59
1 39
2 147 112 984148127
2 157 7 640680141
1 78
3 102 67
3 52 42
1 90
2 138 136 633863859
2 47 149 165125283
2 150 115 821658126
2 62 90 90883113
2 158 183 376550288
1 138
3 105 142
3 134 68
3 78 117
1 162
2 164 58 761490067
3 113 176
1 117
3 8 35
3 100 107
1 83
3 169 154
3 91 93
3 117 92
1 64
3 106 109
3 7 50
1 157
2 149 92 823744665
1 133
1 37
2 78 52 301952415
3 86 116
1 1
1 176
2 138 8 263152234
3 51 181
1 167
2 122 125 516621844
3 69 101
3 68 182
2 118 50 348364104
2 2 134 56893345
2 121 71 992306284
1 89
1 137
3 99 164
2 86 169 304829924
2 134 143 497635961
2 73 61 65244271
1 23
1 72
3 136 148
2 172 25 307178664
2 177 27 857257807
2 162 171 359529628
2 177 15 420129928
3 24 30
2 137 49 835111896
2 76 79 944705588
2 3 116 163151329
1 25
1 27
1 95
2 165 97 316891102
3 102 95
1 140
1 163
1 79
2 138 166 205740106
2 120 166 820184914
3 61 47
3 78 103
2 12 183 881879452
2 127 145 460445053
2 172 28 437591463
3 103 58
2 112 127 371659749
1 70
3 144 39
3 109 45
1 39
1 54
3 170 34
3 46 160
3 39 80
2 177 159 624798294
2 47 172 17768159
1 171
1 135
1 16
1 51
2 164 54 968986499
1 13
3 110 149
3 10 178
1 54
2 165 157 613438723
1 91
2 62 9 567964593
3 70 116
2 171 157 186149071
3 176 92
3 24 63
2 166 85 484048356
3 62 126
3 5 162
1 67
3 3 147
2 5 157 861367434
1 106
2 37 113 696023607
1 25
3 19 167
3 90 162
2 161 2 421303274
3 46 63
1 104
2 7 59 656212786
2 17 29 805642511
2 53 39 550340339
1 93
2 83 114 742767842
2 183 43 546683075
2 31 88 653387446
3 131 118
3 173 143
2 63 11 239925391
3 110 178
2 23 103 824249317
2 98 149 487958834
1 37
3 129 64
3 115 16
2 169 178 646771929
2 37 15 427818777
1 105
2 19 100 29669451
2 74 171 496591476
2 104 115 474403843
1 29
3 130 3
1 150
2 59 173 54362216
2 173 69 654230885
1 167
2 72 166 121650680
3 170 144
2 100 125 888827249
3 51 111
2 9 138 966336286
1 66
3 171 122
3 24 40
3 121 30
1 48
1 77
3 44 26
1 74
1 110
3 48 27
3 43 177
3 176 67
2 166 51 25422349
2 56 62 284232119
2 22 139 710140205
3 12 32
3 88 131
3 122 102
1 28
1 81
1 175
3 105 27
2 151 173 990950297
2 106 101 548627961
1 173
3 162 132
3 172 20
3 85 47
3 21 90
3 76 178
1 12
3 137 115
1 174
1 96
3 182 61
2 24 127 702529931
1 121
2 170 60 154711387
3 34 24
1 136
2 58 83 474272483
2 139 90 113751522
2 182 53 867600171
2 114 88 547528258
2 10 52 651048949
2 130 122 91674393
3 56 82
1 56
3 168 41
2 75 22 183201716
3 76 46
2 49 110 281875023
1 120
1 91
2 9 169 889444778
3 29 155
2 12 9 323389421
2 12 167 585739081
3 144 51
2 120 62 266135441
2 106 83 33328718
2 26 151 77918835
2 106 182 712479033
3 177 49
2 12 155 137408447
1 52
1 134
1 156
2 70 42 688261253
1 182
3 155 38
2 21 63 931815624
2 178 30 204942068
1 4
2 3 20 350359561
1 91
2 165 129 875559442
1 40
1 183
1 111
2 45 144 378383833
3 169 49
1 150
2 161 88 690896826
2 110 80 87043529
2 46 151 249734093
3 49 67
3 6 54
1 67
3 121 176
1 105
3 6 74
3 22 159
3 144 111
2 140 160 158537972
2 67 115 446945348
2 113 53 265413699
2 171 41 188490985
3 7 33
1 25
2 138 171 394390241
3 18 31
1 24
3 15 28
1 11
3 71 29
1 101
3 145 158
3 45 78
1 75
2 48 43 695458073
2 60 100 958978353
3 171 160
2 78 113 893824125
3 133 125
2 1 95 746748865
3 29 67
1 141
2 118 70 830528342
3 25 91
3 106 135
1 127
3 86 10
2 21 110 385679967
1 36
3 157 121
1 22
1 31
1 84
3 31 40
3 92 20
1 51
2 97 63 183480779
3 86 129
3 112 175
3 134 96
1 139
2 20 18 461829654
3 33 64
2 183 96 736784995
3 105 127
1 153
2 80 168 202896775
1 159
1 163
1 77
2 68 162 256163771
2 14 96 943930199
3 58 41
2 3 34 579447547
3 10 108
3 127 71
3 183 47
3 140 154
1 41
1 24
1 108
3 95 173
3 21 159
2 5 81 486413314
2 51 172 428742549
1 9
3 109 42
2 101 58 148875687
2 68 121 382834321
3 69 101
2 59 125 972542545
1 112
1 128
1 128
3 50 89
1 167
1 19
3 111 154
2 114 78 932688524
3 83 32
2 136 64 418366159
1 75
2 179 159 170787157
2 144 99 357516307
3 42 154
2 109 106 819457351
3 114 143
2 128 41 236819146
1 23
2 147 144 781903282
2 96 59 574808026
3 169 90
3 34 59
2 149 82 302850542
3 3 91
2 82 129 790800566
1 26
3 148 63
1 174
2 24 47 695896057
1 27
1 80
3 48 105
3 72 125
1 107
2 154 79 766310768
1 131
3 163 75
3 116 109
3 68 20
3 170 111
2 49 83 979717276
2 52 92 935544251
1 70
1 143
2 52 93 286830941
2 149 101 809363340
3 1 156
2 147 43 243183617
1 102
3 41 122
1 62
2 161 42 585543143
3 37 15
3 52 146
1 161
3 12 47
2 173 64 697084633
3 14 111
2 10 148 99876695
2 33 179 719062626
3 88 129
3 26 110
3 8 130
2 7 163 966825864
2 145 149 61767202
2 32 125 699871845
2 9 111 595146077
1 141
1 180
2 145 17 44144824
1 166
3 55 55
1 90
1 132
2 140 98 402703234
2 150 166 272326068
1 41
3 2 6
1 29
3 7 75
2 91 133 573307864
2 138 182 795782413
2 31 164 180000138
3 116 14
2 70 62 803142766
1 58
1 142
1 5
2 168 115 867637467
1 64
1 171
2 180 108 355517014
2 57 107 63134262
1 106
3 170 57
3 84 100
3 147 169
2 113 115 25032937
3 150 135
2 138 82 558838086
2 7 160 731149282
1 3
3 15 139
2 165 50 443533683
2 153 100 104526037
1 6
1 182
1 183
1 110
2 34 13 336372311
2 90 142 911178088
3 112 96
1 162
3 134 143
2 161 35 198446880
2 49 148 979772634
1 37
2 181 155 89265967
1 59
3 162 147
2 148 138 954277022
1 79
2 131 107 891913685
1 119
3 57 130
3 62 96
3 19 69
3 84 29
2 67 32 817331340
1 54
3 134 132
1 175
3 84 64
3 163 79
1 45
1 177
1 19
1 146
3 63 98
1 3
3 145 162
2 7 155 21955729
3 99 29
3 11 40
1 104
3 110 139
2 45 77 868646994
1 174
3 18 115
2 158 167 606543759
3 177 56
2 153 13 236469312
1 7
2 34 73 87064230
2 11 26 467418808
2 70 120 27804395
2 181 173 158732462
2 127 123 787156289
3 180 55
2 118 135 299771935
3 41 71
1 2
1 136
2 26 176 745931967
3 91 142
3 62 10
2 139 145 972428219
1 160
2 89 88 493205234
1 183
3 101 167
2 97 161 951650971
2 77 22 115594142
1 176
3 72 136
2 178 116 608634690
2 17 180 327415652
2 139 182 586714847
2 25 155 529246294
2 111 182 49099833
1 112
2 1 178 804336995
3 38 87
3 148 28
3 167 5
3 104 5
1 69
1 50
2 178 85 974571712
3 60 64
3 168 60
3 46 8
2 33 35 759497002
2 8 48 41231255
2 2 165 292156482
3 183 114
3 12 153
3 155 13
2 33 19 666129372
2 14 171 358542481
1 21
2 176 11 539540490
3 34 98
2 140 96 507218981
3 31 95
3 75 113
1 15
1 95
3 6 164
2 130 164 244360839
1 171
2 175 156 595693294
3 44 66
1 86
2 130 37 584588690
2 52 159 536974912
1 176
3 6 25
3 84 13
2 96 149 908749426
3 91 16
3 19 45
1 101
1 40
1 163
3 117 152
3 149 63
3 60 151
3 27 53
3 158 3
2 120 139 333155436
1 175
2 164 78 411868168
3 76 79
3 171 70
1 58
3 9 132
3 66 38
3 95 4
3 173 82
1 52
2 146 122 676289739
2 107 117 446588358
3 56 106
2 85 156 76160120
3 101 26
2 53 28 734720629
2 57 138 425698587
1 29
1 131
3 163 157
1 38
3 119 144
2 150 110 647850648
1 128
2 35 157 407665840
3 130 148
3 143 14
3 64 182
3 57 134
2 109 176 678186827
3 102 1
2 157 53 561249046
1 60
2 15 128 892285112
1 82
3 69 144
2 157 86 598555519
1 86
3 98 66
2 127 36 927931572
1 65
1 139
2 79 95 212083336
2 106 39 306473670
2 59 42 554325140
1 169
1 130
1 14
1 138
2 74 149 910084243
3 117 122
1 160
2 177 5 857311943
2 168 35 56120139
1 31
3 146 43
1 135
2 144 100 240586018
3 128 124
3 12 151
3 81 153
1 80
3 121 55
3 139 109
1 173
3 105 117
1 9
1 45
3 137 69
1 117
3 16 60
2 57 86 5502773
3 27 160
1 8
2 110 31 387653527
2 3 51 724075104
2 175 105 110097209
3 125 159
1 129
2 45 156 141683799
2 122 49 995767509
3 45 51
1 6
1 4
3 167 96
1 170
2 161 159 132983198
1 106
2 62 182 652419155
1 99
1 29
2 18 40 245759334
3 165 77
3 43 74
1 30
1 113
3 49 133
3 94 74
2 90 152 588537587
3 77 148
3 70 26
2 117 80 75536450
1 85
1 122
2 130 181 844484645
3 125 132
1 84
2 81 150 565814060
1 181
1 56
1 139
3 153 155
3 3 147
3 160 125
3 57 82
3 141 178
2 181 9 114297762
1 140
3 127 125
2 154 81 240303240
2 13 178 469363853
1 163
2 84 92 234994467
2 40 32 183709021
2 132 16 462040152
1 98
2 22 118 849734608
2 169 9 769065165
3 3 79
2 87 183 880769751
3 133 95
2 104 110 691198896
1 63
2 2 93 970838559
1 63
2 74 106 663695332
3 132 102
1 69
1 108
1 171
2 142 118 388922763
2 53 11 751750786
3 156 171
1 123
3 95 12
3 99 97
2 182 51 609962587
1 123
1 160
3 114 88
3 87 35
2 35 16 302911897
1 176
3 92 72
1 9
2 70 183 33278999
2 115 107 132031411
2 161 126 687454380
1 175
1 111
1 102
1 160
1 35
3 129 119
3 52 109
1 67
2 68 100 910357391
2 43 55 89648495
2 139 129 508226416
2 168 138 987813758
3 132 124
2 8 146 7452616
2 37 93 515931925
3 131 168
1 183
2 80 141 310245826
1 63
2 152 45 102597431
3 97 126
2 67 35 87106384
2 127 133 466182454
3 152 148
1 47
1 96
1 14
2 55 71 186995380
1 20
2 19 91 588835653
2 23 75 105623295
1 14
1 111
1 61
1 137
1 25
2 79 153 754683254
1 107
2 53 33 895163803
3 52 133
2 139 161 40655021
3 115 173
1 33
1 91
3 144 11
2 137 101 167297452
2 180 125 191514930
1 166
2 50 172 445000428
3 42 174
2 33 11 779602819
3 119 81
1 50
2 162 135 79528313
3 62 66
1 92
2 135 97 189599927
1 100
3 56 178
1 157
2 81 169 870333821
3 143 119
3 150 87
2 153 173 403195627
2 15 3 144319380
1 126
2 142 27 204548381
1 174
3 181 21
2 48 46 535281437
1 62
1 138
2 127 56 431646643
1 171
2 176 13 119260729
2 89 95 777651225
3 84 155
1 5
3 33 40
2 162 150 857836572
3 65 121
1 143
3 80 124
2 171 172 133521480
2 39 120 769190008
1 126
1 25
3 21 95
1 58
1 180
1 6
1 101
2 22 92 557587477
1 72
3 46 153
2 9 183 479640778
1 55
1 105
1 167
1 80
1 51
1 148
3 56 51
2 9 166 977935358
2 8 16 706114186
2 112 138 966558453
1 78
3 131 140
2 150 88 367940034
1 30
2 53 164 832400995
2 38 142 7792765
2 68 12 881731102
3 58 65
2 23 11 271126
2 137 78 185018616
2 116 2 994724021
1 59
1 133
3 120 29
2 103 55 475174888
3 165 56
1 148
3 164 118
1 19
1 52
2 163 156 508272399
3 125 92
1 157
3 70 35
2 33 124 784392059
2 95 41 862640188
3 170 11
1 87
2 29 182 696291611
2 21 123 706022813
3 180 99
1 15
3 163 121
2 121 11 465492588
1 14
2 15 160 312190619
2 105 45 723172474
2 86 165 747742854
2 24 160 400668300
1 156
2 95 1 73092543
3 182 136
3 75 18
2 4 34 722809925
2 6 69 16607143
3 109 62
2 26 29 820887990
3 6 29
3 56 182
3 121 40
1 57
2 40 62 56544657
3 88 23
3 116 157
3 40 123
3 146 105
3 25 50
1 6
2 142 92 958292010
2 78 9 381914446
1 64
3 87 159
1 70
3 161 134
2 124 169 180759691
1 159
2 3 22 288169601
2 132 60 267012409
2 101 54 461149099
1 126
2 73 11 294445025
3 115 155
3 8 156
2 153 23 642585630
2 163 6 552950556
1 98
3 129 133
1 163
3 121 25
2 12 105 132883256
3 127 60
3 97 103
1 112
3 15 36
3 134 176
2 133 120 288058170
1 13
1 170
1 43
2 129 102 785284276
3 117 36
3 163 23
3 3 14
2 14 118 170607075
1 46
2 13 130 314037633
3 120 102
3 23 178
1 110
2 81 90 443149477
3 10 157
1 79
3 55 178
3 2 163
2 178 127 382931229
1 148
2 105 180 374479715
2 136 1 369062109
3 179 100
2 81 72 297798860
3 131 86
2 70 29 19002927
3 72 46
3 74 126
3 52 172
2 123 71 612715654
3 76 159
3 67 46
2 130 102 615994845
1 59
3 173 35
2 60 91 621152501
2 103 1 467601317
1 179
3 84 10
1 103
3 156 138
1 15
3 73 80
1 175
2 33 163 309461569
1 130
2 151 122 917890495
1 111
3 143 63
2 162 12 803282844
3 3 56
1 24
2 154 126 500713773
2 139 118 945509989
3 105 118
3 123 174
2 43 158 896001928
1 124
3 38 67
2 46 138 833660629
1 41
2 44 32 334501393
1 93
3 46 110
3 9 7
3 58 143
2 120 94 760731863
1 99
1 53
1 163
3 114 68
3 14 92
1 165
1 39
3 93 46
2 96 124 277703537
1 14
1 47
1 159
1 23
2 5 67 597013926
3 87 94
2 117 71 867373204
2 111 41 581409136
2 26 99 47534936
1 170
3 82 158
1 164
1 82
3 77 167
3 105 121
2 77 21 834857858
1 131
2 103 77 510907454
3 10 51
1 11
1 131
1 178
3 138 121
3 46 128
1 87
1 5
3 34 69
1 155
3 131 153
3 105 56
3 3 163
3 55 48
3 79 18
2 172 130 972999539
3 6 73
2 86 39 432448772
3 25 115
1 17
3 110 150
2 139 170 480955883
3 34 146
1 22
2 107 146 572878482
1 112
2 16 80 606768139
3 167 110
2 108 165 552517500
1 80
1 21
2 148 164 199295586
2 104 132 674944345
3 40 135
2 44 128 304027956
1 83
3 106 133
2 138 167 691277807
3 180 124
3 87 160
2 68 116 626713056
2 101 114 509448765
2 175 109 599365021
3 8 76
3 120 86
1 30
1 71
2 29 4 707413233
2 15 118 561073359
2 61 137 601608879
1 164
3 133 90
2 146 126 114084692
1 90
3 38 94
1 93
3 173 81
1 111
3 21 93
1 63
3 149 130
1 29
1 179
3 136 153
3 34 169
1 161
2 34 73 894798157
2 125 13 858628650
1 56
1 64
3 140 145
2 118 120 301486215
1 142
3 130 103
2 80 143 68150713
3 150 115
3 119 131
2 6 105 539559465
2 111 92 552674773
3 47 23
3 83 93
1 167
3 13 54
3 50 5
3 158 109
3 26 24
2 133 17 863007115
3 130 131
1 2
1 134
3 13 92
3 60 80
3 19 169
1 23
1 166
2 13 26 847026309
1 159
3 150 170
3 68 11
1 55
3 67 60
3 108 174
1 117
2 158 32 67806840
1 122
3 95 76
2 55 95 113761183
1 101
1 158
2 110 162 532117290
2 3 16 62013573
2 34 169 235804420
3 151 120
1 40
3 46 90
1 40
1 2
1 101
3 100 33
3 98 85
3 89 166
2 68 25 920529264
1 114
3 179 134
1 25
2 19 100 759279404
1 17
2 12 42 887629619
1 77
2 152 55 587703876
1 113
1 176
2 60 68 364978014
2 152 114 600057383
1 24
3 63 5
1 63
2 41 72 730600192
1 121
1 108
2 65 23 714655589
1 62
3 154 64
1 172
2 178 93 704937464
3 30 156
3 124 180
1 154
2 136 154 435924945
1 151
1 124
3 47 107
2 32 39 51680003
2 180 166 594832892
1 25
3 87 7
1 120
3 38 153
2 13 89 399098860
1 21
3 131 142
1 90
2 174 91 736505334
1 27
3 124 165
1 62
3 2 16
2 56 168 214686
3 57 44
3 12 95
1 129
1 80
1 142
1 90
3 148 131
2 166 182 671048542
1 25
2 7 173 952850824
1 38
1 142
3 121 59
2 144 103 961908434
1 69
1 58
1 48
3 162 166
2 90 127 136222507
3 153 29
2 12 44 195011209
1 21
2 44 98 367141073
1 125
3 150 105
2 149 88 29899079
3 122 122
2 180 63 266604094
3 5 121
1 6
2 145 142 998780061
1 87
2 99 92 466590666
2 63 39 596959339
2 141 176 747693828
1 71
3 164 37
3 152 47
1 144
1 118
2 149 159 136131332
1 73
1 75
1 22
2 14 151 920454922
3 180 135
1 14
2 55 3 488882328
2 27 31 951941828
3 3 60
3 62 169
3 100 19
2 136 104 658979615
1 181
1 179
3 128 135
1 122
1 3
2 108 97 314457636
2 5 12 624035740
3 49 20
2 69 34 991048672
1 52
2 72 181 895013314
3 47 163
1 63
3 20 151
1 5
2 108 109 589227129
3 162 174
2 176 91 930389173
3 5 11
3 112 42
2 12 140 268452639
2 19 3 554735484
2 85 167 727299952
1 102
2 140 182 989758530
2 3 165 954116428
3 6 98
3 178 37
2 144 28 338704490
2 108 125 209678301
1 75
3 61 130
3 147 57
2 44 169 495439745
3 13 87
3 149 6
2 33 45 145167257
2 115 31 669084795
1 46
1 30
2 136 89 290451082
1 3
3 28 10
1 69
3 171 3
2 116 46 636565262
2 54 83 991338316
2 111 78 946890921
3 156 169
1 74
1 116
2 70 60 492948608
2 149 61 670554151
2 64 40 773849497
1 154
2 16 169 959404155
3 59 111
2 45 166 519366984
2 157 105 809882680
1 102
1 27
1 2
1 119
1 57
3 119 85
3 71 156
1 134
1 29
3 144 107
3 169 152
2 30 58 204454797
3 53 34
1 97
2 65 119 302185316
3 84 104
3 25 15
2 110 97 406976887
1 92
1 106
2 50 4 205476197
3 26 142
2 111 157 318197194
1 68
2 95 160 148639608
1 101
3 34 43
3 32 136
1 72
3 68 117
3 130 75
3 100 85
2 82 158 341156634
3 182 122
3 149 44
3 97 46
3 69 153
1 95
3 42 52
1 61
2 174 45 736216282
1 10
2 126 161 601251966
3 11 29
3 148 138
1 110
1 144
1 41
2 95 150 526983339
1 31
3 5 149
3 181 94
2 87 132 699356066
2 37 144 545214052
3 132 13
1 172
3 9 88
2 97 105 713403800
1 47
2 108 108 16548863
2 18 182 814185939
2 75 1 271834464
1 73
2 179 85 422162917
3 171 74
2 94 100 901173225
3 125 166
3 116 92
3 56 110
2 30 17 261176526
3 124 24
1 174
2 148 144 25755554
2 98 168 942401050
2 124 123 372745001
2 147 81 570444164
2 2 90 545421164
3 56 124
1 174
2 124 116 534567598
2 140 156 647039649
1 38
2 8 84 262023610
1 27
2 183 56 349452174
3 177 154
2 15 163 518028345
1 95
2 174 105 123035023
2 78 154 184554505
2 21 68 911540551
3 100 24
1 21
1 11
2 22 128 966748123
3 27 175
3 117 170
1 162
1 165
2 42 140 137021052
2 41 121 676489661
2 2 87 932799670
1 93
1 88
2 13 168 470751180
2 91 173 945095474
1 106
3 26 22
2 170 21 313894990
1 105
2 171 91 111661153
1 8
1 27
3 78 57
1 46
1 73
1 107
1 172
3 167 139
2 134 96 994793919
1 45
1 80
1 175
3 50 14
1 126
2 102 173 919605050
1 3
3 141 82
1 146
2 82 90 525744260
1 36
3 137 151
3 15 38
1 8
3 102 86
1 61
3 143 150
3 82 164
3 173 181
1 169
2 107 109 390637332
3 171 12
1 151
3 76 129
1 169
3 79 164
1 17
2 54 28 912633932
2 134 173 22379403
2 21 180 844994974
2 149 62 349277837
1 172
2 34 43 695106519
1 68
3 176 79
1 73
1 134
2 82 1 462953374
1 141
1 67
1 137
1 93
2 175 104 18456708
2 99 23 974715639
2 58 40 447693523
3 114 150
2 14 130 58124232
1 91
1 37
1 132
3 108 177
3 44 76
2 148 10 787325237
3 176 167
2 66 50 158695790
3 2 8
2 131 45 436054823
3 45 136
3 102 172
2 118 125 217624120
3 131 117
2 110 182 325646690
1 2
3 7 127
3 137 143
1 137
3 153 105
2 151 130 551247742
1 109
2 66 45 574421530
2 79 122 553671604
1 159
2 64 35 676493406
1 180
3 100 100
2 169 85 34648275
1 103
3 118 110
1 40
3 6 173
2 99 1 805770499
3 13 128
3 164 113
1 15
3 20 130
3 123 166
2 59 88 697943319
3 99 130
1 176
2 63 137 532104160
3 151 177
3 88 49
2 47 35 334865269
2 98 101 956580866
3 182 108
2 57 162 980894316
1 113
3 65 164
2 36 143 670844091
2 21 11 566024042
1 87
1 124
3 134 23
2 62 154 602190149
2 154 152 245539006
1 20
3 159 144
2 163 128 513208127
2 140 25 20336408
3 154 173
2 129 141 604250345
1 88
1 40
2 101 112 711779521
1 56
1 49
1 25
2 58 104 261204993
3 135 177
3 176 70
2 141 155 482619868
2 83 118 332799235
2 32 85 557098144
3 92 109
2 143 146 427181812
2 179 86 65358473
2 44 91 344074216
2 130 153 258196409
3 151 63
1 114
3 55 123
2 76 129 500447399
3 94 179
1 117
1 53
2 54 68 162107434
2 160 106 721089966
1 94
2 119 94 561655540
1 136
2 41 54 225545894
1 70
1 35
3 178 40
2 88 91 483036941
2 162 170 445645755
1 84
2 42 123 102098136
3 130 38
3 58 183
3 4 162
3 27 58
1 125
1 155
1 8
3 113 178
1 126
2 157 31 98846705
1 1
1 36
3 77 174
3 108 96
2 162 172 716306077
1 15
2 24 68 13311055
1 100
2 147 19 726688711
2 165 135 999842985
3 20 6
3 139 16
1 71
2 19 154 255078685
3 56 48
1 127
1 33
2 167 30 472919237
2 103 2 736092419
2 177 173 223313419
2 107 112 704693201
2 120 59 568076529
2 138 29 911161211
2 68 135 930577162
3 68 35
1 89
3 66 78
2 43 153 105122310
3 55 101
1 166
3 99 129
2 105 25 767359892
2 38 80 910286770
3 57 150
1 152
2 135 138 358369438
3 92 159
2 45 144 954049006
2 42 114 954375056
1 136
1 34
1 54
3 4 11
3 55 10
1 183
3 125 83
2 135 59 344923479
3 130 102
2 34 9 444764498
2 96 80 779137062
1 154
3 141 55
2 81 61 610599696
1 152
1 156
1 139
1 121
3 175 108
3 97 182
1 65
1 107
3 170 132
2 157 24 798222306
3 71 100
3 34 86
3 92 19
1 98
3 100 167
2 74 22 257611718
3 47 183
3 146 59
2 82 128 582771431
3 14 31
1 52
3 119 13
3 129 15
1 140
1 86
2 145 163 998727609
2 13 6 238664457
3 112 89
2 88 178 801721248
2 128 18 71952767
2 24 114 992174841
1 34
3 95 15
3 90 116
2 121 177 478184860
2 34 34 706486076
1 148
1 167
3 131 48
1 95
2 66 48 112420580
3 14 51
2 55 10 359570645
1 62
2 176 39 561417347
3 110 149
1 130
1 70
1 58
3 140 102
3 11 28
3 89 113
2 86 106 795023276
3 60 95
2 168 139 269310691
3 12 110
2 182 130 63770786
3 48 67
1 75
1 147
2 74 161 934602386
1 102
3 99 172
3 128 146
1 10
3 152 48
3 26 175
2 101 88 707706224
1 50
3 38 161
1 131
3 13 39
1 15
2 179 88 817111782
2 95 139 40431490
2 46 39 294577183
3 60 95
3 156 14
2 170 70 417253112
3 162 119
3 146 112
3 119 119
1 29
2 151 88 313700599
1 68
2 154 87 419330063
1 29
3 57 9
2 70 102 132080030
1 59
2 20 12 997455006
3 166 108
3 63 5
3 54 34
1 52
2 32 128 552308837
3 124 157
3 67 73
1 26
2 63 154 375454116
3 135 90
1 61
1 150
3 150 157
3 174 171
2 147 99 118682702
1 105
1 19
1 73
3 76 105
3 91 88
3 136 71
3 160 64
1 172
2 135 118 140864758
2 1 81 353906751
1 35
3 24 66
1 20
2 159 14 540712452
1 64
2 55 84 607442613
3 121 178
1 124
1 49
2 33 161 883538062
1 61
2 124 54 81524063
3 59 93
3 144 63
1 42
1 82
3 135 161
1 153
1 74
3 169 65
2 142 172 326817258
2 75 145 532776412
3 121 3
2 146 78 466097832
2 43 102 203417091
1 77
1 153
2 55 25 852740009
3 67 45
2 19 106 162581652
1 54
1 110
2 118 72 809699990
1 63
2 41 45 390085059
3 11 172
3 124 53
3 158 37
1 126
1 144
2 115 140 449588033
2 130 151 204962324
2 173 119 510299561
1 1
2 145 120 524187290
3 118 27
3 153 156
2 1 178 476595880
1 41
1 63
3 161 84
1 18
3 2 175
2 64 32 908947786
3 55 107
1 74
3 11 18
2 30 84 2416202
1 96
1 179
1 22
3 143 172
2 39 80 910087623
3 172 175
1 57
3 29 50
2 118 181 407077259
3 9 99
3 98 99
2 171 7 872443558
1 21
3 17 142
3 27 87
2 47 148 35116460
1 176
2 21 157 613586334
2 27 117 817680960
3 94 117
3 42 72
2 121 166 699138648
3 103 174
1 41
1 105
1 50
2 83 131 6337522
3 54 50
2 49 52 240011950
2 85 57 614023215
2 158 156 376710053
3 108 83
3 169 11
2 63 29 883104395
1 81
2 138 39 100569187
2 170 80 503852011
2 63 54 470892182
1 163
1 136
3 90 46
2 132 4 271628270
1 55
2 116 71 461795099
1 54
3 132 53
2 88 123 399756944
1 8
2 161 94 597312701
1 135
3 11 48
2 160 151 294860897
3 90 3
1 176
3 168 15
2 128 149 521495712
3 113 162
2 5 143 641968258
1 134
1 108
1 124
3 74 92
1 24
3 174 101
3 4 82
2 75 62 333228656
2 84 12 338711212
2 84 155 740570503
1 101
1 158
3 19 171
3 85 176
3 13 69
1 53
1 135
1 97
3 166 40
1 94
2 175 159 592735304
3 140 107
2 37 77 880629622
1 131
2 41 63 683156742
2 178 167 177764020
1 85
1 183
1 57
2 67 165 587817228
3 85 174
1 51
2 170 169 772026486
3 71 109
2 79 91 620922561
2 164 40 723288849
3 68 88
1 8
2 164 75 572580735
1 43
1 23
3 2 95
3 64 4
2 126 57 282926962
1 182
2 102 89 235287301
2 39 119 729862215
3 28 94
2 44 11 866309457
2 159 45 617266089
1 37
1 93
3 74 152
2 160 165 690951394
3 169 137
2 8 165 413693977
2 25 71 269106472
3 123 181
1 30
2 65 71 839763159
2 163 135 350197322
1 160
1 61
2 119 46 920193454
1 32
2 179 41 114747286
1 74
3 64 100
1 24
1 124
1 118
2 90 33 574391830
3 13 172
3 32 155
1 12
3 71 181
1 1
1 119
2 69 104 849567272
1 35
3 65 25
1 75
2 81 126 781721108
3 135 47
1 36
2 25 58 561003518
2 142 113 56477739
3 151 25
2 174 77 152574212
2 64 169 545027541
2 78 23 307318658
3 18 46
2 109 68 508983078
1 35
3 163 63
2 167 48 180943286
1 116
2 149 74 413733591
1 93
1 55
2 52 8 167186385
3 154 111
1 38
1 131
1 178
1 22
2 120 77 983837876
1 9
3 31 75
1 104
1 178
2 23 66 512045416
2 27 8 893826024
3 39 159
3 43 42
3 123 137
2 5 49 522970271
3 2 148
3 77 105
3 79 102
2 139 84 64714104
3 102 3
2 122 168 390097910
3 66 114
1 12
1 150
2 99 69 734423792
2 41 32 620044265
2 128 113 693831506
2 157 146 968678327
3 55 115
1 178
2 126 124 968745893
1 87
2 151 43 598171203
1 45
3 111 152
3 70 95
2 58 19 946093266
3 47 157
2 171 8 879388553
1 105
3 53 152
2 4 54 119960521
3 91 169
3 68 22
1 136
3 73 3
1 154
3 148 182
2 128 123 200605697
2 160 53 654872697
1 149
1 20
3 180 164
2 110 26 360795940
3 6 68
2 139 37 850766918
2 111 23 686674872
1 4
1 119
2 139 38 107776303
3 119 44
2 103 113 700102494
1 115
2 11 152 43505239
2 152 82 941476848
3 63 120
2 138 30 544125522
2 120 123 965884187
2 120 105 995456153
1 95
1 125
3 36 48
2 101 86 760470396
3 142 181
1 169
2 171 80 38156675
1 17
3 100 34
1 23
3 25 182
3 124 50
2 18 51 837271025
1 33
2 10 17 777662469
2 126 170 108899286
1 158
3 51 119
2 6 26 887047535
1 35
3 5 76
1 183
3 99 81
3 182 121
3 47 70
2 121 111 100014834
3 65 151
2 171 156 863941220
3 7 48
2 127 171 664236706
2 29 30 722543838
1 105
1 2
2 95 49 881063676
2 158 23 677858606
3 130 49
2 183 23 673339098
1 17
3 146 96
1 148
1 153
3 69 64
1 32
1 99
2 114 60 215875047
2 46 129 406273723
1 110
3 114 118
3 77 97
1 154
2 72 119 419413232
2 32 61 283153111
2 159 53 776816915
3 146 116
2 171 5 802118672
1 140
1 90
1 124
1 178
2 164 47 645176448
3 7 21
2 35 80 879235423
3 145 17
1 27
3 116 34
2 106 6 664550409
2 163 139 690461979
1 7
2 71 37 337892056
1 138
2 66 159 286456210
1 86
3 23 1
2 12 14 345320578
1 40
2 79 65 358760976
2 19 176 509767507
1 146
2 130 36 765744394
1 99
3 84 45
1 55
3 170 82
2 107 59 180402863
1 151
2 29 139 308793206
3 30 24
1 41
1 44
1 113
2 96 151 421490427
2 169 42 18867128
1 138
1 87
1 174
3 175 158
1 5
2 92 95 994503891
1 43
2 146 44 307991900
2 169 176 643281210
3 14 111
3 84 134
2 154 110 126969397
1 110
3 105 128
2 37 64 531941287
1 154
3 104 29
3 77 134
3 3 178
1 156
2 114 166 322787711
3 77 25
2 35 39 282288050
3 79 14
3 138 123
1 75
2 85 142 182405931
3 165 41
3 97 27
3 105 26
3 162 69
2 77 122 724519975
2 182 101 931285094
2 58 36 182092433
1 174
2 19 164 170124354
2 57 183 87770277
2 128 40 69315488
3 22 90
1 31
1 81
3 115 102
2 2 133 762434059
1 100
3 138 162
1 12
1 102
1 125
1 115
2 144 82 161997124
3 17 166
3 33 65
1 156
1 43
3 180 67
3 119 81
3 114 143
1 145
2 29 93 916729570
2 41 67 892581910
3 139 88
3 65 156
1 132
1 21
2 99 66 110842341
3 15 66
2 141 109 553281180
1 47
3 125 27
3 36 147
1 165
3 122 169
1 122
2 58 165 486633675
1 127
1 58
3 6 144
3 94 181
1 52
2 165 174 713796935
2 124 174 61382339
2 90 115 549524535
1 17
3 104 101
3 124 177
2 164 120 840280950
3 29 64
3 162 98
3 9 172
3 175 14
3 162 65
1 128
1 149
3 127 35
3 174 27
1 168
1 71
3 48 124
3 24 50
2 55 96 344554430
2 83 5 303187072
1 155
2 64 79 746720484
1 91
2 26 38 193378279
2 161 116 276028858
2 104 107 68289007
2 173 181 950945157
3 149 107
1 96
3 86 80
1 52
1 150
2 132 6 742152544
1 116
1 176
1 85
3 150 181
2 112 4 634197218
3 147 8
2 153 82 617565122
2 161 19 832277660
2 24 174 866483225
2 82 75 528764412
2 152 140 505550526
1 125
3 18 116
1 96
1 61
3 28 9
3 45 63
1 12
1 29
2 65 158 402429696
1 48
2 61 118 154665528
1 2
2 72 5 947818350
3 152 182
1 15
3 110 120
3 48 46
2 130 135 625046406
2 135 69 754791328
1 179
2 66 1 403961860
1 160
3 7 131
2 6 74 173980699
1 112
3 35 8
1 124
1 13
1 44
2 156 41 775523502
3 128 110
2 80 159 823338895
1 133
2 145 31 696255107
3 30 7
1 67
2 98 154 680651195
3 126 36
1 19
1 64
2 63 124 276738074
3 87 56
1 110
3 64 108
2 112 135 525217669
3 91 47
1 23
2 83 130 289722712
2 124 152 166094559
2 65 66 182694683
2 81 89 571726004
1 7
1 7
1 137
1 11
2 183 142 884823423
1 60
2 22 32 824602555
3 145 52
3 43 86
3 7 153
2 179 38 54173819
3 100 102
3 129 146
2 60 120 605219210
1 123
1 178
3 177 69
1 159
3 111 174
2 27 95 124875944
1 41
3 142 45
3 13 41
1 91
3 109 106
3 83 38
2 34 76 765304307
1 67
2 167 138 354298317
1 65
2 113 46 429808920
3 124 78
2 163 101 577096670
3 134 172
2 34 48 419950780
1 15
1 124
1 119
3 149 152
3 69 183
2 35 7 332513517
2 100 51 832885223
1 7
1 132
2 52 173 175718639
1 30
1 128
3 25 155
3 31 123
2 43 163 59962833
2 23 111 187348585
1 57
3 147 94
3 30 20
1 97
2 133 179 214780402
3 127 40
1 72
2 83 127 171288694
1 167
2 70 48 178446348
3 3 54
1 103
2 104 65 76581186
2 15 119 646300015
2 174 73 864561445
2 130 166 256411563
1 136
2 154 101 337590374
3 29 1
1 118
1 27
3 13 24
2 25 174 611530946
2 159 98 393269451
1 3
1 137
2 71 89 369800509
1 84
1 12
1 28
1 14
3 101 32
2 74 171 871465758
2 55 136 778373486
3 167 53
1 43
1 156
1 88
2 19 88 189460419
3 79 45
2 73 160 235583949
3 117 178
1 131
2 149 67 227404235
1 79
2 38 160 2116099
2 151 31 964525911
1 177
2 82 106 271777420
1 95
1 131
1 110
3 54 24
3 164 144
1 3
3 88 167
1 77
1 106
2 181 32 232455502
1 59
3 10 97
1 43
1 70
3 119 53
3 4 148
1 104
3 17 152
2 117 102 253533662
2 5 157 247391208
2 2 152 369307512
1 7
2 157 180 601149268
2 34 81 867504653
1 135
1 6
3 8 174
2 87 23 134232163
1 181
1 28
3 1 13
2 50 153 275904959
3 178 76
1 24
2 9 91 78151111
3 57 134
3 33 105
1 58
2 37 83 959325240
3 64 109
2 15 96 708273613
2 147 78 107145432
2 41 108 78872641
3 66 43
2 37 154 295459872
1 141
1 22
3 104 142
3 172 147
2 104 169 790912639
3 139 11
1 140
2 154 106 122996292
2 98 84 725399669
2 175 23 129770491
2 26 60 81915971
3 171 124
3 46 111
2 85 147 879003051
2 105 114 660534838
2 150 124 609734157
1 91
1 175
1 148
2 31 100 843428609
3 80 59
1 101
1 177
3 55 164
1 46
3 116 155
2 171 166 976830145
3 94 10
1 180
3 142 82
2 63 166 727238435
1 86
3 124 178
2 163 37 259855957
3 163 26
3 124 146
1 141
2 73 132 377274718
2 46 143 532956603
1 77
2 24 36 337483061
3 168 137
1 50
3 78 77
3 182 143
1 183
3 114 133
3 78 8
2 43 179 912409082
3 97 4
1 105
2 38 5 926100048
2 88 125 665642847
3 63 76
1 170
1 71
2 58 10 782083387
2 160 163 474504473
3 35 116
2 4 87 877960976
3 124 50
2 41 114 376237197
3 151 7
2 181 143 22300322
2 62 131 703627164
1 71
2 180 153 990979967
3 57 65
3 47 133
2 177 44 307048916
1 159
2 123 146 360042545
2 41 66 389574532
1 51
3 137 69
1 148
2 15 79 817681356
1 161
1 20
3 41 151
2 56 162 32707875
2 180 55 48324342
3 166 130
2 4 160 383459414
2 141 46 614465282
2 169 85 967758013
3 172 57
3 89 23
2 30 122 707537679
3 104 59
1 152
2 70 183 102022445
3 38 172
3 50 41
3 85 7
3 167 137
2 24 107 229256703
1 6
2 6 177 373585465
3 90 40
2 172 179 534602984
2 135 35 173960277
3 110 3
2 84 136 604974362
1 149
2 88 168 863573243
3 1 16
2 142 43 352500227
2 106 26 640151374
2 80 11 601616487
2 144 57 292565743
1 9
2 55 88 353082223
3 70 36
1 107
3 127 67
3 63 48
3 54 49
2 169 83 656995996
2 5 80 769378928
1 63
3 5 160
2 153 69 586059684
3 81 140
1 1
2 81 139 577519765
2 60 170 503499146
3 12 80
3 150 69
2 167 72 626782126
3 125 116
2 181 36 620322080
2 70 160 880807981
3 71 14
1 43
3 58 64
3 123 114
2 88 47 51504073
2 177 5 511270315
3 94 47
3 180 141
1 44
1 62
3 6 31
1 135
3 94 114
2 81 88 580896504
1 137
3 133 102
3 13 159
2 153 40 919294126
1 165
3 97 120
2 126 47 65829847
2 143 14 947883754
2 63 63 975736960
3 162 84
1 144
1 6
2 126 140 695153264
2 34 78 244575393
1 31
3 151 53
2 128 11 203324941
3 60 103
1 92
2 131 3 245132080
3 141 71
1 99
2 133 84 384297072
3 80 52
2 123 172 374411498
2 21 61 727524117
3 148 61
2 15 93 429120250
3 44 20
1 139
3 133 41
1 162
3 20 108
2 140 12 270340282
3 47 57
2 34 171 900453856
2 68 30 491818874
1 71
2 95 1 827104896
3 136 133
3 148 65
2 105 40 604487445
3 151 60
1 76
1 181
2 120 75 901274572
1 2
3 3 1
1 135
2 134 32 92096672
3 108 96
2 54 138 991796013
3 121 43
1 180
1 66
2 76 150 979911487
1 136
2 12 162 952071558
1 109
2 128 128 962078949
2 51 25 408537211
1 56
1 15
1 79
1 75
1 114
1 125
1 72
2 30 130 36011283
1 178
2 68 174 196905015
2 126 5 296364814
1 67
3 24 157
2 86 76 355334314
3 50 110
3 9 78
2 21 85 166480122
3 157 81
3 44 135
2 137 101 839102127
3 25 61
3 68 21
2 38 58 973470646
3 58 39
3 174 83
2 156 65 611177352
2 139 3 397126072
2 179 6 401398263
3 102 60
3 94 161
3 115 159
2 58 83 19765838
2 135 17 125171330
3 21 30
3 72 170
1 21
1 157
1 150
3 48 102
3 142 36
1 24
2 35 33 393023466
2 47 42 174689814
1 17
1 171
1 175
2 19 125 497317899
2 46 126 255629900
3 126 135
2 4 154 763215734
3 102 158
3 115 118
2 85 37 692937653
2 139 137 316774529
2 143 41 896097300
2 50 82 391595183
2 115 40 367752099
3 119 21
3 6 106
1 62
3 99 125
1 149
1 168
3 178 128
3 17 15
3 7 89
1 96
1 23
1 58
3 129 87
2 126 38 843752165
3 98 112
3 70 46
2 182 104 932832923
2 157 85 415918553
3 72 121
3 165 66
1 78
3 41 142
3 71 86
3 139 103
1 67
3 56 47
1 149
2 119 162 350087011
2 98 26 669985446
3 8 34
3 43 12
2 43 151 458215602
3 132 98
3 63 177
2 86 40 926381769
1 67
1 144
2 71 45 499815136
2 160 75 31681279
2 92 117 348709299
2 54 1 607696154
2 133 82 555894808
2 111 75 632506986
2 82 162 753353959
1 166
1 41
1 168
2 146 17 966954591
3 134 53
2 159 19 719428519
1 123
1 52
2 176 178 486616171
2 63 127 637359258
2 45 33 625850577
1 53
1 90
2 95 86 958255930
1 130
2 139 126 20855332
1 83
3 169 183
1 86
2 82 10 774593255
3 168 7
1 143
3 60 74
1 81
1 85
2 143 7 579839640
1 101
2 79 82 897150882
1 94
1 166
3 125 130
2 152 79 920854568
3 95 170
3 101 104
3 145 116
3 85 71
3 6 154
2 9 4 382703542
2 168 27 558543608
1 165
2 159 88 629943753
1 28
3 22 93
2 121 21 850570782
3 97 159
1 134
1 30
1 29
3 177 177
2 105 103 269696823
3 48 51
3 79 61
2 44 71 475984965
3 80 34
2 107 131 462008146
3 128 16
3 43 43
2 31 77 66922865
1 51
2 113 76 831654552
1 15
1 51
3 81 58
1 149
1 49
2 50 151 203059917
3 63 115
3 163 24
2 26 27 896880405
1 172
2 54 121 493788399
3 162 160
1 165
1 96
3 174 37
1 141
3 4 64
3 125 4
3 38 24
2 16 91 924782800
2 157 177 623738719
2 130 145 856400377
2 131 117 295208507
3 125 24
1 130
1 42
3 96 118
2 85 41 233033975
2 138 136 194103055
3 106 75
2 22 164 475952190
1 37
2 20 144 249605396
3 110 79
3 129 20
1 48
2 65 70 830139979
1 14
3 30 5
3 73 183
1 55
2 176 59 145794979
2 116 120 773969363
3 165 42
3 26 74
1 115
2 40 57 140182207
3 172 137
1 113
2 105 151 223465401
1 153
1 91
2 137 133 733484800
3 6 37
3 119 156
1 9
1 117
1 171
2 119 177 69157051
3 82 84
1 125
3 19 183
1 134
1 91
2 124 19 506742352
3 65 107
2 126 99 331370173
2 63 57 713443494
2 78 183 516041057
3 112 20
3 106 50
3 111 103
1 20
3 150 156
2 77 31 784203259
1 100
3 77 109
3 172 17
2 149 9 807986968
1 90
3 62 27
3 179 61
3 169 164
2 96 67 990983374
2 46 52 724521011
3 65 170
2 31 61 608241363
1 79
2 171 57 511911904
3 128 100
2 73 108 469943359
1 146
1 131
3 20 60
3 150 169
2 11 21 313552429
1 147
3 54 45
1 107
3 9 8
3 98 19
1 44
3 170 69
2 115 10 215871110
3 176 110
2 179 22 212427188
3 30 45
3 43 52
1 22
3 156 37
3 13 78
1 174
3 7 124
3 52 167
3 162 162
1 165
2 73 132 458061275
3 129 108
3 136 164
1 14
1 15
2 172 75 443768297
2 40 122 767208158
3 10 169
2 128 95 734369899
2 68 161 111917990
3 96 104
3 147 24
1 86
1 32
3 42 80
2 153 114 400369881
2 78 45 622158963
2 36 83 716224824
2 88 2 398951563
3 160 25
2 22 150 230681762
3 147 49
3 107 16
1 60
1 3
2 147 159 84991220
3 58 2
3 125 79
3 78 57
1 100
2 28 181 706840281
2 75 19 228440728
1 170
1 110
3 87 140
1 49
1 154
1 155
2 166 16 686190870
2 147 58 224491553
1 162
1 91
1 122
2 121 49 904612088
1 79
1 44
1 59
2 116 140 737681891
2 112 55 617614408
1 26
2 96 85 663178438
3 64 113
2 60 5 678145562
2 125 37 774220951
1 44
1 17
3 121 179
1 57
1 54
3 38 145
2 43 40 760478366
3 59 144
2 173 71 512834994
2 49 23 724664413
2 145 90 837861246
3 132 70
1 75
2 47 126 302002618
3 131 157
2 150 148 352099015
2 171 145 530250017
2 57 101 370551111
2 137 57 128605824
2 6 90 895641896
1 11
1 80
3 55 160
1 3
1 18
2 101 137 765511212
3 179 89
3 98 112
1 116
2 173 182 4594239
2 162 163 343956108
3 135 85
1 127
2 121 62 61798277
1 40
1 34
2 7 37 453386011
2 65 169 152253539
1 39
1 161
2 56 25 74633301
1 110
3 170 74
2 59 33 463231336
2 61 27 306042297
3 97 48
3 34 84
1 22
2 143 45 951247823
3 17 35
3 176 58
1 50
3 111 76
3 144 7
3 64 91
2 113 35 126073133
1 26
2 116 143 744216458
3 73 136
2 31 76 429319834
3 140 13
1 118
1 21
2 135 14 487689189
1 168
1 135
2 54 145 969650062
1 56
2 65 168 693640381
3 19 43
1 85
2 107 112 592818458
2 36 170 692389749
1 102
1 79
2 21 141 770280029
3 79 129
2 130 142 41714793
3 36 166
2 23 94 882847367
2 12 169 916716712
1 30
2 161 45 193456276
3 61 75
1 84
2 126 172 275526316
2 141 28 823927549
3 9 142
3 34 108
3 95 145
2 40 159 651676700
3 51 177
1 167
3 142 25
3 108 150
1 181
3 40 97
2 11 164 143496442
2 63 10 279937017
1 23
1 139
2 33 181 325373042
3 88 124
3 85 143
3 135 15
2 143 133 577140416
2 26 107 744684739
3 32 58
2 38 165 4771170
1 49
2 6 53 211826739
1 42
3 155 180
3 148 6
1 43
1 73
1 164
1 86
2 73 146 687390568
2 135 143 464158552
2 101 114 490086510
1 8
3 95 123
2 148 70 972452928
3 137 169
2 40 152 209298596
3 79 166
3 144 147
1 71
3 6 165
3 120 113
2 132 181 912482756
1 57
2 99 15 522326185
1 138
2 22 130 969749216
3 38 74
1 99
1 31
1 84
3 110 54
3 119 44
3 118 74
3 141 175
2 107 147 406928576
1 126
2 55 141 769912630
3 134 111
2 152 177 738942379
2 183 127 344099166
3 84 160
2 86 131 862532952
2 141 58 152335263
1 179
3 71 20
1 172
3 85 147
2 125 87 469158493
2 25 143 429515336
2 44 168 968833048
3 36 160
2 100 80 520552893
2 121 95 315791666
2 24 124 959519506
2 34 31 224583575
2 8 70 502939655
1 175
1 88
1 145
1 100
1 94
2 133 83 649647032
2 83 66 649564084
3 114 129
2 114 61 871736553
1 183
1 83
2 98 125 547819514
2 162 173 531483388
1 37
3 82 121
3 84 152
2 86 163 315369885
2 97 162 332198525
3 55 43
1 63
2 58 127 748210130
3 80 50
1 26
1 120
2 10 40 628046042
3 155 74
1 39
1 76
2 87 162 662254990
1 154
1 139
1 138
3 85 31
1 114
3 124 149
1 114
2 115 80 26574157
2 33 52 563538493
1 143
3 181 18
3 5 48
1 130
2 2 122 673434706
3 123 177
3 91 58
1 65
1 171
1 155
2 91 46 427760985
2 63 58 91631733
2 67 89 749681841
2 57 123 836403545
3 153 172
1 73
1 62
3 123 103
2 7 98 935395451
3 9 105
1 33
1 136
3 118 104
2 89 32 273636910
1 165
2 127 128 65406433
1 104
1 80
3 65 142
2 146 29 315070081
2 23 133 264020042
3 37 33
2 118 85 196460256
2 124 16 704446829
1 33
3 154 120
3 112 167
3 82 65
1 130
3 74 133
3 8 175
2 77 81 84202593
1 106
2 88 62 449195474
2 120 128 675691952
3 22 23
1 9
3 38 9
3 147 159
1 87
3 61 159
2 9 157 300851666
1 69
3 61 131
1 7
3 54 42
1 70
1 177
1 53
3 47 153
1 158
3 107 43
1 83
1 18
3 181 74
3 11 130
1 30
2 54 104 153852543
3 74 166
3 54 71
3 38 40
2 114 80 735472863
1 108
2 45 14 126490268
1 98
2 103 77 215326822
2 88 177 966404275
1 147
3 141 137
1 14
3 119 159
3 138 57
3 52 32
3 163 31
1 64
3 37 15
3 66 62
1 102
2 132 170 289054845
2 34 26 215763206
3 49 35
3 141 23
3 146 176
1 6
1 171
3 83 153
3 129 126
2 49 64 656258008
3 89 31
3 74 154
3 3 62
2 28 46 805628349
3 157 119
3 68 48
3 2 51
1 30
3 14 162
2 139 84 734109745
3 141 61
1 94
2 143 36 908305234
1 150
2 53 79 362595717
2 169 127 480240966
1 178
3 148 180
1 32
3 8 45
2 135 136 572640133
3 153 13
3 126 15
1 150
2 110 50 635172363
2 183 12 587357613
2 31 25 90216693
3 149 54
3 131 99
2 18 76 786817159
2 27 21 551910813
1 65
2 149 91 704471496
1 12
3 74 44
1 62
2 87 182 676325738
3 57 111
1 86
2 112 107 234479362
2 171 143 380758479
2 83 120 210291203
1 41
1 77
3 48 45
3 114 148
2 50 117 525984233
1 143
1 83
1 111
1 15
1 173
1 147
3 138 152
2 95 49 23148172
2 145 122 133390193
1 46
1 162
3 86 2
3 162 78
1 21
3 38 50
3 87 34
1 125
1 183
2 123 111 602238358
1 155
1 48
3 161 48
2 122 103 205538522
2 20 133 835183822
2 21 151 861160982
3 145 52
1 107
3 84 138
1 68
2 85 70 598568608
1 165
1 121
3 97 136
2 74 82 105812256
1 37
2 73 135 754236552
3 157 11
2 112 136 670640196
2 8 66 562878101
1 35
3 105 8
3 124 62
3 149 80
3 118 150
1 36
1 104
1 63
1 36
1 70
3 11 177
2 24 144 360647732
3 18 173
3 45 22
3 153 127
2 175 129 340506119
1 160
3 55 19
2 63 22 375581415
2 153 63 112333246
3 30 84
2 125 20 834665801
2 28 179 143227590
3 29 47
2 56 153 846192842
2 79 116 177672029
3 78 125
2 17 163 690678120
2 127 43 636212588
1 131
3 71 21
3 41 32
1 102
1 87
2 147 178 79721534
2 102 129 343187304
1 7
1 58
3 42 90
3 94 157
3 11 75
2 81 89 697676925
3 103 168
2 72 156 887638958
2 82 127 725235503
1 163
3 118 140
2 179 33 206059152
1 92
1 112
3 179 94
1 45
3 52 56
3 162 36
2 130 182 489570329
1 108
3 49 98
1 67
1 25
2 67 115 433866553
1 151
3 43 40
2 95 52 125509459
1 51
2 5 120 17383029
3 156 6
2 39 94 282613320
2 50 114 17207844
3 144 46
1 85
1 59
2 169 119 996523234
1 181
3 51 127
2 1 96 48777736
2 171 79 294892564
2 13 168 166226715
3 32 111
2 145 144 180748838
1 9
3 171 46
1 119
3 6 176
3 112 38
3 178 22
2 133 9 558519809
1 56
3 70 40
2 78 116 328961988
1 181
1 25
1 77
3 86 65
1 34
2 97 97 485433021
3 105 140
3 11 158
1 113
2 144 74 836263495
3 176 50
2 146 171 564763224
2 164 161 505790784
2 138 108 334990307
3 42 147
3 26 68
2 79 163 446518259
3 125 2
2 160 159 139647535
1 139
2 159 11 879109920
2 178 114 306920974
1 111
1 52
1 174
2 169 56 453009312
3 172 27
3 81 98
3 134 49
2 127 120 51794632
2 161 53 853292666
1 101
2 63 98 529918659
3 141 104
2 157 79 900205237
1 85
2 149 36 434741337
3 23 139
1 39
2 133 107 327253504
3 138 56
2 25 161 618619607
3 97 97
1 43
1 17
2 31 64 279024468
3 91 3
3 166 100
3 92 109
2 119 144 255397089
3 92 7
2 11 169 190313742
3 127 153
3 183 169
1 170
1 113
2 106 69 741198739
1 61
3 118 107
1 11
1 114
2 59 95 462226625
2 32 150 222184687
3 61 109
1 16
2 55 176 25669768
3 169 175
2 168 107 240409850
2 33 183 196325809
2 28 124 91206970
1 166
2 75 149 693631797
1 83
1 19
2 85 62 566230738
3 176 107
1 143
2 103 76 342035619
3 83 95
1 54
2 157 74 140039598
2 111 128 594629747
2 48 124 923817765
3 108 122
1 22
3 142 89
2 36 128 897019890
3 158 100
3 135 136
2 153 138 275249552
1 68
2 1 28 657888432
3 112 155
2 29 1 240396644
3 117 166
2 5 111 155350511
1 120
1 16
2 19 12 905498192
1 58
2 154 134 743347749
1 134
1 159
2 26 68 358767961
2 126 119 897675060
2 112 55 564753164
3 165 66
2 79 125 592324583
2 113 21 217256026
1 131
1 168
2 142 79 392426941
1 150
3 77 2
2 167 131 901198334
2 39 64 69108155
1 48
2 32 37 91234104
3 86 7
2 146 66 940679337
1 117
3 54 146
3 103 170
2 159 140 184595791
1 73
1 71
3 65 66
1 88
2 76 163 878267845
1 38
3 162 98
2 69 155 355819055
3 61 108
1 9
3 171 137
1 16
3 41 146
1 6
3 175 117
3 54 167
2 181 168 65089651
3 137 19
2 118 169 793015395
3 33 44
1 181
3 90 169
3 73 99
1 132
2 9 47 481357911
1 107
1 12
2 60 124 242209866
1 71
2 161 115 607375829
2 143 176 393177248
3 178 11
1 135
2 47 61 502594549
3 55 23
2 132 162 456831118
2 34 149 766231478
2 169 87 500480268
1 158
2 108 140 843889480
3 118 148
3 120 83
1 182
2 136 74 719365178
1 151
1 159
1 150
1 142
3 131 92
2 94 167 716406506
1 139
1 110
3 109 85
2 156 3 556130980
2 13 107 697098383
1 54
2 21 86 212732404
3 41 1
2 111 6 720025900
1 103
1 129
3 145 27
1 101
2 25 92 773388579
2 80 58 313370441
3 49 52
1 106
3 150 114
1 163
2 154 78 315184906
1 19
1 136
1 126
1 19
1 44
3 125 160
2 124 146 3171033
3 31 111
1 144
1 72
1 28
1 5
3 30 23
3 43 61
1 95
2 53 87 730347449
1 27
3 44 86
1 28
1 67
2 67 96 483242856
3 54 87
3 107 94
2 133 68 646141655
2 83 21 253855187
1 56
1 7
2 48 1 111081082
1 29
1 56
2 71 42 499632718
2 177 4 404659902
2 39 42 920630905
1 138
2 102 4 995247933
3 62 115
2 106 99 914685680
3 120 126
1 143
2 131 40 262269889
1 10
3 33 73
2 178 58 776465797
3 165 69
2 58 63 624601239
1 162
1 80
3 59 82
3 10 109
1 8
1 77
3 61 141
2 144 106 933389309
3 78 146
3 83 154
3 27 42
1 75
3 103 30
3 84 71
1 5
3 39 101
2 62 35 841908539
3 43 183
2 147 85 196844672
1 155
3 166 34
3 156 75
2 30 68 949148838
1 79
1 52
3 50 147
3 142 12
2 50 46 39942989
2 154 160 565743840
3 13 57
1 22
2 136 40 163718674
3 80 57
3 175 178
2 38 61 807530332
3 54 93
1 48
1 48
3 55 171
3 138 64
1 171
1 21
1 27
1 103
2 170 115 323867886
2 155 1 22857786
2 98 124 199065804
3 129 135
2 142 169 529521756
3 97 164
3 131 67
2 153 134 981756229
3 75 139
1 105
1 63
2 4 151 14161473
1 87
2 40 82 163853618
3 88 54
2 125 156 952411356
2 76 6 886866892
2 168 136 990166405
2 118 67 10531013
1 3
2 183 176 873510578
1 41
1 164
2 11 28 471692957
1 101
3 33 37
3 120 93
2 4 170 247674259
3 134 3
1 167
2 48 25 301510969
3 39 18
2 108 80 728921831
1 174
2 66 31 109453170
2 29 36 24462010
3 175 43
1 67
2 96 24 429588899
1 170
1 142
3 95 89
2 83 40 213446272
2 105 156 361539085
1 146
1 121
1 65
2 166 22 722695969
3 5 45
3 143 161
1 157
3 138 123
3 20 22
3 1 48
1 77
2 7 159 208644567
3 142 52
3 40 95
2 49 178 92680255
2 89 110 291257364
3 157 108
2 118 160 140258197
3 134 2
1 159
3 66 96
2 77 130 274311659
2 47 162 984926675
2 52 95 93995843
1 58
1 131
2 2 16 693923546
1 77
3 12 182
1 85
1 138
1 136
1 13
3 155 91
2 145 25 179065947
3 38 117
3 174 6
1 90
3 38 145
1 57
2 90 179 651292346
3 75 48
3 141 18
3 134 157
3 10 150
2 9 146 937076536
3 119 112
3 124 181
2 56 15 97566640
3 164 64
3 179 165
2 178 35 781406634
1 141
2 81 75 901811295
3 175 106
1 61
2 13 138 308315401
1 153
1 103
3 46 68
1 160
3 121 98
1 102
3 80 54
1 119
2 5 38 818260572
3 56 93
3 117 106
1 42
3 134 111
1 39
1 1
3 9 138
1 51
2 125 24 793290711
2 42 138 396877497
3 5 178
2 31 70 100044938
2 114 44 643328563
2 90 59 263068549
2 110 174 368711080
3 126 122
2 119 173 750595544
2 90 152 19487932
3 90 155
2 142 83 964788511
1 32
3 172 51
2 49 18 595838385
1 169
1 5
2 61 67 650991668
2 44 164 20372359
3 111 10
3 105 38
2 17 43 488835293
1 34
2 105 133 62062627
3 121 62
2 45 60 498724966
2 122 127 895538219
2 70 134 24399265
1 24
1 91
3 157 83
3 76 68
2 3 125 487124560
3 149 74
2 94 46 343390152
3 105 93
2 23 100 921382948
1 68
1 14
2 96 50 50736473
3 160 53
3 26 133
1 88
2 11 183 390531413
1 148
2 136 141 933438190
2 55 183 11663298
1 145
2 146 19 290569488
2 16 8 225797522
1 57
2 96 58 49412915
3 30 150
2 57 100 158055369
2 151 136 851938933
3 41 81
1 123
1 78
1 44
1 14
1 70
1 22
1 92
2 178 50 347961246
2 1 18 977963128
1 42
3 65 162
1 108
1 23
1 22
3 72 148
1 34
2 30 81 106959987
2 63 156 962896392
3 155 79
1 103
2 151 3 540472060
3 160 37
2 87 82 103877772
3 151 61
3 146 54
3 90 175
3 65 112
2 158 166 233957030
3 19 42
2 146 106 703564473
2 149 127 75247201
2 101 167 511622428
3 109 94
2 115 101 999888617
1 76
1 127
3 65 56
1 57
3 77 25
1 92
2 112 152 873394118
1 46
2 21 59 836465354
1 135
3 147 152
2 142 5 71440333
1 12
1 142
1 166
3 65 140
3 73 43
1 51
3 10 163
2 55 47 457187834
2 67 108 479443363
3 154 91
3 36 148
3 126 174
2 36 97 788230130
2 111 138 416922243
3 41 21
3 49 66
3 96 21
1 93
2 154 144 413627372
3 110 111
1 177
3 100 105
3 138 4
2 179 151 514456222
1 99
1 130
2 89 120 384415211
2 159 128 107164308
1 91
2 139 57 802827101
1 60
1 117
3 17 37
2 127 89 908309571
3 35 132
1 53
2 119 167 316839402
3 149 168
3 137 164
1 122
2 54 54 538803764
2 120 131 5563270
2 56 26 442799881
1 162
2 151 157 949147456
2 182 101 352676412
1 36
3 71 147
1 47
1 124
1 5
2 82 56 55606054
3 117 130
3 127 85
3 53 60
1 21
3 166 3
2 73 155 226838748
2 81 27 43079404
2 148 60 864177643
1 22
2 77 114 640303644
1 12
2 146 103 851922997
3 114 21
2 48 26 410896615
2 148 101 546613770
3 141 181
1 42
1 8
2 171 125 274805399
1 120
2 96 143 870159770
1 131
1 41
3 132 169
1 181
2 141 179 171999777
3 57 61
3 14 28
1 3
1 27
1 104
2 174 57 846846536
3 178 71
1 111
1 61
2 146 179 440139746
1 166
1 17
3 66 147
1 6
2 171 88 411580052
2 24 160 723260025
1 112
1 25
3 37 52
3 50 85
2 109 174 950059844
1 140
3 115 64
2 54 104 858867089
3 16 133
2 96 174 205599295
1 176
2 56 43 723093524
2 135 27 976928154
1 147
2 182 5 583124284
3 104 66
1 142
3 6 151
1 143
2 145 28 40208040
3 140 7
1 5
3 19 101
1 176
1 164
1 71
2 18 68 745738590
2 121 138 917048165
3 157 101
2 58 46 380370803
2 167 5 781757009
2 76 142 700480383
2 152 73 354279108
3 167 20
2 29 86 543396831
1 158
1 122
2 80 93 803640094
1 67
2 116 50 965494662
1 16
1 177
2 74 178 869715610
2 107 135 23310878
2 84 73 435946515
2 136 27 299770452
2 49 167 361999481
2 38 104 751843987
1 82
3 166 161
2 123 19 862652933
2 177 112 147662997
2 3 133 123883279
2 6 53 149014239
1 17
2 95 63 107598274
3 44 110
1 80
2 109 136 155389015
3 75 57
3 41 135
3 145 88
3 7 167
1 58
1 99
2 175 112 923564696
1 20
2 138 169 669938510
1 68
2 14 149 374461064
1 49
2 13 97 286697339
1 62
1 178
3 9 161
3 48 16
2 138 154 766482669
1 141
2 4 63 189556770
2 178 106 28026618
3 135 99
3 47 170
2 100 65 590071122
3 19 31
3 110 168
2 25 121 302968167
3 132 32
2 138 154 558035608
2 19 24 886672271
3 76 80
2 154 24 334182194
1 107
3 47 180
1 136
1 45
3 167 119
2 44 135 261345303
3 103 41
2 32 163 837755225
3 174 128
2 69 95 832943319
2 84 86 643954986
2 134 17 210676103
2 180 6 80514174
2 10 96 756128455
1 9
1 173
3 49 120
2 109 175 424741288
1 40
1 15
2 73 57 531829968
3 54 49
2 37 95 958619882
2 181 99 79774425
1 157
2 58 133 951621209
3 97 171
1 160
2 177 88 974446752
2 69 142 846492298
2 140 99 240209430
1 100
1 123
1 113
3 87 41
3 91 37
2 105 115 722409525
3 181 176
1 46
3 146 24
1 174
2 151 105 190300956
1 41
3 4 38
2 107 121 383866739
2 124 22 191867948
3 98 83
2 131 23 117842625
2 180 51 721751945
1 114
1 2
2 59 176 551963274
1 140
2 90 133 488129349
1 142
3 56 172
2 8 11 719721222
1 164
1 174
1 140
3 176 79
1 177
2 122 134 710905812
3 29 109
2 47 180 162259884
3 153 158
1 176
2 104 76 931233189
3 100 48
2 101 146 97170983
1 117
1 11
2 133 19 199610741
3 12 24
2 30 30 511066691
1 40
1 122
1 63
1 98
2 110 35 325515723
3 36 78
2 50 171 114162432
1 7
3 144 143
2 95 73 999599927
3 12 28
2 50 96 85982281
3 73 5
1 48
3 22 49
3 137 164
1 138
3 108 121
2 146 65 247024138
3 156 74
3 150 26
2 40 176 351035923
2 6 94 27380280
2 90 154 562904653
2 19 29 220930839
3 20 49
3 94 111
2 125 151 801078640
3 126 96
3 128 82
2 135 168 405043444
1 57
2 169 126 634196652
2 104 117 224365857
2 52 166 204962479
3 70 172
1 2
3 93 15
3 80 35
2 55 179 638252357
1 7
1 79
3 120 17
3 34 93
2 77 68 649007957
1 41
2 94 51 63825209
2 147 142 110468110
3 72 3
1 168
2 1 86 73892299
3 43 134
2 97 150 317729268
1 80
3 118 58
2 105 178 360061617
2 92 174 64125567
1 40
3 141 47
2 15 105 566666892
1 179
3 183 13
2 103 31 970128243
1 136
3 145 109
1 3
2 119 70 61064619
1 118
3 8 157
3 42 66
1 108
3 115 146
3 180 134
2 107 178 50405951
2 162 63 767455958
1 31
3 109 182
3 159 45
1 27
3 2 138
2 82 23 736405231
2 113 93 856189390
2 181 31 736296630
3 134 147
2 169 27 857424972
1 14
2 101 52 924215894
3 141 68
2 86 83 654158287
2 30 108 894401716
1 81
3 157 2
1 58
1 155
3 74 53
1 9
3 57 93
3 38 138
2 99 143 600542858
2 61 27 596736982
2 38 171 698999937
3 183 115
3 14 28
1 126
2 29 29 469921862
3 25 169
3 53 10
1 14
2 91 81 278219551
3 121 78
3 150 104
2 74 116 383487929
3 99 114
2 68 25 977219019
2 148 142 249857089
3 142 82
3 120 32
2 62 130 201347571
1 45
1 55
3 112 112
3 3 129
1 106
3 26 5
3 141 158
2 118 133 261626193
2 120 70 666224168
3 9 5
2 173 182 858104489
3 159 12
2 99 60 931967728
2 25 40 507012749
2 8 173 812924604
2 12 148 37751410
2 80 183 700890362
2 110 86 665745182
1 11
1 47
2 152 83 111050288
3 129 6
2 125 2 607086883
2 97 82 358492031
3 174 141
2 131 177 917024047
1 17
2 123 88 883354350
1 117
1 41
2 140 64 48573306
1 39
2 110 32 271205434
1 30
1 11
2 140 7 369594058
1 116
3 10 121
2 92 19 256051491
1 120
2 94 151 110464702
1 24
2 89 107 604309192
2 111 62 903955729
2 63 83 957008849
3 36 62
2 159 85 358494432
3 75 110
2 60 70 311277713
3 180 31
2 73 130 99429751
1 118
3 101 93
2 57 40 511724652
2 28 75 298052024
1 75
3 171 73
2 44 90 182947923
2 104 107 279983981
1 163
1 20
1 12
1 170
3 64 20
3 171 130
3 130 154
3 44 172
1 141
1 61
2 102 115 115583481
3 7 97
3 43 176
2 142 16 957726017
2 20 68 767022790
3 52 88
1 75
3 147 67
2 138 164 309966219
2 97 72 578681016
1 45
1 181
3 172 86
1 15
3 31 56
1 41
3 144 172
2 169 34 261235236
1 20
2 77 134 207669926
1 170
1 40
3 145 175
1 41
3 160 128
3 150 117
2 133 111 420580235
3 137 96
2 149 151 806385108
2 80 32 89246005
2 42 127 85828274
2 182 101 691564120
3 151 46
1 88
3 120 58
1 72
2 94 33 57396204
3 25 62
3 5 63
2 139 140 650604576
1 72
1 149
2 23 119 200668158
2 55 153 664362362
1 107
1 136
1 1
2 51 177 41462163
2 51 144 57528770
1 63
1 73
1 174
3 91 126
3 143 34
3 133 122
3 135 141
3 180 109
2 148 158 764520099
1 105
2 111 100 424446784
3 75 97
1 77
2 40 26 513824079
3 80 18
2 45 10 51837775
2 16 1 743071765
1 62
2 11 34 563089254
1 54
3 183 28
2 18 91 404208381
3 23 45
2 43 58 500361531
3 74 90
3 131 34
1 48
3 52 135
3 78 24
3 140 154
3 150 149
1 46
1 84
3 120 135
1 156
1 154
3 124 39
3 130 130
3 147 87
2 163 96 436056341
2 46 81 494624632
3 58 23
2 124 123 45992884
2 45 32 82489041
3 142 88
3 51 5
2 108 101 78006067
2 122 4 959057817
2 27 85 175503737
3 121 102
3 169 21
3 124 138
1 6
1 96
3 182 4
3 113 44
1 105
2 122 148 139380589
3 159 85
2 44 179 465946699
3 152 94
1 57
3 113 142
3 67 19
3 53 18
3 10 160
2 175 181 940346619
3 166 98
3 124 167
2 123 124 343843104
2 122 44 56007179
2 153 48 352692178
1 146
2 166 79 658555804
2 40 76 183658243
3 9 7
1 112
3 29 20
3 28 145
1 44
2 183 89 429474185
2 183 120 781085455
3 177 153
3 46 178
1 72
1 32
3 116 163
1 63
2 35 94 812940271
2 90 21 172980433
1 39
2 130 136 653709869
1 66
1 145
3 85 39
3 49 51
1 38
3 60 147
2 1 154 453617539
1 177
2 141 175 711132392
1 38
1 102
2 64 90 100020790
1 43
1 111
1 48
3 124 51
3 20 85
1 63
2 41 55 736190389
3 32 103
3 162 171
2 172 158 104611593
1 45
3 91 61
2 166 124 827357178
1 133
3 98 25
1 107
2 58 130 478955624
3 181 153
1 116
3 177 54
3 165 5
3 106 177
2 54 119 490396962
3 39 56
2 10 96 709695830
3 53 102
3 168 163
3 126 132
1 70
1 144
1 21
1 105
3 160 60
2 148 10 324806228
1 166
2 134 6 564075545
1 29
1 84
2 139 61 143951601
2 138 16 645252152
2 2 40 90063286
2 36 170 735515851
1 26
3 175 45
2 27 163 312031133
1 169
3 173 129
3 67 157
3 22 176
2 92 56 997065582
3 141 103
2 41 103 718718871
1 163
1 178
3 69 114
3 177 167
2 78 127 78466523
1 77
2 2 34 805350222
2 79 20 510390529
2 106 94 266979743
2 96 171 454667790
1 159
2 66 77 727289810
1 37
2 163 22 977675000
1 123
1 65
2 44 121 720322150
3 20 79
3 14 141
2 73 86 758027
3 105 28
1 89
2 47 126 869899824
3 9 40
3 34 125
2 97 38 957572012
1 6
3 44 5
3 134 173
1 54
1 174
2 54 31 992629878
2 133 48 148979408
2 37 142 961036373
2 151 132 174079464
3 153 37
1 119
3 45 134
1 68
2 48 171 34430626
2 9 140 29116202
3 114 31
3 180 171
3 73 57
3 130 177
1 44
3 104 182
2 17 48 614282666
1 111
3 34 1
3 140 87
3 45 117
2 75 160 998445067
2 84 102 425003622
3 148 80
2 178 177 873020156
1 39
3 61 142
2 74 101 959041756
1 38
2 79 56 236120579
3 40 53
3 69 48
2 157 137 425333920
3 140 167
1 24
1 63
2 82 28 273807784
3 129 102
3 107 137
1 20
1 132
1 7
3 5 104
2 19 178 14810157
1 29
2 93 72 376717709
1 94
3 69 25
2 55 127 99723786
1 87
3 27 80
3 178 31
2 100 173 452746702
1 180
3 113 11
3 34 75
3 181 48
1 146
3 81 3
2 156 5 49431404
1 33
2 25 47 456586055
2 112 13 427976586
1 123
2 145 30 221995727
2 124 159 278371977
1 135
2 39 139 683145360
1 9
3 47 40
3 117 103
2 27 23 403722054
1 59
2 157 152 45477203
1 42
2 161 62 918758065
1 163
2 16 71 475131066
3 176 115
2 160 65 860070573
2 101 151 771431327
1 119
2 33 114 320213095
2 181 56 206568700
1 52
1 109
3 80 77
2 66 12 51517895
2 13 172 322629293
3 92 120
1 162
3 38 125
1 30
2 24 17 223903097
2 3 26 126032724
2 2 153 690479644
2 31 20 87688789
2 134 110 697685880
1 27
2 105 57 73319932
3 7 78
1 150
2 142 148 287590826
2 40 128 162965269
1 99
3 87 14
3 19 7
1 47
2 156 61 691855453
2 157 110 413312534
2 131 145 272843209
1 41
3 166 34
2 162 88 689636075
3 139 79
1 137
1 169
2 178 77 111905630
2 121 45 23691128
1 52
2 159 33 618259327
3 171 153
2 109 39 333768324
3 16 133
3 134 29
3 71 77
3 161 172
2 9 12 244564747
2 24 3 254400828
3 64 31
3 19 132
1 137
1 66
2 82 13 654695215
1 121
2 157 52 129324182
3 169 75
2 162 39 374224696
2 49 131 812731612
1 60
2 10 61 755924106
1 28
2 75 176 169161431
3 104 38
1 49
1 12
1 10
2 65 168 567923989
3 125 178
2 64 150 84885786
2 119 28 766445044
2 77 151 797371228
3 24 68
3 82 39
2 103 54 977360247
3 131 120
2 155 140 849209747
3 120 69
3 21 89
2 2 46 935523680
1 3
1 15
2 2 177 97491366
1 170
1 56
1 49
3 11 79
3 55 116
3 169 160
1 142
3 164 178
2 151 29 465714702
1 40
1 3
1 142
2 107 9 358075558
1 137
2 85 160 879678654
2 167 44 329878325
3 96 101
1 130
1 150
1 98
2 104 91 384802944
1 112
1 54
2 123 3 147006942
1 51
1 36
2 68 98 336258260
1 64
1 16
1 121
1 60
1 94
1 98
3 112 111
2 86 16 175632936
1 162
3 154 14
1 66
2 146 153 663893225
2 161 53 535955243
2 94 137 917571587
1 42
2 55 34 23927295
2 148 99 537747802
1 181
2 11 145 89044004
3 126 146
3 101 137
2 127 69 592315087
3 168 28
2 100 58 925983105
3 46 75
1 160
3 121 40
2 27 39 857809691
1 7
1 124
2 91 53 75136742
1 152
1 8
3 9 171
1 52
2 70 4 336328227
1 180
1 28
1 121
1 151
3 58 14
1 32
2 45 29 479115396
2 112 128 573661606
2 94 26 979030531
1 24
2 161 24 864144544
1 94
2 34 108 763296429
1 77
1 11
1 78
1 101
1 105
2 146 83 591023341
1 89
2 109 145 836002554
1 101
1 156
3 113 140
1 172
3 49 53
1 33
2 56 80 294409964
3 103 114
3 29 137
1 4
3 93 25
2 54 145 522318783
3 5 42
1 91
2 21 76 305578222
3 158 7
3 68 62
2 153 91 489099940
2 147 147 147962979
3 121 17
3 43 46
1 158
3 174 126
2 125 128 137409820
3 151 151
1 88
2 59 46 689974305
2 57 63 729312819
1 4
3 124 72
1 115
1 98
1 7
1 11
1 31
3 89 1
3 108 4
2 81 178 333042380
1 163
2 147 132 568983660
1 78
3 29 40
2 63 153 402769257
3 21 58
1 94
1 14
1 69
2 181 114 632579706
2 120 106 500208237
3 102 165
3 93 146
2 155 33 257642039
3 127 25
1 173
1 103
3 147 42
1 96
2 71 41 675147565
3 3 157
3 161 85
1 61
3 124 120
3 67 30
3 101 118
2 121 108 358864888
2 6 24 637528207
2 31 140 391536973
3 183 44
3 53 82
3 73 148
3 96 156
3 52 82
1 72
1 139
2 60 18 277624647
1 127
3 87 126
3 2 40
1 53
2 43 57 41276988
1 5
3 69 179
2 58 148 226508803
2 168 64 406610263
1 65
1 86
1 181
2 87 90 410389259
3 39 157
1 159
3 103 162
2 31 31 755343896
3 24 116
3 168 60
1 67
2 97 98 560529347
1 139
1 112
1 54
1 81
1 29
2 4 84 324778657
2 29 69 419783629
3 170 154
1 44
3 73 46
2 151 145 148576825
1 32
1 41
2 68 173 930767432
1 11
2 109 163 730135600
3 131 6
1 158
3 1 7
2 127 21 538349390
2 34 181 532674276
2 89 97 362465265
1 8
3 124 2
2 166 161 958211983
2 102 39 375898843
3 49 152
1 85
1 115
3 98 29
2 99 27 805107789
1 111
2 71 81 368179945
2 171 15 60780324
3 128 30
3 61 172
1 150
2 126 161 575087054
2 86 13 420362724
2 25 29 492041560
2 8 177 882481817
1 51
3 10 171
1 111
1 102
3 4 180
2 126 181 957268931
1 122
3 62 51
2 35 72 507693818
1 44
1 135
3 115 166
2 134 109 948451043
2 56 88 754273972
2 56 160 296414682
2 161 50 882129288
2 41 62 723181811
1 127
2 39 159 397983544
1 54
3 123 6
2 158 167 898579800
3 42 63
2 182 13 88776249
1 99
2 30 10 901964040
2 80 30 559534698
2 19 48 487269227
3 81 106
1 42
3 71 72
2 12 18 566679921
2 83 56 322754003
1 30
1 108
3 59 124
2 124 121 518012109
1 13
1 66
3 136 58
2 99 146 96813663
1 129
3 75 153
1 175
3 113 28
2 135 36 629917071
3 72 142
2 1 62 815583675
2 113 138 270613481
3 22 27
1 133
3 61 170
1 49
3 8 183
2 138 179 104961711
2 49 24 933494442
1 39
1 90
1 152
2 64 13 571241382
1 106
1 84
1 12
3 126 171
2 49 114 297257373
2 148 2 809862625
1 170
3 63 2
1 150
3 50 24
3 103 48
2 101 14 296578441
3 107 37
1 128
1 90
3 81 161
2 108 29 625886282
2 176 68 191593417
3 175 155
1 105
3 53 167
2 139 59 156304132
1 15
2 134 124 972219315
2 74 48 317501669
3 172 55
2 28 136 130149651
2 152 153 921787239
3 164 68
3 14 109
3 175 170
1 119
1 53
2 181 87 645408483
2 108 171 242825304
1 94
2 151 166 296179112
2 132 19 569462663
1 5
1 131
1 181
1 41
3 11 115
3 53 6
2 46 38 582552388
3 32 14
2 117 12 35864440
2 128 19 722898434
3 172 106
1 164
1 104
3 82 180
3 130 86
1 159
2 33 129 442387462
1 171
1 169
2 89 11 924038617
2 81 20 901164356
3 145 149
3 170 107
1 169
2 156 144 519172738
1 151
2 29 30 253965149
2 164 105 25427109
2 161 21 823061445
3 81 45
2 84 8 871857058
1 169
3 182 133
2 127 170 33020046
1 78
3 30 118
3 67 104
2 68 4 584921070
2 156 160 19968399
2 62 138 224113583
1 51
3 130 107
1 39
3 42 110
1 128
3 183 43
2 77 3 973619498
3 135 84
2 50 97 573494708
3 81 97
2 113 71 536946630
3 118 27
3 137 114
1 112
1 131
3 134 121
3 2 40
1 156
1 120
2 117 27 434732823
3 54 4
3 160 132
3 160 3
3 131 31
1 101
2 90 132 606367512
3 22 73
3 24 44
1 86
2 142 151 252285283
2 143 58 972626022
2 4 94 496486280
3 115 108
2 100 179 392982468
1 39
1 42
1 74
2 141 47 584228329
3 95 106
3 88 142
3 64 95
1 151
1 127
1 87
1 128
1 181
2 20 174 621803160
3 55 65
3 106 133
1 137
2 92 174 708647197
1 48
3 40 85
2 25 118 792046321
1 67
2 34 168 690261478
2 61 25 325113430
2 110 182 579647117
1 52
3 126 100
1 61
2 183 172 404213045
1 132
2 19 150 4964358
2 30 63 409516568
3 170 100
1 179
1 112
