105435 1690
3 34936 97271
3 63118 24751
2 28304 35546 9841322
1 58636
1 77328
1 88457
1 43384
2 67403 68756 598828725
2 23297 67375 655732347
3 34890 74643
1 21637
1 89111
1 33419
2 22355 10387 235843874
3 75543 94669
2 8123 71616 780970986
2 90386 73057 519454377
2 104553 87825 745749143
3 99096 21402
2 9863 60871 362476975
3 92756 27734
1 35514
2 92145 79077 406188367
3 81911 65242
1 3534
3 36092 28207
3 35196 51008
1 62825
3 77382 103479
3 68021 13580
2 8952 56612 336827233
1 10252
3 7295 54391
3 53311 29757
1 13095
1 102449
1 74008
1 27290
3 24974 36085
2 98572 84060 680899892
1 41647
2 60197 104112 520909172
2 7622 83261 838707280
3 57199 22438
1 60105
2 26090 74393 758550164
1 88357
1 15401
3 65258 6892
1 28525
3 30535 95355
3 57067 3252
3 72766 31765
2 33723 87161 167402332
3 9050 69750
1 2206
3 54579 34174
3 17072 18911
1 14281
3 11262 26229
1 8496
1 42322
3 54450 53862
3 1434 69557
2 84995 48032 92442770
1 2874
2 37874 86514 817599203
2 90728 37463 864681457
3 99698 43001
3 88407 7555
2 27411 56221 964923331
2 69692 59270 721992070
3 83096 75551
3 88674 49528
3 32966 55361
3 4607 97685
2 1809 7171 777831384
1 78350
2 39057 24502 216419413
3 13392 104623
2 15672 10948 647097742
2 9174 15213 912515460
2 20786 41311 825087760
2 27430 6432 366050297
3 76903 36641
3 19494 45187
1 83049
3 99688 97741
1 34518
2 26551 79654 201367363
3 68783 69408
2 26489 10594 116777854
2 49310 28111 968991543
1 578
3 31539 61678
3 67821 98624
3 99981 35103
1 81742
2 47423 33866 802541884
1 35975
2 85161 8373 337914629
2 54099 40195 364338176
3 7663 42518
3 101838 102095
2 95132 3988 558986057
3 75658 79244
1 51985
1 31389
3 85999 1916
2 68408 61844 179553078
1 104681
1 66730
3 24507 2899
3 10323 29377
1 48473
3 84917 11120
1 41227
1 62930
1 68296
2 85914 27195 176359486
2 57071 103303 781746903
3 94393 66464
3 74919 27912
2 11687 92832 664735008
1 2235
3 26635 9875
1 81109
1 5900
3 17747 64767
2 15913 93071 793023009
2 92474 100603 956369921
3 65259 71445
1 98007
1 64078
3 52343 25840
2 10792 24208 11650143
1 81767
3 959 92989
3 46226 22825
3 25323 11720
2 49051 90262 187502401
1 92283
1 28518
1 100842
3 84639 101543
3 79494 21007
2 13478 34086 495305787
2 32272 33428 653146050
1 24091
1 72125
1 41534
2 46573 42929 945150278
1 9109
1 84951
3 82363 75501
1 104793
3 90867 33300
3 4906 18458
3 76166 65454
3 61174 58497
2 34786 100547 355928458
2 102392 27751 939965764
2 47075 87060 285581644
1 33874
2 62191 81137 336188771
3 94234 90544
3 43028 28644
2 74134 93044 726409747
2 49313 31739 346582637
2 674 30137 799204795
1 12998
1 48312
3 7818 4173
2 64164 88823 102701235
1 69266
3 101409 11777
2 80067 29813 494495638
1 52496
1 100484
1 101175
1 92597
3 105287 75704
1 33829
2 64468 76348 915402907
2 44913 19978 12735969
1 5681
1 88249
2 68706 58134 645518893
2 86446 34456 574459648
3 19426 30774
2 14062 36877 938183981
3 83652 95764
2 63395 33948 307895888
2 104209 17299 154642811
1 65906
3 66313 40571
3 91046 43515
1 86045
3 55589 76180
3 27099 56863
1 100401
1 67906
3 8632 78780
1 92405
1 48497
1 98550
3 86770 91692
3 4440 51708
1 52247
1 47131
2 44291 89749 19181748
2 46181 15231 665547190
1 73052
1 29451
3 83691 81102
1 58368
3 65346 47297
3 52005 23709
1 23676
2 70877 83769 787422213
3 29150 32883
3 51730 32947
1 92861
3 99411 23971
3 59920 62558
1 74662
3 34529 32115
1 34636
1 59443
3 95016 24070
1 41406
1 12819
1 11330
3 59533 54215
2 50952 81997 509905594
2 60109 98627 595729296
3 98517 97971
3 38392 44975
1 51919
3 45541 30913
2 89320 77439 959711862
1 28515
1 67692
2 43804 69397 836945362
1 102964
1 57930
2 6208 74967 969133286
2 102271 88678 69561839
2 29510 96072 477511652
1 68353
3 49681 66929
2 85620 30471 710661451
3 68067 20721
3 27962 85763
3 27991 54646
3 58888 5200
2 91253 90959 461823271
3 59503 86678
2 85295 5357 326006492
2 30355 32919 29227064
2 22891 53320 499730800
3 84125 64819
2 59242 23109 7325330
3 89654 61887
3 23832 1958
3 29609 12175
3 49930 97397
1 82083
1 108
2 30245 62061 513190568
2 21424 46844 485292563
3 64311 103110
2 58395 64766 825815117
3 9537 9070
2 92979 8719 637129768
1 16833
2 30585 28951 958919937
1 35592
1 65848
2 103462 13102 391586887
1 18588
2 16037 40940 711201685
3 79563 66813
1 72586
3 67956 101627
3 29696 1512
3 34392 20233
3 78103 43644
3 37331 26451
2 100152 7713 405292918
3 7296 97469
1 18981
3 11935 104972
3 38968 44468
3 65137 69129
2 85778 79569 516436226
2 23067 61914 868283365
2 93693 26554 46424412
3 7987 91745
3 5528 39388
3 77798 32586
3 47955 23842
3 49452 47550
2 21348 10358 963087090
3 64731 64283
2 18182 12835 155988349
1 104255
1 15915
2 28479 5877 565771843
3 83897 28586
1 75906
3 66534 51023
1 28742
2 103987 100583 109903662
1 23559
3 16707 78351
1 97178
2 64678 25214 450592152
2 61287 103848 183973800
2 45003 11512 783774055
2 35279 27609 519377869
1 66894
1 14063
2 86190 17096 423393493
1 6311
3 71441 68343
3 37387 37927
1 98348
2 4092 43872 3923017
3 101934 26508
3 104953 39416
3 17556 34952
1 34777
2 70791 74284 229689726
3 80076 18759
1 61022
3 61367 55603
2 54864 33093 990292534
2 10808 56778 708851269
2 80770 16029 22887180
2 34655 61368 54370347
2 83559 18695 952417602
2 86922 39430 325420500
2 50080 55763 144854169
3 60572 19438
2 59186 61676 177919841
2 66143 77906 354672032
3 33531 30230
3 67190 84140
3 57651 77257
1 87807
3 34048 33891
3 13287 41580
1 24131
2 81647 26986 597783763
2 13842 3300 51165834
3 38712 93249
2 93178 26116 38346910
2 85466 55547 983712396
1 76364
1 10610
2 5735 31474 681536993
1 66412
3 7026 59579
1 90103
2 15506 4175 381358276
1 96479
3 41444 103611
2 21962 76616 47490413
1 38043
1 40423
3 61585 4696
1 75352
3 41810 99934
3 74482 80049
3 97675 53425
3 39816 73714
2 10623 104924 971363589
2 34641 27462 942580539
3 9181 11980
1 36699
3 57075 90291
2 425 59751 437617489
1 13187
3 30952 19658
1 79966
1 92884
2 77696 66920 549374472
3 101801 17825
1 70137
1 37213
2 78440 72822 185944751
3 53646 38474
1 58049
3 30216 45207
3 32288 101410
1 68382
1 34340
3 35443 47769
1 22549
1 71312
3 76736 87143
1 61574
2 29476 34155 507859986
1 42087
1 82457
1 9839
3 6070 6291
2 75038 58863 27596663
2 63602 88093 870926938
2 15548 12510 361164608
2 57898 75071 519009712
2 63339 30593 341775617
2 14390 9996 214208218
3 94411 65280
2 41929 57581 394982517
1 98959
1 91207
1 45533
2 63450 24719 553458562
3 31767 43269
2 96682 10165 851986277
2 87138 30188 665811487
1 97136
2 90726 92776 540237208
3 44017 95292
1 103735
3 18601 43833
1 66835
2 65776 59433 431052296
2 65085 18884 714468034
3 5918 52697
2 49743 95805 995691730
3 23901 76355
1 94570
3 93346 53628
1 52081
1 80396
1 101650
1 6293
2 99355 95488 182584022
1 88045
1 2619
2 100676 80956 376200004
1 102020
1 29682
1 26655
2 85384 86330 238332562
3 49118 22870
1 99299
3 43771 3961
1 57590
2 64554 76572 186225659
2 26265 27221 802476900
3 67285 97501
3 79898 84077
3 50013 94934
3 42299 73522
1 7052
2 4509 68437 804081078
2 46361 50253 113456263
2 88057 72306 346792800
1 71400
1 96822
1 54350
2 86427 62190 263497773
3 40884 55188
3 37567 74693
1 34241
3 48009 43745
2 101095 52935 130131016
1 31065
3 34221 92933
1 2115
1 83377
2 99364 77804 819630607
2 45124 12947 652424626
2 104261 37422 271996580
3 102183 97006
3 4194 69396
3 95490 53247
2 66649 21794 165883199
2 94832 51631 91961925
1 52204
1 82363
1 77180
1 32548
2 18842 363 84914943
3 75466 19210
2 11669 57616 826790455
1 21262
1 30325
1 14486
3 98106 49649
3 38055 68642
1 102888
3 48676 34169
1 37699
3 44569 62586
3 46807 153
1 74247
1 80962
3 85684 89238
2 88408 58524 727120483
1 35725
2 49348 37089 199436721
1 19175
1 76989
2 94884 20686 3485898
3 4178 21901
3 11441 42964
1 38237
2 18376 84581 669220992
2 87209 50238 941217759
3 47640 22868
2 69848 48445 211079309
2 100115 33116 809566636
1 38429
1 21712
1 68227
1 19605
3 101677 19821
1 101388
1 63847
2 19640 1645 469247221
2 80886 26626 661542143
3 68517 9279
2 38505 58913 628901044
3 59131 69503
3 38815 41085
3 51360 31307
3 632 31244
2 22779 9156 600545004
3 36808 7178
2 93360 80697 295557410
3 20120 76232
2 73743 27448 749505470
2 52552 23819 662238208
1 101524
1 100149
1 100151
3 21391 103615
1 102321
3 30115 70501
2 73864 75076 43967301
3 94117 23018
1 47556
1 89540
2 55570 1957 407575425
3 73241 102443
1 20600
3 15391 18437
3 69074 91330
1 17761
2 27284 70448 37521801
1 23171
1 89765
3 90287 18186
2 86749 26296 16979570
2 57058 51661 759311353
2 39550 52404 296437920
2 47583 19811 350411152
1 104583
2 67510 50282 160310599
3 59538 72974
2 101230 63211 724600042
3 66389 52409
1 30459
1 5928
2 98896 78418 782983249
3 6538 102481
3 72461 43834
1 53485
1 5648
1 19376
3 12109 61556
3 68894 73978
2 66100 44934 755276817
2 82376 102352 569587051
2 98492 57728 811520949
3 25557 96551
2 32383 18313 198023468
3 71336 36016
3 33799 6335
1 82309
3 63998 42512
3 20436 101348
1 70972
2 15923 49179 982864126
1 63896
3 104104 20567
3 5271 87907
2 78917 96187 768536328
2 5835 76181 330534131
3 51123 61233
2 31616 52819 865948352
2 4578 55274 52110905
1 43960
3 23838 69640
3 79794 50088
3 35463 62421
1 13849
2 50541 55989 175448191
1 44454
3 32349 10474
3 99094 28662
2 51180 79929 827723052
3 102985 62396
1 76289
3 54303 77848
2 99742 9880 669332235
2 16624 103593 972716861
2 98827 67583 77194977
2 44316 69303 470104649
3 69554 20428
3 59325 2526
2 26672 100413 477333450
1 42443
3 73824 27477
3 45904 62693
3 64320 76867
3 93836 50220
1 73844
1 40853
2 100062 44710 427491845
3 46149 47037
3 80003 103867
3 31592 81252
3 31861 65291
1 89252
2 59265 99763 223025802
3 61140 17086
3 57627 102430
3 42804 72486
3 11316 52959
3 67984 54493
1 100688
1 1537
2 14665 41845 404397880
2 87003 95476 971909848
2 34632 25268 582336932
3 21865 13237
3 7050 20195
1 70671
3 73410 81128
1 16090
2 42652 28480 283246861
3 11159 99874
3 2368 48136
3 90162 51096
2 89046 77688 606211825
3 10068 78810
1 86169
1 52082
1 100591
1 30627
2 101993 2731 442283160
1 75487
1 103667
2 100169 36611 629524660
2 15455 42315 460923203
3 45938 3512
3 85709 13592
2 12379 51704 502463923
3 71621 40723
1 80113
1 73113
1 86186
1 96972
2 64713 65895 658390265
1 54193
1 12553
1 38337
1 47478
1 92602
1 60762
2 67733 33462 535748622
1 34357
1 24973
3 8643 32065
2 10562 69200 700187211
2 84321 99801 446149515
2 27975 78820 557462351
3 98647 6317
3 22003 26067
3 29964 36044
2 58671 10492 668773235
1 75195
2 93492 66661 378072886
3 86735 85320
2 34777 93471 109477757
3 2591 48923
2 32094 56079 58521656
3 48933 71018
2 74776 1996 948906615
2 57052 31637 782888208
3 16173 74840
3 1409 51223
2 21138 33339 65707136
1 79205
3 87564 10047
1 66696
2 104506 47088 556035242
3 53915 36363
3 12275 84715
2 74547 47345 277910523
1 240
1 1620
2 7889 41693 430868302
2 51822 96549 423989747
3 82167 25172
1 24004
2 57262 19848 36141024
3 73658 72335
3 43279 51310
2 38910 83007 346973691
2 96567 51204 780136833
3 16332 52362
3 93742 88351
2 29636 88619 219248841
3 30387 43611
1 59546
1 37353
3 26410 81752
2 82391 3590 162824367
3 53358 31627
1 43058
1 26318
2 43181 11103 289445053
1 74824
2 10092 7583 469976335
1 51742
3 97952 64528
3 29328 24717
3 16192 85963
1 97043
2 2427 86552 287533127
2 97433 93694 814507101
2 6755 2491 139332514
2 24363 56538 941605618
3 38949 41680
2 21743 56279 895665919
3 4398 22610
1 60694
2 48621 11896 834790984
3 80449 42745
2 56261 14184 648672279
2 37326 79641 673671970
2 10354 83617 197536595
2 81090 61999 764493854
3 95272 104831
2 94913 25890 545214717
2 668 103723 726628039
3 31364 10425
2 14249 83042 358655920
1 52234
2 8117 92791 296705885
2 16643 102136 823978892
1 78820
3 56855 46710
2 76143 103997 308796024
1 82176
1 36234
1 4555
3 20296 20787
1 34975
3 42297 22747
1 89287
2 37653 28225 720078955
3 30499 8154
1 65155
3 921 77538
3 83095 3711
1 95083
1 36024
1 20198
1 96970
1 99326
2 23365 66393 639837182
1 8449
3 49571 45018
2 20255 52632 735962151
3 41075 41119
3 2877 81404
1 17477
2 84576 25123 937034388
2 7168 2229 83294353
2 67023 17006 537281733
1 24693
2 6180 63660 50990848
1 68485
2 67275 22642 135757143
3 77062 53795
1 61334
3 45409 85788
1 81682
1 70057
3 44093 61636
1 43548
3 46368 24835
3 103155 8011
3 18870 15365
1 71883
1 28197
2 7230 45630 687462338
2 64465 55115 538674690
1 45718
1 100224
2 79927 100052 885497627
3 86821 3043
3 75984 59551
1 4799
2 101613 43783 68377072
3 33225 37956
1 76712
1 49350
2 3382 86448 455052464
1 64400
1 69205
1 28019
3 76336 90425
2 37576 62241 699344696
1 85697
2 33878 17519 892961792
3 62576 59920
3 29176 12507
2 29953 94260 458180923
2 82853 27005 461902313
1 44908
3 94588 11377
3 96791 29573
3 37372 36587
3 60634 7975
2 4757 70997 484855078
3 85607 91595
1 11726
1 81276
2 16788 52941 972030902
2 5649 37245 814413585
2 1821 68548 723202904
3 28193 54547
1 28268
1 84728
1 59136
1 101792
1 16497
3 84932 1945
2 92531 99900 317671067
1 97838
1 19108
2 92772 101692 507001513
2 46490 10426 84453879
3 97583 81015
2 92189 92599 891999905
3 98167 74727
2 32487 91710 131440129
1 40224
3 18607 76949
3 35959 67605
3 54298 41361
2 1663 53122 577134442
2 61998 31484 635118967
2 75714 104518 714353345
2 101571 94789 759181652
3 25873 6822
2 76931 62395 500745999
2 84461 45829 126092228
1 52463
2 101653 1105 756233025
3 50337 56184
3 69522 105360
1 96745
2 23553 87893 101043282
2 81531 62434 258402187
2 67221 70692 721658654
3 32653 30586
1 25629
3 35209 3778
3 48466 26649
2 25333 18814 653574763
3 91908 69138
1 6949
1 95092
2 62242 21685 770240226
1 104101
1 5653
2 46853 76108 818973880
2 37400 80705 193914494
3 17467 74709
2 50359 53585 444680523
1 90535
1 31619
2 96883 6157 878786331
1 4918
2 33510 36873 146588100
2 18423 49645 541356308
3 34519 41622
1 23590
1 90408
2 80686 38742 106182133
3 18528 84914
2 76139 25366 402909645
2 61090 53086 461257455
1 75378
3 82309 44500
3 66794 96271
3 30829 20792
1 19629
2 93628 85921 807412021
3 6496 50171
3 14424 59119
3 11757 101594
1 14090
3 88791 66232
3 19175 61997
3 95511 92574
1 73126
1 39409
1 27836
1 11324
2 23848 12479 516644380
1 53271
1 60994
1 52499
3 54905 29716
1 25632
2 95173 68836 711919393
2 43427 62900 262116718
1 55534
1 58225
3 24089 9101
3 79687 71426
1 40555
1 81227
2 57307 68140 888664220
2 12045 72061 912674670
2 105022 63519 431370707
2 89025 94822 514874718
2 36838 104837 569599194
1 102909
3 97441 82585
2 54689 72116 404398400
1 56625
3 6935 14573
1 4209
2 7107 20314 328617874
1 32107
1 51267
3 15580 30863
3 11613 26030
2 103455 57428 738649596
3 54320 53472
3 16212 23904
2 60680 85882 645105948
2 99718 52371 126190901
2 30103 35523 502719554
1 15853
1 67257
1 28711
1 12126
3 15229 100969
2 85665 52282 678830684
3 33327 36426
3 52828 20571
1 21159
2 69817 42435 935097434
3 26978 92972
2 2176 46653 766510550
1 30112
1 53633
2 96049 79237 669028122
2 7271 75025 718929362
2 33869 34275 515927804
2 39203 67657 14539604
2 43177 62197 679235739
3 101219 15524
3 18296 8214
1 78277
1 70546
3 86212 40192
1 39203
2 48896 89312 305053752
3 17191 47341
3 50055 59594
2 39954 19294 216051758
2 49690 36566 358245617
1 96670
1 91827
3 56418 56503
3 55474 79188
2 29352 52215 131254259
2 104942 80225 169987297
3 8834 38235
1 84181
2 3797 82277 729455923
3 99777 51816
2 51498 18263 248302293
3 14235 51717
1 27866
3 65940 12226
2 13682 9514 333323365
3 98200 100243
2 12758 5708 79709888
2 36749 62343 383728842
2 44825 67684 442641152
2 18775 29917 678685133
1 88098
3 40539 36102
3 6389 91836
1 17340
1 18164
1 38329
1 29195
1 6862
3 8205 21505
3 27582 20563
2 80352 63706 121184851
1 5368
2 11256 89831 461970435
2 93341 96997 545948609
3 21994 11802
1 40957
2 88317 63877 846006318
3 91718 85685
1 83988
1 47273
2 30521 102501 544074868
1 55293
2 101405 90657 728192168
1 44270
2 20265 62098 472098951
2 65587 102854 83368538
3 54999 65589
3 27366 99908
1 64292
3 35078 13083
2 84122 85486 455559328
3 62848 97262
3 57319 104401
1 2949
3 83858 9827
1 30104
1 17411
1 58022
1 79220
3 81371 86375
1 73668
3 24478 54734
3 23978 61120
3 48382 98418
3 20100 60162
2 91352 92398 317160127
1 91541
2 9937 2784 64715306
1 90416
2 24399 26639 952679203
2 84528 65209 474177053
2 78695 64040 40503958
2 15588 15770 678546857
3 83443 7469
3 26527 70068
3 62459 42860
1 36130
1 27708
1 49423
3 97305 63241
2 47672 42468 88841603
2 92497 4077 535259741
2 10025 66590 360718164
3 79180 32031
2 20006 29753 415923948
3 86965 91476
1 49578
3 8480 96212
1 43334
2 69330 30692 422606297
2 90189 61907 478334949
1 31612
1 80533
1 76152
2 55567 70722 681072703
1 95245
3 27433 68130
2 54702 83225 177130206
2 14104 3955 748202510
2 51142 87656 638212267
3 23354 67938
2 15100 103115 839617311
1 14526
3 53946 43769
1 62765
3 100441 61509
2 23324 50266 373148324
1 81222
1 82334
2 10592 99207 495733890
1 42651
3 56036 12503
3 5586 90278
1 13216
1 103260
1 9923
2 90466 433 247560330
3 35189 66233
1 65936
1 63527
1 81891
1 85182
1 37884
1 15439
1 62645
3 95143 20075
1 98278
3 59804 58916
3 62123 28062
1 93590
3 31849 58681
3 75090 88913
2 48699 34472 963207026
2 62287 15718 211817236
1 101792
2 44313 80127 924788740
3 23884 44853
3 49440 6858
1 97741
1 50666
3 52860 93688
2 72699 72401 797759634
2 63200 20820 499973889
1 11437
1 38026
2 17909 84544 414883705
1 76635
3 47101 104449
1 66096
3 76102 97481
1 76450
3 90015 86138
2 9033 65450 930115500
1 51014
3 13195 86268
1 12700
2 4039 8799 471386392
2 8779 81290 115898492
1 57615
3 102084 49791
2 44264 35288 891775534
2 52494 20303 28452145
2 2002 68423 597445222
3 29951 29007
2 83421 74093 140378112
2 53 82962 93541083
2 37595 40809 201907294
3 36095 66330
1 71676
3 2373 104078
2 24604 41289 656285946
1 88072
3 42383 61935
1 31506
3 14527 78354
1 57788
1 286
3 31612 48431
1 57769
3 85278 36049
2 62261 45336 361669600
2 2432 3885 398728623
3 38040 98912
2 18758 36684 498487947
2 85315 37367 324747643
3 97963 76167
3 11766 5298
2 104458 39368 541524207
3 84784 26265
1 69027
2 90809 15110 101886042
1 67229
3 710 64647
2 43757 33030 239083440
1 81342
2 47958 2060 226712914
3 26880 31403
3 23490 91765
1 10107
3 70904 30295
1 53606
2 90643 94057 960074889
1 29964
2 66415 24202 308707
3 35696 21525
2 91343 91496 132830464
1 46380
2 18725 14847 576463140
2 8168 93753 277366857
3 57984 33600
1 319
1 82877
1 30720
2 34200 18299 798905445
1 1434
1 88747
2 20577 4679 223014254
3 101319 6939
1 2789
1 38122
2 103487 80304 99347356
3 52404 1576
2 8819 17373 233304939
2 33388 89467 644049741
2 26399 38161 837499016
2 99330 54770 701012324
2 83543 49402 405472251
2 11551 73961 90814443
1 90454
2 62304 53298 718364235
1 39654
2 49557 70736 781638302
1 68890
1 78024
3 45662 89949
3 357 97561
1 42813
1 16771
2 67846 70937 339409736
2 100518 19455 457664147
2 70624 3913 92375784
1 36844
1 74531
3 33959 26518
3 4093 28983
1 69405
2 80137 21090 984249548
3 78809 94460
1 56648
2 11045 79955 932526481
1 13680
1 82219
3 28777 37448
2 45265 74326 836265784
1 18748
3 21828 69279
2 50208 4121 64830879
2 90051 37583 491533116
1 78757
3 6614 80631
1 104057
2 86804 83153 212288584
1 73360
1 80430
3 78389 40946
3 80697 42288
1 79194
1 23609
2 53933 82582 488416178
1 63124
1 59127
2 68584 87629 261761048
1 33298
2 103219 36002 657381575
1 72609
1 37772
1 34958
2 55162 91550 250791671
2 82194 72276 226235297
2 39525 46991 893005478
2 34936 75590 896561412
1 38431
1 63379
2 20916 18208 286157383
1 79693
3 10312 91448
1 53847
2 80737 50379 435224828
1 104148
2 69290 69333 106004525
1 82563
1 55442
1 44804
3 103950 34723
3 87264 84494
3 42781 67745
2 13499 34428 958397556
3 34708 74745
2 7147 76037 69170372
1 12073
1 93192
1 83532
3 86328 81627
3 43555 101379
3 13070 82556
1 37706
1 51782
2 35074 90928 973837381
3 103339 99188
3 10937 46128
2 64986 16702 410947602
3 89069 63436
2 10389 54402 450035360
2 92022 93146 392668504
2 101792 46405 231085258
2 70717 9709 795701401
2 95666 66653 930292113
3 28538 100771
2 5967 74145 364172961
2 18030 85251 526607004
2 53213 82945 185959661
2 63543 29315 885186900
3 25101 90687
3 24879 86798
3 103523 60698
1 28183
3 10419 4773
3 26719 53363
2 34651 103029 474597202
3 11561 69887
3 63211 549
1 35517
1 30594
2 101644 34612 520000570
2 24659 23966 397069145
2 89213 294 451304221
1 3353
2 69555 88163 649671298
2 50471 70237 36900641
2 30825 33495 229516189
1 26481
1 88225
3 31326 20800
3 69873 83375
1 80703
2 31514 37582 829514918
2 84266 86061 591683160
1 78721
1 13056
1 41871
1 52176
1 17728
3 99707 42941
2 5452 20776 273973983
2 100502 35284 162287033
1 60840
2 16219 17475 230478210
2 24993 81575 849604885
2 89428 6830 742930657
2 88159 19855 674302944
1 41214
3 91325 82234
1 7408
1 91835
2 23149 93903 326877148
2 92186 44736 433120250
2 65461 3630 238771073
1 80243
3 29149 86783
2 100531 83046 743774035
1 47782
3 4431 75008
1 27085
1 48634
2 79060 29412 566368186
3 83837 14393
1 67957
3 11862 35090
3 99956 6542
2 185 35635 906684438
3 67901 41836
3 7591 100697
3 20267 57863
2 81473 57540 179655729
1 59740
2 44646 78189 426706542
1 68240
1 47515
3 34500 70892
1 43658
1 65307
1 91301
3 89522 10577
1 25003
3 93888 34320
2 13769 31773 722867871
2 78369 99967 585586800
1 20290
3 99057 41309
2 34141 41119 435768984
3 76819 64893
2 105377 18278 411191038
1 10975
1 30817
1 56262
2 36228 30497 766333922
1 61962
1 37917
2 27495 10041 623196015
3 75623 13791
2 53140 62533 655320539
1 13292
2 98467 30190 646733199
3 48470 86945
1 59715
1 99051
1 62295
1 18910
3 78523 26993
1 83756
1 8260
3 28147 20191
3 32718 14337
1 25049
1 53363
3 733 83307
2 61738 32846 442756454
3 76752 48328
3 145 36362
2 16366 41542 528145288
3 74699 96015
2 89231 47363 908421501
2 55728 1446 133781027
1 87438
3 63632 82593
3 27619 76327
1 99075
2 27262 70464 213532442
1 14849
3 57477 93389
3 44809 50485
3 39823 19829
3 12478 52533
3 10121 15541
2 68094 18697 873083884
3 72698 26954
1 37781
2 21503 34227 481181030
1 13445
1 17879
1 7241
2 9383 8938 328038323
1 54744
2 38383 44300 131742658
3 73077 71966
3 11377 43352
3 47635 101871
2 64187 57987 33546927
3 66200 43743
3 42916 65705
2 94326 9649 706287264
1 7681
3 31315 70328
2 59844 58596 301232137
1 4550
2 24782 16095 760253350
2 58080 32165 565012957
2 27699 14453 458678831
2 75540 23218 519458344
3 43930 16577
2 77414 68751 863755574
1 86017
3 73152 47616
2 67039 64704 647925048
3 56347 105109
1 93965
2 103256 102673 567534685
3 49682 31124
2 71176 62880 432383173
3 49741 8875
3 69313 59305
1 80800
2 90374 71908 167201903
1 49229
1 26177
2 49944 125 78649124
3 75174 94620
1 8406
3 104249 15497
3 67172 78431
3 12589 99045
3 99336 28599
3 42890 74686
3 12441 31206
3 21501 81365
2 88044 16612 631884002
2 88464 27333 400160923
2 53740 39300 516154143
2 45804 94100 42401315
1 32271
1 71520
1 45816
1 80478
3 45467 66150
2 80213 80239 660245283
2 64340 2074 10785175
1 38236
1 69805
3 26826 88548
2 18678 102371 963414288
2 60118 62988 112054057
1 11693
3 41202 98614
3 34059 102875
3 88139 36342
2 69802 654 913092926
1 70831
1 41163
3 68311 101874
2 71227 60203 583228041
1 32619
1 18699
3 80103 15244
1 5939
3 7930 102584
1 99576
2 8195 22154 445162063
1 61750
1 49058
3 7445 78882
3 82102 59851
1 67689
2 42014 46176 336407860
2 86270 72031 883673312
2 60842 101743 729504370
3 96508 32952
2 29620 15545 380625911
2 99923 22265 479817046
2 62601 15068 904510053
2 71496 43317 70098338
1 42740
1 60035
1 103813
1 93787
3 16868 33947
2 80051 39148 750610662
3 10084 15380
2 35757 79899 170632563
3 69005 73368
2 12346 23935 15247376
2 23757 44833 154669309
2 65961 64772 807669212
1 39858
1 16330
2 35177 98845 834513149
2 75409 79628 930120703
1 89978
2 19526 68418 418836676
2 100678 96692 931311956
1 95293
1 38215
3 93018 1275
3 48110 56001
2 88342 45115 907171244
1 104972
2 70746 63031 663340400
1 46383
2 15433 48849 686841352
3 48263 54119
1 85689
2 99232 57218 479650574
1 65022
1 47084
1 24523
1 70435
1 28607
3 13116 17347
1 25335
1 79176
1 47626
1 15210
1 26446
3 28131 75932
2 95760 83692 236984008
1 59407
2 95571 50006 395497482
3 12139 31681
3 80665 67389
3 82335 99802
2 39360 100572 143842295
3 49124 22962
3 44602 4160
3 69627 91894
2 104495 103830 960718497
1 103232
3 103802 24671
3 56685 102969
1 101250
1 38688
2 1292 19717 80814763
2 53143 16888 901054384
1 46591
3 32832 78659
1 97418
3 102897 16592
3 24622 102641
3 57571 7615
1 15514
2 84951 12038 616331794
2 34613 80333 193120782
3 75942 71401
3 60962 91408
1 6774
1 72121
2 6330 32308 581327796
3 78922 99001
2 43589 81940 153562860
2 93251 40306 82418960
3 97696 71009
2 100003 90936 350623632
3 8905 6054
1 29068
1 30164
2 87021 19357 903387699
2 47507 89466 207087789
1 28457
3 76869 94783
2 37826 47005 967582871
3 94272 83113
3 85172 75991
1 101379
2 27352 80342 168764190
2 23783 65630 37167495
1 75088
2 75490 2405 347165654
2 55882 105169 826603362
1 87354
2 3088 100158 274294694
2 44958 72176 35795604
3 84320 68294
3 94338 4519
3 7313 44318
1 104914
2 78213 75606 590177630
3 80276 38891
1 4013
1 16262
2 58035 26733 117358051
1 56893
2 80323 18822 123040656
3 39312 41988
2 36535 75923 398115888
2 77200 90328 517699388
2 50188 88321 113248681
1 69249
3 102499 98480
3 89439 39058
2 73032 35554 215138265
3 15184 46014
2 50028 74650 719662512
2 9248 52188 854613219
1 93580
3 44244 95360
3 82250 62332
2 79334 44153 834404642
3 76472 52947
3 48177 65310
3 93360 23965
1 60494
3 39158 48688
2 17229 31856 624626996
1 66314
2 4294 17865 637156276
2 75687 95665 504660274
1 39280
2 42569 34608 747945078
1 37369
1 99506
2 68269 34596 984659660
2 51950 97137 917991384
2 52817 104133 915312163
1 10039
2 92794 15912 449982788
1 78672
2 77071 80077 892741519
2 102436 65891 369155867
1 96869
3 2275 66524
3 40870 46922
1 21485
1 21818
1 12881
1 42030
1 53900
3 14189 30256
2 92435 27340 91182464
1 45992
3 14532 66066
1 39138
1 102607
3 74074 71758
2 46492 101046 285089949
1 97442
1 66777
