1000 4
101 632423528
118 454589563
105 417774521
89 508601425
119 367556418
108 714282754
96 844152230
107 320130160
109 495350945
108 233304843
94 456034884
93 384903735
93 164422024
107 725796163
107 455136653
109 752956348
103 155798346
91 739169301
92 202921253
99 367245540
111 84143195
106 184616516
105 579162680
108 951242714
94 552639939
98 604166250
106 878362961
95 215640797
110 321096607
115 64083100
99 944248308
117 888300445
116 580367705
95 395377165
88 544597582
91 527110088
99 916073843
113 135339529
109 320944587
110 738530543
99 333494736
85 531159028
136 578223510
104 491564129
109 84053091
106 110632448
110 585734882
95 9045858
109 59526648
125 265814913
98 436765701
103 735197948
114 322626684
106 640133462
96 135532499
104 794833390
91 84050824
103 107782186
97 63650680
103 74245065
103 898380742
83 369931010
100 581035180
116 530689254
102 256365163
94 349236024
81 448597636
95 538247631
91 829197860
97 675113012
106 946987307
79 554720697
111 282309635
107 444670541
98 175676945
116 239764626
81 641494633
83 973356083
101 593459636
96 671301086
89 603534684
98 777560281
107 67737987
97 973245567
79 754899326
94 975481046
97 978242567
87 149249825
102 166282645
89 700426508
94 724627693
81 35859495
95 189672552
94 726500043
104 993981757
89 684513922
99 553910229
115 242136670
112 113153839
97 32816373
105 816130018
115 614415496
83 481237645
96 382834630
96 424929680
96 942863683
93 854739093
99 288598753
111 577413320
111 510336060
102 255389076
94 283660999
89 583141604
102 483655900
95 401028514
97 232020034
91 294555016
97 654384400
103 804548761
104 995701850
106 250265642
101 729793476
100 650474738
92 478297772
98 230405346
105 250400112
91 479036591
87 110029899
110 230211274
97 780372474
93 882586567
93 207835377
86 656046214
111 312417722
100 962392827
84 692420538
118 28959834
114 569662239
106 822620568
92 544220522
85 562402663
104 970152581
86 510340337
80 753929658
92 754560931
101 412544921
87 884752126
80 341764862
87 155691155
97 715538879
96 877359351
94 515714209
97 397449635
101 788891788
91 894439075
93 185036443
100 409880537
93 617160561
99 836460713
106 633281593
101 592546895
124 586502074
99 461350099
100 631162927
101 255629033
98 733411360
107 146104196
106 708610230
80 995107214
97 58212579
111 972750703
120 79880583
104 895898905
105 790745048
97 797837856
112 830341522
105 630641100
101 818880864
90 146744921
112 809853312
107 541156649
96 877404447
105 732990494
104 467888738
97 445429112
111 655386471
112 336676261
105 799990450
102 626506788
114 830185398
92 793385718
102 607073278
105 43322313
112 941815491
114 683997734
101 671982756
96 176567919
96 269887916
105 871589497
95 547653035
107 401514862
97 647503442
86 865899260
112 972217355
97 488887805
115 439292734
87 556300245
117 172823927
122 518691603
98 916308384
95 553694830
103 812123348
113 223224271
95 755057317
104 909266958
88 126052330
86 175297088
105 377542649
99 169616408
101 770638701
93 342464395
94 337535682
104 371192951
103 182440787
106 129823488
98 768536055
114 77078396
126 498724567
88 986481750
97 442803300
120 320511595
102 394671178
101 358332250
95 858185910
96 276688931
100 397039114
105 542987196
98 892808096
93 607932748
76 491056951
94 789276466
92 662587874
115 698328478
110 583837717
93 570010938
118 983831650
116 914529911
90 831209518
98 969335578
92 71686583
94 469586589
95 837553998
94 297372059
106 255925386
106 289126673
101 166933401
102 985452963
105 597663017
102 674133260
106 317033351
99 480676833
97 129534972
111 302875612
105 84089199
91 143890381
100 80817158
102 256824191
99 23690481
105 78736180
105 315663996
124 172054269
99 210255788
94 371102206
106 289432200
116 35611947
121 221385096
105 69068196
107 39775114
124 369795406
110 45728550
109 812040050
105 912623831
86 78226297
103 765384470
94 926508296
106 339905265
96 161871818
110 235021762
105 62518895
103 612285335
95 624269711
87 677523953
101 211062888
96 945070552
95 167292209
119 106726739
94 521183005
101 637067370
110 319428078
102 684780537
88 427373880
94 229076940
84 572162990
109 109869382
87 558989392
96 255606903
96 633249886
96 167543156
100 199918268
93 909938891
92 745354890
77 325471889
118 682785024
50 216625949
102 510366921
91 143916556
103 187645901
108 588139754
106 352048086
90 955571635
102 883061940
95 209242667
124 849958294
92 895261883
103 874921732
132 319549607
103 974614214
83 707726842
101 228309995
98 695319080
89 562986733
100 890448250
113 121313382
100 176483576
96 331360020
114 307601734
94 110794056
94 541747975
94 788759953
88 699768450
117 220122898
112 974129391
79 116058122
95 988301391
107 838361141
108 634408636
86 988829913
92 598938372
107 156149082
92 394978652
91 249421818
102 557019776
96 253418945
88 459907421
89 783350081
97 711070319
100 674409327
98 471855579
104 94255717
106 78026571
84 335445105
102 393344971
103 760275257
127 164947721
88 587146095
107 215306233
84 607798397
109 862480726
100 118816182
101 970965712
81 540508918
112 402790020
96 384179520
107 428163995
101 335045692
98 13950343
105 437214775
92 492500866
109 564856120
105 887757548
109 950022387
97 408544816
99 533558820
80 700360244
81 186136282
73 381620464
114 448551708
101 551840281
95 912628865
97 790021040
95 873401288
96 207609587
99 797159164
100 353561781
89 220426122
105 713105776
99 876932028
98 911903416
99 772413638
103 22287756
83 738480446
84 127446761
104 260521711
97 245955894
106 967384354
88 134077587
111 419494019
96 477086654
92 55764418
107 457260822
109 600698031
94 386914227
86 450874323
115 638050607
115 978892708
102 511613194
89 42819553
106 506711553
105 126247210
97 98792933
100 681409624
100 192300959
105 949454227
96 166893764
93 383738892
109 202867510
88 100866479
110 990372437
103 101948989
100 299671937
102 652477343
88 262371204
86 745085981
102 746881149
97 925107116
97 696447301
92 555260695
110 359117685
103 683183618
95 366019134
97 159219707
99 227273789
105 705614089
105 628409241
92 258106047
111 399079702
109 877298654
107 629018624
95 773584493
118 697415677
99 248799947
106 696320783
101 383275235
122 200198776
110 565676562
94 461946928
107 175616221
90 139416463
104 758411657
90 266630329
116 745709086
100 884154050
96 192901362
99 22088380
86 40215894
98 89013772
109 22967378
95 411867127
110 393083553
105 9615575
107 384630175
101 286978994
122 359977735
86 500293019
90 842679323
96 972236700
96 806146713
98 55310741
93 267221486
91 533855204
107 417677138
91 327751999
110 195949363
99 902717352
94 627243151
95 304732838
99 730230190
105 41963712
114 568738049
98 197766561
119 726000102
100 277597187
94 354712639
99 761162602
90 643276261
102 588743561
98 962989588
106 47323289
101 15666717
85 413018369
99 622811762
100 440962723
105 331941757
98 554841010
96 822616122
109 531431273
98 818192434
125 592307599
106 977670514
96 449234283
95 205922790
96 475649678
88 316316974
103 580421530
107 370842580
76 754089220
91 691474806
95 951894370
91 494315559
101 299754270
106 231041122
92 575370579
102 895606363
73 303640119
113 503651924
91 653709533
96 516951806
92 132201
104 105005924
123 190270746
90 49963246
100 366803506
106 692852977
106 991316443
100 505718305
109 745109762
78 810608512
106 173865397
105 181754691
94 201726019
109 16984255
97 26501298
102 436719180
99 808263307
100 810899721
108 138876990
83 221119025
100 472106137
87 56073553
90 987780556
103 651749337
74 778720498
99 79610138
97 571555061
108 765906717
95 390669046
118 753300188
90 984028589
105 137879543
92 662005122
98 151831247
101 296856409
97 34418346
94 587197484
109 140971831
101 626224525
119 579533021
87 788411170
103 43301064
84 745345928
92 112354365
111 733097275
109 41927091
106 977191831
104 412905032
81 463505013
115 580506389
100 411537757
98 275709700
102 978289941
115 186404546
81 649251113
116 611410729
107 414993007
88 773036550
105 495007483
112 995798567
85 517562245
87 721004657
91 803097306
84 929201811
95 390563319
108 239203891
112 599629772
104 795647339
98 985138216
97 110053939
115 241743956
99 357442694
94 987186562
85 243047210
92 981184161
109 241940614
90 620680870
78 779690078
115 555354641
107 877052248
105 375909954
101 15012804
124 639757804
99 370741119
84 442141392
101 789662593
97 468235612
81 835921672
94 659748635
115 635167586
101 831757770
120 372588925
106 66082357
93 767369892
100 337641100
100 21828750
91 50130672
95 28887773
112 587768817
109 119559125
106 146014024
107 929290620
97 608106339
94 49084244
103 805038859
92 438703777
93 362409701
90 32520124
96 480538970
100 392411099
113 520020192
95 103064567
96 203848284
104 801077169
99 875208858
100 740237007
105 529786793
111 737747463
106 278061845
101 838945756
102 567334368
115 604874551
97 170810676
93 294357016
96 907842741
105 278442866
116 837213492
95 997098237
92 859050455
113 924387083
97 790984963
101 739847953
117 669098502
104 564121114
99 848739146
110 624252759
107 141163306
112 733804030
106 782115781
102 312590913
113 709665155
105 892163452
97 462013455
98 407858610
98 924079560
113 269966889
94 307498255
92 338602331
102 225746157
98 435543388
100 907913596
116 164070807
92 539502173
89 837056060
89 686406868
100 166981437
101 641617673
105 923578874
101 1949099
82 804590323
101 822811799
94 905482736
84 919537786
80 681837827
110 196669444
84 30037042
101 240535132
105 911954539
101 396309756
115 862604143
102 832120675
93 834115779
103 594820959
84 179927103
95 342519026
107 261380974
106 3233910
110 19905017
113 866418319
95 722110395
104 10948146
92 521257205
101 501380963
107 926746789
122 436559791
114 767288875
114 758128366
93 395698292
103 305729750
111 739106363
112 579246273
95 850510955
99 483159227
101 511112063
81 431597814
105 221237495
92 684433690
118 421527977
96 727943726
90 450154336
113 54197972
93 52345119
113 34728229
97 99675146
100 504156908
97 703403979
114 286659248
106 426965421
107 397766107
108 716030545
97 14116876
104 476464811
121 385738603
85 595733272
81 34039596
112 850414349
123 811640149
108 195678504
98 354793053
80 926959454
109 607496323
94 392240415
112 858411911
106 87610625
98 8642981
90 364599208
101 850535645
92 744744960
108 95920596
99 216960479
92 32633672
83 946408526
86 873405126
91 581044303
98 982714135
115 632631014
113 700949972
106 968686682
114 437921165
98 131881061
90 239603900
111 382159256
91 349240889
111 665456753
103 222073500
88 838306021
104 648261813
106 780328683
107 332677280
110 978901682
105 369795365
91 759373673
91 841586187
101 49288243
105 126578318
84 409385818
95 191730905
72 420004612
93 71197722
103 478504147
83 911761201
118 481341245
104 645953346
88 928344909
116 5518950
113 46187655
101 616717593
89 681934497
108 799644113
93 118065298
111 287982442
96 254996327
103 38198038
100 10474045
91 289810040
105 417348117
88 579846371
96 339716562
78 367817758
92 901490813
91 548857099
101 387704385
99 49980083
83 819169269
103 826762514
110 31753139
111 974907363
92 460790194
107 90775744
112 583378717
89 139994000
78 591613515
125 39309534
105 264707452
101 169994530
101 580408568
96 780209609
107 270095893
89 434814196
114 136653961
100 554251412
123 432684656
108 483403951
94 62413833
93 363547833
87 114116536
93 944185909
95 432606316
91 570224888
119 983831852
104 976018259
95 971407936
114 171418036
85 647375406
97 427772205
105 520852596
101 297337894
95 366784877
109 111573326
111 835343029
92 40772295
105 352610875
121 102887130
99 506197351
82 170702684
94 370361035
104 883037023
115 281991172
82 108626740
117 380569164
126 128286071
99 568638673
113 256572545
115 206141629
98 5242008
105 944187855
102 747604886
92 346530154
106 725783343
102 914268421
96 84423023
88 857312320
84 736601871
85 23729273
102 927856120
89 183632446
99 289346861
114 318239947
95 146341725
101 206162704
91 454887246
100 619188981
82 408632182
105 141174892
106 709904462
101 357206738
90 322118158
95 835701006
79 530241604
111 379206825
100 307416822
102 250194119
99 125754531
109 612085204
101 543011846
105 738127276
97 768491258
100 769064820
84 379908683
115 548007450
96 673907611
106 397653146
109 738203777
97 944164485
102 605168703
88 404106628
87 816454061
94 299725495
97 326834320
91 463287206
70 364047994
96 708119134
91 761272800
94 237803478
97 95283617
88 54520458
83 236035021
86 919108774
99 605054616
105 428267836
103 691499286
102 569147370
94 69073146
102 249401979
97 825454389
103 83191027
110 149565699
94 105251132
108 195293347
102 100245721
94 281254951
85 915836091
86 734912275
93 791037351
92 364132307
98 494181628
100 69634296
89 278334543
116 209845627
102 683354977
104 69319670
96 333358831
108 309407358
98 407423368
109 183354343
84 507095598
100 916654714
98 728411562
109 221021156
95 980686170
70 361076691
91 436644188
117 289175805
111 395549371
119 798974261
93 166952932
90 972455337
87 961874860
116 555096594
107 562833054
106 813829569
101 220018456
100 914424901
90 5102840
106 202745193
104 181122604
103 21155129
87 391438253
119 425323135
113 755801552
95 192050684
95 246287984
95 735514834
91 162582641
120 357494917
105 499231493
94 587180397
94 171977603
95 341308213
109 669528299
100 574753807
102 90226738
101 277673971
108 544754964
142 256841080
98 889961004
90 684412459
106 550613119
80 470789036
97 730456272
100 972717146
78 414621191
106 152360425
104 678094299
96 463268849
102 489064580
105 568842771
108 650540100
91 690639765
88 508691371
98 317047877
95 379747188
98 441828693
37101
