1000 6
104 498151842
100 408147598
92 698090311
107 297822979
101 485551481
118 887703173
113 472760847
108 855446616
119 792889074
110 74103312
92 647758192
98 329730169
106 597862369
105 899873520
89 641908691
83 974985756
103 222605171
104 99038871
98 902614482
86 820036677
120 589828806
99 416618755
115 118757683
107 869701253
109 952039438
111 17733273
103 287668836
103 908898979
98 401360951
98 274997743
106 135609705
95 437151486
89 672765208
103 861289246
96 705482087
101 260821555
99 559207377
82 3482224
107 111386423
93 500590493
86 146508353
95 525399449
106 544224482
89 811778915
112 906021039
94 621075439
113 400027754
113 734871547
86 366390149
106 161984355
90 974805442
111 161541101
76 395829043
98 579674942
81 974729973
91 379577579
104 68606790
96 950864529
109 99120974
109 674991908
98 955289852
91 712634125
103 826281441
88 910461461
84 260508522
80 528882584
121 623326866
90 372498530
88 65485364
101 776528418
106 574642223
87 798524495
97 404694476
101 91797436
119 850458258
94 448399720
96 333706524
96 472911533
108 156211122
93 403222852
84 212181086
96 814875821
112 21139211
100 331255955
99 989032640
102 761506984
110 667603531
102 716685447
93 621284948
116 949427685
92 811496961
113 685033954
96 719192609
109 102807857
116 235526699
123 697841871
93 701828458
113 846471404
92 793190554
94 501025022
87 616441195
110 106378467
111 649657282
93 255415114
87 315335321
94 13826896
105 711653871
90 494708206
91 127684996
103 116856311
97 513101670
118 904735525
84 766846032
107 15422571
101 605619269
94 567493647
94 887045937
97 948955421
113 556433413
98 913913842
106 568791863
103 534733439
85 308857994
89 637108862
97 220482288
100 499189184
107 945768394
102 482338138
113 797830373
106 26093099
96 623621929
85 39968325
87 195006140
96 411737323
107 727052112
96 484287474
90 964621236
100 224820567
97 467937629
104 747309613
97 805928369
96 652662183
83 760866529
94 873150166
96 6495767
78 374982739
105 236416095
97 327934290
112 446030544
92 974206519
103 808345725
113 347271889
100 112804698
97 589640955
107 549648439
97 592809139
99 672040221
85 695866815
93 956385125
107 809592929
116 899408449
96 908926689
102 449002536
99 398237642
100 491533670
99 961600851
88 815419959
88 179169489
104 386468962
117 310518445
104 537916092
91 271701107
96 763006548
88 309906069
96 525196872
122 400635827
106 326158304
104 539527906
104 882631688
99 365825732
107 424358715
111 738777960
101 271138311
110 777456832
101 181559837
85 250111622
102 938684501
107 876597729
98 2978089
102 13201826
96 436421975
104 727648057
101 531934952
117 524695759
117 232982573
99 830725939
96 415285051
107 364743455
102 61105426
104 767450565
106 583965392
98 42117665
114 167369461
101 532149222
80 54401887
96 526422618
92 887372023
102 171576106
95 368924254
119 874188757
83 157748716
100 459320795
100 671881557
101 470845726
98 966165162
96 990501753
84 541857631
91 968439733
109 338567955
103 951176757
88 801133317
100 109112277
91 398860604
107 403099926
97 563194599
111 105868008
94 76532593
88 248637530
107 348511621
117 446023845
89 724599318
96 630446309
97 219974747
79 265702430
86 923237338
94 450805994
112 540789727
105 633814055
104 548836710
99 727891619
108 983395796
86 585350791
97 736316018
112 1529788
103 567814918
100 156930285
94 713009067
94 812179986
88 386684797
90 514257847
92 392427894
108 75744493
104 185523960
84 583126927
113 956241516
100 705234891
95 602107685
112 146669369
91 628155841
110 328076662
92 375894127
112 262268313
104 212570208
99 658734240
95 292933711
99 140483150
99 925308731
106 676351152
109 974413213
108 708753525
102 735819537
84 277813091
103 417907054
105 62204766
117 687375449
108 828351454
94 829568364
82 921869332
106 576304519
106 317918233
99 391164170
123 936055562
112 700038
91 43638015
118 486661101
95 824672987
89 467327446
130 665048140
98 407651882
82 456319300
91 816913703
87 409908133
103 388815351
100 716924313
100 565464233
96 367992898
84 940199367
120 810979543
91 497518319
101 402604527
101 930424898
98 107908306
112 369860592
103 772867212
96 769980705
109 589175880
100 418335467
85 232805329
87 793714926
99 685250980
115 781572274
86 495337437
96 280723694
94 358440090
101 411744272
86 704671776
89 935874023
98 719240016
88 55306093
111 488543056
95 166255088
94 938577115
107 259298858
101 357934318
98 433582100
94 136424576
100 149012617
97 129146812
119 866938902
86 557225337
107 712909551
82 351292728
99 792281729
119 112629916
101 881361962
100 407219790
109 48135127
102 437388654
97 390584612
86 858240136
91 96322055
86 667052116
109 625984236
109 585374315
90 744984439
109 149206659
101 859360921
96 393457691
114 140460736
99 605476938
92 52644866
91 121679379
93 600705593
107 247114653
78 29171797
85 127201536
114 46216491
97 575845142
104 613767191
99 408406820
115 685435721
104 87402274
85 328454919
101 670714159
107 733021376
105 91664791
98 671802752
113 204754593
111 552134922
109 397913002
100 576272719
121 216392304
113 441348431
94 283102455
99 638592596
92 463279558
89 593690188
106 830999845
98 548559153
94 583714341
106 366056970
98 305553977
91 222245287
92 446058558
99 237371549
88 901092024
105 945989364
86 256916930
91 123361081
101 547384889
103 800593739
101 568059841
103 27003470
99 158509333
110 370123616
77 692066141
78 146364870
101 217956851
111 172854515
80 425975377
89 113155410
94 787856701
81 451033002
88 549041604
105 520793092
105 42697286
119 292811485
86 31150425
85 808892260
104 917451995
88 874786499
87 888899103
111 125969275
99 701287683
102 224574523
98 573402307
84 447946053
105 719203549
103 221862438
86 322581948
102 758141033
123 621825628
105 709028033
91 788967968
121 684218292
99 641105785
105 721160802
103 752683915
90 129974528
116 102820563
105 217850845
96 180007319
95 35148414
118 369572555
111 65453549
83 807561338
104 351065824
94 622874267
92 734759268
110 685185111
93 650563305
104 359636385
84 954020062
97 421471108
102 637683785
93 833318669
94 647717016
89 863968375
103 337522044
91 225887636
101 544352185
102 525571575
106 506143919
93 988724239
102 750948128
97 995292920
84 4218188
95 148517338
117 621184457
98 582321225
111 28719436
103 826169837
113 50057210
99 622032649
106 779551546
100 708777345
120 108107257
83 836646824
81 114403290
110 276226509
115 161951104
107 431696
90 584197579
100 896285727
85 752270735
106 487954026
88 152124375
100 304798880
105 525790737
90 936297575
106 913323636
106 53309972
100 190764225
98 965579618
98 950489412
90 643886065
100 605814047
108 439120320
108 187398071
98 227599493
95 138448958
98 30609910
107 323810412
90 681039089
90 821167308
111 189651833
120 113544004
129 809047197
82 42054098
92 978507238
99 556729883
108 27941829
108 566979446
88 245062734
94 270527944
117 272012799
89 607104871
93 179807871
88 360274531
117 944725239
99 958010499
116 33293634
96 512245157
89 600424845
101 114721814
103 920631291
110 221181042
109 634186493
101 335902402
102 121868874
90 676656690
135 350369204
109 885051601
100 508883247
104 566715570
109 509310455
87 779793122
111 703126941
96 387118342
96 199099887
106 817445033
103 190730231
92 984506543
112 742000086
94 359162379
98 791789270
104 890221050
101 34687021
94 680562150
99 146895195
102 290220114
106 537533001
102 879582877
95 973444535
110 306388499
119 972730166
88 917847887
105 198588123
104 813598660
81 707099582
101 660075068
94 441334101
110 605613670
104 934203108
92 288038796
97 574973237
115 152945986
95 5375183
88 466224347
110 167501502
113 812738835
99 695599992
108 789070883
108 457841070
94 772314722
98 669508019
108 870194040
103 522642619
94 302515329
98 743157040
84 913921027
91 380778475
90 149747899
93 863133299
114 456794446
118 602334245
86 286441027
113 816809849
98 232027090
106 101366476
112 25739413
117 195374843
103 808068881
118 78645506
97 899086361
122 453050758
91 709827951
107 64051833
83 302961908
98 304366276
107 761189920
104 686924649
98 61106970
96 839252050
83 219913606
91 640655040
109 148559049
102 541913656
80 907545960
112 346267308
102 785893970
99 175333817
121 146642668
114 639169638
101 252152435
89 922699589
96 65288606
104 505485922
94 601497415
109 251462859
100 285673980
90 677928515
95 641025412
109 249480033
98 765340833
102 976636127
96 523068840
93 467697390
90 938719895
95 310688108
109 188612584
96 745209830
96 168498900
90 289901740
99 445922792
109 686623877
109 846705776
90 248381188
117 997634099
110 246585772
106 651618058
104 635992984
94 31129036
101 59255379
106 287634839
103 553522722
93 670395232
112 790981609
100 860074316
108 378634613
108 145426845
101 903024532
86 959054826
91 856811510
88 490795720
103 948340850
100 929903045
102 728435860
104 704077852
96 917461503
87 442584138
106 922942005
108 315114173
110 670667482
110 918125124
91 183762946
97 334101936
97 666472551
109 738812765
109 895221454
88 559801665
117 115777377
105 825536156
87 411910585
99 739830924
104 857562555
97 584433473
105 474068021
97 441816805
102 841344804
80 763753596
110 734713681
86 397219104
114 915639049
104 982025430
94 813056213
105 108744447
109 929948109
83 859462569
86 811296347
84 58156284
81 550068116
101 994432403
83 355004384
93 255293173
105 414068344
104 47153409
91 676901843
105 702378319
88 251947723
99 40996434
102 997709012
95 516213342
92 405101166
94 813937781
106 389075558
91 554263868
106 934319762
109 322339204
80 727443472
96 477946135
101 866544329
113 373732675
111 999145169
101 138787095
98 549710653
116 653237379
88 502900383
93 421953837
114 139419373
82 759715912
90 938527337
95 228294879
92 820192888
107 103558357
98 971673117
91 80865854
109 206254662
92 560933947
112 469565259
91 925737889
88 719553822
102 551062895
102 297663060
92 113685624
108 834548590
102 353598765
92 533579345
112 787471079
120 287578062
108 508398526
87 663866132
95 567410366
93 99006265
90 401434516
106 574675632
100 791024753
111 391894841
102 326139711
97 650348899
105 356718836
104 292672193
103 958381420
97 764406744
106 873649138
102 796679552
109 279468596
103 658222330
98 411426896
96 890843957
97 383797492
88 291576615
101 762765073
92 910090997
107 639991975
106 350076091
93 231133785
87 524284109
94 981477486
107 453490679
96 772054628
109 340026563
99 796704575
90 835668001
106 155423553
91 360399540
102 265511932
97 143976147
107 677864361
84 622600349
101 708419771
117 793633194
80 226175483
101 455440558
116 328758614
99 157650590
88 947839436
97 315012068
105 359950669
98 557813281
90 185926386
95 666574148
105 669758069
91 738805281
116 460103889
103 741876092
104 218400381
96 634381949
100 522337122
97 843768292
103 984747894
97 958086979
97 807499484
79 977769001
87 467803792
108 318673341
95 521950111
106 874669022
92 781473408
104 288038849
71 118327853
91 695848018
105 911162503
120 137575910
107 135729391
97 833577757
123 394687051
97 40242576
87 564561131
112 577065506
109 970253459
78 946841683
98 143386936
98 335599823
92 431476229
104 309002883
92 480457218
99 395083938
100 795473270
110 95246616
101 942904159
103 209137550
100 436549863
84 168040909
87 947333549
117 581560455
109 951249922
109 482836226
96 752029177
105 133141627
102 802326711
105 459124477
95 356917296
105 518439862
103 832744755
92 560619433
109 227210855
98 449935909
101 413681237
108 66543936
108 765683644
96 733782941
117 859851928
105 866921955
102 735056247
97 516276092
101 881832284
109 647641589
90 673001480
99 54826384
105 1640521
89 212503599
108 462721606
79 258485547
87 582421337
99 544861470
100 383238450
101 688544198
104 919207383
89 455755259
106 462978555
79 89623411
91 485228759
95 81700518
98 76476695
98 208304030
91 377855369
100 125370106
95 723726711
110 704237080
102 120717469
111 227726624
108 90355246
102 628380478
92 91614676
104 245824717
94 290689885
99 175593502
116 700107559
110 439149512
98 169254417
109 204037323
114 257692188
111 968548068
103 353920838
111 885746961
112 675110432
103 678384185
109 422699150
113 923390719
89 338945009
124 683555043
109 860476963
119 871946987
94 306935505
94 341391314
109 160041507
92 28556799
113 625990345
96 931661745
90 986375447
107 426128176
105 184681581
104 624438206
109 540258743
89 979662410
115 45982957
97 668373456
96 216325452
106 123795330
111 545899046
100 793434817
100 890658990
106 824158365
97 352351068
109 928391112
98 860193064
108 99611470
96 243174659
94 780864424
107 182048237
133 602124951
103 319993716
101 560179829
100 626374544
110 143572278
102 760605336
89 735496128
94 707352924
84 941075091
100 52962064
108 758507391
89 233543299
96 193549652
109 252581779
127 438643408
78 993057672
97 297976454
92 437432859
94 48187654
93 577259267
92 875535257
105 124835231
103 442704606
108 930119861
94 538760986
89 518620763
86 981569772
100 966889749
97 569815150
124 590955764
99 266220504
111 229163413
99 170874608
106 895023332
110 885200902
100 395513744
103 303884690
91 73871109
97 581224799
78 741209020
105 826630713
99 254446553
80 909541862
106 122898208
107 597713840
103 47149206
102 999037606
118 419524658
102 365369168
105 53963278
107 990868821
96 415742791
97 583779987
96 823990411
85 547715359
106 507557926
101 494505765
109 443739027
103 960691323
106 356966041
112 226039
94 45237707
97 922525656
97 27917867
100 340696874
111 542782646
102 571644982
88 569528591
109 246284614
91 170562001
95 783749126
106 704043070
79 673837956
94 182570066
106 740367837
91 836116831
110 690077680
108 575834681
103 546380727
89342
