1000 37
17 577024772
12 379750975
22 822630104
12 791326283
16 567156833
13 53853952
20 775831399
15 728051068
12 226590151
8 806671510
9 39474060
14 717536694
17 653672617
19 576693341
12 176944472
13 767157022
20 619139230
15 241130834
8 173945832
14 983514247
20 982630029
11 236316426
12 3226110
22 908528587
13 364668555
10 283498108
16 368571146
17 941400392
12 433400072
17 801034798
22 878986897
18 932041747
13 453642618
15 616433207
26 268148518
12 352586325
23 908766103
14 520649690
20 601039890
19 902220637
17 823774219
17 102539381
21 638109959
14 368388382
9 547344118
13 815474658
13 245848237
15 220173443
17 117767964
14 604013455
21 426266918
16 645739453
17 921728654
15 69100752
21 279561927
19 503053298
15 222650358
16 748900995
19 241312591
14 794225714
11 92898626
22 837536532
15 19992746
15 550946033
14 536348798
14 237598581
17 23212559
12 884339769
26 157480171
26 482609131
24 495593577
16 133072918
14 757217393
20 845468858
12 276115070
14 828011860
17 24138839
16 343721214
16 636438263
12 625683924
11 913875378
18 912323129
14 472853258
16 678771096
21 467646800
21 601393270
15 541472960
17 99009144
18 667569572
17 234100372
13 594411363
20 487574048
13 203034186
12 2076032
12 205080595
18 158178321
19 990275454
13 49587292
16 390858909
15 28190558
16 432108377
20 972386553
17 283604651
19 474811589
11 171923769
13 755913181
14 962028256
15 774925517
9 217446745
16 869699394
17 885570322
14 603189892
20 766415723
14 901710966
11 56229793
15 141508633
13 553858175
17 3307543
20 60787999
19 999231533
25 944838367
15 592057741
13 818470392
11 875688738
15 898333530
21 161840395
10 706225356
16 125850014
9 319581704
7 873217829
24 258011053
19 22715818
19 535601792
14 514269364
17 430926122
20 481017780
15 450585083
17 29814443
21 52378544
19 562956645
14 241402151
23 45998723
16 558448793
19 622831306
15 762410810
16 282025745
16 317291422
16 62262427
13 940824205
21 834234933
14 608880182
13 41734248
15 56056035
15 498914927
12 730432200
13 178802868
17 580941246
13 970324723
13 550984293
16 42277667
12 196181997
11 148787479
14 277660076
12 350332739
14 332360417
20 662259890
13 285760166
12 235389126
14 806022605
12 769474619
10 147029435
15 444867005
10 368207386
16 185456955
26 297589088
11 109993599
15 957057962
21 161585845
11 151101097
23 994257827
17 869007787
19 366513515
18 770352490
10 396574615
13 532769452
15 262819137
15 670648523
12 302405504
16 641797341
14 651377644
18 184202122
22 939171740
15 461909332
19 507436789
18 689126198
13 570951720
10 798512293
16 385677772
10 24180286
18 854886793
14 381384839
17 310251086
12 929271609
11 536534369
17 269995267
20 263255192
16 638343643
16 687902296
17 573933148
25 450259783
11 473710298
20 91783469
19 769433825
20 651890256
13 345429582
17 500314439
16 509863264
22 334747797
10 453635415
21 20392582
23 775839554
10 199560094
18 563035298
12 851096000
17 970035250
14 92505123
24 604524793
22 361281344
19 894265223
16 344971844
18 723323043
10 855287004
16 524443301
18 618505833
18 586852931
15 192933526
14 375365693
11 376506261
21 845313603
24 897688048
14 316630951
15 732262965
26 317253316
17 193540789
14 849920530
10 747465143
12 631230662
14 685164519
15 890180185
13 463453246
17 414629783
12 539233583
12 397465132
19 809687600
16 219967426
23 740708258
13 516828368
18 407139185
23 359824066
12 421739907
20 735829703
20 153316416
21 39166623
17 893113102
13 879147597
9 416597843
16 882747371
10 915511928
22 955481866
17 827233126
11 478113314
15 531164052
20 127948261
13 136426785
16 789210940
9 544051923
14 183923269
15 256574746
14 517944947
15 62888628
12 606975252
17 310958496
17 229886804
18 977760139
18 340061966
15 293424853
10 85003914
15 119214694
13 797144357
21 430084819
18 639573993
21 699272398
10 91665986
16 124666544
17 600096083
15 145489900
13 280487395
19 403611078
17 709518645
15 64419737
20 18716652
11 622178707
17 816180670
14 46176732
16 338752284
10 144286742
20 28967326
13 764387727
19 243174454
18 670794707
12 675245121
23 133107293
15 94133625
14 643662497
14 542516983
20 130458503
15 938009659
10 899955901
23 597330697
20 890855066
15 146035861
15 214586614
15 444726254
18 108310241
16 276180363
15 100968596
17 881998066
19 954548377
13 381166468
20 186072907
9 944754379
20 841623962
5 622535186
19 341485895
12 787376402
18 820383374
15 30064148
10 45927069
10 840862089
11 669905812
19 563543610
25 236146819
16 217378329
16 379696762
17 251075889
16 777272706
12 813462231
12 174569506
17 11385464
18 669850411
20 167438485
8 286749106
18 7484084
17 873101448
12 672433126
15 731259314
16 879325427
12 412804543
24 396272772
25 1740994
11 798583758
18 550444330
20 543129938
14 61106314
23 131109422
19 683086455
12 878453063
16 361339437
20 407340840
23 436455768
8 548095593
19 70027992
20 785856426
14 750700414
18 211569347
15 359950954
18 839917102
16 241382555
16 364203987
22 52648428
18 715414907
13 79534749
18 601450034
8 946419960
17 588784542
22 348087914
23 271592892
19 305716232
24 861364267
20 180221224
12 649501539
16 194559791
14 12308217
14 452774640
22 999257931
14 640109564
15 335807218
20 559559134
13 639123762
16 462797689
22 265451297
17 228424797
13 743690283
19 641207740
15 644685701
12 227756331
6 956207310
22 324142661
20 812449315
15 873061398
14 932848392
9 784484828
17 945994844
20 506118570
13 625059978
18 831467184
15 30103678
24 875819366
12 358716885
16 854912109
16 889636739
19 763485639
12 239502345
14 235282327
19 962185084
22 651598810
11 957219653
18 886196998
18 278651187
17 893099303
14 926975939
22 969170754
19 19505706
18 226844842
16 546800591
20 649514954
18 476738011
18 933310954
12 677078297
16 183730881
24 904612385
13 433722085
23 105484447
19 45591923
13 114630728
16 386086006
16 13250924
15 793104731
11 669368871
15 49567042
14 9507170
23 525829958
18 231306832
14 765339295
15 666727562
17 323262529
15 626969295
16 588205849
14 91644268
13 589631552
22 504823030
22 920586292
15 59122721
22 342180535
14 547603001
10 149841098
15 885726393
14 360852504
13 828524641
17 625061206
10 613298568
18 728963646
18 307551830
12 916863071
8 495933480
11 162289677
19 803445127
19 919209994
16 868835077
23 248396041
18 214279095
10 218053221
11 305064560
10 778242735
21 23624646
20 783667068
7 980752305
20 950242432
19 502210951
17 54874882
11 222441703
7 684948710
16 943294718
16 874368118
13 835408107
10 337108293
14 726459331
15 802341
24 539600642
23 656304932
13 147464870
9 955622406
27 771167241
23 618127081
18 250925121
19 394590531
13 525170211
18 757327540
18 999348827
20 295441711
16 936864351
21 61102541
12 175514711
21 76795520
16 527245530
20 871399046
12 2550793
18 167930919
13 247087980
17 757376450
27 816227786
19 951945538
11 169195794
14 199161832
13 317511694
23 737468918
15 985502144
8 225594942
20 624059039
19 610961634
19 457427872
21 100767423
10 140577768
20 50895489
23 135247015
19 349577409
4 811705631
15 186980964
12 137543450
13 404100468
15 738519305
17 912577317
15 53251846
21 269130685
10 475199929
12 28531800
16 480641417
11 348869878
18 440099895
18 175364705
18 888088822
11 272174911
12 725738644
21 767336531
14 744229441
10 156486043
11 703169122
19 238047661
19 286931659
19 658203385
9 308088344
18 419088534
11 479235830
11 1850580
13 943843693
13 338728253
16 56375565
21 368718664
8 855847311
19 154539021
9 539403216
16 742718497
10 95403415
22 389998643
13 502455511
14 712281848
20 481087038
19 988622207
19 664986086
11 178186488
16 241059469
14 401530894
18 276871454
19 301573927
15 98622853
18 533333658
20 477127964
16 437377141
12 319856747
9 320844414
16 710918306
13 335680812
9 689166353
19 584875868
24 663109118
19 580056243
16 772216025
17 478928943
15 346685168
13 588198353
15 842121552
14 321619383
16 785129824
22 133511317
20 671227880
13 858792785
20 52328199
22 139834305
19 685271215
15 446372211
23 526830906
13 357831318
19 991838166
14 195711889
15 132810966
16 412426310
19 984326443
17 832932311
16 945997914
17 167067626
9 830738126
21 826574897
12 260886903
18 661829923
12 819375920
16 112671255
8 77202782
19 152602479
27 971209187
19 760148056
19 194940942
15 827581645
20 690924519
10 465576778
19 905460339
18 747457517
13 194034515
10 626890252
18 188651606
21 802902827
15 899394551
21 44935410
18 455672824
29 155532249
21 317184986
18 255694574
19 613104504
17 679281901
19 101147105
14 380560309
12 305521526
17 678081327
19 170054533
20 675306534
15 265361263
25 553337789
14 526099580
11 855215102
15 787381136
16 462106809
19 314761978
9 444865438
17 597584462
18 590416609
10 589053261
10 579019094
18 530951084
10 251127292
17 353727883
12 819739552
16 712118881
7 777442958
21 427226293
16 342414433
12 294956371
16 618375331
14 459888587
12 68284301
20 272035413
19 496256490
17 675535360
13 214109965
12 227625197
15 214882470
15 825491516
16 57652925
15 171347593
25 998956561
15 629122153
19 11856641
17 261773579
15 643526066
16 274375472
19 42564542
14 595160409
15 547967926
15 120576881
18 451118145
11 168852058
14 609049821
9 595109635
11 974412681
15 681295632
13 528873140
10 671583649
17 752148973
13 640807009
18 268982830
15 378130564
17 376540944
14 642151772
16 830300872
17 769870201
20 142514219
15 940329809
14 316449062
18 276336906
21 810418480
13 31570645
19 74838443
10 615602450
14 813335617
12 831139092
20 130976146
14 167149991
13 60572000
23 225691644
16 36294429
12 140084569
16 811259894
13 574518474
18 804808890
20 25226185
15 681709723
11 423260214
16 734107041
20 296327228
19 938117919
10 971724808
22 495418816
13 744523134
22 739675710
16 562086536
20 444917737
17 423431450
17 182963963
14 208417088
18 516517538
21 490828190
9 64364752
17 375478895
15 278240593
16 645417557
13 268627634
18 522747047
16 474239636
14 308338275
10 394852601
22 896551253
13 219288588
17 763139118
18 754584267
14 542605636
10 356374280
16 900593680
18 222870929
13 265786592
18 121754687
14 316684262
16 58040511
14 987223259
25 457281376
13 785392162
16 528070858
17 825876281
11 88700631
17 639578028
13 563988963
23 7151889
19 954240811
18 225643446
18 2837357
21 650983097
12 897508606
20 112756750
22 290068579
17 22613618
8 983766912
12 113047118
12 46686373
19 855011239
13 902021927
18 566162313
13 700261214
22 374340071
13 441905224
9 79664840
12 970920438
19 864235782
12 322709518
18 694650840
17 493249133
15 659927823
16 404572093
14 588960035
24 602770424
16 378064982
18 113415360
13 594801507
13 861802601
7 790314481
16 647671307
19 615992673
13 820746307
19 125091584
12 970396344
16 268479751
17 626253148
16 785486484
18 270374247
21 212167739
20 965935018
19 51780933
15 485507122
14 445687639
14 369021411
9 258918000
20 904595907
13 841348796
17 28010329
13 212635879
12 258117635
18 169991908
16 275757216
12 152158988
11 91556094
20 159372514
13 717609862
15 80627756
17 428688982
18 142982123
9 641953261
6 886942942
17 402832490
15 435738613
14 244044998
21 473650496
22 465109306
15 483336125
12 3695622
13 488913031
16 524974303
18 508287821
19 218980825
10 343211874
18 929361273
13 578260821
14 397395869
16 778258614
17 427358745
12 452302023
16 385571864
12 48217065
10 909905799
22 353592141
16 28537540
14 38541245
12 729440001
24 788251847
20 561082950
23 592859313
19 436097001
25 231748281
14 618775372
21 978641609
14 272108481
11 763699102
15 343407812
21 850395081
22 49270900
14 848949058
12 293783944
10 6036867
9 447795681
12 882190387
20 608982390
16 403081838
19 307616351
14 905451312
8 507191826
11 1926385
19 518678388
14 774050416
20 15551606
16 684859204
12 635167155
19 840089708
23 364070663
14 133640850
14 747165393
24 399758528
13 106412320
19 942252849
18 401500353
14 15193868
21 476061743
10 569740114
14 498439105
14 405681066
13 236182859
16 524037341
16 954194242
19 54834922
15 843574247
15 881741542
11 433429010
20 945141619
15 475615858
13 47654054
15 129406989
17 820084918
24 400161158
19 413663054
15 967485308
16 722196882
18 918337114
19 329335636
20 538544056
22 140542885
11 715596904
14 25912167
18 942147540
16 120912922
17 83981265
13 175767688
9 537523442
18 229235475
18 902512441
24 339964266
17 446917960
16 334634812
12 192487877
19 704095212
16 153305248
22 254592186
22 200195701
22 873901122
18 37654333
17 277704710
16 823536463
15 499720759
16 923295064
20 145758491
19 432720131
15 191388372
23 287905841
16 393642842
10 690068388
14 879279228
9 562195862
9 322859211
21 819419598
20 632100653
20 168012938
12 410899665
12 878060741
19 743259380
19 576230512
15 493862153
12 726350628
19 729159313
20 60790220
13 395762799
19 343901898
12 304357474
27 465564701
15 110361510
18 759473147
20 181135207
14 611760879
18 515968912
18 998015329
18 739200054
21 577482148
21 175707972
10 224628418
17 298460456
12 283835535
18 972329273
18 317913394
12 419135986
21 582612805
17 663282719
28 188014633
21 39578589
10 297610108
7 755338861
15 654852569
17 331442800
23 384764906
15929
