1000 13
94 868609044
100 126316813
98 116443365
84 967402161
104 527210111
92 668159190
94 184382972
92 440528365
115 377129279
111 747119704
102 614925315
75 835242886
93 879707975
115 834293648
97 465879236
99 7134540
118 529060820
103 12764370
97 173985781
111 911818064
108 632061620
99 962311032
89 699004770
97 828331503
93 945932133
102 509490276
87 127388168
110 710155772
111 331811682
86 97219958
104 810548913
89 919125840
94 341127450
96 924076912
105 377806566
103 777900870
99 415935129
101 21018053
107 699285714
94 92907396
98 303986563
101 223637518
110 566521197
97 24644456
111 729359640
86 631124361
89 40666444
90 144024890
105 38126207
111 208180428
117 322203249
101 392635266
115 318703195
119 208380924
94 977937659
104 858211323
112 413488253
100 699447271
101 317629034
88 496500774
87 767414114
99 5397049
102 752217552
112 477868314
124 735352744
112 879287124
87 550754667
89 628987504
104 331690616
94 879222952
103 50069473
98 132406844
98 177589933
99 509782927
93 623123869
89 721870114
87 164919089
79 704584963
107 115238655
80 468532458
89 717323123
107 928325735
110 62317538
90 237348837
104 290860309
115 779994399
97 923026962
111 497347165
94 31026255
84 910250367
90 260776666
97 898473357
93 470278411
106 482869171
106 666572014
90 751047918
124 198214711
99 424445903
92 918628454
108 232391657
96 907039069
117 825933766
98 531537858
100 264693187
90 814307885
104 317434650
89 116871146
106 960622503
99 621150856
95 243067994
85 812868016
92 383686107
93 704549631
106 159257067
104 736655806
103 822833786
94 777858679
102 782514992
100 599613319
115 911260814
87 304935306
120 626257731
94 495394457
97 920681523
83 403053173
111 399320920
87 735575991
106 566816464
102 407453562
97 20372808
106 211803206
83 62105729
89 81117192
87 278016675
91 123537234
112 260546706
110 116504023
90 520000527
110 868199296
105 595770503
95 453588674
104 617342206
102 704424757
100 455420974
81 553183767
98 354438657
97 873368776
95 44086752
95 729441923
103 435632072
113 137521755
109 662441521
97 239967031
103 995016965
94 965581072
95 504056508
103 125821202
92 414599225
89 392985488
99 137034184
99 269333335
82 268180001
101 861889749
92 58168499
103 69320329
99 968583592
117 393883933
112 598490344
104 456081043
86 45806545
92 958109920
97 245524343
82 656769284
93 825755537
101 472740866
100 47050928
119 94966085
109 201360466
66 698611045
102 964906072
101 823985605
121 888971639
104 690180297
93 348669684
127 136219411
102 99232830
92 58428868
100 837127208
105 461927463
114 565260185
136 704708902
112 654552570
96 377348656
114 557118790
111 665523907
87 761685680
99 738274526
109 496362499
84 674954998
111 517526029
103 707316431
102 930920255
92 868489219
110 468758142
92 632038403
104 562115978
95 615062745
100 416109447
91 604970107
117 501183077
116 353885890
100 69087783
90 120907162
90 21799654
121 134674045
88 523004277
87 247635802
104 625748132
100 475633543
110 111299098
97 826895708
107 141128621
92 217613203
109 56472118
81 572344010
95 292889388
113 628813121
84 909106010
82 522066937
94 189010326
94 535905249
97 862995416
104 183807686
104 229042652
85 98750992
96 548930323
100 366374745
101 846491505
111 114855078
80 402310322
100 42225688
114 979899997
125 172910485
85 954745286
101 246831033
89 514759045
101 501755700
128 981764292
100 821456055
108 574793427
122 19363526
95 958009785
104 719679770
98 54642268
114 846569656
103 294742023
100 481716403
96 694547707
71 277193568
103 584582180
107 666875332
96 651391444
97 548837221
106 768883293
82 774419916
121 400891728
118 462960484
94 988160027
86 776149133
85 805684018
94 659566292
94 445381908
86 421282691
109 400838972
90 213297166
98 213371968
109 4427025
87 659307983
101 83037910
80 655696172
95 390482329
94 941981549
91 435122889
114 342318937
105 593197728
88 953800688
85 135812374
96 271867731
101 819977906
105 930097210
93 375175515
94 803560432
94 987636706
88 661171084
86 924283604
98 497018493
104 880378335
100 293931128
99 595745196
82 401596776
113 800292870
98 462133847
91 139906463
116 626077402
100 207278492
124 733613036
97 129034755
126 371810587
118 12542698
69 236703947
90 92715567
111 906790873
113 84101464
72 723430981
102 337851976
103 914731294
91 553318537
110 738911803
86 993048601
87 961441445
82 531105658
95 883699097
102 663570247
89 542719470
99 803545451
105 17186535
106 893390338
117 693710626
106 61361266
106 298769553
96 769288490
124 745787718
110 875540079
104 9932834
126 593524199
87 895780315
103 152251589
105 194412924
99 131861863
95 646261801
102 534409192
118 657276319
117 475942208
104 496950782
112 507825649
123 918744950
117 176447455
115 224831813
98 581906771
85 644125050
101 37081817
86 168767930
105 455780116
97 255323265
100 382433530
124 739708356
101 428922684
104 339580619
98 835424943
95 495608812
77 503703467
101 942538193
92 121635983
107 287523723
93 345586867
109 519383297
111 375291737
122 899328851
103 374708853
108 596593362
115 389258618
107 181522080
96 679762839
82 468392927
103 29633320
106 790214678
99 836281947
116 365896448
95 873482210
95 928076333
94 737041200
82 462757080
93 40507882
101 747095010
103 412614726
97 754006010
108 365844235
125 8222136
81 324645011
101 580485015
92 55800603
88 352085698
110 737520130
84 352278132
90 730403954
115 416418497
92 170305897
95 99794107
112 854525866
96 374427167
96 327077571
102 243019536
106 468133941
96 628116080
103 67925410
92 728596716
108 279417811
94 415468413
125 888663296
105 232328304
121 793503621
90 115452086
90 8406899
99 870214555
95 315652832
86 800499221
92 577474071
101 421201251
107 775939770
102 568727722
111 236036159
112 13104334
94 332943241
105 214878787
98 428728679
96 972150598
104 582579973
100 642769535
91 280431320
101 695378523
100 984035807
90 244432878
107 612716859
91 252695374
92 722500457
110 676645694
96 679215293
90 246425227
118 218381637
100 863556833
95 359550604
82 986022106
100 484281714
97 207629201
99 176924533
93 959753081
82 776885331
97 249262621
103 201328952
98 735224458
106 983504446
105 953858292
98 165460133
107 334906462
92 930806898
91 345803303
110 879744767
84 693189291
101 983462506
107 216013060
94 949547246
99 163413914
98 3386143
87 53764615
90 899503764
106 699350879
106 293379454
90 551658002
94 82230394
109 816503891
89 681311026
80 699838602
104 244387721
94 359275391
104 121556820
87 179718954
115 470829825
78 789524330
100 189857970
130 792051576
106 947428945
107 440728491
86 743250491
93 815677169
101 277004608
90 116612688
99 425511089
109 246166870
96 427517390
105 233479492
113 971720825
110 668871375
94 141251142
93 416155211
107 175779989
87 544326454
104 148045402
99 186186423
96 404067183
111 809572199
112 980426583
100 581107640
95 883212096
93 500571345
86 464951036
112 328212102
94 506852620
113 774058225
104 588254772
97 867654607
101 794233425
118 868757119
85 210520444
144 487244545
96 436743409
108 697700704
90 247704842
100 473129173
101 330452128
87 632881572
95 151124098
96 218293363
94 941830750
111 792404264
84 89618144
103 296648684
91 600053576
85 459635525
90 57393308
88 480534831
88 101420091
94 256421158
101 404555422
108 218504643
85 382767629
91 692208494
114 376200094
104 511334702
135 213272199
103 907920709
106 466465681
103 780494267
96 553790023
100 271291064
104 20856614
122 261386885
98 495100842
100 554592812
97 968638099
104 669613840
100 61330151
109 743545772
97 711033961
88 606797988
132 758924725
112 114352682
101 770170295
101 852933534
111 146855230
102 429636655
117 213305393
88 53982687
96 199217260
97 621199489
77 414055392
98 760880803
105 856450208
97 909862381
108 349646964
115 48616365
99 131367657
104 610528435
108 750971951
97 697664258
112 961595657
104 672247126
107 185332000
88 54461333
100 928178066
99 256984158
117 18545679
100 56244307
118 492097029
111 787245789
79 682347462
125 108060350
104 311901208
101 365497949
101 802784963
110 718174889
112 698358602
96 117041895
94 398066646
95 159813375
97 559619610
99 192484798
94 650594511
92 222396853
100 902378028
110 377384409
116 108390080
99 517491532
91 558623220
105 150279073
94 901174051
107 123393006
121 131398618
99 771698527
113 697064743
114 796389078
100 169537997
95 591711849
106 545425519
109 437917054
102 936995552
99 588564474
95 268966823
86 800042525
105 314468530
82 690801276
93 526447552
95 726932057
99 23329393
89 938546147
116 123798347
73 21591473
103 297488308
99 529607351
97 641561763
96 447020953
108 986253678
114 575999145
97 845075803
103 913429210
101 437518229
96 318799279
115 956037464
94 688289714
109 551857798
103 855169907
112 494222238
112 973893727
109 919075743
91 404860631
105 943662191
108 849523399
105 664415359
85 554818155
110 949279719
99 529630627
106 82651443
92 805637483
107 244744457
109 288743196
95 478306371
92 312052126
102 993304617
95 64179778
91 835755716
115 834028522
90 775218077
108 392896053
97 147833978
90 859350658
116 685435906
90 632022483
115 252975816
128 12045138
72 284047868
99 245111141
101 418930957
108 497645367
88 488236951
85 835130038
113 603997375
99 41520636
107 648311138
102 523087005
117 756154944
81 929336685
119 122834389
91 906007938
116 543958145
102 27562199
97 435307780
86 638500729
107 953103135
121 532235484
100 163811627
108 424456898
100 645291218
79 150780062
116 214282253
108 258706347
87 398878688
90 275181436
113 141630810
108 960976576
107 613074878
100 433820194
102 89097351
116 548438008
90 585451669
93 377721807
82 786408569
105 481554048
99 377807052
95 364896913
92 875706374
101 287068802
93 410121141
96 607253613
91 553554943
96 437697505
78 918151777
110 444529568
84 894453642
87 242423325
96 509064143
105 707043241
108 103762698
105 468788094
103 447251999
118 342172808
104 716956364
109 147059503
103 479372764
90 891259600
107 839202119
103 591145471
104 442094207
99 774572043
99 935455199
111 298177241
102 591197159
109 441191663
102 711385854
82 534598946
104 294867276
117 992087286
89 329443172
76 983295430
103 699147730
77 979067083
99 855284665
109 671904973
121 847813296
98 193805197
88 486970095
101 99043932
96 831764229
110 756611961
95 150153620
107 727936947
106 868500804
104 511605740
116 498362508
101 22402495
92 70720128
88 977686795
99 489484572
101 955366173
117 722973594
93 196234865
108 986630066
104 524904575
97 994315003
100 595962965
108 758076820
86 396502054
94 157346201
97 142167585
114 554635581
101 122675938
100 804640220
103 306012535
107 412507230
118 165573283
110 240862997
99 273678311
103 560598143
83 100545827
98 219501380
115 344913030
84 454824399
109 671626140
91 885964420
114 64494324
119 637889954
98 459749401
99 445858755
120 479726907
81 171817908
110 623670639
102 382726869
84 434866661
105 557447619
89 23783482
89 952200949
99 247434675
98 437853719
91 932579425
92 200216846
94 288442228
101 302034033
101 264810658
104 501558091
120 933967963
93 441282283
100 770978813
92 785799478
119 243843577
108 424218839
116 740824956
96 351055911
113 852425264
95 653357322
94 44848562
108 968820573
106 570561440
91 401316307
105 131461199
102 656326393
121 163239037
110 619471641
106 50263110
97 502981040
125 788862913
99 549302944
91 308363305
101 732908167
96 575465168
95 390772299
97 761669193
97 399306198
104 207935627
98 436249713
85 472910881
94 114498203
88 732564970
105 734956760
97 529295224
93 284239514
106 794860820
86 432509430
113 168093712
93 997223970
97 293539330
87 189329426
86 509676061
103 697919341
89 535132709
104 862974843
101 651698033
87 94258041
106 238046876
106 880959490
92 461455150
93 575183265
99 814422808
98 584915081
109 894596803
101 101281773
97 801659568
102 910894620
100 73002251
97 753115829
101 767411107
102 697524388
98 396499300
93 98442619
100 996367218
113 829894808
104 344386368
92 199722832
91 575534237
87 493817344
108 657018394
101 754496040
105 513911534
104 737019442
102 396129590
98 169960703
102 485386149
107 854320092
111 182224298
100 421989722
117 498598191
103 165696497
106 609958368
102 523371001
100 528614100
110 766403759
100 611479355
103 421432159
109 174292607
88 173559895
91 807110648
101 185872070
87 414754026
108 582295522
85 229094824
104 186901404
112 677125086
93 820366791
79 183313892
103 8280861
86 720080615
95 505553327
91 86065018
93 253859231
84 599622870
89 359894598
83 653578810
108 765999710
87 965357389
104 748102050
92 198902001
116 887690583
88 928201075
73 553258258
93 305358060
96 76213036
111 385420382
83 854498874
87 789011324
100 174365014
89 467974014
112 108916345
113 988982293
99 663253807
106 690316979
105 666753293
99 859448668
108 688293142
102 393002830
91 550024863
108 297316422
94 694712073
86 179466658
88 766506231
100 755563641
114 929727868
87 23699587
94 302990943
110 531476795
86 998454780
99 504746484
107 649961003
97 88495869
120 418548247
98 183439620
102 654188981
98 144444170
109 906206563
118 497436579
94 833345612
92 364346525
98 366679814
98 34622799
99 872130496
82 940678128
101 872920792
100 168036687
91 194748886
80 922023442
105 883940718
92 699118860
113 650341145
99 78993297
89 180604907
124 159185387
118 664159248
101 951293189
110 123679223
101 392648471
108 812727748
88 811433267
92 407634990
94 9025452
111 192269618
104 582435590
100 697233963
94 858041043
95 724073661
104 12509054
94 493574877
84 307658305
84 327623408
93 964407065
93 890637750
90 912105587
88 890664083
103 314259617
85 493732598
85 795368919
99 76295731
90 759473755
118 853380451
106 825294898
78507
