667 34
112 488812459
106 355778412
94 824279607
109 249799871
103 346156649
111 272137933
106 166505857
96 149880536
107 685974806
105 660217906
90 31326947
95 857486842
107 831878485
118 163258415
95 112864611
109 347044467
84 628037587
110 645397139
126 531650303
102 426085357
108 314815488
108 713270027
115 493976991
107 65750611
94 294298701
121 524127322
104 526683608
101 99107879
103 242839127
109 632637651
119 193451633
112 897310147
116 131953009
100 391643156
90 533064283
112 166790162
101 945851585
116 369495911
110 76406845
110 522823367
129 256484405
90 927243631
118 946616872
95 859307392
110 644473303
110 300027747
102 765031654
108 669557457
116 340575333
104 602840518
115 49206671
118 295848291
118 209590637
128 563424143
114 554911873
113 859057200
108 573753209
105 820504992
109 454472520
110 878787793
109 942523629
113 114906389
97 958535246
90 849908788
104 234424499
102 39775606
104 919593173
111 545670039
119 760154609
117 9801522
99 593656498
104 818355607
112 66017688
99 459492442
108 56552509
118 810535924
104 83670523
112 618755801
98 322514650
111 303182593
87 789400981
119 632863667
115 614085848
103 167826711
104 661862922
131 899706555
103 423946459
107 53401969
105 215364871
98 495858962
106 860666027
103 567318714
98 638632801
90 674084238
114 452289502
112 20219071
96 419860582
121 921992549
125 303593992
113 365608784
108 784913097
106 554332415
100 510715260
99 746995112
102 948541676
113 102335513
109 469927223
100 152507142
106 247798436
114 467589713
113 700158527
102 438631657
132 799120088
104 113352866
116 409857846
114 393848863
91 453615218
108 2942809
118 63314925
100 714625984
115 717794096
116 263739022
100 241867064
103 4147272
114 913894605
110 309230814
107 312057122
96 912896626
99 104624912
107 688897858
102 823225880
100 637276591
105 288478140
111 111155529
116 872014867
102 622501007
122 730808772
111 684459557
120 709075500
104 722246666
97 784798862
102 295117302
113 657480417
116 101522574
117 995318998
98 261875902
106 352488448
100 588464165
114 873546999
117 826968298
79 227483755
111 555485467
128 635724483
95 822187540
133 512200855
105 242338855
120 451614770
92 542935930
107 372823192
92 786977825
115 380353087
94 82579051
119 863197607
103 201091907
103 318088562
107 551136177
109 214958877
99 517651559
97 508795528
99 786268006
111 630745592
120 382654905
120 741808326
103 217942037
118 195490191
108 646854101
122 592853985
88 745531823
115 242081166
108 404097424
112 826310502
113 529506240
108 823426204
126 716079609
95 956851372
122 400277603
104 422347149
127 717146956
120 167133394
112 944581633
101 553646115
104 753411650
103 497048500
108 302011612
136 210535211
111 311990783
110 796110894
99 480234538
116 818106115
112 103423201
98 594421185
107 587085387
116 529066670
120 412579764
98 302233911
106 635650062
116 936641683
115 864517410
106 836815186
117 489593160
121 555821138
94 294922643
114 141181581
112 938947367
129 451147846
91 161897642
111 922141916
107 902071899
105 325883785
106 951084174
106 376091405
98 203788287
95 83358507
105 886717799
107 187806567
97 834053789
96 260163207
101 64091649
100 507062937
116 442869704
105 624030062
113 497255299
111 908705399
95 897895824
112 347373944
102 474196073
112 4046730
96 361820764
97 180567913
119 518137406
105 263148206
119 878328489
108 830264223
104 574014448
88 955414447
98 339862475
128 51228688
97 192756469
110 891120931
108 504316992
112 407098615
105 22393258
110 100572350
131 710303889
104 458117861
99 363890363
113 679356881
115 714824084
95 999094683
99 528331972
135 657661739
111 557512257
109 684378588
111 918830024
118 124119049
107 541880034
112 787956525
132 772524086
115 282373366
114 173039618
101 298814596
106 715967560
117 693168848
113 677462410
107 815170066
119 259781554
110 970282461
104 216338654
98 302780052
123 758652841
106 352149628
116 360196206
96 642977622
112 250005672
122 107882082
104 851593158
124 249813034
103 101286737
121 702236493
86 994790125
108 497052477
114 523665463
118 825723486
117 191769821
108 870794692
105 491524248
101 170495170
110 773685163
121 204311263
102 671102734
109 321281535
103 674653242
100 55988796
101 723137505
120 671262009
105 762294760
118 770962259
111 278179460
99 100822022
111 859276380
109 438339039
106 566601168
106 4439659
101 786306017
112 9160263
112 660215549
121 299859405
108 330170864
102 812501302
108 783482552
91 88694205
127 304757676
116 604934427
109 11526239
102 225824065
100 555001765
103 296530270
119 591871202
118 451539972
111 795655551
109 412844228
112 386003577
122 962836280
93 403848698
129 592377348
122 667841264
114 836113484
129 866423254
100 880937046
117 396592057
100 362165808
110 473678631
107 16489152
121 481391286
94 489997317
117 182884884
111 53275494
109 264066870
112 543658141
112 209134926
101 238257466
100 555377682
105 142666750
109 993052047
128 861449265
138 311648548
112 282557435
106 657967574
123 651664577
126 733088570
109 306557238
115 54781883
97 256951482
111 933636272
114 909695272
121 606149580
110 491980935
118 35174099
117 493836394
113 336516726
133 260314696
118 668001573
103 679834038
114 817147116
100 470765916
105 794760161
116 981628537
122 997415400
132 608397532
104 477196159
103 162876070
106 860255311
111 139691392
102 814499753
121 684424263
112 557549602
100 562225354
109 628395042
101 698558447
100 781414640
93 200090199
112 598357866
111 516948497
114 335083719
106 739780594
117 572726175
110 265335863
104 26454324
116 432974646
109 566571746
99 963805016
113 859220974
98 811913038
117 2453922
95 757813922
113 194888129
129 85519295
122 293844224
107 758282428
112 989170971
94 861749131
98 302412179
119 256362062
132 101956734
115 536508345
112 910158011
117 533362454
110 264093290
120 125115318
103 461678718
100 20799703
101 824019386
93 943800142
101 651619230
110 155153933
95 600559944
104 327851040
134 449071854
101 622577490
92 827423876
100 708260529
111 988041602
120 475864656
111 200660799
112 395836446
119 234111341
122 628813949
105 193510987
100 703350672
116 968264600
110 308855183
108 286004114
113 200308895
108 668910480
101 413197487
84 136451951
120 599927724
104 558333446
111 187932821
108 53290548
95 886706999
118 5762425
112 491799821
90 182479665
101 484933712
109 710941947
99 583996607
101 138215184
101 905929307
135 613661268
96 610562148
114 905820370
108 196638654
84 351214814
117 742423192
112 436325319
122 83240276
110 372763228
87 142821884
101 812382152
105 50865562
96 123325316
108 875927114
92 939299199
101 37900908
99 474007759
104 192008416
100 890505261
112 513861308
116 887920842
105 716904244
110 760673536
100 890496934
82 997510734
114 771902313
115 184581445
95 242532617
124 472521380
117 403830491
108 497389198
104 792262086
109 179062603
120 926725591
117 755918620
92 813652844
118 667372650
107 108719437
110 267489918
105 917225270
108 379136363
100 584026206
115 646429586
121 515031409
103 789401632
117 651698716
92 664197247
140 928211166
93 14690780
102 474092576
123 261372333
113 809337289
108 636167370
95 113284442
88 515096518
114 650253859
116 44699087
120 160825980
120 413559212
125 853946483
97 202566095
113 940283474
106 135524958
128 240762835
105 546537028
106 828766882
105 410867204
126 877254848
109 518441503
114 610808352
93 980126344
116 209548310
104 584567541
112 121067891
108 486397505
112 495468166
111 119207536
106 35254392
95 312458897
125 954563910
96 515554511
111 405879805
117 844379115
127 291645160
119 129331195
106 288937128
117 848002936
109 817605064
104 660813188
105 400831395
113 505278624
113 787874603
123 512739202
111 814540682
113 370755972
113 449900566
124 127388779
111 75252495
118 373534047
103 563985696
123 304744062
109 492941227
109 6473905
122 534107361
100 292466972
107 859307583
122 233889051
122 823913548
121 571324714
134 427725810
89 546813505
100 471971167
99 705033140
104 132147914
89 385396677
133 381990428
109 402549383
112 35840994
110 313417349
98 209372026
114 564446748
104 469681289
106 15736748
119 75072468
107 862879211
111 965426402
108 636738830
100 511370941
111 546835097
119 60296891
125 8906470
103 430547582
105 409194133
120 303927149
113 829843653
128 537192359
114 193778611
115 86787965
99 332816169
107 602789364
113 597487345
100 893576232
115 212269252
121 821720233
125 197549892
115 945290701
87 862952612
105 494398640
96 461736974
99 468152401
105 34929495
113 140004597
115 139319911
102 649345689
88 357655639
113 457425805
111 628643418
96 535395484
108 345125560
102 449948470
121 784985048
128 961343612
107 742164744
107 319978862
126 891736155
135 704683706
115 720614515
107 311229121
99 323192522
126 235693106
122 483295376
98 901182784
101 601114076
111 168593952
124 830850587
110 893323676
126 380927735
115 76400975
85 471669415
97 797253376
106 899193652
114 419637806
114 148218526
117 870647881
128 735007132
95 507695085
109 651632065
97 631391881
109 526189031
123 217112614
114 413854913
104 144707384
107 554847044
110 267259975
120 567804992
95 111199550
98 566939536
130 521858194
95 749012639
108 743724962
113 494818557
108 630436042
105 49519523
104 195774626
92 383818234
97 713859666
100 73786245
113 215463296
20669
