50 10
15755339647394310685260867766240602154241690360968
15756239547394320685260867767340602154241690360968
92817499152290468607437414260922023403366246034452
15755239647394320685260867766240602154241690360968
15755339647394320685260867766240602154241690360968
15756239547394320685260867766340602154241690360968
43483153851939554820864663594029626778039965596717
96120105306045294130213274691430214176783691504263
76755446044574601746915706622532213931403462347149
47213247616156402338867954712314151140467690197802
15756239547394320685260867766240602154241690360968
15755239547394320685260867766240602154241690360968
