345 344
1846 2156 186
4692 4800 2
401 3639 299
2510 3744 80
268 4666 391
4523 4728 382
4239 4843 365
2103 4818 259
1312 4560 134
2888 2984 170
3181 4030 13
603 4083 78
303 3422 457
4618 4701 84
3118 3203 375
240 1302 128
2161 3404 177
3745 4166 425
3317 4617 297
774 777 65
2946 3219 391
2887 3572 353
4824 4975 411
4024 4613 97
1239 3379 169
1969 2874 82
4377 4912 292
2099 3415 329
521 2411 494
3153 4424 368
938 2033 480
3363 3787 438
1349 2641 226
3619 4437 426
4346 4690 120
4826 4873 351
4568 4733 477
2309 3321 263
4878 4920 454
1021 3572 114
301 2768 238
3731 4589 107
2931 3846 435
3802 4965 202
1986 3569 52
2959 3794 210
4843 4891 442
1058 3899 407
1321 3533 174
3507 4152 387
3620 3627 13
3425 3447 30
4797 4951 34
1173 2742 363
3210 3481 207
1725 3705 156
890 3528 438
1395 1743 227
2130 3512 390
425 4954 154
4044 4872 484
512 4339 456
1960 2211 459
328 3508 186
544 4416 86
3288 3820 445
157 774 49
4892 4953 412
3396 3842 323
44 268 400
142 4623 199
1492 2814 170
4816 4828 392
677 3289 103
364 3576 424
3722 3729 347
1321 1729 82
2899 3101 199
3403 4919 130
4564 4835 463
1651 1919 168
658 4266 462
1393 2147 347
4893 4942 264
4159 4247 479
27 1150 482
493 1888 453
4922 4997 245
2446 3759 429
1032 3885 277
4208 4870 466
2421 3436 158
3342 4683 252
2727 4250 316
356 4006 322
2283 4780 403
768 3478 89
4538 4838 437
425 2159 165
2547 4735 185
2084 2621 391
2152 2856 265
2692 3164 122
1139 4455 69
3064 3073 200
2768 4660 410
3635 4573 3
4884 4980 98
1082 3744 444
4654 4846 50
4283 4350 125
3764 4643 495
2239 4647 340
411 626 426
569 4265 277
330 4236 105
859 3803 173
2988 3295 20
2350 2469 57
4872 4893 149
1641 2281 437
1301 1346 225
3146 4927 454
1932 2751 243
2143 4262 416
1311 1401 70
4338 4801 435
368 4234 38
161 676 301
992 2123 65
208 696 122
3944 4313 178
2371 4679 41
680 3794 263
3807 4343 301
3947 4847 493
1797 2250 282
3805 4622 50
4212 4474 357
3957 4103 243
3341 4815 270
1956 4780 196
3744 4042 70
2678 4089 364
2397 4645 384
2484 3910 140
1350 3836 210
4849 4889 166
4098 4608 226
3423 4894 190
2978 4082 422
4509 4980 387
2778 3207 447
4551 4724 192
1620 3927 202
1700 4435 37
4610 4611 379
2250 2397 143
4038 4101 306
3487 4768 144
642 2259 488
3275 4044 254
4382 4753 500
4164 4398 77
3887 4788 287
4139 4499 145
3199 4683 350
3254 4982 83
3821 4736 238
2524 2802 83
2177 4312 422
1742 2626 228
3574 4614 48
4379 4581 205
1210 3764 77
3759 4937 486
3303 4702 383
57 2803 317
113 3558 64
4605 4874 290
4187 4514 426
3432 3653 487
3129 3341 256
3517 3915 296
4678 4704 222
3881 4623 131
744 3623 79
1937 4759 236
2019 3232 484
2897 3222 499
1218 3877 27
1997 2239 284
2172 3024 29
3926 4274 125
524 3650 191
2834 4095 88
927 1896 112
2072 2509 205
1370 3637 355
2775 4778 466
1373 2874 274
138 3989 223
2986 3270 112
1564 4077 78
514 3462 213
4491 4612 150
2204 4953 388
2723 2844 429
1445 3880 488
544 3195 60
3995 4402 285
2875 3537 431
1814 2277 475
1828 3063 338
4223 4276 145
2955 4838 222
3562 3779 336
3813 4240 92
3912 4764 470
582 1184 300
2528 4491 378
2928 3280 102
2172 4289 462
4376 4717 8
357 4880 163
3053 3533 230
901 2273 262
879 2676 76
1292 2577 60
2505 4902 138
3001 3206 317
1513 3043 478
4193 4565 102
3722 4246 243
2991 4118 249
3834 4368 469
1629 4901 77
2506 3099 316
4177 4597 92
3834 4542 225
4934 4940 9
2765 4901 155
1645 2898 177
2482 4929 29
3912 4893 449
2341 4570 210
2836 4167 477
4434 4777 83
1386 4219 480
1103 1585 181
1735 4300 263
4994 5000 111
2121 2588 390
3310 4683 49
2128 3428 183
1171 1233 366
202 3056 55
3705 3858 431
4407 4804 497
3700 4189 95
4820 4864 156
1285 4933 403
100 1641 120
276 4193 113
21 3565 360
754 3040 41
2082 4272 386
22 3664 128
4707 4968 195
1985 3745 126
2407 4136 274
2917 3255 171
2102 4728 283
2699 4833 319
676 3128 390
1818 4139 422
1093 2996 221
1457 2927 150
4286 4634 159
3951 4293 309
1673 2060 274
1147 2437 253
3990 4912 431
3562 4538 87
3120 4606 147
1309 3618 320
1655 4781 263
2109 3843 345
2020 3214 169
1338 1620 58
3398 3498 4
3074 3355 210
3750 4049 368
4505 4523 380
3396 4889 452
4402 4948 428
1482 4494 51
3087 3952 195
778 1880 499
2984 3694 137
172 503 491
4690 4756 328
1172 1738 143
3327 4855 402
3223 4527 423
3307 3700 110
2277 2783 3
1680 3765 222
4757 4912 51
4787 4788 347
2504 4486 112
2872 4873 200
3001 3864 88
3170 4308 66
270 3332 105
1479 3695 269
3600 3788 123
160 4727 55
3767 4939 290
1097 1255 324
2963 3897 16
2011 4530 206
1551 2487 79
2840 4254 161
3404 4029 499
2361 4770 127
440 2168 300
3376 4867 291
2029 3529 375
2127 3538 262
4270 4484 165
4069 4529 234
2107 3970 208
2038 4862 24
1915 3289 96
1599 4986 466
108 1687 351
2259 2927 371
2395 2906 37
2238 2302 10
279 4527 412
3833 4504 440
2839 4322 452
3969 4184 203
4198 4572 474
