544 543
2607 3888 297
1898 1956 472
611 1694 451
541 1514 420
3559 3685 487
2107 2892 154
2270 2778 10
4648 4714 362
4071 4513 189
4876 4995 493
4298 4618 148
1999 3859 497
1134 2307 218
3147 3985 71
3726 4666 125
1889 3931 372
2906 3140 13
2169 4564 139
4645 4786 160
3845 4581 398
2585 2624 123
39 4430 159
991 1540 410
1520 1760 192
3868 4946 435
4861 4894 69
4270 4456 413
2781 4537 277
4286 4432 265
1320 1437 243
4194 4275 489
3605 4695 133
579 4108 303
979 2731 172
3358 4051 140
3309 4171 356
1168 4565 370
394 828 341
4657 4688 410
2805 3641 310
408 3038 431
2274 3425 83
4349 4420 258
4476 4855 140
6 4278 6
2198 3923 246
4990 4999 194
1564 2412 53
3600 4371 421
3406 4654 311
3105 3957 83
1259 4908 160
3018 3821 138
224 1885 271
2330 4953 239
4843 4962 58
4465 4671 459
2820 3170 462
4920 4989 158
1033 1176 358
4665 4855 238
4260 4807 455
1429 3059 100
3255 4195 226
3184 3751 128
2080 4391 11
4094 4100 23
4801 4990 26
3336 3519 430
4035 4421 233
1489 2015 75
4555 4659 90
3754 4969 233
950 3433 320
4432 4961 500
2282 3707 277
1587 3990 392
1480 1604 247
1271 1394 398
3789 3810 302
2557 3855 50
137 4408 243
874 1711 334
981 3085 440
3219 3637 490
3773 4450 257
1701 2075 253
3194 3532 436
839 3465 298
3046 4057 228
2423 2770 328
1981 2959 237
3574 4351 134
1661 1895 478
3040 3545 145
4848 4881 87
2598 4080 283
300 2900 103
464 3777 332
3322 4730 265
1217 1797 234
2223 4664 334
1991 3763 87
1181 3765 428
3327 4014 474
1949 3950 215
2902 4430 489
4577 4618 439
591 2851 300
3815 3972 420
1499 4980 168
1120 3015 61
4757 4840 72
4596 4885 143
1891 2293 158
3689 4570 220
3217 4028 265
3721 3875 149
3245 4996 329
423 4213 244
2475 3878 441
1562 2142 126
1062 3227 284
853 3595 401
3401 4348 345
2034 3221 473
1973 4775 440
4167 4304 286
3391 3539 75
1560 2611 264
380 3771 434
2421 4061 249
2193 3140 430
4571 4668 239
1007 4131 72
2644 2993 345
2518 4170 233
3168 4324 78
490 3272 43
2587 2718 167
2025 4295 123
2202 2599 413
3610 4661 241
2304 2311 363
2804 3730 28
620 3140 339
1508 2395 416
1033 1737 41
3015 3999 186
4041 4144 287
3107 4144 281
480 1103 281
2219 2476 315
3429 4249 256
4135 4854 429
4892 4905 380
2377 3848 231
2490 3709 250
225 3418 9
1986 3580 306
4900 4973 423
4252 4623 473
2445 4433 84
2885 4984 392
3779 4937 353
458 956 467
4986 4996 396
2016 2658 267
2152 4277 97
4112 4221 157
2821 3265 222
1511 3025 316
2081 2218 353
288 2371 184
1310 4231 463
4589 4909 387
870 4049 194
448 1179 436
2290 4713 403
1327 4430 250
2345 3704 26
512 1797 8
4132 4566 356
3941 4538 63
3841 4305 28
2990 4885 463
1501 3342 89
2518 3317 295
1095 1873 361
3266 3762 119
3006 3397 448
699 753 50
4835 4969 115
4806 4835 366
4148 4982 112
4753 4856 254
3324 3602 216
724 4416 51
3152 4830 320
375 442 483
349 2074 28
755 1914 308
2173 4416 283
2473 4303 62
1724 4834 458
3993 4607 199
4919 4969 139
2180 4515 114
65 540 280
4944 4959 462
2992 3937 205
2495 4230 190
1632 2140 9
600 3205 199
4172 4828 443
3 4416 412
726 4180 315
1267 4487 169
1872 4627 45
150 3747 131
396 1870 261
4996 4999 248
4949 4956 281
3858 4970 273
184 3219 210
2949 4632 459
3028 4373 161
2688 3025 371
2973 4440 300
3479 3696 74
4093 4432 5
4886 4919 18
340 3746 228
1549 4562 232
3154 4423 428
4741 4780 420
494 3199 399
1732 2652 106
322 2369 370
175 2342 367
4930 4967 24
1209 3213 456
4209 4802 112
2644 4396 257
647 4647 302
3271 3361 99
1303 4538 363
3961 4087 177
621 1651 21
2867 4444 463
2082 2860 229
3642 4093 382
2901 4595 349
393 4418 361
3783 4269 471
1717 4189 350
1151 3036 474
4692 4885 78
3971 4886 98
3885 4785 107
2046 3046 400
1177 4734 317
1333 4399 344
1356 2413 46
1878 2555 236
705 2347 83
558 1336 64
3778 4147 403
4933 5000 216
667 3744 294
3976 4587 391
1367 2788 102
360 1636 13
4660 4707 356
1676 3695 249
3986 4468 222
360 3679 466
466 4832 459
4993 4993 34
2303 2684 496
881 943 331
1026 4300 488
299 4215 366
1458 4921 387
1290 3060 291
3040 3469 66
408 4720 207
1207 1533 457
1457 4904 233
4195 4479 489
4775 4813 326
2891 3096 292
4712 4877 498
451 2237 99
4228 4534 424
2041 4366 146
3042 3539 198
4277 4818 97
271 659 114
2203 3554 287
1036 3482 226
4533 4618 273
4000 4505 104
3976 4629 320
4863 4904 372
600 2785 380
3297 4665 22
1683 4096 102
1135 3071 73
2532 4884 110
1428 1947 116
1131 3131 165
1009 3883 97
4136 4785 131
233 4785 439
3373 4611 60
3681 4495 321
3754 4353 379
1874 2952 90
3408 3729 135
1810 2644 470
3861 4357 259
2283 4237 281
3550 4508 186
444 1068 262
1580 2082 383
2884 4772 255
392 1934 427
3970 4232 26
3621 4000 421
385 1488 148
4319 4710 296
1499 4307 158
2733 4175 378
3610 4739 38
1572 2524 266
3138 4432 388
3847 4861 235
4702 4724 121
654 3102 236
625 4695 441
2616 2646 71
941 1440 181
1209 1936 338
3411 4245 144
642 3958 350
39 2109 412
3269 4832 167
4451 4473 298
1882 3236 452
3582 4194 452
108 1361 216
3658 4282 451
2705 3315 496
933 3806 196
35 3195 314
1220 4281 316
4786 4794 473
2766 4156 435
3512 4823 251
3499 4020 495
1159 4356 331
3364 3831 40
1926 4389 137
2155 2960 150
1557 4628 147
4490 4697 332
2039 4127 285
3244 4717 130
4214 4887 419
299 419 49
269 499 136
1144 4371 73
3948 4419 110
4467 5000 88
4814 4983 345
2614 2786 390
971 1806 269
4411 4625 430
450 1326 222
3072 4596 97
3264 4981 190
1177 4316 298
755 4094 387
4294 4692 93
4506 4923 201
382 863 86
2042 3630 141
3752 4545 34
1234 1431 344
1408 3332 413
724 2966 149
70 4047 472
4254 4316 110
157 3813 279
606 3185 330
3910 4248 367
2671 4412 35
179 284 243
4853 4871 42
4051 4316 195
3375 3390 284
1973 3816 354
322 4635 448
1406 2749 73
303 4077 321
4960 4960 177
2819 4439 382
793 4711 12
4719 4719 198
3599 3691 478
3746 4725 411
1141 1758 40
2428 3541 264
2966 3465 491
735 1483 357
3018 3270 469
479 3631 318
4347 4762 444
3200 3973 240
2294 4097 189
4969 4978 364
2547 3327 279
4584 4955 455
3023 3897 355
1141 2464 373
796 4991 283
1376 3121 466
2106 4371 364
3151 4586 201
4027 4080 490
1816 4858 381
1332 3914 263
1059 4408 354
2089 4187 476
1667 1673 487
1565 4638 198
3862 4178 194
1713 2156 285
1978 2445 103
1156 1872 242
2949 4839 103
4012 4578 219
1012 4810 76
2802 3495 71
4880 4905 336
3771 4718 244
715 1084 77
1023 2800 254
4039 4342 234
2764 4752 100
61 424 284
1208 3566 221
3704 4591 439
365 2727 160
1992 3469 251
594 2182 80
928 2539 108
3871 4567 199
3898 4863 146
1567 4772 110
4823 4990 43
1656 4340 422
2101 3075 372
2658 2689 144
3352 3681 210
3582 4990 315
3393 4807 112
3198 3836 190
2238 3344 308
4587 4691 494
3291 4170 10
3634 3670 137
3701 4996 493
1081 3393 312
276 4257 399
2381 2517 22
309 1028 145
4477 4610 246
3981 4534 40
1894 2075 333
1685 3232 160
638 3496 383
265 283 105
3099 4715 142
3710 4249 448
72 3039 332
1 4886 151
4654 4870 226
4695 4981 240
2382 4025 265
2129 4915 52
2771 4766 272
981 4277 164
2439 3810 370
3922 4103 37
487 2997 81
2531 3430 160
567 3089 169
2474 3304 25
1869 4350 155
204 3969 338
1141 3025 494
2107 2728 46
4328 4747 406
2070 3248 208
2049 3960 398
2249 2736 69
1218 4240 360
2423 2691 197
2529 2842 419
4353 4918 462
1655 4559 427
418 1712 194
2394 4604 238
2672 3000 223
1338 2427 12
4641 4752 335
3421 3784 41
4895 4933 352
759 4739 57
1780 2155 166
588 1650 291
1073 2281 4
487 1937 315
2752 3763 436
4645 4975 483
992 3270 13
1983 2212 57
564 3477 68
798 1614 303
2195 3685 108
1655 4504 394
2781 3158 356
562 4477 247
4754 4904 365
3775 4636 26
1564 3624 216
190 3864 390
4448 4576 468
2720 3317 174
2033 3891 15
3836 4207 308
4495 4694 12
