0
0
26585477451690
0
0
35147948865720
78948758699803
81370727393366
4978258327138
32135790967670
284318483680037
539360305993871
8769167113155
518079648079444
141597022928165
643816025391356
379225625865954
943593886335
426727742155147
159256057541366
257400412007322
648681776985410
292904013135393
888651244564895
113207726434592
322016740152046
922473441261277
44776484282151
723264979159402
199219167011449
523999667132286
14639515505208
636830535686746
515958920540173
363739152467267
414861667067973
221858118830727
24234447007120
554712217434143
1023763047730505
116200319855782
21197792324382
881548460450626
286292841301439
1002692852584994
21382627272905
394196340471321
1235818985231624
130818368109727
587250967204505
925329520711094
362807097293960
678012980314628
333179778309973
110843678611326
226293182230705
1670142586428838
186805767882023
78436473265697
2347081108973828
120124217055527
65304657977409
1411970578967747
54079835711018
1616360132126869
1527239664734589
2287469527616144
1867677187717220
685297604525506
2167846988155034
1318744738299479
246754841249230
1211477898159643
2702453570799089
2647254957556128
2598457891130389
418517548735253
2209904667945592
1711775435322774
612215974463645
2191561697039390
727355741880
3349131410666877
2271581981794222
2084014634755108
1720648534261725
2863220370918599
308869448513453
635285064363621
1586280493228620
937797515641178
3079196734051348
825354095753615
2117398387432775
948334782224371
654097214014900
2210326121244313
3190700638721748
552034834686890
788860180327136
981129457757423
1416023239321181
169699589421610
606511550088747
1143135809386248
701885089899093
3073036444245052
162449783092733
1001070448400237
81373331192228
452723250380663
1701956719253044
2650864826484092
1741774431000017
1635487305811606
3547102238846367
157836635539404
3319980628805172
826385123192973
174750235824067
245368219205700
2157664583153886
2966741218136119
1912847094604816
3296619684165313
1034440484247414
2027415786693862
2329583030499611
1823019723951252
1543360287289332
4093998348108341
611698518976089
1774586648822092
1383810645421612
1111206006891015
1731767056972934
2293120099217754
881221386917742
2931007887404093
3067400690817397
48255754536296
687159577129857
589738060321834
362467806765385
3629192200719410
3612651358405652
3431706961113083
3317473732123527
861529219171517
3187464260176834
1245436428422122
1279915615812512
2354226071146882
4230421476945909
3062143833100517
3641073286688717
130234599844395
243556357637594
2970645199417911
3338515877593588
4970825828299070
856962457839663
902695257215369
314810528855712
3997874686690235
783735553096869
4625044179204853
1792274335202458
1963914601932850
3780045573681050
2342404009334275
1368710849597730
4074207704958707
849566555739647
3597542952217838
4292765501136138
3939222769055222
4491267090220687
2592183370325005
1443705102234007
3798319534125410
2075144810605881
4705936133057479
3674379728169467
1757871500071747
2503672361974302
5113447750482429
4104661270130982
2839975066509322
1599629200987391
1286425706999927
574834830287349
2016053374256190
286683899909689
3140357062812672
1754017884433753
3646647906756124
3745279876121093
2736944569927751
2147402708504662
1526817416421318
2238985277273646
3028957661922682
3172682130033842
6142788956759210
3610803172614229
629105619815251
1368100244136167
4241240993394533
231947760265575
2795657407800163
2296948480159101
6148480690143050
821838829759153
202646967833537
662206559065108
3633794172447361
1301700107255650
1744699403871623
242476015607808
1682158660573802
6623561874269600
5070501094761689
4200573183908361
2866315390309996
7078999479245417
3270329700658198
42060740808467
15024996281071
7582870927503297
3134504575913630
4528148528447401
1599087497884043
3580107912974261
2504035036847988
4539297180996514
5810586779567418
5742016213047989
1179504473891718
6902228567715087
3306627812228978
4033578673375997
87340104436127
7152999157341837
680540146436885
395809971494987
5440040892827277
4503043669831361
1795766391718147
8042578619902704
3671643935957660
5119281257755406
4383039719129631
6495033659761884
5278822698336265
5082239585906410
6500871379699944
2890139261543451
6718686239317306
3161250522424624
659062054601814
1853070856978220
774069837939807
3734909128219731
3433422661306801
4913806226936026
5694508816528700
203144557600501
5201799396128995
439622750512843
1370057233608492
7045342896732956
5828500662030373
6247351336298102
1136738838385798
2280268205177597
4158943363498136
5871074105011008
5269518423370802
481358071754079
7216998513367627
7374902077727742
1288131913341354
2008044528308837
2913457415149768
153916530136755
6366122280870689
344003421273071
2352278480005072
4623375162703195
2583497309266734
1339440602751959
5744819137055598
3747389163248403
5949690151302710
130771543626261
2387032709293742
3450171064859904
1177124759647028
407534873482826
2982879866431180
6536833233004714
2358824007698678
1339020797084446
92562012722857
4870430037504921
3185371072110519
3626774890968063
859651554463539
2081162787298092
7588475644850137
2873345749054351
4101519409400973
4782818351979768
6966495418794906
3126539888125249
1569812845720088
6812888227958553
7609198888561158
1160149039278455
3638110851392415
7211436242781219
1416303827636621
671083612116630
4549447599374678
7745581523929006
4784095644716601
1091797669332426
592615589599535
9170685932658323
6180493026550417
3746780400144319
853213073026789
2243763441814834
310452099128205
4970024011682654
9412428439788853
4182197998225108
5113213072971311
4063532643521128
9433398833585201
5298679659119784
9783983785133288
418895448662216
8730864539774605
8150515965569548
3503442321823519
513253257449335
8202972096546198
5244055065430310
1656559119897145
145239882376999
604748561482405
2168312648632326
2340079564914273
1670087248651229
5344221617010865
3024474041418001
1775025764760830
9646219703820875
5744836140229478
6851248431563134
3759102323928274
3480838573603700
5049900693703025
9062898101970425
1071936320484726
1359551481274297
6794153953321321
4931595450870044
2930554091895668
183498729285467
6568209249090549
75800595053016
4762976097774563
4165783015215613
220395201773396
2056297269681374
841827806644610
4955784964585256
2925702177346124
8895208290536748
1630540709178141
6334379591050455
118263544846263
6932866163758251
2574515173114005
8004509869564508
4139013563790714
9002880911101902
2154587881683512
6062826954363445
5972244255316298
3633304300233457
8131416939716712
6313291261166956
10308826591470964
4924725004948230
10490375642572162
561221943013327
7040312742438262
3939532041423656
9922924799486341
2834324835646158
5726632126733084
4336341344811949
10576007351275908
9580028418260939
6584169863360124
4647422890978834
4065526093203229
1136298109843956
77780710346268
325477733690241
528838528305531
8832125649805318
10307277773991221
1603244024949898
2656351219974485
6392126687104482
10772326569875373
9220614190268736
9056640246840453
147837752391615
5424338628209936
4167525317652169
308768986671299
6713366740301237
4842403507609928
9643227522486987
1559038764082069
1042556329056862
1456862412593538
10809816784205525
10104789112809496
1516783316764938
1474382019071191
5752147568634443
5829479863196477
4989747458383755
867745918200136
2466834537662349
10684894294796
1397516273765697
2195920407646430
5146154131333452
2122848550111028
2181386192742329
8625540116766058
12070507398677379
943750377995721
606609425681638
9518462838327900
3726356532936156
648924581868661
423596444511581
6383826682855867
8987867275124150
849923318790632
1999155375940908
1756374227542789
2798596523527163
3103376286005208
8390046463701386
4600174819194740
1044672592650403
5056589255663615
909401766333148
10721900714515485
1277186130114818
560491439178842
4028546143656810
10577964108540395
6841883325808304
12486352582528646
2264671374206617
11543862548496329
1419288665247292
10193280278694362
2149892431250564
845931150624258
10922100098724661
6403601179328495
736574024123380
8090725274489504
605439322819980
2670061257558040
9049431184641366
12359110898813918
9118184000233146
11041784236328508
10996277583138464
12903518378041211
732180508969912
9410761175128830
6847940297110338
1388412990231202
5082265508960516
862687418062663
2809247234913250
5803293234496183
2417823165999923
8782743876098903
7914305204625022
12098680763653200
7655055958319015
4377108089246977
6538980034969429
852269826116590
13650988314335695
14344093402645208
98187555582099
2545503693976791
189204688218349
1499172534646454
4270998856945259
5359866271129651
3644358834354346
4277337339952939
759228215508330
14844466151382437
1406262450083062
9364690577056036
7753596138038038
9054402056004353
7705880205324177
657571110245863
4493753531640447
3289430879291428
37710583813942
3249317856621665
6838915580529978
7247841981458891
6025669177151219
10283307973320764
389540411958932
5372472869458216
11090293709757652
4643200361476660
15283208264981165
3189837560992352
5402217021155374
11534199626341498
10680717101089471
919686756844382
3575760622457128
7832233149916299
5594286487352067
1590943644224210
9208717260390685
12019554069525203
2794230720327459
9485422915383323
13528651680003860
11033944437119620
11566962110889278
5972597136055197
2413664419866858
10344269942987410
831417893732283
4150110669289696
7627156370752530
251460240804448
2446748843265011
8489253804530243
11083474973374175
11846141056462441
12414012823057750
12635342703553184
12750674310114277
1350428254208010
3463757474189269
166315924088363
1200773057401139
9725795526477072
5314088449242346
15702579269043207
8224920432351947
15827189221730234
16044691725360699
14499550706606443
242417244527169
10020911299024955
13668906819129436
5322131041801501
2112780744179622
17251718300127571
8602749755448407
1739645311892218
6085616006562138
979737377473635
9453476051081362
14255762782811765
8194449790215595
9116320888420023
12743075044066886
12174317675895334
876268216600618
873642753838489
14248107710199440
14126406516527302
573244646633610
12985393434738220
15065011447025896
7062482291069617
4340699758978184
10902593837423408
15510403030847734
14424267108106441
13573494243227740
5226696820054530
17077135698328744
11839065232539533
8950485699426947
3311620126455806
9096142470882225
11908467406653135
846082940178772
5196202761433775
14609757150532952
3627808915874343
16324475981137121
3492856314664843
17336760530266473
3558527626191748
6242304799083144
1944407048276779
616032610948844
10932384882257613
516547473024137
159039663015308
6518452474446464
15473426554808521
272188773213315
12750466501059296
69493860410761
2333270591623077
2938671225541490
16630254935023419
2790943236007712
6602361770032587
14303730412484914
4833653201747581
1304194416561851
7541939885676868
3176490452973096
4798660662920786
7326683724409467
13371720214665539
542627199548103
8109892685461257
1608376929817814
14881237075699658
8029453115303794
7753695944741248
13123091042781247
10810003511557774
3297931550653693
294474269463976
2115616592365781
1578439470648142
5382296984744438
8950180864530279
15125262626419581
4577681681554282
4095523434794084
2371275422613508
16239661753406542
16743605526334728
9964464141946591
1503438746561502
1958392919638844
14968029605992810
4564396655502798
3547630517905888
9805180815507518
7842647974474147
16183153970860226
579103606363567
6513411726189511
19005206959731728
12982964767534383
1217485513554693
4008007046409812
935745634175284
5709740704734398
17057167986094096
3102033240520187
17656522680694095
5225067787519417
3565145038922979
5180870426015402
8633840879110280
779543140752524
14764027461825227
3569255705427643
17844176724729735
1114842747261365
10236915288592706
7470488869573601
7132319370809062
5774324246510093
965579363636083
5831185445636393
1187439401445269
19767738856047787
12993277309030615
2941862819361943
17393321460613907
7955859679088294
5459177652871225
14909013754235646
4689593358418228
4425029957382937
14296368728203494
4448079933800058
4836071872016214
12969655328506642
6045065627906918
1672704221137208
192181925768281
3012035534458508
7236997981083532
19255870209785127
6754970353721285
11387757295038335
2196111128581825
5525607723689373
11174552359085375
12836471630795834
376988510599303
6978963836825810
8991964917836500
1401771136587532
6993814807043540
14201340244202826
428523431766241
15919514215591623
11465335484966058
16183472491758942
1673082573573505
19885421348198039
5469277019368878
13374288472448641
7796257700987771
11313427314322000
7828129842871786
18918741795814995
5850505823098846
8953385819167220
20495101849632944
822075321021651
7743027170833227
10055216590593409
8234490065754810
13446045936600177
16198194311062656
21424421778636582
1122093165937142
4364662808959796
13855559916489714
17105998879861611
9293490455253653
1267512313585653
15313169398186772
7712799746109291
7919718484444292
2205190151554294
13944679702140758
684344584578383
7067925704529272
1786691845645456
11095160764575303
2358671868915730
6228055343523178
5699768307160007
2758301402873580
1897700033886178
12151564406402274
7683644359425419
191447963088558
16313450386999989
1207196224263891
22318944973970756
18901624942478589
6562985595621258
3158494376258990
20779481960137466
12234030695799285
2082552187815671
6190676480815393
3781471573842236
215148111080490
17846150970426163
17048102253075951
3537589019586775
9951733696342157
4533954049892395
430260443765793
1426606984494716
20631593342318476
10052468143083499
21986313882697395
1869178885655551
1794075518234643
20124510888337143
21812544756492809
6291813689593198
23319143850826461
12119791673326050
16896829529830886
15202117982502206
7048098813253802
22735369899550024
6836970051862338
783547674560107
22464938351279892
7641310489124385
2199186101299415
16146028532616531
1006462360145148
4978663051446639
1288243882436697
6545127463118297
3676726612504191
6917745586439744
18981038406738151
9752942783640638
664831821146476
23747659879335717
3749952590414139
22366294039584858
4256760154294043
7628462145290664
11164532488457704
22488679540771188
23283698948249889
1502147046579508
10745279630695359
12764257784018049
121029684377363
17701824058633809
4348831125120798
462908140335751
24920530270435858
6797908193688154
7826417928962706
6584941141369277
5760780253435598
16690084464233118
1551449626517835
18239764202640826
15755294105124022
4018607375909234
5049361600583614
22454384606903909
12118564652559991
3982753506371117
22929186307799511
16834414799526361
23919495596652889
4112392594456240
11494880892336016
9441104562726365
20108148392372706
21085532203354102
12382523590988856
1324266064238036
15476884907604567
760705067921801
11234301588113813
19619796873007472
7270754157237009
18216728115681231
423563711328966
2490119680205609
1185299320372222
1517866669291974
7986355452866108
6389803157236904
2216273002760982
6231079771665610
13532963245732964
26354180251446129
15317020607031844
15044664667911565
1237436824269158
613179913014308
8201107720324877
4606160162998213
11833758150169731
24760690291119642
5471430494536178
11452519857820316
5768436214081141
25940588420768338
1383643335848207
234293655349381
21857432244024616
3990191746177229
8066062467834727
13502560501887319
2030509643480708
4747730194418425
926545177572150
7274190812850266
16623847220979420
12335187197914203
7527728231059765
25134252554349718
18890001818713347
7648535113420736
5192304908551946
15205232399872
4272451304489420
22103788337327218
24941352204282970
4091255995129151
6965499124199094
9099518081755781
286346993737052
4037125276346988
211871675178680
7344000602423832
3554200889017496
7897478494079563
4931975065997376
12761727919005270
9971629096973827
453375525334480
9532433690219614
1785679321279455
11751692969930747
2767182070218333
16245510584862254
18535143735537551
926980284238733
26357834700656866
15356346069473805
15410335109533395
3346223088104949
18126159473199693
16112287665157404
3055343369304283
1206796174125628
4153642475367275
4611773816201493
41847624564159
23496551543620341
856913901892569
6049978493691510
829580219400690
15232516996551579
3111486625268876
18121055743089068
19505939261918403
5786045397288735
12932848594374857
1392268385218232
11155317418410895
10255700324216979
2917178501267805
25346014422930407
3117135848435074
11393658742237417
1602859272139672
23424298718183475
26698850045947350
26036730136349765
11910314163120808
8634900600437900
6029596757552555
3249945904174138
19801086467289110
18974967113620224
3242880762857816
21216786026787374
11920228447281039
26076500831241607
3657849232372523
12870620286122619
20337881767466652
676293127114217
18897630396506830
174744343983093
5622615378071111
7936295779202104
13925538132510345
997096776491246
25470658589145815
6862271219537386
15338005096817484
5888785329965920
15469773251939082
14433943318612817
17591446058574616
6112745108150578
22692582823514917
25524498039885615
9163154016836492
24729656751439962
13258013629125571
5903703920723383
3341088627251778
28136327516389895
22703183579694099
4954948328595846
21262858342225481
7991811771697068
1437370559694663
7072661204277983
11824813960131353
2357055587820189
7441446770670289
20684829112124511
8289406948258136
17473718842467356
1988175882634930
26521870999876223
5614416609638775
29759663332645181
29842237613990592
21361758474196395
18305837132628333
12933985468101924
5251808270657598
19945354129001372
18928299277430677
3592430889705924
19630649178623278
14888567740499384
14478160606190536
1275282465167044
10463282613781412
6669025109850504
31949527646371625
3331027261613222
11282745947421535
17496444126121790
15980086571401992
16631752814498159
18949768745447979
30603697457191467
1589838877404344
24500272290585252
8598811581704737
13341209235477860
1764227528849669
5955423979433396
17977266514373283
19433387822792461
1755924509211781
13772516355773792
23931525178017475
23346537328942274
731111523304391
7687269809551215
27066025243795258
28559056076389727
6844104446607243
26162863284045693
26272401039186217
20687856760798368
6226598213030475
13042245733173584
1089370280603462
26784553246979258
3842283333424762
29449496670102545
18116987961662814
31524504243424650
722414864897151
3917950252182561
10427730634703770
14611462289325398
23379349937142903
13000965676146058
22938102419258258
2643415890717988
6373901698609940
22519664547668221
17641779629031013
9463338544049847
12954983054608649
20906989373156013
13566371833891403
3821326143839060
18767899556489113
7079078681191334
31407330839294933
7029685462788144
20365088029779884
3535686111614031
506824311446505
2223161106965546
2893324989808546
16187924738513230
13772233142692385
30930329696067130
19254006940752519
29103462732144755
5828484107960084
14408398361059048
2750934399730140
13352008427017282
5494548613534461
13639643938994919
3227596750858409
552770073366253
12767779813567028
13568022246122953
18658640870745065
2651351417341787
12121792468482750
9440589585230154
1340332267062077
28503484039038184
16084904900913086
11294581621597815
13344218441155692
14706263180906142
9456939122522108
4422190851911835
17116241000279082
17650713992275071
27372888163272371
664290670520616
13261213767040237
9788471182789995
5896378472825668
1845654402234548
1292872927907887
17880456986146453
839355785936487
8796945941072446
19799163379052399
28936332022848036
1510504048059382
7317996615167029
28840759656101699
33478085536070268
23173934318342900
21482780742663864
10194672951191239
19860410958789485
32594303046073510
7630413454658263
3913425922791832
6384876706025086
8866868192363851
4919903638883474
456240157616974
12790633174666326
1126835074276547
8339586539475932
16696798923547040
16008219262896171
31330128199944939
873938594256979
5063443425815182
21775389072388374
5992884784252171
28735249593687534
20090175833788389
8852705376606863
11943274035155672
26276965953667269
10534167176702084
14633779950030682
181361678837881
16359796623970213
762816272133743
11949677871960660
17663964626746812
4600802605585590
21218998603833067
17632188048432904
2411457243208044
33488639362807665
13028797286547767
124753004524702
6042996410860045
3426300119618291
26911214972742201
2046049373172381
17697581054651335
32940106633669349
15452121495159431
9535690093699028
4629182628485290
990944635408652
31624826591302407
3394634146279499
24024958969695839
35121109520047288
6723546263518650
20881324640533249
5630321780734199
32864202136825141
29162300687184696
6977051826467760
1891420405307842
14168784746166695
15287792957012174
8222049256110390
6726964164544708
12497686977693329
2607564364511138
13470525730450459
366912481933196
27777724771314560
3916670621386922
7426629232037216
28352827026591835
7442932400809202
4955727975637857
19126464977723571
6726401698058097
1327090704175908
38035742452699990
24451444084954289
11582965270836377
12945963605529633
27364853753414060
11822349522144953
25389201617542386
872814725723008
740079364779843
155408006297353
28571328931923966
17748161446776718
6089576915287413
29893052495698288
4428954233518274
8805832129423094
6686784188155260
1562633595001730
476848128761410
10127377619045855
18975444083909909
6192401207084598
10965542783189471
4427246999790671
32414877908123304
1720683319188440
11123423203454363
10182345772966652
842240083474685
34808772232325877
5601219406701854
30832175252587513
7224169406974560
2892754707642357
9012333681668025
15980284927487452
5320555796695175
18483050646927884
9981949060777803
30103624676857328
14602692635402262
19755764471964405
38105839009599437
20017671677952958
23480502742297882
2112053533838332
331768236744173
9391719482853111
9438276530986438
1782006013927311
21022488811771133
10927672844508610
2315242734555018
25072559906317004
24250466072874623
37303310060989542
3755374821292811
206088288561106
13082627926789591
5740902720506799
36021335957092998
17144639067241054
39389858369920357
29996983869172906
22016248467070140
28254512042281942
9274725615576345
7990687401631882
25338735458018806
25018125013259092
4645019251668197
20311298169770597
6119938894561032
18605858430854648
12713810153734041
1093684462143574
3105590762963654
27523575559775934
10232467527204844
16759500363565795
9389201659008129
5428022155882180
13399222990768104
18147302867351003
24693427375966367
8957275799714083
104765929823279
10496621206073525
450148823223949
16002150855951198
7164655415592300
6222858660704694
1586383345140437
10754399147461850
39559890450196899
31619443084499286
28792330856023496
461119745614308
14465384142628559
1471302059153304
21809747738469151
535860243949632
12538538064368629
7510461504918794
9090786428031868
38750624600740690
10780283308139553
12361029399047069
18701951282285072
4979115279071463
11608484857769594
32698209643624316
2028882481396408
37084615125827344
7120224437321477
32954165162948486
15088691069431737
2397604000730554
22448365279705723
5486079973733634
3485953514542298
18458715136109460
13419641613927022
16756635735541466
9078106521622449
21507527747330891
25796048492184625
4369835770304606
40716597909104291
33429492236270422
6297515085250942
10301945598632242
795735373257236
33644754270580308
23350849522836860
36774852019053679
34562357709861334
32901023766364324
25496676274283877
9897519978542294
8722313341096779
2358335226872956
4286715925274766
8818460728471059
20900899498802520
459057170157393
6506877108909903
41598490653272178
9478564866514748
11905828690656077
6758858513190885
10188819880445151
26500133992485099
2985697451621986
23541833609536808
25944714490324508
15066854979648341
29129403056470128
508618999984876
17655644015739086
10479218060409422
20033243777377224
4838903465398486
9852277544551357
5116253324010173
36542565588224159
1151002741960618
24554507195779593
550602501055739
6894397552619491
25675289352022968
8981987190662638
7045204110698134
15830966358284436
80558097300966
39545643037366445
7983318748650627
4747118468676042
8184093528446656
32994228373531342
38279155620366350
16340493084438755
12205572834284647
16025788918234558
13232165095609671
34303269221411710
2042200318917303
20296713196569277
30637337893616757
22584773378575001
189144279638324
14733921043732815
41675387062349330
13424363710037554
918841129865164
36489857397533320
18049078796004729
5681244990263851
6584440506583053
38153346527137243
27830869153920038
6024693896971893
8799343273355272
27863926273658463
19363161865105173
3559168549901009
246955259695835
357456692366679
9399457483636381
25441997494448996
15265931828777490
4363127353379033
15546084774048566
27988713068836156
41674225578094246
159084354364474
7140852242639502
5661113183759711
2527351206259760
10036520533877321
15778492267776783
10207098771519905
35392117571774370
34532234795469796
23311835351188535
32570672598580635
21501168797061146
39635305176207350
19301198797510128
5448784266907123
8508586878253790
11657996550611106
9802462420890938
13324253074071258
7575029293808818
42726422224128307
9303533105351926
3442763721902622
16684729031743832
16500151512912423
16810416252720129
11055953305673984
22821301113159254
28254483293105432
3850662749089818
7638354778742625
11301596449568634
29840685720829182
24474146668829119
13493794921385467
35645771502452973
2637717036126640
18235739247528079
26619104747654730
44569918889174757
10215458020188052
26137043353802666
20911101061220495
15362151929558644
413434613180413
26733209486181083
31545031856752950
12686575622229749
9223076893658194
4178823163446104
10533616119966632
34702511811719166
13719340376847701
8196770399076997
18811705024612427
20868338335110454
23323878279908851
388710157159576
14714301674408078
264164292841310
11218878615478593
6546105596617843
13647618085936044
5122657064132226
26260152834635569
9931382490603512
27979862034860119
44636574463049278
17762893240407736
41045262367711365
870592562120765
5217187116568957
21825694378459854
29938834584098752
7186521265939103
31057980874581333
23286740053656814
3166195732399155
38600628041672436
3610764365621589
18618382516606002
1006941558197290
480698260035804
11888763915584509
6591186222276468
15295447427461007
38712700808481997
20413081083960972
3870328752075109
13366151786185706
21255013899359085
23136524984137097
32207083982328207
16209639513877528
24074212380021831
22545618129805048
10924275980501034
8897332294233892
44990382086789602
7660862096907421
75231983513186
16668222899891697
13449336798530020
19729274722928285
25328683462522500
2751509252890148
21015548643016742
495391828266103
6957786377436
1654423675491947
25123995722066345
8687792419642038
14349135558108715
19972344285416866
4758716434354231
31284834574009894
34272007910911381
2555017523309777
68358176405349
11760782449225427
16361213466965926
5758094520574865
28853765719583725
1074398821439156
22916182301916981
258385752754710
37034349798326793
4188976438869217
615280392509504
2985331355883699
24172988208683540
8466137969804431
4348854650578253
31372209250820583
24147723319784333
44045354439917659
7842268846495344
40352569658411968
29608685886627134
11198865461202947
4017129837322885
46804370566232332
29882810579620741
4313191814708935
32894878197525573
28489057597931162
17760113611182600
14467939752739839
20002109516657498
12827448920947523
15754673262062367
14125637700992995
5275341864060729
22888992052133172
33784742413312
3218935205972670
11869473926570629
4340847424368187
9581512153550899
8844464995468925
8080357954315383
5904566796901616
4746715186347757
37456488730962129
46982348963865934
7383211267920233
43078843307302332
41910798343630611
7535423552737166
9677843677409015
28553068033280038
36064432296974756
24808994851180336
317559374946353
8988512903830843
37186865202077266
6344056310884274
18509292323527720
29153620037137937
6245025955484050
29305576345031058
3921981730997198
23402254350276075
19415513978057693
27587803703363392
402709429826671
24072454308896721
8578748203600699
30666411778599660
32687399512868487
16899064847356226
4166713298552608
35030373972802514
47528603037489234
38923661764831815
7427452783342962
37605667333588631
24358709226648698
8831151464812523
26314595949101031
23803915686413056
5768989236053123
5622140678433617
2904471497732566
12427541652692903
16640649171380605
8489511782909491
31845701062295307
25961644789982014
26731298253118228
12015614473712193
1381160058930617
45515470421152997
23606159310877834
35105316660351140
11324991475976927
12050335918718187
1478066078134887
570632859485736
13875788976739540
22925098597974492
2999437588919191
37608323112957441
44435421601484401
38230255070664565
3422941909225762
5550974864395182
29167863875118815
43551712353265835
47316023633014860
2798321086859878
27556533819629520
18364742005569359
22877205283153885
24234356600096614
10167498756769250
11132403856466847
535209814951326
11789794025501336
6055305842343824
7213103353840258
7915198987934292
1260634943033694
4735991457131206
32543253662162992
4743549392306675
47826542040432748
14183953380971084
9129693503572970
3867847628254429
5407442993475200
674685817789559
179053565739568
36647485811576188
49811577054635192
47884499483728395
6870875355396297
3270276985417621
3321464527212361
21406094421510532
47160380777058529
1751344633448559
5451533419051337
34165973021844958
46082003983335621
1846525013210614
852855756608787
9457603908430132
62187139465481
6722804652530694
4700536894702775
23568305836724823
25858930550980084
19266572991112680
37639588022157018
19413924805882081
353379594487453
7991664092881088
20592836635623315
9855757663247454
24668178439610388
36896718240131684
15064062917053005
24809733220736178
72266771330462
10663719806137387
12585580197032638
11405186692862634
32924307448322652
14205995656016083
19960520904318045
29703712841699317
16553489916173110
20829667891390744
26370573920517759
39533496799502824
27731873628351009
13923201319101650
35004458463244584
1590929195874487
35088030582906680
3447208487588643
6145391419152598
1905174254723348
17104834508379908
3385911034154686
2438217592771152
17236978054400568
435890152917633
13964459830064358
51246994128433624
14942023470007639
31291415454277280
15395007275631119
5636293661166709
5960523656512049
35521598177851900
12377050997959663
20713257139470975
32272092071123157
41198737887962475
2509187108591570
23925000497377596
38843056002152503
19610569745594559
7838610509070221
33066039348208217
3647210030667596
44689309203315799
413598279736687
15069995244207137
673729693492601
3407257028633328
14586325537969182
17120303067986750
36209933874105775
17408756984931702
22159817605265479
26931826000484557
21790355489108812
3637348847949131
41628268835239731
46682978334743614
26254028425798627
51850017231152999
4844617940485055
30573112409591242
49397189937706211
49528943015233638
32222749859766067
8869825744749975
20286061077031783
8909643905439832
15587021641465902
14837089242989557
25003471541804464
20986589831394607
9572549430463697
42645565340892024
38913453994980595
20165574508088896
6428434648502395
35619264229501081
2750389435820161
26159687428289369
34224105168138366
39701359246431870
697276293563338
34561822787506810
29669410155631707
20600729035029458
38062317319643745
20132219667833292
53180866512395992
47902534215986479
39184046818591466
397791454017313
34116474457043389
34516619737389030
11915631280877727
4498561231322113
48073402070946957
29405702222476806
10495508733378177
1092204216961265
29545742193438099
40247318719904883
4587653229446826
7254802903487409
47946099471523193
1361785611206483
19461541333091932
39710848332505751
29461234220334715
15248616343275229
36714797518867211
22545126176111969
7440397196850317
20211350462992881
46994876799216920
22408871477267188
15792458784163264
4872517865977910
47653646245467226
23719518195658830
25005766393604422
27165309039118911
50614792171861880
48270335105591662
1116420102718069
36074748288929656
42634582136239847
11759328969136802
46107655195475434
25573414478051692
47089565354493906
4146149214397874
15462870034623199
6358290007666230
13600582640667686
50281352778368438
18748625045035264
43763268176631501
17037610603633090
49163378195497302
30403827290078484
28767387970052546
26757620849962379
2599187204187669
42191303392660549
53504654743578565
5355886762879506
6771680587544173
30921406089936618
3865236078337845
49516454730324719
9380367944131372
2677817857353327
13152763210029394
42701895375519180
53691867329657589
39048907389804630
55217004902373289
222186322367289
36985422819883093
1935565679720703
15116355939044679
23598174485513257
16681132376717485
25656032228817480
10226798011782974
37580075810115196
38600405258053052
16526942092987909
45428995179936232
4808816847979391
6117026051707733
13742162429110411
33107096887269921
42486065391547383
2679382334105844
18357376834031532
7984894605492542
34207559718103459
6927200671534597
8704175358674504
18943254444299961
30636286997502587
22888437877327210
26026310607299121
51606046245350003
14654113180413951
29994943142247455
9627292766622694
55713677551067241
35480946904154755
8070438409636941
28314359004424498
21241447015106034
18430123319347665
787431081564603
41224234079798010
4277017310477756
43983494560591111
3959918830970548
22354605368374666
36733676822373324
14546327661383506
572294197021916
46374194723189651
9847249038236170
46810091291530624
35781672499263886
286695012945868
1924977935899165
352075017759884
15552237541260738
42981105566493281
4789640396964051
30152463675145023
11753144018198552
25792482749763069
4111655287113940
28767924160025451
9185275646129904
20308820532507905
9773932578340242
9106096710263998
26521392699624926
35081636361887059
21729012965095864
56558827738592932
31269579858157496
4966042850054402
3031887201510736
17815229183903423
36135860250424101
26676931679010424
47012147482647096
23286584953307345
48002568166151843
11512803732137459
20535969617896326
2357920306129976
21657174689560430
6048722131660462
23645923904186963
1909871080898387
11776010109406791
7913595093273825
32198610701038801
13903237216662714
1487042651293026
34993298329288888
1705955930030049
2034659482728343
37614824968148239
5282444333497713
6434831820454160
16821182420767398
8359577253215996
58332682529840391
20837354822162008
3003922805076344
55438543315546286
959003054184507
31202077929932853
1337749875206003
1223209565215739
43322399748772947
35754056015589504
57674132837615593
19968284429522064
47127307994311503
2688074214810211
4800674056907567
30494487087642243
13847644266768041
35778796889756902
50226289458159391
35538916993767538
56350411499044408
3666593690769656
16801560266961238
24540831039871870
15127940703414448
24661914366762272
39252934852718263
3872246413337878
31188057589330545
22338692744653057
31848417165762566
660963403489057
36170498552310603
11992738929224494
8571452349845791
45988222475953603
19020914220155923
55759258381505605
16684737700394167
57552239950303212
15956585870991936
25318121364406271
45629794980623298
14310371644156824
11302002601877011
10255000527710748
12598490809033620
2777772034408823
39050192521950724
5833263226826626
5399102264973282
11065677924316743
8691946876585241
29215592840931391
3200613170927621
43102602833232174
46125010077520970
24779936655737244
8865393107749918
3597259098647467
49405026755986929
20576457044578630
44875172705241484
23159438244626362
52168473834382105
7370648990142544
37246829810459429
39028096082262437
4454619473338713
3148195956085492
6845493886428668
3118228281615358
167532159442606
21773460751078545
1223362996552334
12511419668863905
7754656478613417
51422994403355682
9503731705541614
55949474500166993
7237108907537792
13386228312237303
6354274310911090
40514435131833703
56757828006356632
20113457338715584
10624920997214809
27577738620593941
426966558513100
11149542307611812
16427736382689004
25195956253735696
10574271078207732
1661089010960842
17595800445246217
59488114003486562
6603155793313775
1849409655139575
34309912532474361
56377019635530326
4626963270638195
28839075345744429
58673165535862197
53349893888925041
3304140033339901
14916176452591507
37178700961087489
30505513295903138
24258542198325117
20085292436412126
38605755126114745
770678406516196
3297969908247464
9632432015582638
51735228971770450
12207408782832593
22084921301341423
42047889761986330
21401302035638303
3104649179978181
29409333921303934
33262717182680145
29027433168107686
23934745148385798
11784406186417924
27331002977874352
4179977751878325
35907028123561477
24761264079565365
5121599059939643
3607715900019063
60957458011538953
17815603688466872
11958321298029962
47362370991896932
2087579778867764
51057178230842496
19059148682816186
36499071779212193
8510097062679506
27100637728344923
12213898266045505
16473704201093256
541672251705672
29198870779125861
34623904943410710
2162398099484764
32179791591394184
11392579164915153
31761395454633325
25686125795107321
28683389742669809
27395421221076850
28638412849419900
407581721754244
8305879393407470
3016752425327485
38467486438976245
26355047591454588
10063990512710891
35140302131035363
4061074893953103
8143504853494875
49008926596164585
3365981421309885
24873567012816086
8303369199305134
4947761805077871
11633113368338064
48487692683675524
3532391012263462
790975432201984
14399190759356142
48430555343240943
17095857505586613
37752307476544945
6563687470788713
51216812177496431
1043163576845481
3682236086629623
47170170310389295
50937201485402226
304218010734347
62686878770639575
17039773841730383
52879487360950530
30648526346270535
57553244786073415
24169294373519325
57372000740578772
38596051912216231
16414856695836254
17645238310171343
44435731520384955
9260627491204064
46078278699995659
53569025776345946
1157965129685616
1642792012688733
10490352393409622
11599673058215315
7663987544883781
859602684630669
2177090538840300
15163326144600732
1234368086446572
43388353425221440
24612468600702489
33583383061692893
16385947348136098
41226391073355281
20465732288799084
40762761063485126
45098220572251848
22820720171231447
32065430530533179
40519647030706615
111307999954421
1001958801474780
45549215908910846
59865010635186297
789495479657176
42382294997067945
1783306930286312
51440837189631341
18464746735162478
17955785015840379
44832205838758621
52931816770752002
5635513967843416
16245346996085800
55316660739188325
40374337368215563
15932944259714889
1714907120919735
54962976734518482
17268963673685325
21702042825369642
10107071708151437
3123323395011666
57210830328493351
30318090548218310
15328061416964243
53957632839060102
44069869363562964
6601874726529215
11590577658241620
37986936635100752
23561913536844043
41730492663028211
5610103097272456
59969592785868268
10550352185564212
60957580750266123
7628993453165397
40479099460147431
11793922959225847
20532716450029626
62773994279695761
35120210975353866
29575803773445915
5906830375687809
9647730820013192
17912818020476013
31248361232223082
41854340531649766
276146051174861
37091446711269165
19678031685407316
11795395099333804
35312404244450807
61547650212619365
5117788109376073
12216226911844165
33341845554338308
13074272655779397
49034490348918877
13262384232392032
47130504447670828
16006287723991225
29900178822139826
6384980553111056
16383014929648216
32788276701861751
28524357178976908
33951106253398898
46874675478705417
9598694722069179
11937162115179638
35510073753412077
9215541821394609
65542440580096488
53845695719650319
42397417418912888
26796108366941873
10384025196316475
34023589824647073
21933917233126709
23386024963938510
22329085272565865
20696778306262158
7477452080812221
1827657526252922
42951101341963627
5103012950723920
8088066401828462
43546356723136473
9679916538109405
53841796370664675
40134185871381969
16109489144497131
122659559177346
53933739138709238
42426829519968950
8902462698127709
37925953725690903
23655711528093974
38544480750839339
19419678948188347
48466984879070898
26538455354978383
55913607213382305
3429812543780007
25283188468659325
9553109126607295
30429256263331652
7465180347418817
23114875143382140
41329761539651237
58050277570127078
14055872655768036
1587555891633813
66969625324796571
53242057295962021
60197543464363476
51271234110848839
2436508310857594
1626600128621033
5817332124969632
18233456634594606
14514904320289113
16689327408115621
3957741441628820
35023066727810018
27720312725268305
40850417645466732
6741888449311543
21112504732664930
53365144692012997
23986956453947413
57925564934363707
10481900075212564
1381989619860630
31942235536186443
20888425321197092
8193454102698144
67117322289383493
3069701531682344
29934900479536118
10597505146839865
31573644348264194
60400981469908877
35804472166462507
13087141659221032
40489339398010238
51221163453411215
43563109137999944
46291875936233361
22457094941307364
3783922688845420
13867006790665184
56673077250995112
25044929229346552
58442528252526886
38783262572366543
51075611842488991
10671648102563445
379047725236386
12796150417019679
46903970257160776
13837509782923482
12455329591941734
1130419806531672
20945941131921229
34927767190940969
64828169830559659
42868338762533495
24656070194673011
8606518626789537
60765942687651165
51859187915636933
65601460075277136
51682427799881949
10524310758397648
17711569185811903
19528045435626661
6513142092234128
13284586309960522
3921694040311639
6940323239248668
2579244326882210
9828022475746051
17870982047245152
25514137858806339
43445155178245799
7982443269203719
45692305124896948
6961427505492703
17194304016768960
4830539393608415
64733708344995624
7823408742396853
17847879610813481
16409683877921709
57254918529119652
7800976327961815
28666039557628424
26552310870552866
26778923277092444
48684426845339504
51589631397276009
20541653041602771
50197700017461671
38694736008534634
37321435518197447
56694485365229118
1809147428472648
43026943384205033
715990327878438
57624639630017556
29011298243933599
14339780891035902
2587087908789111
22942732430363158
65821507224958375
60745308164689345
1443826663591055
2303317457065166
21144725221349310
22527396809510214
41350042592341182
3251168360777535
63421163523526753
27186367760309254
23326096785708378
14324876652724552
22597077859986610
64105914562891483
10808291557872357
13574610118164618
40449797502120297
38386596827029347
33775089400322518
37143990781039188
806824273448273
19521432172886908
11325389318357905
12367106999087706
24478767691743411
28450507322751719
6124312575496717
9291169859841016
66469839568633621
17226504033417985
11768232407152965
49429989863931319
43404762667777049
59300415406837259
22445976996005010
5934185137293175
6151409150559469
20235126879745055
27519172799259205
12299390129331222
6948581455732627
34423148498944787
27416475095458214
26627389704202052
68185535172382832
192783848600472
2973053345510561
54526450257295029
61779844977364974
37766691919122164
11196516191138409
60888366164466434
8903285057539567
63053268067770242
39319625597105573
13640156259588878
15362960946405255
40395358882178863
49835524632584469
1586805527118967
53593066061636232
16059022577976765
29365471999335874
8556382791197550
14573936849800894
40396323181778761
4270350528187687
59980470943572262
28324151753383483
1044874255620093
11895019744949921
357228713987328
5978896168845056
29638063051334923
25189271011742911
14488775889024266
40629473562610764
65826153761251623
23447098160647510
10447302695337813
14265086219266364
21687729311791407
2919871056394798
14307989756466006
50935188261693709
18788985106513615
19765544627906283
69859454429573722
3071146886871450
23201065395318450
5210931578585691
4702546062378003
46889758345631578
23172720284284111
69935783830807517
62395809396142269
56518352370264826
30861206636545769
65154968845525433
42356223386933553
15005348369856259
9625200338818289
30145824867972496
60759731203002060
53412165604440883
67594902877380586
10822900516431589
12243633366956729
39951232399517141
58079223675930144
38039384565523832
30736650403676858
4619095985628524
41265467756057874
3235323309819026
13346675122555582
53860069751717180
4859643214904808
1108756276976256
32615282695998741
22605483952282868
26842355807296397
69500459134974626
1427642271613885
19358105322650208
57470206411336350
27290523196064062
54624465790526574
31599112492657320
39189182879289910
50319505932277664
65254765370437105
56974691083111058
57899643755827711
8306488491469511
19870169292762975
56931695759700362
1161936939316054
68447633157696268
41102466956696494
6458754474613105
38245056012914775
21437752251589653
32622431850145156
4095389201479968
45289634087988694
29804251751906709
39726205546773188
53640928791548788
17141858460175677
63568868791201728
33714330107947355
24200002790366667
56747652130211033
11543743136065051
24461483154245668
9505549448475972
40878594349865632
51199514103841435
59913382807649558
58291517332908238
2151197422533951
33943796685831797
17852587701125395
35622543271854391
17168572760217522
32280820896132347
51067090157229061
21166342233153817
28158484748157651
44926629522602216
37004666713591959
47682905556219746
23865682478886819
20852580251444175
31311601211939411
4033495414309073
56958431165261452
16710190914645973
58705353930859832
45863983794370760
7413037971206494
12477301118118624
70478450883158511
10668772733481118
12869944812496501
26804455434693657
53044459189983453
44468016881627621
16878877559560399
31053810014742848
69324773996398493
9537338124221960
8621682011726643
4725835274803097
43642964725622643
24617060028323586
29155748504226530
56363090804617207
75472603477347753
991808343668440
33047429727267271
19093079836895482
7560091185639012
61042119711861904
56629850502093077
3121977062074224
7637579157165192
28984553933445067
56199628898738576
37897979005730008
69886392676960208
5805944711867792
18957158176918259
56831705446464943
31216259669260069
617318176965387
43545175286364904
31597355010619919
39252319497991044
65513152557919265
26702544793670380
43552852985753776
2417010820054215
61859832894173189
37989621719466954
4598935988493679
258110289849
6229758551508256
33798887448246999
5376595724503342
35206018837570380
34075565966957706
8874171064192137
56484380100016145
65074856261144117
30681237983458387
833502017734051
4869297831163804
27474743687526529
30511556234421394
55776131603313096
391037999652564
48536931216971571
1966483485603679
5254255487095065
39210562545925962
40784729250266996
75784939484464191
7575612760035660
46437907480983212
23779267187783383
77068568188863474
30901023124993364
62779413191877059
16199477359273099
3730332516226304
21381799485256244
15016045404816617
480434366552263
72212458883829944
17383440243894172
24558638293987495
35405336752550403
7063403014177563
18429899992011821
12447546046818258
4153477124250435
479686826973258
1724632858766451
63710960293251375
42727635782338206
8557848427987986
23700562527453929
67148655793706458
10140355805555954
44490074031575782
18912014942930291
25931069403992559
30387887664574839
27404714784734799
73361549147391453
20319189817561464
1115024948892760
44995162780723761
27142756807438946
9994186468945945
67925685545072167
47360749916974678
12240484475025288
45973335900856773
30405270110593740
66402588727431757
19994764737347548
12333804396436527
27301825498197683
1880974865243189
5826044660054016
18905106264491231
67958064328052298
18753274902816920
15567016289947747
10505118694618986
8281071165597211
32289236839946033
37025219200785076
32195520064449720
70507409809978768
26299780812433914
55513761135081944
26424904797617402
9827763572509354
22902777041086121
57323207228084422
33297711925171892
44513354029691364
49541171467459226
49246498378718987
54125374596161760
3823247107604371
24492073955100813
78744980628718620
13753281284056617
66442652839474945
48927228705209728
2225318066076256
60690647781093930
25925288647023742
48100291884756155
10115099414496855
37832600456635998
18539816481310938
15673625425179364
28786458599092801
1175349179384043
68300741403691830
63535095033630815
68848935681756061
35607249922116606
69673772072698826
51964884902756977
63224601918670753
22080890517456668
9440490989746478
385500369423802
5575169575550327
5603209418131553
67906463204482562
51545457394974354
1189168633815886
1934655477791412
62643520678971044
9576887008196277
5755819263465690
64400435694947449
466040003311101
45375963048899754
71123094329588628
551826084522639
44479993101515628
79582154500557559
507512452768370
8368442773481692
30302544466603539
75471622498841067
55125736386334556
53995052614699043
27193463107639772
36133540071885922
44267379624850554
29991037468380010
10525174567892437
58547072345450007
18085927398216827
66174417172645159
22056850183622686
21046110522281210
44265343470883098
20640600531494194
19232117275811799
2902191949484779
8224990096520997
34992822953340965
65426450761666027
56876875058310851
38982515968168249
32154863275852634
53074896877798123
17878304256515258
46057037521200042
7442596411457148
6617211609962151
26818161108516178
53907858157663442
152137158932053
40527629305373871
62557619409355321
29534829274666520
187398629841716
48744893469909081
13194547834417984
10719125542838582
61098806160683356
76147395473646971
74035885135360179
7764827946477023
32383082424655928
63636544000757854
40131429496462920
48603100139169269
72935937489826019
4562047791624
37283439227379125
775700052784558
3499957679615148
43678833930004960
59074852952688082
70348697945947076
38954931679153802
7657792418671178
36589755803416909
48755565746895832
29098445859454022
32878902114333705
17620959102202166
4116404636580521
45205881736832894
51006012861521595
13504024344229557
27780369827439845
69974850998712863
10298153629965680
18147301865520391
55692272081074404
77531045313308171
17757897263106737
14115139532974964
67331571396528707
56957379789053390
55759549474030619
23578367215333125
20756959065204725
70354659957731006
66425255404835421
74216228617330265
18864452245764532
166962449664945
45082911626917586
63883791457958630
16292618475401065
70131791283852358
57669706253319840
77963722840209049
29346795028948058
47229551192770934
20872320223903675
6265704218595899
3416361356091898
43299142514140491
1814148503393881
47329281083809210
15532146284172205
62131157129799185
14435226813264420
62036969787090189
41284542146400669
47798629568812370
44831704261189197
3190041863043534
30588652642795061
37533659134515810
32660358990583939
28467210558071227
39371502250956287
1049115835731502
21132695198517236
65253841725382037
3128782048586147
13354626467818420
64604922589405574
7254729307976791
74559629930744557
41437785358303199
29389750602041345
42883793644152696
13014588260719571
35400986422540186
47571741196551790
202484615135299
45619032689708051
30393086121731035
21101811735674284
13034926473701458
53316964933750133
68843501672413565
17479749011272446
38328398462729705
8352638423878942
61980195499353506
11014615443751071
23504509299410880
32151981203021211
37028275357190676
11218578874536061
17920549905714601
2367749735050302
60747605761155327
7731932788461167
8945459325860093
18724601747738057
74847026900472022
31170983088324855
20701205797857437
69430890776156735
15768025965025055
17876389483432628
70174342132664357
80851338584980597
4264804231653358
3373033437529135
35915541060551901
47752917131647997
31581419810334696
9621327993998698
4874381475863669
43010383681652435
1122037223243326
11506877771344254
60523237465001274
42406175151367167
19786133955804206
18951387460266001
52615076641002615
18461818031269120
82750124061751596
5238998895045753
30798437722843753
73743116629511167
5510076439820768
11896416749642990
10653089647329509
19384515787118686
5671534775510132
72204345703179051
26821942887981736
26191502381945812
22167338431581767
29880487836176168
15416224141747930
16057263686460756
57808748385178794
27119831805830249
30487136943594693
36733141668273615
55130510372685947
67622802711268471
83027843269688856
47559272911216514
48732741556831255
55503751220569448
6242930337974302
17629589029578089
34697895057373439
40067424958951843
5970750481080892
6121045500281807
12522212238231865
72201147240012932
17484813820840833
5042434181899957
60528228053330904
23750068553420339
78074407878067392
24202460792208215
23353913538340544
58449525949786700
79409460070295103
70936613403557340
25014851581247931
58879596020677986
43244142974136243
42534765872237170
56452783987969144
314108846034176
70044697973703902
73063060747198626
14678316738154101
67882508836402782
64787757723936931
13437164780497090
1038250913327217
74086544859170864
23955696912857394
2366232270266347
34541509496910134
58468293647060212
82959319746019040
37707366451529094
48549844654943671
42281266845779522
27587058758540011
35589517505967829
21377439071380271
80414756853903081
66984534440971038
3677322676625150
37560783452964039
33873944951952756
4166037559335797
53491770171070977
3517991580755186
50721257744475528
27423511727846382
42589852652165721
76850426617423578
4227302725070049
17218041477866642
8371084029786990
5113166333043818
79685583007911663
12159978743234854
19724813439051985
23842557714321860
85979476592853344
14261436367214593
4239179384445581
54325601960164074
15910839204770752
52539815034363038
55274545973982158
64115876947111368
27760996536699
10994052765472298
22519480909803005
43575864717969092
8557244755858704
48196694358019576
36042534957983426
10089896284633518
67814700881337951
47996890604359116
45857243298905768
20160336378977452
44587861430108952
16758270418414560
10891436510368655
7175974188590600
50504076200352726
10314094234037633
52714337926744563
15323320785524753
31821488676878043
55156405684594028
47352136914381163
45928845621706798
13379589701209794
9266970696055993
10215208760485604
40993595799733013
70323497667146371
24871896056717287
27458038671557580
59255119549014043
70976542007340679
14477434368778090
17214456376547528
69944512081745691
11177115307069271
66216955317953967
6239436932483886
14831065799244859
13075451979570735
12280378136591538
33162550516159246
22745266564547909
86132507149306333
63713223300343144
85613017233067728
74338565316792501
1188873883086060
9894905616256773
62386221903274407
49479798789271564
220537029514113
13193658886818665
85829461635788481
764395923466384
8686253494196635
12467084481430076
4008081274974753
83060335092373155
4043698506649292
19692157644527035
53180768885521697
32610594683323749
54634563130913887
41203241883091466
81062063183006765
25252726091544072
63565862631910123
47231094702404818
7438414105024019
49070952054554849
16551423364007502
4670431613067191
9948953246144001
3597665290772294
57831817145578201
46519797931340793
39602881029681204
87345207231388958
10227819832068724
15938141105705355
18450300084670998
25997371481765752
12194942652608334
15913059251233252
12613323307171451
12098613475116663
63925018645141720
45460316733810133
2474249956568671
34007453140734041
28578730121342240
1054624510040638
59070663582098787
72878738030993658
64109691594179255
61912420321148464
3451091939575342
32009774030589613
5287592799965648
8152245532568928
29569317087220127
13816996743672888
924043925839286
40798632958083926
81058383697977661
32956214631443622
11078383346975201
6317912108997781
2322715050050408
20673456427789900
8018150378734020
47540299933598054
1052889172108817
22764596672299251
45186461931752682
7649032159983786
67595036600516655
4075099847643913
17273333340467949
54562779709988665
8588013469367570
87568449449088593
45846503663312770
29430817730990508
25139052313808835
28276589347124633
67253234056354701
45092930495394967
1511874517678494
45224183048526039
35436277321146471
8596938661207206
67265782533700425
64744064691914350
81570880413523248
69237261846945583
59798607857730273
30241500366739061
78686329732209318
49572958068939936
86449942651272872
78833394767990966
39326795978305324
63011664350595265
12660118211397430
60525825411571486
30812329832300233
28961257036784816
36465495585182284
16798696177319245
4033810572907935
69495556037283726
12450364063212030
1518351977337109
9022791432616219
73618879257600900
58316201093868596
20271506796399413
11512106528598235
37820968828546467
83283345847692401
87729177278594209
29005092516599157
4973888186612513
46218478010160144
47079663818412539
9680745876104721
1594637090598862
13827307976324407
77813345830794420
14201688738212810
74695625764231719
31819521224447164
52875484273763446
65462444486080555
14667079425002666
53329711489036976
85517823449888283
44224328530146614
57161437121728862
53904883226918126
85078575484812360
77174771533432393
14530046567127229
28870140898271489
5206113208075977
24589775396577819
51302492269287626
63062905449980
50772562938706149
3092375354343082
67648744932640635
33237831966604792
12124352199498836
66618479122229370
29562451033225680
70147229279510400
9498142605125032
56839142179583982
54949931289315070
32627756562804084
24246858157032098
40371586499213662
90248157091623371
20728212641594359
21693720178562841
14668313145089390
314101020942451
34609793196200627
1231416406367556
82490279582310983
30354082500810931
42156719896391262
84344802237079267
81467568293577503
18804406944738765
5944329160667400
3304653541435070
83518425344748823
70682065374413096
36274922150633450
14480834619109866
36209631224655089
17180143669787848
31057708840657956
24058484796352008
71489788126882380
92191281349944568
20506882195474564
10031174715034649
82546131909105549
12131352613183771
12145095680878155
19074866070164503
34231949809584858
30829265514205870
69547257847013925
76390773655951075
81285055943946887
26937743153478774
35081218120629696
12311567829792957
4547335467597386
4431109291886706
41251136194368217
74898678081522256
14620756131327480
3304459995784214
17565596380815833
4075230026482409
17265443772222451
17110384481507487
63322047475461932
54610612809397437
6498177299912054
42154484094201960
5170783053121068
72152866543185272
36856305140899654
59600154235130528
14269493420642137
23300295146431225
43471291849161355
6364302789649071
27636667965962498
17892212430793376
25020312921094677
69538161829369308
11177667377387105
60755587678090377
87916763384806173
31914761658995419
78692847303894584
65171266651968222
54605825200497080
35273289482964555
29704812906951475
14554171582052177
30698055369180781
47600811961961849
3630601662232239
10295262081232622
39408796287370275
57096094651899158
54405966988289522
8258871536645642
24136084366081127
13062591675879283
43103768054464492
21800241885781376
3979049387147418
12321281769174093
41791759215126562
76030501411220891
54167704236415841
53693314317768672
15992248161981055
93491442277181788
90878811688563818
34880777454535300
1216727091029015
15328093112752443
