528010 2160
3 103099 159174
2 60827 347637 535140348
2 46107 404771 118909309
3 149 87969
2 165510 276517 335983200
2 32383 460396 167213500
3 83735 120937
2 52025 469662 985625727
2 63666 456286 602411352
2 447654 512183 740233570
2 396883 511417 984707709
3 23514 458078
2 79224 156040 590811605
3 33413 276395
3 351775 431501
3 108354 222543
3 153134 197300
2 79592 469852 505012740
3 118647 289755
2 84308 239911 229475842
2 56549 429061 217662448
2 307073 502809 633932304
3 2847 471542
2 230809 485929 241644431
2 337641 493871 935036832
2 300915 405331 576783972
2 198705 522901 74991177
2 44963 429943 61909755
3 417134 430955
3 301983 377825
3 36533 184905
2 232146 278091 1111053
2 160176 207962 21358109
3 149369 179247
2 68313 275524 409260610
3 142289 473790
2 397870 488755 778323239
3 189306 192411
2 121667 413071 794469691
3 16729 39780
2 177612 384631 522997127
3 18299 415217
3 264508 492750
3 103295 244925
3 83574 209581
2 157429 356733 637484641
3 182072 289134
3 38199 163128
3 143863 402375
3 166584 391920
2 231842 393259 125218867
3 60977 512445
2 260096 314295 361670565
3 44016 47243
2 119148 503033 655507533
2 52762 389391 379283936
3 40335 320362
3 27384 343439
2 124215 214753 333124511
2 148256 319135 320556392
3 207063 379385
3 174375 352549
2 174893 474708 930350711
2 356144 360516 517886827
2 484439 499444 475610812
2 9691 169276 555682865
3 159671 201269
2 192790 413354 464621671
3 71822 244955
2 70639 409195 376702345
2 44937 361894 329640669
2 218343 266222 944519602
2 148593 311770 559368457
2 297955 434513 195146562
3 125419 191778
3 274125 454155
2 110594 319998 43309853
3 86912 474270
3 51092 171674
2 156561 322140 766085733
3 27440 168742
2 243087 504480 832747809
2 278388 307395 470778235
2 100883 332757 509672075
3 355762 399199
2 386405 388913 1106129
2 414864 517182 370687052
3 110722 300427
3 19275 437195
3 28669 393224
3 81126 431271
2 146976 476022 473696987
2 80520 512613 224113606
3 45325 382820
2 99449 355904 873131431
2 134296 440311 162391305
3 200703 348631
3 38865 244088
3 203740 373764
2 154766 282936 232676798
2 295824 335656 866815089
2 290215 303985 925069465
2 402493 512129 905046909
2 55486 406650 674199806
3 78920 117603
3 194207 241270
3 415210 483635
2 56104 512746 332814052
3 244541 329991
3 2436 10975
3 51350 110931
2 28265 154976 741000666
2 30852 411115 372584592
3 156615 246475
2 37185 102963 24655797
3 309156 400629
2 281077 414131 847820199
2 400823 508016 651716086
2 5640 88406 14449958
3 70857 331758
3 20399 311482
2 211509 259800 881332601
3 9474 337044
3 439981 447794
3 90455 481109
2 86932 330302 34768057
3 92256 321366
3 223104 481919
3 98905 286834
3 378521 420418
3 158525 413588
3 4451 20960
2 28254 187126 262406800
2 485669 499877 785129687
3 332634 411259
3 324023 436848
2 59453 439902 927106634
2 197578 198100 208841488
2 368928 496533 703188226
2 200971 488098 704711950
2 83765 310576 186895150
2 27129 290139 721650757
3 133553 484773
3 428686 480614
2 288391 409638 1807750
2 195914 432602 769107858
2 268445 406331 75186319
2 39988 227917 589788523
3 80038 368445
3 301619 422665
2 13740 207349 131192422
2 57938 173086 206878702
3 46054 468502
3 438214 486071
3 276967 346466
2 206723 420511 719255042
2 364762 402801 272372739
2 429997 512290 702538327
2 26377 187913 723058790
3 149827 374857
3 186472 458993
2 10087 515501 725637635
3 287712 291156
3 396162 510670
2 361960 513844 331932336
2 297036 430702 477567946
2 370821 484532 995389419
3 366073 506585
3 188926 306295
3 132950 432808
2 107737 209413 644868675
3 424700 466025
2 252424 278056 997933317
3 292671 352260
3 245869 370763
2 79214 170148 286245709
3 534 436788
3 367385 517677
3 108930 365213
3 198019 431717
2 82028 483861 540637581
3 100686 459461
3 38478 290062
2 64834 199038 56309737
2 419933 498424 640036929
3 88874 429044
2 289835 443206 553987602
3 77943 509818
2 391138 433047 940568256
3 13952 239081
3 109322 220805
2 183944 240401 859234863
3 66752 119950
2 258545 309999 866112637
3 306668 340374
2 53566 124574 805710578
3 467006 477691
3 318988 412194
2 289747 298791 213463908
3 166664 198256
3 49610 61524
3 7264 166031
2 400517 413188 579996933
2 135675 196178 660812841
3 182850 187677
2 143037 143368 41667833
3 2517 330358
2 227314 454295 66431833
3 118507 171795
3 74288 172239
2 351677 409109 296361573
2 264699 345166 324470657
2 158175 351291 202793067
3 35384 520039
3 144509 357590
2 349439 398464 721091439
3 29945 314419
2 132996 335080 738212305
3 389979 441692
3 225677 525148
3 98826 517840
3 298568 358955
3 59698 110338
3 264798 395272
3 92787 123826
3 275434 405211
2 61559 351723 828247598
2 364239 493039 200113970
3 51197 315269
2 419257 433029 432089840
3 39364 197529
2 39532 374367 791527548
3 86164 287821
2 67646 438230 727364013
2 7925 215785 845825252
2 23903 290029 970801647
3 41571 281539
3 38823 472635
2 396051 408735 685596605
2 211671 416460 578244256
3 404595 467488
2 31835 433245 835916347
2 103561 287720 512200225
3 107371 371550
3 300723 369198
3 426859 440151
2 125198 415040 866669589
3 157341 505841
2 227088 265287 40526590
2 220932 392646 783616461
2 100067 124080 688476239
2 110256 457889 636084861
2 62979 254872 650051599
2 48206 420983 246893317
2 212151 353833 874233628
3 265291 506551
3 139778 338542
2 166835 345237 890935786
2 275943 507090 482753085
2 238018 305079 662785514
3 232064 390733
3 146356 365545
3 133334 250474
2 22484 354803 204422501
2 57749 334880 896879296
2 88022 271768 858529294
2 285876 485827 112288854
2 417998 525273 694762251
3 171979 483609
2 99649 200299 653262848
2 55635 169786 489916257
2 114081 197910 865040925
2 36628 170343 639150681
2 323869 395431 578295942
3 45731 74377
3 251549 266134
2 441263 487009 402369980
2 330624 414938 191265195
3 148328 418438
2 276373 325025 613579308
2 219568 324657 398745511
2 52757 309785 852127065
3 296045 377246
2 352724 371381 331860225
3 450881 477994
3 1527 154912
3 58185 297923
3 48720 508124
2 241090 491135 975607385
2 357011 422947 722139107
3 52266 500887
2 217079 320871 540656673
2 183012 403402 643405896
3 602 454043
3 373349 444301
2 216011 272795 179816299
2 225138 473279 753343569
3 21911 71352
2 323573 499408 224143776
2 215299 392593 508976213
3 14983 358772
2 420206 511112 726347567
2 88092 526402 341989051
2 80387 113372 620208400
2 246059 525117 553533150
3 77956 194707
3 381174 447753
2 120204 221547 259211228
2 338422 369822 803211830
3 83488 214926
2 255948 450068 176082439
3 152867 454091
3 136875 327194
2 5738 54254 56720927
2 143066 359670 658334525
2 309632 321717 433522257
2 73171 293913 262258313
2 97692 191011 432186770
2 345829 498061 459630008
3 138719 142351
2 130511 253939 467331847
3 46348 301226
2 161614 412312 738105313
2 80552 347112 731983396
2 134639 255084 279007677
2 187940 435580 355560097
2 226367 367109 788239264
3 415756 497279
3 288370 521264
3 37687 125696
2 43442 75829 450223280
3 66706 191910
3 139192 398995
3 145743 443511
3 203404 397097
2 323505 499389 34124956
3 25908 492435
2 161492 222289 952515277
3 340764 355184
2 76151 178561 59070085
2 81680 330914 621244125
2 25242 268510 686338802
2 345390 503898 706430262
3 409422 411613
2 94608 400632 688694006
3 266272 373974
3 188260 464807
3 413690 499916
2 198017 494405 257269155
2 70212 181999 414225245
2 410479 447174 792881706
2 11860 265343 543737677
2 59085 344881 674121958
2 205415 281027 500867088
2 111696 428943 39255369
3 100058 242173
3 384810 430018
2 30720 65072 544957313
2 131546 399270 102943716
3 255305 283903
2 102754 478729 533818984
3 126921 228699
2 147535 383267 222074330
2 304962 427741 993166867
3 135617 503589
2 98878 107210 385952357
2 73733 326375 901330356
3 88462 328407
2 80755 425102 346995041
3 109092 250508
3 147024 374912
2 172491 398970 468025353
2 321124 349147 181252065
3 104684 157413
3 231624 473713
3 351194 437972
2 73704 346134 709792337
2 350245 511374 938679693
3 299888 492034
2 121169 188757 85303222
3 285745 396535
3 273908 307786
2 299851 369559 992345374
3 8297 159087
3 187518 352831
2 137633 516458 335282582
2 21171 180956 917375145
2 38498 434081 742365640
3 249763 467836
2 401994 515297 500035165
2 47272 363872 920722350
2 33516 270680 18748743
3 40109 332345
2 15610 44519 657420516
3 166037 315464
3 336450 413233
3 68541 127122
2 175877 213510 365495284
2 189886 343351 604463813
2 157724 506144 65554951
3 28577 506900
2 207917 335747 128327946
3 92697 151567
2 239804 504933 607229076
2 49924 427137 946243570
3 36924 367093
2 392726 491617 32333006
2 315977 388237 616349014
3 157783 171635
2 231561 315040 894239674
2 145608 425508 800843276
3 108 248622
2 471141 498671 260140735
2 34510 377275 895845545
3 67846 117083
2 1991 467291 357595687
2 71868 484166 499773531
2 393566 506981 569570238
2 484340 518412 734799200
3 91480 230038
3 126181 369096
2 56570 115590 102014583
3 57278 340616
3 55588 79521
3 339095 409539
3 208361 259259
3 75387 341436
2 50721 112214 129338603
3 170828 283368
2 32898 48861 122734255
2 114361 312837 537952179
2 380102 449920 918590776
2 347968 457896 908539899
2 113342 188096 830348883
2 107901 117210 161033160
3 42995 57017
3 158428 245200
3 104478 365817
3 253233 425684
2 56372 377956 306219270
3 196776 482682
3 41159 165056
3 90184 168040
3 238069 462485
2 330228 443145 775542734
3 197753 487340
2 126919 130853 659916070
3 16825 91277
2 12193 192993 55252450
2 160151 255493 3085473
3 263374 511650
2 143880 343430 25957271
2 219225 317991 727837719
2 25820 498815 510726235
3 309758 330728
3 169742 335948
2 307757 314356 403578525
3 20269 478825
2 336815 397576 264206987
3 240370 383886
2 201654 519964 459919905
3 334257 494985
2 367997 437038 538880300
2 28178 176076 635452460
3 110998 187594
2 95816 328653 697310472
3 189789 386532
2 193804 494322 907443380
2 74786 253197 309753340
3 99780 486077
2 260197 356941 72635714
2 39877 113250 72566412
3 151059 334743
2 82679 139196 353720057
3 67825 505925
2 57182 386490 884424147
3 214555 392013
2 82359 354659 346770086
2 59281 94116 35514127
3 207288 438031
3 395149 482453
3 185714 364015
3 55995 246794
3 76599 254494
2 209194 248103 376527982
3 28541 40383
2 182725 359267 394965401
2 264412 313714 842967846
3 51187 82553
3 191850 231776
3 79588 386426
3 136584 318591
3 87297 176147
3 304797 343704
3 371180 460913
2 154907 207563 240385836
3 328735 484578
3 210682 396732
3 228544 288140
2 60538 430742 361153207
2 60602 343101 392434649
3 136305 296196
2 266669 390457 133028743
2 278446 292425 104044256
2 134211 433883 746535456
2 361018 404267 79838841
3 80922 110444
3 238287 247035
2 23852 344776 72047417
3 144672 182863
3 271001 294243
2 251066 316037 816317217
3 92729 467142
2 23210 362272 568059757
2 4294 112215 205344140
3 69726 522582
3 391263 424942
2 226949 518749 438378787
3 326985 441425
3 274041 474982
2 171997 475255 711920178
3 319477 392238
2 118910 319308 442401811
3 397105 509254
2 447284 483343 205151109
3 299395 314077
2 161571 381778 497380706
2 11819 197917 453490447
2 18008 275463 829234091
3 173223 257191
3 114185 266068
2 127462 186075 647707975
2 297482 491524 810279480
3 82502 357697
2 429172 489384 830871431
2 159161 261531 791538992
3 149131 189717
2 83464 154559 145479623
3 331511 389354
2 138376 139290 625270315
3 475212 525311
2 459082 519518 240743266
2 64831 401307 138028869
2 221068 497125 254646607
2 78533 301710 954408641
2 123701 156995 432255159
2 8587 501787 73036460
3 127073 303502
3 46369 344320
2 191307 256057 552867638
2 244739 398145 172135903
3 105709 507614
2 129717 447709 901178549
2 76798 243658 702822197
3 237272 357963
2 259821 409042 665844853
2 266797 448362 656979017
2 263964 294266 142289789
3 43666 306076
2 268521 420328 236746864
3 90213 386189
2 13531 171445 664516670
2 93196 342984 782214326
3 146335 456435
3 166158 192597
3 68158 113532
3 239924 244798
3 55194 155988
2 17937 239346 72560890
3 454582 457546
2 222205 473265 69240910
3 86074 388559
3 58524 368254
2 17640 238147 471926768
3 7820 413613
2 97323 195759 382541298
3 91289 99830
2 149850 297162 81622431
2 928 67876 980345276
3 131488 467689
2 220256 505493 930153455
3 67792 166452
2 394584 476825 964592195
3 125937 378765
2 160041 277668 810202459
3 116789 358232
2 224798 294858 721723773
3 35979 122314
3 80418 145385
3 125046 139275
2 121472 157782 748384130
3 461398 494597
3 475591 526209
2 312482 397999 100583986
2 24809 479429 128219619
2 18488 193850 262300994
3 311318 491375
3 5348 319405
3 53887 445587
2 131661 443182 45729408
2 136569 355517 4195752
2 168236 377282 827789410
2 183530 401018 426694040
2 68193 87009 685947111
3 262315 399995
2 60494 121555 850458123
2 230829 383647 598774306
3 144613 453852
2 345068 503886 774649187
2 410428 432165 854568722
2 312787 499884 965514107
3 180063 318638
3 81198 145754
2 217911 416021 921008576
3 216131 275901
2 33058 118439 766697518
2 339772 423099 53861149
2 8426 194364 633839622
3 273971 433828
3 92850 125122
2 116088 144738 385889566
3 363141 452632
3 171600 187901
2 213578 281566 495150039
2 11461 520618 509198567
2 379906 394894 683466587
2 16460 196349 591437561
2 415178 455450 302248940
3 330954 382069
2 104981 360603 424772980
3 252395 255881
3 157174 267676
3 36096 397089
3 423298 428152
3 288631 355754
2 158887 330613 302539057
2 189293 322491 474763482
3 382717 407520
3 413982 522807
2 72562 276835 735480406
2 115447 389119 280063103
2 352085 460125 702719299
2 215672 460209 568586711
2 123170 207925 504840570
2 33336 345204 944785661
2 214549 244138 422548105
2 41895 344903 454277854
3 18394 85907
2 359340 402280 323383083
2 87982 367354 841284643
2 105485 504693 692674478
2 2479 197431 518882942
3 400258 518153
2 78897 250273 747556136
2 207872 516186 41200697
3 293274 467419
3 341036 448500
3 182953 406895
2 21736 153368 145660537
2 499076 502802 349350753
2 43602 281442 713064192
3 168858 432758
3 297474 510742
2 329565 501112 288673087
3 432935 526472
2 181430 425710 26304344
2 78686 141429 188087681
2 5445 444530 143560326
3 197624 373625
2 22325 325925 581732993
3 331104 423179
2 410146 478025 266629616
2 76229 399165 141696907
2 21854 32229 595033812
3 17521 400971
3 113143 120549
3 76516 394570
2 193992 511344 631892269
3 74911 106889
2 461660 523022 71899170
2 350415 458684 274513334
2 210492 381399 740419790
2 9024 79290 744611940
2 357691 493225 799053199
3 28001 285750
3 177254 206659
3 401313 405809
2 290187 433653 579927664
2 126238 127885 121548484
2 77206 239780 521892993
3 113716 304793
3 143445 351695
2 196133 379929 91017566
2 162665 465792 191289230
2 316615 320221 773516315
2 155779 367188 872261065
3 173823 416001
2 289491 362228 311268180
3 211363 320477
2 155244 236065 125689998
3 303603 327091
2 188890 301380 537694039
3 30570 207135
2 298547 422379 284570335
2 268359 383659 929901169
3 284650 505887
3 109618 386141
2 262808 357571 234595705
3 94401 249941
3 156065 219432
3 128442 330441
3 57835 178866
2 113347 263783 163943934
3 33677 474291
3 356634 524986
3 162790 356514
3 221467 237378
3 235381 331556
3 425416 495691
3 37777 400654
3 343097 504502
3 147251 516666
2 186055 299364 131750770
2 41471 475673 119796990
3 129212 409650
2 208346 469464 572925687
3 119355 339334
3 143532 251415
2 71748 207061 11703518
2 162433 412856 877757119
3 312261 454949
3 501333 503563
2 43191 508125 876391105
2 266621 396937 552751237
2 112791 315141 282902001
2 933 339079 30832754
3 17615 133767
2 304986 419610 182867000
3 116523 514350
3 17747 276908
2 201838 522800 753928468
3 362001 504573
3 180357 347900
2 378277 519540 218394653
3 329138 335652
2 122156 210044 253760075
3 6011 83402
3 46505 269266
2 87207 126427 760594023
3 37721 418255
3 152350 463684
3 35469 99214
2 188668 390977 381446246
3 172873 381585
3 184599 280703
2 341696 406244 396948112
3 428096 484837
2 65614 69055 129778868
3 56217 261314
3 16799 37469
2 2880 211213 428580975
2 187539 212187 597194146
3 305149 419584
3 9805 261842
2 136041 141510 839044669
3 9199 307832
3 268328 293809
3 297667 509489
2 286567 339958 367060867
3 31465 220032
3 24836 485722
3 71237 525603
3 396921 507174
2 385 467726 178712015
2 248387 523448 510008836
3 174232 342036
3 71526 193251
2 56373 147974 957986969
3 108334 150747
2 108756 271720 338027896
3 151142 367246
3 67969 112615
2 16031 413036 618236241
2 5287 214285 54273829
3 114748 382033
3 268641 272152
2 160599 488117 668767798
3 250549 522662
3 122286 201371
2 412344 454717 170478689
2 171511 518668 721401996
2 96657 404549 479105531
3 121247 143922
2 48126 476224 289449946
3 185896 507153
3 250525 448513
2 418054 471113 697641820
2 224483 473976 196082003
2 47883 251603 377360747
3 237444 335269
2 56852 371323 764228126
2 87179 96399 121502055
2 246070 389470 439745626
3 200494 359929
3 13002 379567
2 42423 189526 153134935
2 105850 321317 507167550
2 90364 216658 217977683
3 146488 332870
2 56146 366935 439686951
3 71572 362501
2 253490 364137 409347221
3 96713 275720
2 444898 512173 601343495
2 365238 404447 357485694
2 107498 348838 353631697
2 210447 215563 989358238
3 85422 484020
2 109478 241228 506862345
3 62561 75528
2 224582 299497 644402313
2 292830 325841 434116306
3 145755 184851
2 245175 395890 370748212
2 180360 365543 89042365
3 20032 475237
3 80580 196077
3 268828 366957
3 68542 280025
3 487670 502751
3 292545 380366
3 104243 193229
2 172745 308664 26642954
3 179717 211292
2 241418 404436 574024344
3 330512 515912
3 464812 492405
3 24210 69382
3 415893 468925
3 52347 121171
2 242812 521963 15418701
3 216297 305546
2 182199 505806 575050107
2 1833 24778 614002763
2 360848 413958 739528853
2 84017 477657 549190505
2 214727 265273 472132785
3 38282 74034
3 83618 362629
2 403504 427951 418553964
2 84821 452357 307252362
3 74348 157848
2 59640 403203 639999405
3 43198 475476
3 8256 184219
3 203945 397384
3 4993 470019
2 272267 461281 113225654
2 273157 320305 851538427
3 115692 282310
2 127440 493704 855897463
2 50126 399846 846552651
2 17826 438447 108935318
3 436593 486347
2 179156 310880 538346582
3 108072 292302
3 102864 419934
3 257048 306171
3 228558 484063
3 155911 174247
2 328387 348395 563396988
2 13053 355722 617779096
3 348333 518736
3 331061 345405
3 59431 178343
3 355067 491052
3 149913 376379
2 356727 446933 649860081
2 235849 368357 337770282
3 73389 99843
2 349233 413167 195595805
3 124643 303425
3 25373 526828
3 10991 438956
3 356973 456377
3 199122 370832
3 213886 458005
2 154825 292603 719869007
2 220264 419080 6675140
2 56989 80956 786739304
2 6550 330500 815880507
3 122855 364599
2 214779 366486 403072766
3 363749 433684
2 109614 113072 692839011
2 180813 204701 569225228
2 74514 519683 725179923
2 162645 519737 551646682
3 118049 410127
3 170987 428955
3 242136 242986
3 290091 448480
2 449304 472049 340761199
2 246571 441282 302248339
3 61488 377695
3 13673 199366
3 26822 483006
2 262884 322984 597096301
2 497749 518338 762303099
2 283183 443648 680395920
3 164332 289198
3 84220 404006
2 53885 379828 546193576
3 146488 391336
3 350896 387172
2 257298 424546 65181762
2 175678 369631 118309524
3 40547 512158
2 136815 274979 566524705
2 342801 363297 46571427
2 442144 517681 750134835
2 130140 505241 38705282
3 44165 66270
3 148660 276811
3 31659 375160
3 230928 241542
3 86304 428803
2 128747 306548 906242792
2 26111 500442 722264195
2 261815 419631 475435403
3 125867 472905
2 162833 505962 955229600
3 117966 253613
2 162620 500546 335339545
3 267773 432377
3 283536 378374
3 63483 134332
2 74809 242219 924195452
2 299314 475356 976118351
3 346613 488723
2 183739 389899 338146696
3 427014 478816
3 219043 313055
3 115725 174174
3 29018 265472
3 227780 353069
2 13521 370607 792405033
3 273360 342457
3 151641 217284
3 430058 482214
3 246473 276323
3 170966 310984
3 233677 467081
3 314492 432504
3 28989 198285
2 256711 496965 924037157
2 147328 329953 80895216
3 22329 498906
2 124525 162927 396088889
2 358295 396951 602804126
3 212517 357120
3 345155 496267
2 4388 259785 862851586
3 260946 460725
2 60495 490974 367819370
2 40226 198168 665155384
2 56313 139418 751021157
3 230741 346441
2 102329 231141 723407032
3 74927 446386
2 440484 518326 178556125
3 199178 320671
3 290738 417143
2 299702 440067 580835174
2 259936 495007 431981401
2 73320 401844 521033048
3 149300 460649
3 292212 465799
3 179786 259269
3 88437 473455
2 113152 216726 238976800
3 223344 384472
2 79850 203712 774245841
3 72257 117806
3 84455 166547
2 250753 497263 193657200
2 343639 376157 498590262
2 139093 342998 474222916
3 97533 113172
3 11716 164825
2 54727 371089 757350919
3 80919 187458
3 22938 114596
2 48171 69513 187200844
2 58062 179277 584005452
3 182395 389522
2 104601 235847 860078742
2 15197 514855 285498007
2 172164 483225 83380378
3 77882 233601
3 320274 453431
3 81178 325441
2 86753 410502 11884827
2 161676 286116 552719775
2 266285 436373 473462246
2 110294 485658 827148987
3 52035 146055
2 86064 124323 239242940
2 83765 406544 12220023
3 381143 392992
2 368315 471331 774148135
3 219704 410052
3 6530 402304
2 372620 521766 740028453
2 96442 415090 926706620
3 190851 334630
2 99864 444368 239900520
2 242263 350247 484917570
2 175115 188026 992166837
3 215884 375856
2 269927 388813 500336904
3 249248 456208
2 336729 526812 411697341
3 60207 186246
2 29128 88822 962303600
3 167844 340912
3 498118 501275
2 163583 397621 714720423
3 6729 194172
3 24208 284293
3 8740 342656
3 217246 343615
3 309411 473944
3 111439 123202
2 41448 139287 76412226
3 367715 370712
3 262776 459959
3 255149 282771
3 78214 149910
2 213247 391875 274673810
2 47313 504271 453434172
2 165233 282819 328669305
3 266824 358150
2 243559 356450 10091282
2 311630 518693 649555763
2 242590 400594 524869819
3 120778 515311
2 127441 370419 541070947
3 377835 439457
2 143368 180337 644448488
2 12934 380286 726682940
2 454597 502619 656652807
3 5531 380984
3 214124 403755
3 181645 404900
3 338819 361600
2 228916 488347 967584778
3 18330 481482
3 334763 362654
2 278102 523756 367893592
2 310754 481913 865766854
3 244058 287511
2 122813 401665 795023303
3 155432 415876
3 33326 391488
3 383405 486195
2 235491 452140 270847841
3 61635 404514
2 66602 469372 802072937
2 301677 365940 38562921
3 51338 383678
2 16433 308145 426647542
2 260506 273541 59500695
3 42676 503398
3 106526 409325
3 221288 377227
2 355415 361980 795278183
2 216355 338099 443825831
3 213872 225994
3 154390 221663
3 331881 340848
2 155286 328648 855440187
3 290957 452951
3 295393 519186
3 196239 430436
2 143680 470477 864326561
3 211760 227056
3 23849 163180
3 66425 280495
2 116540 281298 206907288
2 317272 362669 111181634
3 4204 131404
3 340150 450075
3 178895 392986
3 397211 437499
2 46887 393039 943150215
2 311833 491121 369587509
3 43050 117311
2 202047 523158 135943875
2 43812 141308 232129850
3 175778 425788
2 163744 502508 107031234
3 13886 429605
3 12472 471968
3 169674 441462
3 148807 377643
3 4236 351945
2 177848 246159 770029638
3 34141 92246
2 10813 320509 231258180
2 53778 414831 989587641
3 297864 513000
2 366325 503161 841525322
2 347724 488532 249645878
2 361239 474770 854464874
3 306903 411808
3 44294 504189
3 395148 409899
2 106092 345999 110796229
3 128433 208193
2 419067 495240 473955313
3 62922 210487
3 136904 193167
2 340083 506183 191867662
3 34319 153998
3 3306 213301
2 229927 230472 533294679
2 1632 242332 942312221
3 98194 495264
3 193102 410722
2 141205 454458 580929704
2 265429 323286 440734906
2 175185 421904 232856899
3 126762 179497
3 48482 486385
3 233799 477573
2 276587 522166 495805141
2 24573 311788 49608332
2 237426 516704 289598133
2 151422 274267 672763538
3 4357 19111
3 147869 485879
2 192987 241050 836749102
3 82374 307876
3 21107 310548
2 402045 492017 595388408
2 328451 396418 177056464
2 92564 223419 848245742
2 248460 388548 118430373
2 16964 262339 246809681
2 12159 72394 840677831
3 165940 372668
3 124878 346252
2 298493 450626 90000960
3 88876 312377
3 237787 267795
3 31353 108171
3 254946 296763
2 212019 273986 40955208
2 165370 516233 423506689
2 55929 62436 709728815
2 174888 265327 344125855
3 199750 442817
2 242185 375539 715033703
2 297612 429056 580794947
3 60453 267668
2 160631 510365 288545703
3 268286 525316
2 428234 526985 362942629
3 177868 321401
2 348922 498902 946458169
3 64676 406537
2 78042 331266 449627483
3 17228 242865
2 278191 481245 490902725
3 78763 389612
2 189389 479560 475468540
2 47431 410524 452731655
3 30014 239538
2 236218 484776 584639524
2 227278 276253 974775975
2 120022 132142 752376836
3 332116 416128
3 228580 506296
2 43665 406530 818960913
2 165435 388587 727215040
3 399945 428815
2 273603 337255 829373655
2 176429 343442 810048508
3 182427 476367
3 302747 369044
2 144933 336640 682424885
3 54352 385601
3 204546 253130
3 310045 438704
3 179730 343420
2 37011 416722 587608634
3 334406 340339
2 255021 506112 602826054
3 347080 405030
3 72575 521838
3 264515 285696
2 121329 458652 553570115
2 308571 417076 11629075
2 141518 212546 689850029
2 321011 377316 398332002
3 271633 395644
2 221142 357527 226629258
2 139544 507967 766376569
3 63859 182015
3 191943 451863
3 213978 253358
2 1860 54171 925350384
2 128896 386882 624827273
3 73150 268006
2 115320 202966 591179047
3 227373 470131
3 164800 220485
3 224236 381625
3 80107 203061
2 67061 485045 943192154
3 321878 508498
2 325317 395960 922220043
2 382632 437226 418714857
3 56737 337024
2 277696 512355 869546462
3 224163 250562
2 218254 229359 593135466
3 419795 453512
2 357863 522210 501103746
2 1041 31546 930421497
3 99654 379469
2 287832 421366 150817320
3 320106 321868
3 310206 483042
3 253658 479389
3 79618 216578
3 318847 490533
2 345502 445928 135036644
3 294115 388064
2 122907 494104 981202538
3 254809 365052
3 194532 253717
3 28847 333920
3 368432 490740
3 279170 344192
2 444795 469262 894489510
2 362729 383529 961800067
2 222510 350307 792327777
3 60442 85536
2 145179 369793 172249083
2 50330 494571 394281636
3 293415 473233
3 387131 415161
3 271742 405473
3 339446 516748
3 44054 505233
3 77437 473430
3 376798 493793
3 285728 523443
2 25469 342082 394110913
2 332916 502850 334664110
3 141332 393285
3 46407 349259
3 460496 513266
3 345329 396376
2 106852 212745 659647002
2 180880 415844 178406804
3 166064 404634
2 197921 379421 561661084
3 380238 385967
3 322735 445298
2 169447 517360 28655807
2 116861 275521 260038090
2 125130 297300 64976500
3 316386 506460
2 167007 509600 742564629
2 24609 145703 383762035
2 73728 200059 888231007
3 43021 403651
2 406632 496839 335957546
2 117259 404321 912916258
2 29301 319509 196660318
3 349488 397567
2 211298 338515 323348674
3 230028 427654
3 244830 525589
3 275833 433434
3 269544 520381
2 181824 420449 404199348
2 384558 384564 483465693
2 269582 374913 840576586
3 433896 459142
2 260491 391093 209338862
3 186199 219612
2 1027 207418 188187107
3 91148 518359
2 185673 270426 427799837
2 360459 445434 760823618
3 207653 443331
2 182995 342778 324381856
3 162129 264197
2 145765 219356 752269934
2 71245 519576 318710010
3 167478 479417
2 152776 394140 195507466
2 192458 305219 247644842
2 223961 306924 188024147
3 257205 353260
2 27287 59350 684042967
2 345254 493518 597244063
3 163027 407904
3 143485 171740
2 100670 201938 107065046
3 57937 364090
2 409754 441528 361662452
3 81568 208055
2 201738 369048 141047921
3 198925 288057
2 242065 439831 929508750
2 262465 302751 922829026
3 508291 526647
2 179522 257074 356718959
2 446761 472752 528654635
3 122302 144297
3 103639 431740
3 71679 178661
3 13836 175566
3 3125 23212
2 145811 197053 160104102
3 75151 415509
2 174355 417287 393801990
2 344594 506658 445619200
2 361481 458717 480529876
3 204639 253289
2 154039 367647 579684604
3 131979 259162
3 55613 100055
2 249820 351020 417436822
2 16717 195057 89196007
2 57351 109616 355623790
2 105242 461068 421858076
3 352562 481917
3 56591 446779
2 90777 136202 981196167
3 241495 525667
3 269113 297448
3 241391 302612
2 445640 519032 524157140
3 142231 288038
3 21711 440743
2 124354 283521 335690665
3 77721 179672
2 135059 358680 43198098
2 92031 334793 773930021
2 144183 491220 255554482
3 281362 422449
2 50964 286163 943420761
2 247083 507576 991400347
3 225142 439626
2 73166 328547 988422653
3 170390 457475
2 123731 527986 723162339
3 107300 354614
3 8226 80933
3 39892 66965
2 60715 80271 739012387
3 251026 266033
2 180040 214137 320348162
3 349556 507200
2 92983 354898 469575898
2 3066 187646 288228472
3 31919 249457
3 329955 476092
2 17096 373447 350443018
2 172117 315758 495003411
2 75682 265715 335720595
2 239487 501175 6108050
3 367491 434808
3 311891 490394
2 205474 326294 63129117
2 336405 499888 570346061
2 48721 403957 64857100
3 68578 248458
3 311671 322530
3 52329 298306
2 76153 492296 234855119
2 79438 341352 341826015
3 306944 421475
2 203909 375404 736970400
3 165625 425385
2 208442 377970 256352337
3 104304 118457
3 110520 228802
2 82406 344878 970436242
3 83183 265893
2 139389 242334 876981763
2 57185 155352 375343607
2 173893 395161 821227074
3 10329 67183
3 255882 301565
3 15029 92974
2 134646 498371 120947679
2 135920 515049 849331591
3 114718 178369
2 53855 440366 277634149
2 103146 178555 543952720
2 143850 395765 536530425
2 21141 455052 747483752
2 360895 495179 55103214
2 292757 432758 465589068
3 234667 466890
3 208773 393071
3 162374 467038
3 270423 373913
3 78334 519017
3 20098 42273
2 199732 517496 478261196
2 28434 149304 470648034
2 48711 435630 374412587
2 128306 305494 608737467
2 225518 289737 606106077
3 344720 492208
3 295084 505419
2 386908 469366 428319909
2 274093 446881 558423107
3 26868 228911
2 231119 340734 575136838
3 200408 271497
2 23198 108872 87081587
2 110101 196756 636449123
3 108091 226637
2 68605 306457 435604466
3 374169 419943
3 279942 340162
3 104314 288923
3 355777 468178
2 94203 497819 864236495
3 293378 385684
3 34234 128355
3 81889 359589
3 84799 287326
3 171333 210557
2 391382 454927 494384640
3 251659 256368
3 183157 365772
2 178671 329116 766386910
3 52202 70730
3 115339 408111
2 225168 500113 241774486
3 221031 232331
2 42681 349592 573157710
3 182170 510631
3 229445 327134
3 476942 489479
3 81282 119053
3 399257 522029
3 178271 332562
3 34963 143951
2 320594 442036 299834576
3 95853 470846
2 84408 296033 762813389
2 91030 400798 951314680
2 185120 419870 166946358
3 164009 439512
2 214724 423744 177799122
3 92778 321516
3 9329 348412
3 249520 322737
2 52966 66650 74156113
2 83014 184067 113695219
2 62422 293148 793856706
3 203734 348636
2 44 116079 982747478
2 417227 426976 564734227
2 71136 356039 11930201
2 386417 505685 367554888
3 7348 211941
2 20850 390498 63570414
3 249924 265708
2 15024 245852 409993298
2 135999 356498 213404560
2 10756 315173 610969619
2 2948 85376 868383139
3 303375 333719
3 95300 347035
3 110947 340169
2 166099 466934 662469501
2 30329 235835 479024458
2 376369 462002 823478254
3 39784 114492
2 294358 352267 346279510
3 276368 305484
2 396152 456934 850622617
2 104868 259445 791256217
3 309089 520578
3 176895 422472
2 5652 419719 116103775
3 115065 463898
3 164557 368923
3 120535 500563
3 150029 333025
3 91877 288384
2 36861 446819 689346516
3 67100 507285
2 79496 491923 300595535
2 283510 374414 616087169
3 107629 450200
2 197892 427881 921518182
3 42668 428724
3 241429 449699
2 126028 272189 754572886
2 95612 419491 590606848
2 121892 501936 992232497
2 278874 354532 185433855
3 32696 74861
3 31243 175170
3 85753 396335
3 16649 38694
3 436851 466298
2 16278 273524 306052939
3 427694 494154
3 51588 288536
3 101057 280939
2 253821 297337 752870303
3 121006 379913
2 114226 383978 421134328
3 388670 406306
3 52621 187015
3 33806 377016
2 68723 421281 16179593
3 116663 159367
3 462405 497829
2 82026 411814 69453391
2 212798 439160 843494969
2 208380 233299 477710199
2 113003 128835 503981936
2 443208 484304 764559254
2 133979 263080 690710709
3 161568 210324
3 45853 180630
2 85929 440868 873120960
3 141769 332945
3 209075 244516
2 114679 381067 194478564
3 154138 181445
2 320533 498204 127356892
2 196500 385966 311360724
2 283458 389361 611920762
2 412627 503453 994688892
3 435052 473004
3 303239 417249
2 130281 342472 533230125
3 118150 249307
3 104356 287401
2 188132 366400 940883807
2 168516 169331 235658696
2 45805 198846 224031480
3 334705 336594
2 23657 132768 596616816
3 241057 517814
2 73570 495159 14168886
2 101532 310629 369448513
3 127717 199979
3 165111 516100
2 198376 277291 634519165
3 161393 389691
3 203072 242467
2 115542 504473 469654878
2 225448 478752 56758705
3 354097 446996
2 152166 449376 826870958
2 234059 369466 678816347
3 48158 221267
2 199270 441973 897158414
3 55178 235024
3 432820 491515
2 470976 497589 614653414
2 241357 486025 481392365
3 207789 268940
2 69358 236085 675996707
2 37306 232614 313155187
2 113715 335456 244806997
3 39894 475926
3 165316 509435
3 190022 488757
2 182841 509822 776880475
2 383421 502878 653715192
2 319178 459002 396716775
2 119453 283366 950777029
2 122494 185945 534538865
3 37899 204279
2 47592 451947 625934895
2 223694 347850 266265164
3 93187 167631
3 189848 255976
3 42480 55499
2 279509 500875 957433521
2 182414 232257 233947447
2 191166 224786 420361218
2 26338 457554 158026845
3 141133 251854
3 139719 432860
2 114428 162647 262681256
3 41601 97539
2 130377 454658 2681090
3 222041 294433
3 135882 137515
2 9728 17999 769278791
2 129830 493427 993542404
2 447010 465545 15195664
3 24950 187653
2 12743 363466 235391188
3 138459 498881
2 33619 468612 188774947
2 110903 434334 433558569
2 418749 437259 650186132
3 88073 456142
2 354176 370896 765073696
2 71985 248657 441407102
2 346126 480006 247410668
2 170739 501949 780462007
3 298484 435250
3 221819 406014
2 260675 296278 465781932
3 92320 472422
2 70760 256211 709187864
2 56024 357252 15133792
3 73888 425362
3 167089 357082
2 43822 85052 356024637
2 52766 391789 367506099
2 361435 398662 901986216
3 210462 473809
2 98152 406328 617996613
3 329139 419893
2 18810 48797 832011336
2 227310 381077 651169943
3 245702 258921
2 164071 407317 399088793
2 78000 362627 45989725
3 197424 311789
3 72289 84779
2 143848 210796 661226430
3 117785 417440
2 75462 194368 628606858
3 49610 402159
3 324373 353970
3 167464 405777
3 435642 507032
3 79444 263716
2 30004 436034 392976816
3 53147 143783
2 67646 239554 827715645
3 163767 451128
2 143252 492088 800783965
2 169974 495181 980215220
3 258028 446932
2 329993 385796 43522838
2 362822 491009 705432458
2 359201 505528 991829094
2 104735 436429 404053013
3 201904 432334
3 60112 373919
2 468744 522301 762448114
3 17124 243620
3 22917 181706
2 105487 377801 992370847
2 114424 243760 972235854
2 86531 435028 348552865
2 166394 504591 703474055
3 17538 420311
3 103008 324785
3 245495 254788
2 333460 362036 887628601
2 35329 161583 479621870
3 8076 163652
2 373435 461383 738881700
2 304454 369187 99980971
2 116451 473541 438088855
3 166536 433848
3 96393 273868
2 152138 234340 175800862
2 368797 409198 812260259
3 351643 512158
3 20622 384162
2 144124 469473 758812595
3 22632 388082
3 98990 261413
3 49350 143276
2 7246 120871 411148976
2 385332 475667 383749668
2 314398 522364 83279798
3 163241 190097
3 82444 206545
2 223568 338121 470206545
3 3288 488467
3 221934 456780
2 130543 338011 169708069
3 327978 463308
3 108132 477836
3 128332 484006
2 49345 526726 194024878
2 200681 276045 287648238
2 252285 367628 984106599
2 5408 97124 463847476
2 37678 319658 512640699
2 54586 215376 988980206
3 50973 243693
2 95593 496593 967456919
2 365381 468005 211612443
2 339586 454778 931412327
3 390572 474367
2 337477 417098 272715282
3 210555 441248
3 101690 500256
2 214333 510375 426740717
3 373711 461148
2 190366 330851 822970220
2 272213 449154 657907496
3 31242 368570
3 304098 456604
3 89638 165270
3 14222 21900
3 96340 318931
3 140551 346672
3 146648 443796
3 384005 393641
2 337046 377314 573370361
3 54064 408497
3 62257 298589
3 100272 378187
3 250468 254716
3 177328 283355
2 144514 324554 5050660
3 96743 475079
2 436480 500132 806332143
3 330962 369308
2 111858 433112 111025508
2 241945 304434 501899714
3 177209 341884
2 1464 175345 135958069
3 381759 484561
2 62271 447499 327882755
3 24874 434803
2 132561 167287 703461521
2 127829 505440 522337098
2 219657 334282 980238196
2 63903 135217 763589292
2 333369 500896 605598440
2 60080 406266 961389273
3 59596 94380
2 26425 453622 741807507
2 11483 61517 267208524
2 45390 150219 913273386
3 42943 353888
2 74816 186210 737959839
3 57100 406784
2 249893 347740 579375714
2 64211 81489 970604909
3 264285 431791
2 28263 348185 535974642
3 144842 340379
3 126219 167539
3 89156 198109
2 164810 459036 543112267
2 10148 216773 433048327
3 70587 187466
3 303231 372090
2 296304 428255 774323220
3 189392 267964
3 159111 277674
3 312677 435323
3 479080 480819
3 88588 347486
3 419319 426731
3 14640 361095
3 338194 339348
2 250204 251453 330070587
2 110903 130323 194371091
3 51166 509429
2 171094 420448 904415425
2 132613 413612 463341403
2 129491 163131 320024576
3 20438 279155
3 299814 392951
3 81948 505564
3 124635 160838
2 147904 239906 275144780
3 75320 435145
3 311690 453869
3 160197 428571
3 102583 464948
3 311385 462854
2 124516 272914 696104894
3 78334 434537
3 136542 422165
3 27742 102435
3 317204 482127
2 59955 254661 792468459
3 44933 413345
3 25574 295391
2 5334 225334 164780991
3 146204 266407
2 105332 444688 774104216
2 44381 330078 335373333
3 124101 329517
3 86914 301503
3 261889 420961
2 29069 422295 146268488
3 89235 352657
3 276283 303533
2 311564 394531 469398878
2 95819 308738 83423192
2 147773 163622 221440646
2 147071 188354 507405040
2 94243 510963 49623129
2 91828 463854 317960793
3 213595 311388
2 200262 305640 505730157
3 52885 117846
2 356451 499005 946972107
3 226258 273986
3 72211 289092
2 172275 319994 686848762
3 92951 437254
3 59107 401545
3 334445 438828
3 183270 461389
3 185629 384040
2 32337 222289 570074399
3 334191 524315
2 23855 416166 67167470
2 118390 381877 587673518
3 141329 181957
2 42268 277194 877190690
2 285410 393468 622323083
2 224068 416004 775017552
2 80356 175053 811993917
2 220332 405199 257955721
3 489671 515659
2 221048 332205 316199784
3 36043 210999
3 248512 304094
2 232188 518800 345443559
2 81557 260778 421324882
2 13961 424520 362089552
3 218804 372362
3 331333 473058
2 44362 174796 284886524
2 170470 277288 1263487
3 113759 351411
2 320794 409457 540789795
3 225862 246682
3 296933 384244
2 186664 332976 421650734
3 84358 119338
3 368717 525339
2 24681 272906 587125180
3 65899 87361
2 200127 380230 246479970
3 407918 436868
2 40267 273246 677115379
2 315275 330119 101479728
2 226254 519360 887299734
2 199435 355201 458525391
2 303063 399045 907577364
3 80329 460766
2 151645 160692 189216197
2 24579 399563 389168642
2 125388 519474 717002266
2 272370 468600 474504610
2 42054 388485 287718030
3 229880 357699
3 32601 410518
2 280815 292546 143124358
3 31495 515294
3 42257 350718
3 33408 402050
2 293126 477058 909558479
2 89333 448294 20215931
2 168268 270024 213314346
2 29111 472581 751619413
3 227074 504206
3 118294 399699
3 20203 421166
3 252853 254061
3 261246 357705
2 292967 360684 925375793
3 102250 330100
3 114750 313908
3 175000 365508
3 318302 386035
3 386993 478697
3 253555 279748
2 266960 455939 628763777
2 136498 336019 424845227
3 110485 329075
3 171241 386307
3 420053 488945
3 330643 465797
3 232932 297332
2 129871 415339 803156600
3 173194 485951
2 444158 454186 751132587
3 4183 49977
3 74114 480664
2 167870 484383 389869462
2 165081 283673 134106934
2 73262 126830 834956995
2 88469 196050 599697552
3 374367 469850
2 343163 399451 909615375
3 219685 413499
2 112056 468194 780407534
3 72780 351944
2 87171 440983 924438518
3 251603 269335
2 265017 463781 909863150
3 218530 363802
3 145766 397701
2 116900 234019 340742440
3 196344 491504
2 264331 499128 579583547
2 25807 190145 664170677
3 477653 488891
2 296263 506927 387431618
3 323186 474423
3 180771 334405
3 69989 451603
3 173353 373217
2 55530 437456 184517716
2 257416 316564 2093786
2 140723 468133 773231137
2 392075 523835 526018100
2 148062 212378 853034140
2 41508 525268 869437806
2 145311 252576 258390634
3 164218 523850
2 148157 361649 45556797
2 159661 323111 819702534
2 235120 240769 499200264
3 334458 448132
3 271832 416166
3 139877 154254
3 33350 49805
2 7539 386539 106725902
2 109921 422672 965403879
3 309954 474995
2 390877 515810 500216845
3 24308 523371
3 74254 509494
2 20718 227169 289807764
2 83672 313554 246152304
3 104289 428380
2 409400 429792 673485523
3 52888 512224
2 167372 345207 177289094
3 89037 272110
2 398063 432934 95350108
2 238093 256265 296532073
3 141839 526957
3 153089 417443
2 9922 527472 924730486
2 82142 379100 994309061
3 112443 487537
2 84385 479659 399677203
2 21684 356208 454131530
3 92740 223173
3 287513 483122
2 189827 346558 911411685
2 64947 354059 654635842
2 296945 336789 247249653
3 220699 490882
2 108663 205069 334945790
3 173485 516422
2 96263 419940 786160000
3 294624 499140
2 217028 399827 551639961
3 320621 407188
3 62183 523098
3 24878 147312
3 87703 139658
3 136900 455847
3 135758 392778
2 196085 428394 143494607
3 174180 446859
3 71567 145653
2 332972 397164 399175865
2 351728 474899 688383200
3 270085 407565
3 152807 196643
3 37262 511860
3 60352 378437
2 3156 15273 125284780
2 161241 235405 688765410
3 184787 379453
3 43508 320982
2 345856 518914 364076932
2 298562 397272 248084956
2 94074 325799 428135589
3 60894 406904
3 103888 259818
3 153689 461418
2 310616 353118 613459317
3 400615 413701
2 72580 352100 429624999
2 448611 455400 751881179
2 267329 359732 135580236
3 402443 516350
2 21217 121711 498663038
2 259387 496437 503193207
3 300320 406848
3 81422 120649
3 338064 422553
2 411832 509448 892637509
2 167306 500921 420560227
3 139494 363167
3 500031 502062
2 222418 489801 848103617
2 185801 381582 943069300
2 113203 526807 860848214
2 458571 509171 774374006
2 326183 468227 236927624
3 50962 504369
2 179337 236757 286332965
3 280438 420844
3 144285 428910
2 119967 297437 511897520
2 357458 434604 202276557
3 42645 455469
3 134738 423690
3 100388 102104
3 342354 475645
3 348520 396664
3 294488 511874
3 132263 146592
2 148053 192372 726141165
2 261127 487843 5478433
3 484687 491462
2 228848 229728 730517575
3 244479 395568
2 339684 511338 623719597
2 133233 428516 731940279
3 151652 472719
2 8287 411570 583914796
3 34283 48935
3 13321 459665
2 396212 505742 89045482
3 137840 386318
3 130945 208868
3 5106 101019
2 121744 391758 271158674
2 77521 453480 583269593
2 184858 276152 833394649
3 10631 400270
2 117611 194353 147857044
3 30336 416335
3 404362 417208
3 174258 233377
3 68334 251872
3 162405 417263
3 11203 473281
2 62548 365968 142646684
3 200798 438466
2 47825 180769 28311605
2 28679 76893 19548352
3 285325 297324
3 141272 406422
3 284506 358865
2 390471 414257 445149481
2 281955 371214 924600200
3 295724 445791
2 165885 353410 121226699
3 251656 320438
2 10451 220287 229069680
2 173160 239680 771539439
2 226128 419875 778148559
2 15574 212287 396128321
3 280187 352442
2 423156 437949 448289472
2 438219 457397 294564394
3 42283 359412
2 245905 373784 185934899
3 33915 376973
3 130021 326914
2 137902 242328 197567534
3 67101 122187
3 117794 320368
2 109321 324995 368702203
3 92845 109776
2 110485 383689 981134244
3 331788 429618
3 294094 415596
3 241282 277029
2 101049 384491 747530519
3 59396 310723
2 281662 517680 642057283
2 396370 428509 385918088
2 13653 521793 956102957
3 103429 485289
3 182828 340248
2 41486 363199 649951203
2 505 47956 22590578
3 158137 181142
3 318314 357536
3 256384 402224
2 32992 169586 493132761
2 294706 344756 236522076
3 174414 480108
2 228354 442578 96101254
2 368898 416547 787595487
3 254479 415484
3 20659 197202
2 217653 296117 675440247
3 346969 505918
2 152574 481648 5432150
2 198750 375891 710817478
3 262709 423683
2 173215 334306 389953567
2 236042 338761 762122528
2 5442 513045 685250087
3 26035 43680
2 77369 256913 472409037
2 383143 520371 108736316
3 99156 508038
2 34338 342117 404822352
2 73756 380942 748635439
3 2901 135407
2 353768 457600 549344927
3 9505 132477
3 233518 271928
2 387608 388043 427457726
3 26283 290304
3 79347 514392
2 170791 203258 302885922
2 186498 220670 41106977
3 2319 61654
3 210859 285459
3 411590 499231
2 174460 444376 874018876
3 245976 425924
3 141576 493005
2 7509 374723 665216046
2 145198 517248 898640420
2 92303 161725 24360400
3 192314 309800
2 188152 344631 439899671
2 238056 487039 451778421
3 177819 323621
2 132115 358058 759234971
2 204992 457725 418165444
3 163820 167299
3 111216 143306
3 435079 439213
2 41062 250236 938341904
3 138337 497114
2 412142 502438 268814347
3 442021 513183
3 390662 513891
