0
106112238577883
85617553963358
293636227642519
81815363532074
40646117725815
291727871986931
358309745269951
783785176809763
828311505848854
258050683254867
359648962210237
61576903397308
811193156348543
744062220068780
147341192035138
605623367626876
952872404936413
718964631986287
11560611262310
264434405624576
1333612801602254
323752847478238
1489255852788114
158204179535102
766090674182359
1414953872544458
636273658610304
318689359915731
306252281833098
1374003582100475
641683512605426
1792607758836368
1777315674771655
247880252398028
237479984734308
627449685972751
352560562111150
1574738786435601
786723171792495
745134106426346
1096383278662479
860072104333558
94824341651967
80768919475075
1838617903879676
646359215343451
1565067571494646
327307698166913
270241036405218
1275305866579291
2497086685638964
419204128494453
344180708426967
724675458819384
1359458026516082
2427660791090256
393570810478606
2471893548761212
1779932185391269
613489413368911
3754156702926542
2646977069075634
1034156062734523
1569403837583495
1317716829658327
563284792544812
146735717791517
502946158003222
1226484168483934
1560422613376575
897938859474918
3302733690169878
2397252416075967
229265686331886
2238128380880435
3433271299915961
939326488292665
1708144345184713
308556088540506
1176991895570570
1175892515925286
630274312636442
3497117346836206
1459243445894513
1978527590067032
1413647232069389
3368028683273108
2320621576808460
3542841352178111
76036496353088
244700112640315
1155715223326759
3635680072721277
928856327340211
382366913470314
1807835610627598
3072599397695862
3208941299696495
2732510446955943
2765770165601747
1426526314888921
6357249150892645
665887194142939
1613167074817739
1833461270484995
5049744763871159
470597854371818
5095661882895114
771940676641585
649689543611696
3722317493025347
1040071166387050
3588798046189621
8216158244247131
2710104300677408
7681259914709841
102415283542717
1151624540215134
7432032583102900
1448826695910503
1957998494320022
8267518935915493
9148826204196324
9723834738939956
4848143187108164
5189973584639382
1197647737198355
7834738248857952
7678912102718802
733135188214201
7978671298224767
2305443263077230
519964715554859
4744058730327266
467821916850124
2403656358683306
7501077798703916
9029884109793062
7468095453087013
1224333056286110
8011637422188373
6768788256416508
2366194624869478
6797157433093995
5568055965951051
6992835530586267
4923455317196085
3706968726175144
9960242776352082
1425235702375719
3385527944183333
