1
mu 358633439
303
366395862
567837993
167172774
890068502
838385553
200396479
52755641
577720684
536227177
468136536
396400626
575139641
255139689
739039911
134349540
677847554
90094133
634852322
189860988
864904546
424897299
945468085
105499483
467999492
544366368
371550835
967031377
493300745
889075879
721099692
365440866
176328453
2453712
935336204
26239620
229251826
462610175
620215381
447609370
797994729
510308406
846522382
545768805
11032768
463832166
577707297
63671467
229534429
287606640
939327900
180623262
750588325
119719662
107003523
841585859
825640926
117489584
242120294
777942713
737974624
96415250
312615405
425836741
421326893
391834268
237649746
258324831
345682164
461816924
637886717
787308048
20524518
850585802
132024022
860267536
29819506
416812473
731354413
16297817
819729523
276397053
745634327
733703331
527834052
353505851
473262941
898233597
850371749
78668754
598106665
447355691
328888561
46666323
548215857
256297554
160536381
75967843
855378892
806924311
117386785
588125652
253448493
337082845
3191354
760249143
539041334
806764792
73288223
800204701
762798990
321905279
508709615
904538768
545181033
140322091
105896877
818493185
64002580
626891154
414820603
668798619
692597689
777773753
701232783
523144115
757653551
52773416
531507515
876930873
100236821
290774601
198439837
402453642
552166305
641612639
628091655
281451872
397824241
943454066
159791026
176021527
596179676
419916785
101575268
559523712
442391603
447953215
130587881
429120233
115959283
929383052
653503392
454710296
886294463
932618694
326960326
774056543
296493570
102410376
123547768
78340044
856592562
992790393
446668119
456317534
773326253
472458847
214207513
745240385
420330429
219250838
710248178
237672037
644022182
269771564
551146359
367037566
570914975
540675994
200327352
470800295
603279987
15811012
229029171
490424910
516885396
708919267
763749099
880170069
208125462
344510971
240800635
93206084
233832112
152373189
959779596
280177985
738200975
18021935
677212902
823151470
668384434
799403424
952922705
754422084
762187867
165347410
75767654
627393807
950933803
29110220
862036369
653057679
886361111
561558674
94346706
166256868
545822186
974240073
150782410
808955247
745775693
401090480
161436752
459252667
571498635
786531838
603213649
290570821
75854401
362685050
393984211
594373853
459995746
219153553
915213516
858220235
293362953
729973780
521717587
952769780
112508839
247889323
250214412
110132431
769443992
798029598
733362919
953418115
255067312
155451939
382407106
812916794
151869209
89524755
175107536
646502558
165243867
961334485
364051674
792502051
618209176
923428188
515963889
296436136
546866356
881292765
505455549
279757029
9802598
689574542
570834374
761451384
625172898
936325122
935171620
527912358
772965688
929354940
445724575
272557393
153208786
238589690
669420313
598984864
278518645
650446883
124391220
617051873
895441493
421276962
622614655
278985968
265668578
663295524
531797649
90922612
778512342
313524033
738863703
948831429
847081721
964237069
