200 200
12 76 -17988909 78671875 -24002744
130 191 10047827 -50671506 21761349
108 129 57480234 55484479 -182562614
111 66 -51772244 -70919185 -52494643
170 160 75338715 -174320272 118924485
32 71 -139433884 -32691308 -20766649
155 6 59503273 68140068 82224253
128 27 -95798417 29497459 34112512
55 188 158735347 17485204 -10998404
67 56 -27459162 29744535 -92443770
90 167 136491591 -16711028 -28740084
90 153 29353057 -29874779 12828668
61 35 15878491 95195634 -10421180
79 141 -113417592 14410548 11620322
188 172 -89889895 78240873 -19755144
152 18 -1790582 37284257 20381514
81 68 56804375 18561217 69231671
56 79 43250731 150000828 38424701
32 164 -61159377 -5803260 -18636116
186 86 -151796122 -54954836 2836730
158 46 190764806 4507976 -85362799
130 124 -31734358 -63765709 78281316
50 21 -81698795 13573769 17636236
85 153 -122280385 -123979933 -71785141
108 37 -9410870 30401503 -46388492
43 14 -60253550 -71055146 -33682186
55 86 -20447242 105091692 -177033866
135 97 62165806 36521894 -59171014
68 173 -161417249 -146701499 -31646255
19 198 32165430 -23916786 -100498597
86 172 89292694 -9365615 146280318
193 159 -151828391 22787474 98309677
95 165 78922047 -41380911 118533768
60 16 -45704142 -27198227 47146646
198 73 -77572147 -22839 32885007
190 71 47542615 -23798012 -35849788
57 102 56902207 10184980 23691320
73 166 -28373250 61132852 -102633201
119 189 148145770 -42662164 163520409
46 80 -84998614 -78091895 183641303
71 125 11760377 93948774 46742434
6 148 -75049305 -119058546 88106886
91 18 -164529797 37156674 117489657
91 10 -99800907 70453319 104128172
189 8 -13769804 -51694290 -145544578
41 15 -30145030 100822719 -68627360
113 169 -120670158 57770326 -18108160
94 64 85866421 -553910 8630924
32 103 -78866548 112767074 -25151919
190 100 165441390 66037964 -129491436
126 110 -2615090 19860297 -42227164
17 132 -74422421 -89664181 -120970969
95 112 -21837405 -81176383 117170570
113 70 -70774775 20722811 7896420
152 113 149379810 -104301599 -69388659
177 93 45811740 120206738 -82488449
122 9 51303402 -53705251 110311315
155 78 32128575 -51295267 80834087
122 23 19799570 -156449971 134514968
134 39 145814088 117672919 36016265
132 94 21787913 119635161 28455659
162 125 13624986 -8937151 90885000
158 170 100770454 43579451 -25520129
168 163 -72550697 62646754 -61937105
71 142 93103738 134056739 -37372739
176 42 -113022500 -131578119 70373354
8 25 -51964771 -3371796 13457921
41 77 -21827534 159244936 -102843942
69 37 107219558 -10442314 -22192569
156 142 -49863891 28532717 50895809
190 1 88081791 77626215 -23194578
133 98 126373396 -21533296 26677950
175 94 -13657367 180407052 -20605606
36 64 -56101265 -4416793 -67921185
14 147 41511110 61776001 31098394
198 15 9917501 33202270 -42545619
188 140 -46452345 111800372 13723603
26 131 -57909697 39585587 -45492432
118 71 -2507543 -144625157 -10775495
123 102 -89898459 -30770566 49811678
71 24 96559886 136401835 31679407
57 51 150765746 -103711778 -27271294
122 181 130008909 727339 166741205
188 61 -39375348 -7034855 -115876405
95 197 -3930290 56888661 105290916
83 171 33199138 -142667122 68121596
152 163 26741569 74339431 -105815228
76 75 35998780 70019862 -36745587
112 106 125770896 106062227 -74495968
164 164 0 0 0
91 94 -163678540 72322613 48864690
192 95 56233412 85568382 -138097231
13 90 36195211 -61919655 7455418
139 70 -51165432 17076496 -16960860
84 116 111439378 -27001407 44009836
114 187 75297209 -187060872 1950952
133 142 136950136 -38629572 -53118210
13 178 20844965 -36601150 31505661
128 44 -155668501 9332508 -17363237
92 9 13478837 -36440963 -9842804
109 15 130681041 6321798 -47413340
180 163 -84647371 151978322 -122584015
139 30 -71286209 66476793 -42490708
86 35 155685732 554291 39737877
70 130 75662628 117906256 -12820817
72 163 -57591920 148955583 -53632790
124 125 -91318964 16856105 43336401
61 10 -50532438 150613772 90585739
124 175 -109815263 -78518615 -31606107
128 136 13737751 -85298918 41734576
107 16 6826203 26883071 164024427
5 133 -177558130 181372350 94225340
95 46 130572954 21875122 -36537736
149 73 -25512015 64653295 -63848596
24 89 52911436 -118509857 -49923450
140 83 23494708 89310 -65841457
94 170 78597436 3395937 -38015745
126 166 -85387153 50098989 -125279248
151 73 -93972014 29827996 -66543602
193 71 -138506247 -35208397 124344653
147 184 -23407131 -43320501 15073350
74 74 0 0 0
52 124 127513915 70226773 138756635
183 102 15684655 132612028 69940331
27 79 79806032 21392503 34580815
132 78 157231746 -1519392 12207985
179 189 41730315 17098662 147745247
16 178 -3108487 60893547 -62839373
84 111 114002793 98721307 -48437824
29 65 -140101966 57329565 39112811
63 37 46804346 34291811 92241561
179 145 12282755 81636752 112567277
80 169 -53944197 -5214036 -125036254
160 190 -181085477 15741241 3746728
37 36 47337414 30491567 31562415
155 101 -111593335 43000347 115374241
16 40 110430877 -13319095 -144447848
56 143 -13198461 158851692 -54218933
29 45 -104599553 19078955 67868944
72 153 -38862102 18933984 12411069
178 164 96960387 -79153978 31242554
196 104 93036805 -66551671 45067907
73 56 58308797 -58904847 -53223571
156 70 -83816558 -82571900 26214082
17 155 50680750 -39888306 -189597071
112 163 11499465 140616278 -113421666
134 174 118860691 -4249980 -54574790
27 68 93670015 10664205 84005769
151 66 -12408132 36788448 -170211520
183 25 5654556 6624280 -37950576
65 5 125820115 -117505363 18821011
194 127 39330636 -101677265 -11977260
165 120 -27088939 -86660535 7516240
24 30 -57529592 -64049416 -119263721
172 146 -73806949 27842117 -162137303
172 174 67115623 -64623954 -94889190
27 65 -22331777 -39310527 -27677336
138 70 101412389 26723124 -38428211
177 188 32194020 7637975 -3071170
153 18 -47261969 92966425 60152883
176 30 -109612755 -100610593 -16467307
157 144 -34941452 -24012417 -156460598
8 46 59910250 134847866 -45525728
173 68 161417249 146701499 31646255
56 171 76854936 -16766071 121219640
85 112 -152509668 -134574612 -24407334
6 12 -134191227 -180230029 100460701
195 21 15195559 64390560 77652280
38 157 45419731 -11999334 104984076
78 65 -107158927 50992771 -32247526
13 151 141972757 -94044799 106917425
94 158 -22173018 -40183514 -12495616
138 197 55956573 182090109 18790812
59 158 -149694593 81337761 -19409035
52 120 93893227 -13476896 151274251
200 9 7393927 36379641 69419486
78 153 -89033121 -6977811 24719758
148 166 -87279289 81355883 -147320758
80 61 30816897 -38715633 -121105145
61 198 -7974737 51951172 30999071
81 125 -55328657 -46284065 101591880
117 51 12258355 -120898935 12095254
68 88 12128391 -5701374 29025239
157 117 75698940 58624825 -53417589
53 64 -71385343 134055893 84716280
20 176 104110817 47205493 59988003
76 96 72476277 102424123 -160039316
126 65 -57592184 19359088 -99703068
118 3 143318061 236251 21959667
94 26 73640831 -78137641 74061903
26 171 90386089 -98088010 22495987
43 44 -131975615 2556051 -6391154
42 137 35809083 74419637 -39279521
123 166 -156155388 -22284995 -93275843
36 199 -158331441 -77819784 -33166623
192 32 178041751 -3170756 -7204223
189 154 -62285679 -8529227 -38435360
47 41 113397634 -55678243 68490024
118 104 85569855 -110932591 19106351
43 77 1948117 44664850 -15182928
