200 200
151 46 150271973 -133875122 -117505756
134 180 27989397 -8966274 17128437
166 133 -69441669 138241577 32008479
146 166 10806054 -57551549 100400364
128 194 92292257 -43713225 51736479
23 96 111900118 -31247307 -4944336
172 110 26627061 125354181 39400724
15 137 -27232653 -19684784 -70738523
154 47 -57348710 2227604 -52869668
199 76 82584526 133091048 33096792
161 134 -157026383 -3599660 -156300948
68 15 -79250219 64194748 27235888
195 9 -72397747 97240484 192667657
119 31 -4164587 2457180 26706903
46 87 -82998884 46443542 98901124
36 170 150295964 23505495 -7248436
66 191 142896211 22146044 -163688892
151 57 65925079 -50159128 30656184
46 39 -143686061 -7346083 16592998
12 20 -58573034 -26112374 64708388
181 42 -151064033 150463093 -134496100
128 165 -11913022 -65880862 -75809142
7 194 75869346 33430611 6470050
109 58 -14196851 14445676 20254758
33 29 -137703668 70380091 47052149
166 28 -90558315 147804493 17861731
121 12 109438576 -20355546 -33302783
158 168 -109993003 89240974 -34624699
99 47 -343110 -35355712 -122838890
66 38 -35117317 33849106 -68000839
115 159 47673548 -104045036 81879950
119 176 49416535 32463029 -7759942
120 74 81743012 1066216 92783075
37 161 30251467 33578732 76893413
121 81 11830392 95540664 -66595665
49 27 -186496852 -37175131 41164472
2 162 -22896075 8427762 -2869946
186 70 20844482 -103273169 -68144132
18 38 -44644462 -66571058 -50085120
44 70 131821155 -52542299 3807050
96 101 -80785565 -47605469 104257589
173 113 -64593048 -22929642 75108326
128 152 126203242 -100991950 -98936453
146 189 50986793 75378867 155976221
157 38 -18441075 50631916 77884062
146 49 72349910 56832180 -21691432
148 136 -105607194 -10878050 -15616592
189 50 -149437935 -56165426 -95043420
127 153 30999272 45375303 -138478465
186 62 -59034465 -24903777 44372522
197 69 -46711093 -13271762 -13588225
200 150 -5018312 -183774985 57602503
179 163 37857457 -30696888 24061295
6 73 167852978 22409604 -71773532
84 115 -145428395 28204610 -147235653
123 142 28788338 -55899869 1014305
22 49 4069000 -14732105 -189557520
16 126 40049874 -42685716 -184263644
138 162 41861854 68999671 148101614
177 109 -154424448 -24540747 42360810
170 1 -102982835 -13810264 3621210
45 88 -14199197 115820597 -62875050
186 122 -162655615 -1855073 91775809
40 111 -7950343 -7783337 -56934553
52 61 -156026567 16336892 -180686810
78 179 -885358 58882702 -106618798
135 184 4939914 81053311 -154570433
71 4 -24795105 -71285618 -21119483
127 119 -143432333 71448013 -90591517
161 157 -153132647 -90964230 -110804965
42 146 118230127 -109715816 -41136988
132 76 -39971748 129346630 -138122037
71 47 -142626443 54566861 -130925062
92 26 64329916 -66286074 64450783
89 180 -27039679 61215621 -157571902
139 44 -41296760 -252282 -149268505
183 189 62074479 26025746 61907853
193 8 135068529 71406003 -95589794
122 60 10292851 20961005 -50973349
2 151 -136313730 57270268 -38063350
63 118 -102116111 -37753747 64031461
19 21 -75194727 -73348008 -29054070
119 180 41454398 -65259390 -37457101
18 146 57522313 -58632955 -154711106
66 70 133008466 -33927577 -171334431
121 122 -85879971 1973178 95430936
170 143 -44879498 -63538625 61654182
37 11 -155479377 123758557 -68066501
26 112 4629942 19992609 69986292
6 86 145916747 -11625250 -61862199
90 47 -130963825 -3222819 -79074185
190 113 65676859 -70936287 22432903
73 189 -13240232 -2781530 130877296
64 195 48942602 -76264771 -179391768
95 55 -27350492 5103519 30597190
69 146 63369045 -100885650 -50004724
132 145 -178305962 85379675 -64130016
130 57 -100818910 -49148797 -27609350
88 156 33351137 -42283962 98405612
65 170 104766748 36820372 -106410240
108 107 80322623 58131228 -68739146
119 156 46986202 -65046123 69714219
18 153 130869481 382002 -166766575
136 151 -83673495 47065638 -9040408
81 69 -43538319 -18385146 50818990
192 133 -101334385 141789175 58903639
119 115 19049232 -17737104 -7909694
95 120 -39645867 -19631453 75544083
37 184 -153468759 22396370 -68945241
87 118 -56391944 -44454500 63673089
60 40 152679637 -56586670 -73081831
162 101 -57771049 -56911628 -4618085
67 157 -47857241 -82061406 -40712669
197 83 -30078922 -2405681 -67025545
106 62 83879181 36637831 79458915
46 117 -18024093 3259433 146204504
22 117 -54182988 -98786536 -37964337
157 6 -19900253 114320812 70130533
193 90 149189179 84123273 -50596111
37 70 26803528 -74530265 -59361082
61 137 -37298532 -91583502 -4190630
39 48 10713696 113946230 32610078
53 196 89436162 3899646 -43167287
55 9 13459672 -23704009 137137740
86 162 -47023097 10425389 101386149
180 79 11066315 12018997 92468480
89 39 -78973686 3559577 -155656035
184 18 56790966 37421106 163002871
81 181 52664632 -160018073 176447354
187 171 -44472243 18567913 97519578
147 28 3141167 79255390 3219869
91 71 108938225 33910442 53580030
63 8 23001005 38637267 -64691128
193 83 70483352 135259362 -116571261
133 86 100926409 -36564485 -97398585
136 130 83070494 46055307 49225126
74 181 53622468 -73184502 -1278772
42 191 194076880 -129356981 -32199055
8 57 -70073182 5335938 114310316
143 27 -148089023 35075074 -43724463
76 180 -82831177 -47002116 -30495710
2 197 -34821724 68034242 -75673404
116 69 -6150339 11434697 1721038
109 80 161417876 149448246 21457452
105 46 111300728 -25015942 -9062120
197 176 -35009950 3393284 -35521412
186 168 -93610361 17919118 46317071
132 109 -162084683 31808050 -57707076
24 134 25523775 -29785946 -61927912
126 18 -75608922 33907031 168404346
43 77 -81291146 -104130725 -12098144
39 135 -7689147 -22013695 145988423
25 180 -82436938 -29968785 -31559931
193 45 43970051 -29987460 -43123529
172 144 141299840 -17595407 40501110
115 14 73793393 -118592430 -13306290
136 158 95973631 -100091273 40134885
140 129 68872887 4708972 9544852
64 154 11675220 43738960 -126705706
84 195 -67771970 -103984465 -191505463
107 131 32941957 80322941 -4605304
197 176 -35009950 3393284 -35521412
19 149 -86532079 90242099 -2543696
6 53 10561139 -119295520 -9782624
153 13 -114968660 -3438754 125471063
196 146 3628652 59645081 -43922546
95 198 40390215 -113200907 79379243
62 34 48125885 35834813 25740977
144 96 -10939953 99087371 -54635533
149 110 -71007152 -14132872 -4071765
130 152 -13462629 -138328936 -151409973
138 50 -51856985 33662180 72638008
28 170 158573840 -42132344 -116718774
24 4 131979677 -127040153 50100095
36 161 140881332 7779106 128755132
43 158 83040912 -93815552 -24336920
151 27 4003016 -83736389 -81729963
47 79 50431148 -25545549 107374489
196 77 -99206238 5566435 118694526
178 85 177691027 -20722955 -77564094
88 40 132880771 -72247861 30017069
80 95 -125391786 -67737597 -122157799
79 85 122101342 -68043396 -104521938
130 34 -14388085 -63893688 -19918512
118 24 -5874398 87073139 -103097607
190 90 109016640 -41328037 -64281849
173 115 -135257425 13413529 -46227195
7 118 -32619884 -16394927 -5989986
136 79 -14087261 -24480526 -19400553
50 56 130206487 -54593682 19731413
172 72 -4831451 154149591 -56679078
146 1 -24161256 34310336 5164531
164 69 45536413 -14604021 69624003
188 52 93477103 53603240 66523153
62 80 76426018 116085453 16933453
79 110 -36886889 57259716 -9786978
165 51 62000276 108961457 38067298
143 189 17044712 90796892 92778718
23 79 45054181 -44644806 58377789
85 53 -166602432 -27348605 100768914
