200 200
100 85 -39107049 -63332222 -75373278
41 117 17483079 8723428 -139009656
14 38 -62521613 99850603 2773528
35 73 -111315041 -5073131 -45974804
52 18 68336873 -119457547 150926567
3 109 16583069 -82035560 -41812492
166 29 -1910617 -32779914 149580312
31 39 83376482 100198814 -149607019
156 25 71678707 -29537 106930130
123 56 -16187606 28702706 19474451
87 61 41428513 -24301519 136572868
53 83 57729215 10924665 87057387
161 160 -143371170 -34861165 -120064273
48 45 161202948 94551213 39289885
156 81 52576662 -63614699 15073263
171 23 -38090316 144786622 16151216
169 46 101278431 -16219581 10250207
60 163 -140717835 51513999 190091579
22 64 -77436285 -88054014 -61668843
33 31 -106733379 -67179740 123039559
89 79 11897300 79189575 83496984
147 150 29813044 -49336007 -40675718
58 110 25346357 69810465 -6092764
136 179 28786788 -36029602 26776080
4 76 -9490331 -46726714 141120080
76 163 -59593624 32750223 2862771
14 129 -44385113 147646401 -138688740
95 59 -73942013 71055784 82232165
130 173 20780308 -28191937 7056880
130 175 -107663930 -39753245 41250617
93 3 30017431 141845182 51720050
33 59 -85520010 -39421431 58780014
129 188 58829073 -78861595 -3699631
9 140 -36009655 148385862 -52293274
55 3 11965653 177304183 28256963
65 165 -145229927 68305566 110631491
144 93 -114906270 -11834545 136495530
182 161 40410774 -5777128 112446135
31 76 66433318 12630270 16588588
114 160 -51166424 15661395 -20912151
129 1 83532973 -55232438 43100194
152 85 -90744923 -93089194 -74359817
161 172 -61683290 57432709 -78846112
60 111 -12543967 -32960932 175975098
62 146 61694340 41904656 -58208871
74 84 17882074 58746891 -32975648
15 108 -16004586 108437862 60985058
133 80 -154210468 58034201 140248170
191 127 -30899762 4350900 73187697
69 67 16056342 85101486 -114318521
96 199 -94904121 -8053394 46205281
169 127 -28932477 -95920256 -12221503
117 72 -29013808 -56978391 180071194
131 155 -96081381 -125004890 27123119
106 13 54764144 -156702093 24634882
34 49 -19225163 -185726242 -24134993
23 122 -60272396 -183756085 -94149952
125 164 -96588675 67316114 -29786870
73 197 152925464 -39697188 -20957855
71 192 2919402 -126226455 67236704
93 197 135219885 18808073 -145267118
159 85 -19871577 -118883061 -53218724
121 110 -59830903 54564935 -83904840
116 86 -86719608 130924359 6804815
18 11 95014991 17007555 -113484685
153 65 87097328 -60369082 -75065914
71 54 -87648769 -138503682 -29941573
156 75 124495706 49868047 61426382
171 28 3466266 -48983481 -37069353
148 190 3499103 40722889 -68107653
58 189 110669926 43890251 -22910483
196 40 -88865724 -56596976 28443155
12 146 -22751693 117171346 -96126245
117 9 -86671923 -98157385 63441557
124 170 20999721 -174552622 -19434509
77 88 -136707282 22177590 -37490744
135 82 156590434 -79805960 -86792117
92 20 -45721919 165436837 -19138339
44 53 -97449198 149271646 -39202850
161 13 -74549074 -57917153 -124397446
156 61 107105845 28937273 158418106
163 183 423455 -14344459 -102530344
62 90 -10089558 27116066 -62141397
33 187 52465362 -10318286 103433240
159 194 139841260 -131045349 -21310806
115 145 -113015253 29139973 160305577
42 50 -24981664 28637554 -8895386
156 66 54875074 -117509935 119090231
89 25 25503042 679221 49508132
50 164 -70571534 -60124074 102892250
52 159 29746845 -21901428 64102324
7 123 48106098 -8116565 894992
107 80 -160599075 42163083 8049720
79 196 46133623 -119965857 -127096883
91 72 -45624607 -90313664 100088717
130 18 -58914775 -74141623 68095058
31 30 921143 98226207 -166672883
110 2 143922807 -70878600 48124057
69 146 60989070 170286640 -69864554
80 51 75558868 -93588394 -25788852
163 14 108199068 -58071266 -14395268
200 149 -23250903 -23997779 174816319
44 184 -35170458 -383856 -25677590
46 199 -111331347 -688363 -2368829
150 17 -26069433 186659236 -25175831
66 83 11915602 196475660 -34020799
165 178 172494176 -135348234 -3716514
77 142 -16248457 105663370 -24667407
174 169 -10900078 128942579 -18483687
75 107 17189858 -86579908 80486556
63 165 -4808059 36998119 32415795
141 132 -23734136 77682942 25686017
50 22 -32590800 -53007302 184747224
72 124 -25820662 96678781 -48618772
42 134 -101653825 -42103873 179509021
143 141 68893089 -156042003 62421152
196 163 -118176874 26151383 155824370
6 95 122459976 -91879240 9108087
61 113 -80255385 -104062408 -109113709
139 23 24987441 53271446 101968399
119 136 68858231 547283 -96610001
89 107 95509899 -36003103 84490940
94 36 92425105 135576679 -61884779
114 72 42350653 74878466 112489728
21 65 -3625055 -58051226 -92055002
118 57 -3317377 80280465 -54232262
4 4 0 0 0
176 1 81172709 86811618 85379154
160 34 75961003 153982449 133506569
13 10 -46247838 114444070 29358120
158 162 191793010 111952954 -27876087
98 147 -43119109 -67105761 47326195
140 149 -9586392 -181822353 156312327
150 54 -20437362 9331534 -59634880
145 63 -34564014 -43866613 -77460056
159 111 129080659 -144505230 111942448
86 57 -43205291 18752278 -9318514
60 124 -102207784 136747329 142243764
176 117 27170302 98001861 16062731
193 36 110272030 111934475 -132924936
114 114 0 0 0
106 116 167614818 -126183600 61289734
198 111 147260701 -32237851 -9744673
148 131 -16984631 33465709 72627303
48 79 86526800 92710513 148688113
193 26 177475144 72704775 -173273810
52 124 69163687 3301603 142313438
184 60 55407348 14766786 -31982415
103 28 109799764 -114630679 93921521
49 99 15593456 184120929 -97179675
56 38 1288529 -156645 58476567
131 3 -56518896 64416482 33080285
76 100 -41264943 37229683 -101041604
52 92 47256828 -151247350 98816645
173 78 -86537407 -68809062 -2420969
122 123 46005665 100517075 2504367
135 11 147551089 -38421066 -117245143
144 141 38683050 -55220216 100937447
55 102 -21101228 58672758 17820724
101 152 -35594229 52382178 -73630590
61 139 -71220309 -1070090 -88667209
114 199 -28862792 99833239 17671750
61 178 32203469 -129486322 -57227862
38 35 50782586 -31646968 -116836675
109 139 404743 36837241 -59679174
133 44 -28786298 -28647607 27500407
4 18 -31400718 -51502311 104748165
162 179 -67095804 -77676662 -92427255
48 144 132240398 -42715439 -9203886
112 51 74327072 -35941182 22290854
4 149 -108007404 -100037427 132143224
25 161 28535813 -51105477 50149690
152 128 -102959731 -109973251 -37641139
174 162 138019143 151386263 22634691
190 183 -109447185 -45584316 69688803
19 139 34007363 -41422029 -99193105
135 23 89696124 78569485 37547055
70 162 170191408 77609273 -25853261
60 143 -53171025 110724308 41988388
65 26 18296714 16522469 -9200413
44 53 -97449198 149271646 -39202850
190 141 46569259 -128071551 86537108
27 198 -35134936 21084184 17098359
110 88 -25810 -45567706 133298161
102 152 70165426 64468698 -96077691
76 187 92765423 44231184 -36194907
165 154 -12568439 -138704901 -113603335
91 136 -53748507 -67654323 -80695596
59 162 137715730 70483134 22900883
29 160 -139435379 -108141856 -95763250
194 124 -100424418 156248380 99521920
15 139 22248344 129013016 -26165470
103 36 70508870 20246583 846522
113 116 111665660 -3408539 20032829
73 143 102401810 54151071 26330028
5 130 133438242 60943199 -82574143
53 98 66102805 -57255153 94926359
167 44 1576913 6707540 -53459704
176 141 90265680 -44362773 109680929
112 102 3512558 6630067 58923372
