200 200
165 73 -153468179 7624546 -170523491
120 184 69147218 111764702 170390879
117 86 -122227507 76261313 -83682861
193 67 28172911 -98479932 151084950
141 9 68612929 -34076980 -10982930
194 78 77778280 -154160280 -151749882
98 128 76066126 -130323715 -13830912
116 197 29055356 129346721 20017333
125 148 -74269204 -49789421 -122825799
104 155 -44859155 -56814845 52688095
180 98 -47787664 115358840 34217369
46 102 108144638 -64754027 -137008834
24 35 68004185 -63730194 -32634450
110 87 74596061 -12025787 -40606690
60 190 119824666 2617016 110738348
192 145 -80006355 -90258853 -92886384
116 92 71764996 37838537 -33638502
121 163 -143870534 -114506298 32716508
165 89 -131060626 -12584923 -146688539
179 29 19702905 -119356079 18762800
159 58 -118929181 -59442154 -31888992
78 17 -11539241 -4994658 -25169864
130 159 152711724 141395446 -62679718
135 97 28559309 105655843 -1670581
173 147 55288751 -70778361 -75493815
136 30 -136225341 61584901 -137438503
154 54 -37635364 -49342414 80827633
182 10 -131944083 29276663 -90820376
69 108 -34850308 -86854736 74794621
184 77 -123166845 -15226137 -27267794
78 186 -60419822 -6466257 106988388
18 11 -51583992 -51280974 -18192108
145 99 47534790 42319757 123036884
77 22 32476377 2311785 -20865421
164 104 55470899 -57116440 88576167
149 77 23003608 -21161754 35919627
140 1 58694030 65107098 -85387857
54 21 20273965 134400632 52959403
104 72 71334633 -51913096 40485606
86 12 102050915 -100456568 -49578833
57 60 37461141 -43113725 37757732
138 150 3966073 -125642765 -68297698
168 88 -170675133 25786346 85908212
120 6 -3214109 9263478 -21113972
60 103 69615096 20140958 -29903428
151 100 -92973498 133247421 30782418
123 100 -83710678 12219648 59657359
97 147 7036304 -19232306 -102207373
85 154 -89450315 45256000 23125907
197 155 -41192623 -167029263 -11420446
95 124 16930985 -133385187 77889999
40 179 78317338 85904745 -106706088
176 189 84293386 -73672465 -148818630
12 50 -154778244 -32967218 68572575
147 12 88070937 -12058642 -14794291
171 118 8701533 -30784345 -62382191
63 100 57598554 96080460 9234775
16 75 -36488212 45990101 117048727
62 10 -12828028 152632963 -71091523
75 74 -36360676 46592667 -76167393
44 63 -62741848 46006053 -34562481
140 172 19293425 36998443 51150628
27 37 78301966 123665148 -83938703
59 44 -76655384 -76320768 -39373510
8 53 -112090362 -24752213 87867802
138 165 171862798 -105574812 23867094
170 39 -97001373 -50747556 -173729112
132 19 46672595 63378213 -5054547
175 148 -50680650 -48193963 -12503725
28 42 -114599390 -36875248 49062651
11 17 27274830 15323981 3173685
39 74 2176597 114192804 56000811
114 98 -150396340 -32010769 29674461
101 139 -14317296 45333636 3730961
24 94 -116797896 -68115159 50295426
113 71 -60125983 -64952702 34823508
102 75 -71251107 24247402 121771892
107 190 179867340 15233685 154562167
141 152 -64546795 -34317004 -99403368
188 197 77503707 171760897 103472816
81 18 -55907297 -94893306 -94228071
169 135 16344822 -164382781 111790456
141 156 -59060978 -105269071 -104868643
176 97 13732422 -61547498 -17663410
44 78 35746406 16295420 -58325314
123 64 -44690274 3412769 144103541
150 169 -8426010 147228420 -30546276
138 102 146377830 -66982354 -147993341
60 180 33410004 -95520220 56658480
183 184 173275377 63698609 182370030
5 70 -47975265 -4407572 57169282
128 72 59339565 -2423078 49471627
193 116 -18528789 -60007963 165227353
62 139 32238022 56853958 -115162319
103 188 -101091937 -142682514 76570111
126 92 146709670 -44161446 111114885
128 85 11672183 46847058 -93744223
91 191 -70541279 -94947277 -116493992
167 173 -181099347 121293368 1932836
173 8 104437937 -12220958 -128555703
161 159 179484441 -33117805 57262940
86 187 72870754 -77188754 -71491224
88 150 24799527 -88970344 -85825961
93 104 44144700 -91446503 27494460
114 66 1205594 -113563393 -32650518
141 15 109238171 -58050741 -30579720
42 190 176423939 -27253847 70158302
144 171 155403551 67852745 -10734028
138 114 175853411 22243395 -51854546
189 53 -126465836 26697851 63753761
88 128 122356651 -103418668 -53539260
93 103 64066398 -10310468 -88439926
113 118 71034399 15982397 21084345
20 16 55611464 12242341 -174337853
128 36 -59787029 155823913 65666573
165 159 5026985 104307912 -99114365
21 30 -25174374 -89760706 -128131847
192 62 -23035972 -98153981 20981804
129 15 181258375 64563110 46558739
118 32 -82166299 17853517 -49771935
116 36 -15070073 125466198 12589344
79 55 24981587 58245727 40204454
135 4 -3065392 120622187 16838472
113 2 -102606990 10206624 -22985352
40 88 -75934337 34590080 17492336
23 169 7614660 93541496 13890336
182 10 -131944083 29276663 -90820376
77 127 58914904 -120723246 -158451647
95 5 36611541 -106263193 -27195923
113 195 63162566 -56503635 140131115
188 107 -28565833 109924887 -90490502
188 92 120213347 80252713 49816981
71 158 28824172 -10042433 -67952792
121 46 -116928293 -19539332 59445360
38 3 -68747424 -39034589 67192825
116 109 90698010 146094359 -55898772
35 171 -5943047 137405963 94785906
81 114 -2712448 9251950 -20862557
65 87 58032758 -36721382 -41499300
80 155 56622009 -182129354 170543149
157 49 134383768 -5952613 -57732475
150 146 68308970 10917795 60907393
92 86 -95070717 103919174 -39574660
4 40 46281390 -49087562 -29749027
102 106 -103942 -60640515 96914552
26 23 -173548796 -10822164 -8864180
184 27 -168019973 -106788359 -72191140
182 47 -4615423 -29234096 -60675373
102 105 25456827 -44971142 98257574
73 195 143767939 8378117 162147296
98 198 120443053 23242634 15048790
114 49 -17284908 -43987107 -68206820
67 114 72345470 170448738 -54778375
130 146 48096984 27937376 5177248
160 92 -24084092 -3780284 107025121
181 121 145371896 36356125 60710006
35 93 -121892476 124553167 81440150
27 148 103274953 60395262 -44975727
116 181 -47016652 90688254 -148206105
12 53 -151012113 45863832 49600205
63 110 -27271400 15971147 -5997925
52 44 47962305 -88232769 -3935781
131 109 -26652231 134485638 -56349683
78 86 -76388121 144888533 58921689
109 3 -116967492 -59498008 51000244
49 59 -7770884 -31095136 102691571
150 150 0 0 0
38 175 42276884 -25099138 -15618274
184 155 -110956463 -136413478 -8356628
146 49 86293460 92981258 -112671061
184 57 -153251847 24510169 -184833413
105 111 -134189997 114166508 -83290491
49 178 -114375894 -78100861 125472237
26 200 -110012872 40440056 89536071
65 117 155035737 -1750155 123947032
184 164 -121568207 -22482193 -149620890
144 123 146780312 54861766 -111288718
82 96 -154361537 -79076525 -104909446
9 112 -16670175 -10509527 -82457719
85 173 -121003633 107648803 114317563
181 65 -9097299 -23441701 34728772
88 152 15572447 -29655132 -152644499
65 89 40109882 -75672914 -26410344
74 83 86871119 -19914503 113760723
185 181 -17477076 132953095 -37037209
146 111 -34630383 116937982 -125635953
44 155 -29473261 -18256300 82406424
40 88 -75934337 34590080 17492336
185 155 17402309 4582299 119765783
88 79 78659194 -87405850 -29332753
62 26 110371670 65031206 -123704497
78 131 64267841 14739543 132585762
31 174 -87187999 107284075 71167805
125 180 -91904886 -117520100 -96076133
8 170 36961139 -61771347 159332819
84 24 77336405 -100551223 -110504696
160 124 -5786897 -33420908 120507308
53 137 13264512 21495948 -41017625
129 169 8274479 176210055 14007353
95 31 22320331 -98081666 25184380
