100
623444216 623444216 0
466770376 466770376 0
207869318 207869318 0
694751353 694751353 0
117142187 117142187 0
252544025 252544025 0
375677349 375677349 0
562890049 562890049 0
878892371 878892371 0
544740728 544740728 0
174601397 174601397 0
777231927 777231927 0
651027468 651027468 0
620501214 620501214 0
839951486 839951486 0
660682840 660682840 0
73895568 73895568 0
420048980 420048980 0
985650608 985650608 0
3204514 3204514 0
666468561 666468561 0
430023375 430023375 0
246157280 246157280 0
210860779 210860779 0
175810453 175810453 0
165663404 165663404 0
645828514 645828514 0
975085121 975085121 0
399064125 399064125 0
184600076 184600076 0
548517458 548517458 0
779602934 779602934 0
963816366 963816366 0
644120044 644120044 0
250643632 250643632 0
201861591 201861591 0
593070246 593070246 0
302417450 302417450 0
856284651 856284651 0
848652567 848652567 0
442625455 442625455 0
634101275 634101275 0
623272294 623272294 0
157547685 157547685 0
812802155 812802155 0
567079796 567079796 0
503835921 503835921 0
916129366 916129366 0
661264085 661264085 0
725609685 725609685 0
679141954 679141954 0
260205410 260205410 0
494220089 494220089 0
977960119 977960119 0
961042331 961042331 0
391355618 391355618 0
977811949 977811949 0
368642441 368642441 0
5905901 5905901 0
785582377 785582377 0
20501725 20501725 0
905904164 905904164 0
76066964 76066964 0
56964582 56964582 0
915907276 915907276 0
993860772 993860772 0
189584158 189584158 0
239530896 239530896 0
765265080 765265080 0
374079840 374079840 0
771451184 771451184 0
100970398 100970398 0
319602701 319602701 0
618618357 618618357 0
47232423 47232423 0
742069687 742069687 0
509923676 509923676 0
91485632 91485632 0
446044249 446044249 0
33997488 33997488 0
452696189 452696189 0
425704324 425704324 0
336780670 336780670 0
988351862 988351862 0
926224252 926224252 0
945332942 945332942 0
189080482 189080482 0
977703011 977703011 0
680406885 680406885 0
646717368 646717368 0
385049250 385049250 0
482303448 482303448 0
916542788 916542788 0
978607218 978607218 0
850834955 850834955 0
419345169 419345169 0
768041932 768041932 0
597721827 597721827 0
424853254 424853254 0
502139649 502139649 0
