191 191 50
172 187 81 131
141 144 1 125
41 189 90 92
87 149 15 83
169 171 176 187
123 124 143 168
25 26 169 173
0 65 106 149
22 40 15 165
115 119 35 90
36 72 189 190
55 60 72 115
144 145 134 136
131 140 144 146
87 93 18 21
150 156 37 86
66 95 169 172
32 37 26 29
159 183 147 188
44 49 177 186
2 18 185 187
102 114 72 74
18 28 73 86
172 177 122 145
174 179 118 119
190 191 164 172
186 189 105 125
72 111 189 190
159 160 76 77
162 163 64 127
17 18 24 107
174 177 27 28
107 112 59 60
44 87 162 164
157 186 0 21
68 143 146 147
77 92 112 165
1 86 65 69
99 111 10 13
182 183 137 138
2 106 36 41
157 158 71 81
99 106 174 182
12 73 181 184
186 187 10 89
147 155 130 185
190 191 102 108
79 81 41 46
150 182 165 170
2 5 55 110
