195 198 50
85 87 191 192
180 187 169 179
172 190 148 166
122 167 123 173
74 181 35 58
53 145 165 181
126 133 179 183
190 194 67 138
164 181 163 186
22 23 157 195
27 103 116 178
115 116 37 38
7 105 1 53
107 114 137 188
79 135 183 192
155 156 41 144
50 78 62 68
18 49 123 126
98 113 152 162
150 158 102 103
164 165 183 188
43 61 43 85
141 143 96 118
62 66 17 162
120 184 189 190
28 32 26 28
176 186 189 197
14 53 97 98
141 143 107 126
143 168 194 196
176 180 76 79
184 185 98 131
170 182 46 115
134 155 11 20
27 72 105 108
72 193 149 151
191 194 174 176
157 167 52 70
50 51 141 194
136 150 28 59
68 119 22 26
17 123 98 102
3 30 151 174
194 195 30 31
186 188 19 104
172 175 13 14
141 167 180 181
102 127 102 105
182 183 106 108
12 13 69 137
