194 198 50
44 117 30 76
9 55 195 196
67 79 20 71
45 48 159 170
171 172 114 139
14 22 50 54
130 140 98 166
191 192 113 155
88 177 143 148
42 123 170 171
138 143 31 32
163 169 95 120
11 28 24 53
106 125 156 160
100 103 154 171
100 105 106 155
4 191 173 174
111 189 167 191
105 142 84 103
24 43 30 92
114 147 83 93
105 177 16 17
193 194 63 96
74 84 125 137
54 55 8 17
28 86 76 132
52 53 49 56
161 180 110 152
184 185 196 197
108 109 102 144
161 178 1 14
36 98 10 11
71 157 156 162
81 82 48 51
91 93 57 143
16 41 110 192
154 157 50 158
1 3 32 87
134 150 170 171
70 116 183 188
95 103 41 91
66 83 80 86
183 184 116 166
5 33 10 16
190 191 33 126
184 185 104 165
187 191 57 79
178 187 86 115
123 185 14 48
118 119 175 185
