645 61 339
295 4456
28 6084
61 1567
139 2880
41 715
3 3358
10 8373
6 8650
7 117
1 5819
3 3110
1 5571
1 872
2 2748
1 1902
1 1102
1 2004
1 1650
1 279
1 5977
1 2781
1 8004
1 190
1 4777
1 9479
1 757
1 3471
1 3171
1 6319
1 6493
1 3607
1 8898
1 4801
1 9076
1 9947
1 6587
1 1464
1 451
1 3566
1 6731
1 76
1 5940
1 9995
1 2363
1 4305
1 7930
1 6308
1 1153
1 620
1 8627
1 2946
1 6470
1 279
1 5178
1 8792
1 489
1 6957
1 8968
1 1697
1 4547
1 1389
1 236
1 27
1 212
1 22
2 338
2 122
1 74
2 35
2 68
2 5
1 582
2 155
2 235
2 186
2 6
1 23
1 534
2 90
2 334
2 79
2 4
1 249
2 3
1 276
2 397
2 112
2 38
1 347
1 120
2 299
2 112
1 534
2 467
2 117
2 22
1 119
2 19
2 26
1 503
2 164
1 41
2 228
1 322
2 193
2 44
1 269
1 16
2 445
2 95
1 30
2 51
1 6
2 38
2 5
1 503
1 109
1 12
1 3
2 221
2 411
2 2
2 2
1 11
1 463
1 125
1 4
2 387
2 206
1 362
2 248
1 437
1 3
2 302
2 159
2 53
2 42
2 6
2 3
1 222
2 175
2 37
1 154
1 472
2 603
2 32
2 1
1 412
2 372
1 593
2 567
1 108
1 122
1 318
1 15
2 227
2 318
2 70
2 14
1 253
1 76
2 191
2 70
1 213
2 153
2 73
2 40
2 3
2 1
2 9
1 252
2 91
2 22
2 19
2 55
1 114
2 25
1 470
2 165
1 73
2 37
2 127
2 326
2 43
1 78
1 57
1 290
1 103
1 13
1 93
2 528
2 34
2 71
1 268
2 59
2 28
1 339
2 53
1 115
2 401
2 44
1 298
1 27
1 93
2 323
1 403
2 217
1 24
2 167
2 120
2 44
2 48
2 51
1 17
1 166
2 6
2 51
1 12
2 52
2 45
2 24
1 172
1 94
1 162
1 32
1 27
1 7
2 67
2 368
2 73
1 216
1 256
2 196
2 218
1 559
2 325
2 158
2 134
2 9
1 234
2 150
1 161
2 160
2 77
1 192
2 13
2 190
1 142
1 488
2 76
1 43
1 1
2 34
2 508
1 237
2 13
1 278
2 58
2 63
1 181
1 19
2 186
2 225
1 327
2 358
1 121
1 141
2 284
2 53
2 3
1 348
1 154
1 8
1 6
2 479
2 60
1 98
1 417
2 201
2 2
2 327
2 45
1 484
1 41
2 86
1 160
2 362
1 293
2 529
2 10
2 28
1 553
1 85
1 2
1 2
2 521
2 59
1 31
2 8
2 85
1 464
1 87
1 88
1 1
1 2
2 129
1 29
2 19
1 42
2 240
2 274
1 183
2 160
1 380
1 167
1 5
1 12
2 298
1 177
2 367
1 130
1 205
2 288
1 45
1 390
1 4
1 4
2 168
2 323
2 107
1 222
1 372
1 5
1 1
2 333
1 170
2 469
2 3
1 8
1 612
1 15
2 580
2 18
1 339
2 219
1 344
1 110
2 98
1 16
1 64
2 479
1 503
1 8
2 167
1 79
2 148
1 139
2 325
2 118
1 501
2 41
1 80
2 403
2 151
1 531
1 3
2 271
2 196
2 116
2 31
1 384
1 26
1 184
1 9
2 102
1 28
2 499
1 611
2 573
2 37
2 30
1 285
1 258
2 313
2 82
2 8
2 43
2 81
2 7
1 478
2 353
1 488
1 9
2 245
2 20
1 118
2 259
2 15
1 369
1 65
