837 112 806
324 6259
99 2772
12 5212
239 4349
47 2983
4 5409
7 116
1 6097
1 1150
1 4524
1 311
1 9086
1 2000
1 9396
1 4343
1 741
1 9434
1 2950
1 6180
1 7398
1 1578
1 4144
1 635
1 2401
1 7408
1 6342
1 3058
1 8043
1 6780
1 530
1 2412
1 613
1 842
1 2035
1 645
1 4855
1 8652
1 2491
1 2622
1 6425
1 3145
1 3976
1 9626
1 2276
1 5045
1 3201
1 205
1 5796
1 2728
1 1486
1 1651
1 4757
1 8652
1 2544
1 4934
1 547
1 4707
1 4415
1 2046
1 9503
1 7851
1 7688
1 6796
1 1491
1 2348
1 764
1 428
1 5853
1 2858
1 3089
1 79
1 9866
1 9442
1 6798
1 2222
1 1020
1 5351
1 9134
1 604
1 4897
1 9775
1 4826
1 9457
1 4666
1 4891
1 9742
1 3089
1 5907
1 1919
1 4336
1 6682
1 7025
1 7549
1 5961
1 4980
1 6699
1 3706
1 834
1 5477
1 3304
1 7315
1 2604
1 8633
1 1802
1 8297
1 3702
1 4793
1 3611
1 247
1 6478
1 9154
1 9524
1 21
2 17
1 715
1 38
1 74
2 474
1 404
2 249
2 109
2 272
2 47
2 71
1 690
1 104
2 441
2 340
2 6
1 699
2 50
1 101
1 27
1 26
1 3
2 438
1 424
2 211
2 442
1 10
2 38
2 8
2 118
2 3
2 1
2 1
1 493
1 172
2 295
2 354
2 4
2 8
2 3
1 296
2 266
1 347
2 197
2 10
2 147
1 596
2 189
2 45
2 129
1 13
2 62
2 126
2 71
2 7
2 2
1 314
2 238
2 60
2 15
1 11
2 14
1 497
1 241
1 55
1 20
2 53
1 26
1 21
1 8
1 10
2 296
2 381
2 13
2 43
2 32
2 1
2 37
1 55
1 236
1 149
2 406
1 497
2 300
1 138
1 175
1 155
1 65
1 16
1 2
1 25
1 4
2 699
2 27
2 92
2 6
1 822
2 432
2 169
2 212
1 163
1 452
2 269
2 314
2 10
1 625
2 353
2 262
2 8
1 562
2 588
1 238
1 346
1 83
1 86
1 9
2 411
2 108
2 253
1 36
2 15
1 347
2 88
1 213
1 28
2 162
1 13
2 13
2 260
1 266
1 350
1 109
1 5
1 1
2 195
2 329
1 297
2 116
1 293
1 24
2 658
1 244
1 287
2 181
2 274
2 37
1 619
2 633
1 548
2 380
2 254
1 635
1 52
1 35
1 2
2 270
2 429
1 125
1 88
2 88
1 542
1 12
1 23
2 635
1 622
1 6
1 11
2 36
2 114
1 97
1 43
2 90
2 34
2 514
1 2
2 72
1 267
1 357
1 98
2 198
1 85
1 122
1 1
2 622
1 386
2 444
1 83
2 88
2 1
1 605
2 213
2 239
1 379
2 204
1 275
2 475
1 79
1 472
2 427
1 145
1 101
2 80
1 116
1 81
1 15
2 22
1 32
1 25
1 1
1 12
1 6
2 635
2 187
1 598
2 385
1 22
2 99
2 114
1 404
1 36
1 115
1 45
1 31
2 160
1 213
1 99
2 9
1 8
2 69
1 83
2 253
2 331
2 143
1 251
2 13
1 419
2 328
1 363
1 2
2 42
1 73
2 614
1 506
1 84
2 329
2 168
2 300
1 556
1 210
2 370
2 293
2 4
2 54
2 22
1 166
2 92
1 634
2 711
1 728
2 203
2 537
2 9
2 1
2 5
1 165
2 18
2 139
2 4
2 1
2 3
1 299
2 295
2 2
2 1
2 1
1 266
2 24
1 540
2 76
1 5
2 529
1 317
2 481
2 9
1 697
2 432
2 42
1 387
1 84
2 170
1 259
1 8
2 228
1 68
2 586
1 226
2 34
2 129
1 137
2 43
2 28
2 10
1 547
1 7
2 365
1 78
2 84
1 96
1 97
1 72
2 180
2 187
2 162
1 416
2 447
2 58
1 324
2 126
2 126
2 65
2 9
1 741
1 18
2 682
1 387
2 212
1 125
2 76
2 212
1 408
1 198
1 103
1 11
1 21
2 329
2 481
1 96
2 69
1 471
1 20
2 103
2 226
1 575
2 345
1 168
2 388
2 174
1 421
2 197
1 272
2 138
2 298
1 46
1 384
2 491
2 16
1 261
2 150
1 192
1 155
1 138
1 98
1 58
1 10
2 207
1 166
2 472
2 11
1 95
2 283
1 41
2 75
2 33
1 718
2 292
2 272
2 92
2 35
2 8
2 23
2 7
2 1
1 836
2 283
1 80
2 405
1 88
2 182
1 84
2 172
2 28
2 12
1 770
2 7
1 53
1 1
1 13
2 347
2 48
2 275
1 410
1 43
2 76
1 235
1 5
2 688
2 69
2 9
2 14
1 394
1 66
1 225
1 97
2 469
1 171
1 174
2 315
2 30
1 112
2 329
2 56
1 374
2 408
1 195
2 58
1 46
2 83
2 13
1 302
2 374
2 3
1 94
2 89
2 19
2 1
1 293
2 205
2 81
1 356
2 86
1 503
2 573
2 112
1 452
1 43
2 388
2 74
2 11
1 669
2 636
2 112
2 28
2 15
1 663
2 145
2 101
1 138
2 69
2 13
2 140
2 250
1 585
2 47
2 40
2 130
2 82
1 152
1 205
2 201
2 343
1 27
1 229
2 379
1 110
1 483
2 615
2 31
1 588
1 121
1 32
1 80
1 7
1 1
2 263
1 52
2 410
1 528
1 19
1 20
2 629
1 95
2 118
2 76
2 9
1 64
1 447
2 165
1 135
1 120
2 74
2 370
1 374
1 142
1 40
2 262
1 69
1 237
1 8
2 767
1 221
1 220
2 160
2 316
2 3
1 481
2 368
2 58
1 610
1 21
2 483
2 77
1 121
2 3
2 179
2 50
1 369
2 136
1 447
2 290
2 46
2 270
2 94
1 185
2 76
1 42
1 510
2 543
2 48
2 21
1 315
1 457
2 653
1 283
2 146
1 512
1 19
2 97
2 1
1 20
2 178
1 127
2 566
2 66
2 33
2 32
1 670
2 568
2 90
1 356
1 338
2 363
2 54
2 106
2 26
2 122
2 33
2 4
1 747
2 150
1 216
1 10
2 450
2 319
2 10
2 3
1 435
2 85
1 395
2 377
1 117
2 138
2 101
2 80
1 435
2 214
2 239
1 21
1 242
2 297
2 79
2 49
2 1
2 4
2 5
2 11
2 13
2 1
1 545
2 160
2 180
2 187
1 485
1 211
2 227
2 48
2 327
2 72
1 230
1 210
2 100
2 142
1 259
1 333
2 817
1 396
1 315
2 703
1 171
1 410
2 581
2 17
1 800
2 383
1 242
1 54
1 98
1 18
1 1
1 2
2 328
1 17
2 476
1 161
2 182
1 501
1 98
1 142
2 712
1 454
1 324
2 538
1 203
2 218
2 255
2 4
2 4
1 770
2 343
1 171
1 219
2 268
1 233
2 749
1 589
1 175
2 732
2 32
2 29
2 6
1 361
1 325
1 66
2 173
2 281
1 58
1 154
1 285
2 134
1 140
1 5
1 11
1 2
2 598
2 120
1 679
1 5
2 302
2 136
2 305
1 354
1 207
1 22
1 7
1 95
1 14
1 49
2 115
1 103
1 18
2 108
1 70
2 147
2 301
2 1
1 406
2 578
2 13
1 22
1 40
1 100
2 231
1 298
2 293
1 546
2 269
1 367
1 85
1 16
1 10
2 673
1 599
2 543
2 71
2 133
2 3
2 8
1 362
1 293
2 26
1 137
2 115
1 160
2 15
2 598
1 452
1 123
1 11
2 686
1 384
2 117
1 278
2 452
2 128
2 46
2 3
2 10
2 2
2 2
1 105
2 10
1 170
2 162
1 85
2 106
1 182
1 340
1 142
2 32
1 68
1 47
1 3
2 264
2 392
2 96
1 416
2 483
2 8
1 687
2 186
1 77
1 160
2 225
1 64
1 123
2 622
2 18
2 53
1 162
1 319
2 258
2 122
2 1
2 16
2 60
2 30
1 123
2 60
1 528
2 185
2 363
2 44
2 3
1 541
2 422
2 18
1 627
1 66
2 282
2 96
2 309
2 49
1 490
2 238
2 268
2 38
2 4
2 2
1 383
1 230
2 568
2 36
2 6
2 2
1 201
1 635
