482 369 682
34 739
16 7947
34 8290
9 4277
22 5537
2 7643
2 6009
2 2312
1 8047
1 1883
1 4976
1 6093
1 6820
1 3699
1 1802
1 2060
1 4000
1 5525
1 7302
1 4060
1 7701
1 3585
1 8256
1 1182
1 5674
1 3027
1 977
1 3621
1 3485
1 7808
1 248
1 2763
1 4215
1 5100
1 4105
1 2128
1 4664
1 4847
1 9317
1 8919
1 2003
1 4443
1 311
1 3116
1 6504
1 7
1 990
1 8626
1 1724
1 342
1 5573
1 5762
1 5714
1 438
1 464
1 5257
1 5121
1 8655
1 8122
1 9156
1 5417
1 1035
1 7145
1 9469
1 3748
1 8801
1 8781
1 3950
1 9746
1 6012
1 2650
1 3060
1 1451
1 429
1 3386
1 2538
1 9909
1 1073
1 9375
1 7437
1 1752
1 2752
1 674
1 2419
1 6643
1 4598
1 4045
1 5844
1 8463
1 4961
1 3250
1 2494
1 3786
1 4605
1 2753
1 2718
1 1864
1 7564
1 5659
1 7262
1 2983
1 6158
1 7276
1 6149
1 9384
1 1447
1 2447
1 5279
1 1332
1 4350
1 5361
1 5240
1 1068
1 6877
1 3709
1 246
1 9876
1 870
1 624
1 5825
1 1405
1 6802
1 508
1 6565
1 7362
1 4612
1 6214
1 9304
1 8921
1 6358
1 7795
1 1224
1 166
1 1353
1 5765
1 6147
1 7277
1 6327
1 7505
1 1308
1 4182
1 4173
1 9782
1 4595
1 3502
1 897
1 2203
1 6028
1 5208
1 5024
1 465
1 1995
1 7438
1 8312
1 3954
1 3802
1 8810
1 4019
1 4546
1 3271
1 5574
1 6023
1 6617
1 1421
1 3505
1 9055
1 9775
1 4258
1 3529
1 5132
1 5118
1 4768
1 5495
1 6855
1 5558
1 3678
1 343
1 625
1 7648
1 1018
1 7353
1 9031
1 1191
1 5150
1 1445
1 1696
1 4714
1 1220
1 7179
1 7511
1 6841
1 4156
1 3448
1 1955
1 8722
1 5718
1 5492
1 8961
1 6355
1 4962
1 3917
1 9105
1 9928
1 1736
1 770
1 4385
1 7310
1 2874
1 8693
1 9854
1 2323
1 5202
1 8605
1 7061
1 5375
1 5103
1 7995
1 8340
1 4629
1 4938
1 310
1 9874
1 6918
1 6908
1 9707
1 5975
1 3987
1 1494
1 1815
1 2789
1 5427
1 9884
1 1664
1 3497
1 5795
1 121
1 6896
1 8780
1 3314
1 2867
1 4028
1 2176
1 7322
1 3718
1 7732
1 5308
1 6976
1 7596
1 179
1 4960
1 4372
1 4035
1 8669
1 1788
1 823
1 3445
1 2366
1 7460
1 9911
1 5054
1 442
1 2218
1 4888
1 2527
1 2917
1 6676
1 4608
1 9220
1 1128
1 9256
1 4097
1 8339
1 2227
1 1158
1 1455
1 3199
1 380
1 4915
1 7092
1 9741
1 2919
1 501
1 1242
1 1281
1 6516
1 2427
1 1618
1 1631
1 3814
1 5653
1 5056
1 17
1 5498
1 6793
1 3515
1 7134
1 1423
1 2168
1 893
1 5126
1 1394
1 4347
1 6456
1 5199
1 5561
1 5013
1 4543
1 812
1 3320
1 615
1 7135
1 3411
1 8723
1 1144
1 5376
1 9323
1 5556
1 7827
1 1687
1 1376
1 3037
1 3469
1 1620
1 537
1 565
1 6742
1 4486
1 7018
1 8738
1 2739
1 2553
1 6899
1 1934
1 4170
1 4672
1 4529
1 2274
1 7441
1 2554
1 6207
1 5239
1 201
1 930
1 9803
1 5197
1 3586
1 7682
1 8286
1 6575
1 4850
1 1991
1 6388
1 6828
1 8840
1 5208
1 4356
1 5046
1 6070
1 7217
1 8880
1 149
1 6235
1 4234
1 9339
1 8437
1 6338
1 8819
1 7826
1 8907
1 368
2 330
1 290
2 11
1 132
1 19
1 1
2 53
2 70
2 192
1 212
1 40
1 64
1 3
1 2
1 3
2 263
1 206
1 1
2 353
1 404
1 5
2 469
1 161
1 218
1 45
1 45
2 113
2 80
2 174
1 216
1 122
1 11
2 439
1 66
1 16
1 128
1 10
2 157
1 110
1 184
2 296
2 15
1 143
2 144
1 76
2 23
1 99
1 88
2 166
2 11
1 137
1 6
1 190
2 293
2 110
2 45
2 5
1 239
1 133
1 74
2 266
2 64
2 61
1 257
1 159
2 88
2 248
2 120
2 24
1 26
2 20
2 1
2 2
2 1
1 200
2 197
2 2
2 3
1 117
2 12
2 41
2 18
2 24
2 12
2 2
2 7
1 133
2 80
1 306
1 32
2 109
2 112
2 57
1 366
2 9
1 5
1 4
1 1
2 174
1 30
1 12
1 57
1 36
2 280
2 136
2 26
1 252
2 123
1 173
2 232
2 6
2 48
2 4
1 238
2 250
1 398
2 388
2 6
1 312
1 110
1 55
2 257
2 28
2 69
2 114
2 4
2 1
2 2
1 226
1 117
2 109
2 37
1 164
1 37
2 278
1 5
2 8
1 14
2 50
1 208
2 88
2 183
2 2
1 413
2 346
1 92
1 71
2 126
1 39
1 256
2 180
1 230
1 4
2 155
1 22
2 114
1 151
2 201
2 68
2 98
2 4
2 8
1 269
2 195
1 204
1 165
2 43
1 81
2 383
2 29
2 65
1 450
2 275
2 168
1 453
1 4
1 10
1 1
2 299
1 50
1 136
2 210
2 23
2 127
1 58
1 312
1 54
1 17
1 29
1 2
2 112
1 73
1 38
2 100
2 135
1 114
2 281
2 23
1 275
2 73
1 73
2 222
2 96
2 2
2 3
2 1
1 125
1 34
2 86
1 11
1 369
1 13
2 216
1 154
1 56
1 11
2 287
2 47
1 339
1 2
2 220
2 88
1 201
2 258
1 348
2 387
1 39
2 30
1 232
1 64
1 29
2 228
1 62
2 167
1 247
2 177
1 29
1 149
2 7
2 149
1 108
1 120
2 56
2 276
2 51
1 191
2 15
2 180
1 282
1 121
1 55
1 6
2 382
2 90
2 2
2 1
1 209
2 205
2 1
1 424
1 5
1 19
2 37
2 249
2 153
1 353
1 105
1 2
1 2
1 1
1 5
1 1
2 470
1 73
1 72
2 31
2 89
1 256
1 171
1 9
1 7
2 138
1 43
2 205
2 28
1 257
2 295
2 60
1 170
1 114
2 230
2 76
2 27
2 4
1 361
1 6
2 348
1 149
1 277
1 34
1 2
2 315
2 118
1 284
1 56
1 36
1 4
1 7
1 1
2 45
2 257
1 264
2 396
1 456
1 4
1 10
1 9
2 68
2 110
2 105
1 218
1 39
1 10
1 11
1 2
2 32
2 371
2 62
2 9
1 464
2 375
1 145
1 228
1 12
1 3
2 144
2 146
1 142
2 208
1 165
2 73
1 5
2 212
2 1
2 5
1 73
2 8
2 1
1 300
1 63
2 374
2 56
2 1
1 220
2 203
1 107
1 183
1 91
1 52
1 8
2 160
1 90
1 19
1 59
2 459
1 462
1 2
1 10
2 268
2 154
1 201
2 249
2 7
1 191
2 175
2 13
1 254
2 72
2 55
1 290
2 139
1 112
2 341
2 28
1 423
1 7
1 8
2 278
1 165
2 314
1 48
2 53
2 25
2 8
2 1
1 89
2 54
2 32
1 341
1 43
2 283
2 74
2 9
2 6
1 295
1 126
1 17
2 247
1 170
2 3
1 93
2 255
2 40
2 3
1 240
1 25
1 27
2 193
2 119
2 141
2 5
2 2
1 257
2 222
1 313
1 128
2 225
2 14
1 159
2 330
2 13
2 39
1 339
2 258
1 235
1 74
1 7
2 193
2 97
1 279
1 81
2 144
1 22
1 60
1 22
1 13
2 345
2 60
2 17
2 14
1 69
1 208
2 118
1 116
1 123
1 25
1 21
1 11
2 294
1 246
2 425
1 268
2 107
1 127
1 71
2 178
1 271
2 153
2 205
2 56
2 4
1 137
1 11
1 85
1 16
1 184
1 9
1 3
2 7
2 32
2 359
1 14
1 5
2 85
1 394
1 52
2 398
1 415
2 342
1 198
1 117
1 26
1 3
2 355
2 90
1 109
1 1
2 42
1 132
2 158
2 56
2 18
2 1
1 245
2 217
2 1
1 25
2 40
2 5
2 1
1 264
2 12
2 252
2 7
1 319
1 56
2 229
1 130
1 148
1 37
1 1
2 149
2 267
2 9
2 22
1 207
2 73
2 72
2 15
2 9
2 16
1 396
1 35
2 142
2 102
1 7
1 80
1 132
1 28
1 4
2 442
1 177
2 129
1 111
2 175
2 12
1 368
2 333
2 25
1 36
2 15
2 24
2 5
1 322
2 138
2 183
1 438
2 138
1 138
2 317
1 24
1 26
2 172
1 82
2 17
1 244
2 45
2 37
1 220
2 322
1 187
1 86
2 129
1 70
2 52
1 160
2 98
2 38
2 287
2 4
2 4
2 24
1 111
1 161
1 6
1 128
2 16
1 54
2 37
1 37
2 21
1 2
1 8
2 121
2 85
2 57
1 296
1 7
1 7
2 300
2 177
2 3
1 357
2 218
2 126
1 8
2 18
2 2
1 90
1 22
1 51
1 234
2 120
2 241
1 85
1 63
2 134
1 315
2 126
1 171
2 109
1 78
1 26
2 119
1 86
1 102
1 3
1 2
1 1
2 223
1 200
1 12
2 43
2 47
1 22
1 60
1 1
2 91
2 118
2 159
2 45
2 40
2 9
1 395
1 15
1 59
1 11
2 222
2 153
1 215
2 82
1 185
2 297
2 67
1 294
2 186
1 206
1 80
2 366
2 59
1 379
2 226
1 50
1 166
2 257
1 49
1 169
2 224
1 118
2 60
1 191
1 71
2 219
2 6
2 13
1 220
1 27
2 119
2 266
2 40
1 443
