288 9 880
251 7931
18 4384
5 9815
5 3645
4 3142
1 8980
2 6120
1 224
1 3994
1 66
2 33
2 29
1 76
2 80
1 249
2 183
2 40
2 19
1 70
1 152
1 33
2 160
2 19
1 113
1 75
2 176
2 33
2 28
2 34
1 45
1 242
2 34
2 251
2 1
2 1
1 79
2 66
2 12
2 1
1 71
1 99
2 84
2 30
2 52
1 6
1 276
1 1
2 207
1 157
1 48
1 1
2 96
1 45
1 47
1 5
2 270
2 3
2 3
1 210
2 69
1 24
1 4
1 79
2 251
1 152
2 49
1 107
1 43
1 25
2 56
1 38
2 251
1 59
2 16
1 132
2 114
1 3
2 13
1 26
2 6
2 45
1 59
2 96
2 3
1 226
1 8
2 225
2 7
2 4
2 1
1 199
2 46
2 145
1 224
2 102
1 45
2 154
1 249
1 13
1 3
2 273
1 144
1 123
2 151
2 79
2 16
1 38
1 117
2 148
2 32
1 74
2 16
2 48
2 3
1 190
2 36
2 63
2 98
1 152
2 151
2 4
2 6
1 234
1 3
1 24
1 12
2 216
2 10
2 36
2 6
1 276
2 1
1 3
2 126
1 100
1 4
1 14
2 10
2 100
1 101
1 16
1 5
2 95
2 132
1 157
2 70
2 48
1 139
2 198
1 190
2 32
2 126
2 34
2 38
1 280
2 32
2 148
1 83
1 90
1 2
1 4
1 8
2 24
2 227
2 31
2 2
2 1
2 2
1 101
2 73
1 163
1 32
2 125
2 68
1 98
2 70
1 2
1 39
2 63
1 146
2 28
1 78
1 7
2 114
1 131
1 17
1 9
1 5
2 190
2 17
2 39
2 4
1 72
1 135
1 41
1 2
2 247
2 32
2 7
1 185
1 99
1 1
2 140
2 91
1 1
2 54
2 1
1 162
1 56
1 2
1 36
1 16
2 259
2 14
1 251
1 2
1 28
2 99
2 13
2 32
2 63
2 56
1 237
1 2
2 127
1 3
1 38
2 42
1 11
1 46
1 32
1 42
1 6
1 5
1 10
2 34
1 22
1 2
1 13
2 78
2 109
1 105
1 24
1 11
1 50
2 205
1 152
1 29
1 6
2 231
1 151
1 46
1 25
1 22
2 209
2 6
2 4
2 27
1 102
1 20
2 85
2 10
2 47
2 2
1 61
2 66
1 144
1 22
1 111
2 145
2 106
2 9
1 31
1 20
2 52
1 40
1 27
2 88
1 16
1 253
2 86
2 148
1 41
1 171
2 124
2 22
2 31
1 111
2 138
2 16
2 1
2 5
1 28
1 121
2 41
2 128
2 1
2 3
1 139
2 26
2 11
1 34
2 111
1 207
2 143
1 192
2 240
2 26
1 169
1 78
2 123
2 121
1 251
2 123
2 85
2 24
1 136
2 169
2 3
2 1
1 254
1 21
1 11
2 48
2 188
1 228
1 5
2 60
1 10
2 207
1 83
1 91
1 77
2 147
2 70
1 198
1 18
2 265
1 217
1 15
2 99
2 64
1 110
1 94
2 51
2 178
1 24
2 80
1 52
2 9
1 146
1 65
1 19
1 13
1 1
2 163
2 114
1 116
1 18
2 84
1 107
1 40
2 189
1 36
2 33
1 124
2 119
1 156
2 128
1 89
1 49
1 59
1 25
2 124
1 79
1 1
2 122
1 171
1 4
2 77
1 33
2 221
2 9
2 9
1 173
1 54
2 52
1 18
1 89
1 1
2 220
2 17
2 2
2 6
2 14
2 17
2 5
2 3
2 1
1 233
1 50
1 4
2 126
1 63
1 48
2 182
2 61
2 8
1 241
1 23
1 2
2 137
1 133
2 57
2 71
1 45
2 156
2 15
2 12
1 159
2 168
2 3
2 4
1 166
2 138
2 6
2 16
1 274
2 183
2 11
2 62
1 53
2 71
2 4
1 108
1 49
1 121
1 1
2 201
1 111
2 175
1 257
1 5
2 271
2 3
2 5
1 56
1 96
2 77
1 95
1 112
1 3
2 77
1 29
2 67
2 77
2 25
2 23
1 173
2 60
1 34
1 65
1 21
1 9
2 125
2 56
2 27
2 36
1 220
2 231
2 8
2 5
1 261
1 3
1 1
2 213
2 6
2 41
1 205
1 3
2 224
1 74
2 67
2 5
2 8
2 2
1 80
2 12
1 122
1 22
2 116
2 5
2 64
2 11
2 11
1 41
1 89
1 42
2 170
2 5
1 197
1 13
2 196
1 270
1 1
2 36
1 6
1 6
2 39
1 50
2 212
2 35
2 9
1 48
1 9
1 154
2 130
1 170
2 155
1 172
2 145
1 29
1 72
2 68
1 93
2 199
1 154
1 5
1 59
1 1
2 246
2 3
1 244
1 1
2 217
1 58
2 50
1 162
2 78
1 125
2 249
2 24
2 5
1 36
2 28
1 145
2 3
1 61
1 31
2 2
2 70
2 24
2 10
1 123
1 8
1 5
1 7
1 2
1 1
2 19
2 49
1 24
1 11
1 24
1 6
1 2
1 1
2 130
1 41
1 45
1 7
2 231
2 15
1 85
2 81
2 2
1 58
2 55
2 4
1 8
2 5
1 4
1 240
1 17
1 8
2 28
2 212
2 17
2 11
2 7
1 42
1 214
2 156
1 50
1 127
1 1
2 277
1 7
2 6
2 4
1 180
1 27
1 53
1 14
1 4
1 3
1 5
2 262
2 23
1 243
2 151
2 46
2 25
2 12
2 5
1 261
1 4
1 13
1 2
2 88
1 76
1 3
2 101
1 23
1 31
1 56
2 149
2 27
2 50
2 24
2 18
2 6
2 9
2 1
2 1
1 133
1 100
1 33
2 229
2 3
1 115
1 69
1 64
2 265
2 16
1 12
1 270
2 69
1 39
2 55
2 51
2 22
2 56
2 38
2 21
1 18
2 5
1 139
1 35
2 166
2 8
1 111
2 69
2 18
1 14
2 60
1 272
1 8
1 2
2 125
1 31
1 83
2 152
1 129
1 22
2 1
2 89
2 173
2 8
1 35
1 87
1 62
2 93
2 64
2 4
2 8
1 42
1 190
2 102
2 82
2 1
1 157
1 9
2 155
2 66
1 59
2 23
1 69
1 155
2 225
1 225
1 3
1 16
2 17
1 14
1 4
2 180
1 141
2 103
1 107
2 123
2 29
2 59
2 9
1 71
2 10
1 193
1 1
2 152
1 40
2 115
1 79
1 59
2 124
2 17
1 77
2 94
2 9
1 73
2 65
2 17
2 11
2 2
2 7
1 250
2 247
1 42
1 194
2 137
2 61
2 3
1 112
1 15
1 107
1 1
1 8
1 1
2 81
2 199
1 132
2 24
1 2
1 166
2 122
1 58
1 50
1 6
2 76
2 43
1 3
1 101
1 22
1 1
1 2
1 5
2 179
1 175
2 35
2 149
1 34
2 5
2 13
1 58
1 44
1 46
2 234
1 6
2 30
2 5
1 115
2 107
2 5
1 258
1 24
1 2
2 97
1 48
2 199
2 12
1 40
2 26
1 73
2 90
2 3
1 169
2 21
2 164
2 1
1 14
1 126
2 107
1 32
2 22
2 33
2 1
2 12
2 1
1 80
2 50
1 170
2 90
1 140
2 168
1 18
1 35
2 74
1 188
1 38
2 230
2 43
2 7
2 6
1 137
2 127
2 3
2 3
1 209
2 123
1 19
1 60
2 55
1 118
2 122
1 14
2 106
1 5
1 79
2 53
1 100
2 84
1 206
1 9
1 5
1 1
2 81
1 59
1 2
2 172
1 87
1 64
1 28
2 175
1 132
1 30
2 107
1 92
2 209
1 84
1 156
1 6
2 251
1 227
2 127
2 93
2 38
1 39
2 25
1 261
2 226
1 96
1 10
2 1
1 69
2 66
1 79
2 103
2 127
2 6
1 72
1 202
2 13
2 238
1 56
1 135
2 10
1 42
1 2
2 201
1 240
