100 4950 100
22 30 337272654
15 87 123561645
63 85 257428499
7 28 310314113
79 92 346170265
69 97 755257185
38 90 727761191
54 98 903350607
43 96 442165714
54 55 858024967
9 28 884015644
15 64 784439704
43 76 439399411
9 34 542647176
35 39 876238136
3 83 292860516
27 29 902790344
83 98 458104614
30 62 103582583
24 27 276264834
6 86 45064645
4 43 21145403
15 70 532709221
11 90 188661529
28 81 90254385
16 93 332203446
20 28 657471951
49 89 344614589
9 26 603774327
13 65 210541089
54 60 39548737
39 72 293172721
44 85 220832900
13 20 816769321
54 84 228554962
10 55 119510738
2 97 357669916
17 47 46831924
17 61 703081889
47 88 160249833
55 84 138409583
20 59 135319154
40 77 577503009
32 56 96076055
48 94 296776658
4 50 174167410
45 62 473512757
68 73 159024069
2 69 175449267
20 54 742591500
34 79 664724065
89 95 537055587
65 68 589761949
67 83 168774843
15 60 424729770
21 77 777732999
6 34 985185506
6 16 998298425
45 61 351096648
9 75 55248036
5 10 13137631
43 79 38083522
73 79 863248757
59 69 478433889
1 79 281672947
25 92 441012979
24 72 739028686
65 70 434748789
18 95 216794796
11 77 981002232
35 100 381375458
28 58 850118053
50 71 329383905
45 79 872383634
3 55 209713853
20 42 837077594
71 73 585731650
23 95 407362874
78 81 218558675
61 66 174961106
6 33 242145151
18 30 445009061
37 52 181324913
3 28 147356167
3 6 597099363
74 92 219375376
30 39 952867371
21 85 314442236
32 48 719030504
52 89 724540026
2 61 403531504
11 57 283814773
12 22 176093318
92 98 60354323
21 71 295139005
7 71 700038574
4 8 546590304
71 75 735618162
47 74 267755908
50 65 454852084
21 34 825766456
80 92 275567933
69 85 186718062
34 57 641291001
28 49 657492086
26 64 461078624
26 35 969150565
6 100 11488184
10 89 449304425
17 28 924019954
12 31 820356234
58 92 763932868
12 42 300498831
25 75 489740584
10 17 761491180
19 57 61307534
23 90 926286616
25 79 971176337
14 81 801900209
17 66 310400603
63 80 616431044
6 28 838790840
51 57 134834021
38 61 296938729
45 58 237162215
58 60 621253033
23 70 564112778
56 74 782953018
17 36 537649743
5 26 802347003
45 48 691625494
36 63 139826563
39 61 366532830
28 97 752360042
51 77 583762675
19 49 155306770
24 40 398536915
30 32 522200308
59 86 579732127
22 79 218791085
85 89 928403495
42 64 954394936
22 36 182504322
35 41 395004868
74 81 404713469
39 74 767372788
27 36 158742677
65 77 344575686
6 20 849549543
58 69 700235029
34 82 159647233
81 90 847075231
84 96 161568155
32 38 451089094
7 14 114966440
29 75 609451249
34 92 471845164
34 38 133887320
19 26 998481418
34 59 306614773
54 80 228465218
5 62 509810908
52 79 391309110
37 58 422278066
72 87 674036879
28 73 177910009
89 93 5242849
15 48 404564749
40 84 847827456
5 80 293538074
43 83 224985110
83 90 966755092
16 18 95812992
56 78 339568579
8 16 567328173
18 74 54936418
47 83 776787745
27 43 22438756
16 23 620492280
31 94 795992161
65 92 904958023
17 85 29436679
62 81 62779751
19 48 468659442
51 83 370379769
40 94 356645185
49 55 556509883
76 78 157649573
77 82 606506622
2 47 705114267
38 99 555102710
5 15 199966213
25 64 592087257
31 92 163896616
22 35 679582105
38 66 106854924
46 100 966148657
57 82 726251284
37 84 281907875
19 37 784743350
28 66 760269840
14 70 508726205
31 73 915587023
24 67 608513482
50 79 454023558
48 56 921002158
8 99 646879368
73 77 518559110
37 98 968399688
14 22 804008554
79 84 420896297
2 33 504723278
3 73 124019849
74 79 748393989
74 100 587396948
49 77 780356663
24 96 650203330
16 98 322871889
32 75 475146851
18 67 625081159
13 25 951216730
47 70 892645318
47 49 607228735
48 75 389645635
10 14 850287906
6 83 967498201
37 46 433162545
81 87 416845346
54 88 415379219
22 43 730306763
46 93 94396803
26 74 42568008
63 69 197532101
1 67 644308840
34 64 902649143
13 43 983956402
14 39 22816334
19 42 114943543
29 96 906220399
37 90 5105037
29 64 667287380
28 90 944966890
66 82 317255763
31 59 173363655
11 68 776335824
43 73 886610294
59 60 887105027
25 62 719152737
30 97 397920434
31 34 885802047
26 81 845496308
13 98 751282669
17 81 64542940
30 72 988452005
36 62 519103684
21 63 369556836
42 53 79606761
10 45 344650617
50 54 488466965
33 92 644555641
42 75 456147036
43 78 860133412
1 33 634390899
43 63 624161872
27 75 996115941
75 84 246404384
75 98 322760526
35 96 591031548
56 86 834847333
37 71 632151943
28 69 149155879
30 37 484590378
4 55 491975987
60 73 415578191
67 74 421950159
50 87 569311075
8 65 686933481
5 6 56119360
54 95 704175668
67 82 499547469
56 66 926879017
58 84 362445583
47 76 137053802
49 91 710393125
61 74 131162219
60 93 119740
21 99 502318257
34 73 795099682
16 74 57065244
1 66 786486146
40 90 69599605
39 56 901428863
15 98 670388081
9 71 644329472
15 92 600341783
21 54 633060852
36 55 580492784
20 24 853948478
12 65 103373156
18 32 906990939
43 54 256841073
21 57 312069976
54 94 289202252
63 93 106672174
4 33 347494767
24 80 602360872
35 76 727572174
23 88 894076059
2 59 931696187
10 47 948852035
55 95 237397600
33 80 285902378
7 16 795073381
31 47 720796883
32 57 725054583
6 40 108485959
49 76 322142059
18 81 377329151
28 51 354678101
20 47 349581036
42 68 968376345
24 95 749174097
77 96 745461075
43 74 355511951
16 28 839372697
37 76 972016957
15 77 726948016
22 32 82469870
81 84 271327228
11 44 929250157
34 91 577094714
46 53 963122420
49 78 886541942
11 62 607366096
13 99 864069606
33 72 630376389
28 71 376865362
43 71 208272331
87 98 738309161
8 70 225545895
41 63 240246871
35 49 293984332
75 78 814608866
45 66 179053773
5 7 741727199
80 83 727891075
11 66 97223987
15 46 663753600
60 74 714196996
51 85 145387664
27 46 46954837
11 56 263083394
34 67 643688854
79 88 612938616
77 97 632176559
17 44 372119793
21 42 363529961
15 25 543044286
51 63 544444252
41 56 378875963
61 93 618018415
74 94 823486017
8 35 630165868
40 79 49788105
31 78 26326195
6 87 823227578
34 37 42554485
61 85 358237529
24 90 189236539
58 90 18291267
33 74 629188508
16 26 264443848
53 62 955139893
2 32 139710016
4 34 559027890
39 95 802516503
29 90 778669157
75 80 54453297
7 63 601155758
16 86 766662909
1 49 820409524
31 68 850654968
35 66 522141899
25 95 847469975
25 88 804822250
9 54 51006962
3 26 167202087
19 44 156207341
24 93 940901706
58 95 203287208
32 40 959170403
73 100 790418037
31 51 629659654
54 64 579210577
4 67 835279446
16 34 232113889
14 46 258593599
47 89 193863886
16 62 688688745
7 80 584525378
10 24 459041428
8 28 524763939
21 84 892991753
68 75 652651273
12 15 481880732
37 41 896014505
53 100 528418319
1 44 326814883
18 70 917308137
13 38 549516655
1 78 131727766
25 66 588271724
66 81 734859696
8 18 684388715
19 91 872555722
72 78 985002996
90 93 630419905
28 84 241465138
8 71 455485252
35 98 23772104
60 94 694191749
18 93 586957926
17 95 549121513
76 89 94388336
21 23 770145369
3 14 123449943
45 99 491802290
11 99 266280759
23 34 522401183
5 78 886873414
52 91 842468377
46 56 858098019
6 85 744480424
39 53 256753918
9 92 777910586
37 53 874634556
30 41 5548399
10 27 678155471
11 50 588468440
71 77 682814189
6 38 172813676
56 95 614577583
7 42 106586506
40 82 126216947
63 90 208649328
46 97 495191841
34 63 293832017
16 94 505817653
59 97 762789870
65 66 678480666
62 74 775834426
30 57 300486815
12 100 613153456
46 77 656314209
55 64 321950672
23 59 571199549
58 86 432367099
36 77 113133247
27 87 666522643
24 79 369380244
4 63 452776712
32 51 229160340
64 65 106342941
36 60 219625332
33 52 219161982
2 77 837643209
26 51 839664044
47 57 784729549
71 78 429805138
60 63 175917373
79 90 433796900
22 61 277748175
8 54 533539774
83 99 256463436
1 29 176788133
57 94 762210966
51 76 318545237
32 39 5306084
19 100 747107805
38 48 935911711
68 83 870229933
24 78 364529023
3 23 718354342
20 80 931773242
3 52 759495034
74 82 754302653
82 99 317583239
2 93 538642843
22 47 186663424
31 87 431303444
4 47 859957555
26 36 64069804
22 73 653661820
45 74 165521611
95 96 266653834
58 72 714578109
27 65 429404497
25 50 356692260
45 92 736063991
27 67 758763394
21 93 54055860
9 56 962545659
12 20 981983109
64 88 922874303
41 95 649927364
46 94 383950060
8 14 593837298
7 60 23239895
68 94 176400833
21 76 571410305
46 57 490957866
66 94 629535019
6 52 588336865
10 53 450742629
19 51 716024266
32 60 596219022
87 96 46057298
2 15 334609349
5 93 512576955
1 95 597546050
3 68 185754583
34 66 159787213
67 93 151393437
73 99 461053748
75 86 637923547
44 48 415472233
75 87 715843272
69 92 140833500
80 85 586910261
36 56 956087212
2 9 985366445
68 87 32757799
52 85 131796513
3 92 272559464
66 89 221092968
57 69 275984735
49 83 592600221
16 96 640561692
55 89 58563536
9 62 378015869
14 64 133648984
20 36 556656746
15 84 305137101
19 79 752099938
1 42 634764981
45 98 369162893
12 55 811277811
28 59 752461507
62 97 175668635
6 41 9489799
22 52 355973944
7 19 119120467
47 81 748099874
66 71 945172698
46 99 266353417
64 96 197161713
72 85 979334497
15 39 931690563
17 63 683212321
38 58 213513421
69 79 824211614
72 91 375540075
14 100 244875522
26 68 911719813
64 72 552626065
72 99 342366707
33 71 64204370
8 42 591737173
5 61 534818599
60 72 724496337
59 87 875956629
20 76 317174214
39 77 488054088
42 50 211611493
56 88 487554984
20 48 824554827
6 70 282224269
31 56 47118420
58 93 552840322
66 77 930627724
16 69 309762228
43 89 93537507
45 77 526579710
30 96 478372002
43 70 489776402
32 63 226397368
87 97 144005440
31 45 677001570
28 82 363505742
25 77 236107545
11 40 530176560
18 64 847361290
13 57 850258347
26 48 45466742
9 93 774877197
50 58 634961944
19 45 487211323
68 80 943481966
45 94 560630377
46 73 912148016
20 95 864210370
30 46 505594959
73 94 149224744
38 86 314147401
26 89 295991833
12 38 401511922
36 70 316019655
27 33 875597069
79 85 251088036
66 100 990284305
48 89 973668127
23 28 42077721
88 100 197162410
6 96 734980725
44 80 694588910
13 67 321371317
64 83 35578495
27 100 863528581
20 32 682321765
65 99 473685522
4 21 808758427
71 89 231284283
47 71 395975719
11 75 950857554
20 27 587983625
42 86 95386923
69 76 828527414
50 84 282315341
10 25 364946383
45 69 283866453
25 29 227567511
11 74 486762806
29 68 421163505
42 94 447681865
5 49 538999651
23 30 995357291
31 43 313209543
10 61 261184668
5 91 690699205
51 68 33190132
4 51 551945931
66 93 661695834
11 25 727955168
17 96 851103773
68 77 239285317
13 36 363045287
41 98 460666217
64 84 374189108
21 55 667076033
36 71 555796136
34 95 978205093
22 60 815457515
21 75 246992069
24 100 821337840
24 48 294564039
17 54 923632314
3 96 567275540
4 64 3924355
22 69 944006315
3 27 822225699
93 96 797641357
43 46 610754528
59 92 846944040
66 85 406331016
5 36 330610618
44 58 415170749
31 91 776905493
67 71 243427953
32 67 95482498
43 57 129324949
14 94 378475219
82 90 813692289
74 99 425275681
85 86 269241270
20 25 409122015
3 47 251362976
8 85 501759091
40 69 884591332
33 45 30927197
5 57 987525100
70 84 405769579
69 81 279331666
27 28 735243090
8 66 630786021
50 74 579612374
57 90 376675334
60 88 35534456
47 72 76432122
49 67 466284149
83 84 49281414
66 95 953503009
33 68 159122714
9 50 9480318
1 47 182205271
18 50 623013657
15 85 86015493
3 84 785892966
43 87 123782153
49 73 599816326
57 99 536959253
31 42 960610154
1 99 83393850
5 60 50788087
7 17 790010282
23 49 84906025
86 92 171936538
62 77 867342262
41 96 730654653
43 90 865567045
71 79 354458501
43 47 410208184
15 89 849426933
55 73 798910584
15 93 428890919
5 85 900572980
54 90 566362963
5 96 267653989
9 30 258873218
38 100 809064622
20 96 594550373
17 22 981966616
11 89 547790533
53 61 12737738
65 74 623369017
1 56 672995423
45 55 116656519
54 62 708575364
55 86 808808891
74 87 882446331
2 88 318598809
15 63 303360757
78 93 196403161
15 71 256067412
7 96 616864050
59 90 264392225
16 58 340018597
28 80 822259003
71 90 107181284
27 62 870129779
21 95 761674305
38 47 276217854
25 44 621813398
74 75 954503132
9 12 26813176
50 95 532329224
64 66 5274168
6 44 34265162
3 65 636120510
36 54 889061273
90 98 202014466
85 98 858429815
24 30 16837350
56 79 992135496
33 81 316722516
55 81 682166927
16 19 213167193
5 88 655607597
11 26 906422716
36 67 919138757
62 93 261990071
18 41 713538147
71 94 688728014
34 97 234906496
3 10 7483025
48 64 455644509
33 48 446288458
4 89 842880482
5 34 99400259
29 73 362517436
33 56 553963326
44 54 416734672
25 34 43563034
27 59 890803837
39 46 663672738
2 19 637704240
9 60 891197669
18 20 796874482
61 96 141080538
75 94 222492736
13 89 7119203
35 58 738701141
13 17 889212573
58 63 690315565
1 82 757526891
41 70 876057484
10 11 929395518
4 99 799469174
12 43 93344527
55 70 723492096
61 99 587466566
11 52 60984800
29 46 936223055
43 99 878073294
11 83 403835151
49 100 693590242
41 93 406371572
10 39 952038791
32 76 4705608
27 82 59831674
65 95 759416847
26 100 938539792
5 18 380556214
76 88 441928683
8 59 628620426
15 58 473397283
36 78 766079045
14 76 662482620
55 97 561385278
4 69 39402203
53 64 502175254
16 37 679139259
36 37 188479364
16 88 296465985
11 20 468482764
78 95 153922823
23 29 626026784
53 80 836106233
18 19 152882596
1 77 521566780
26 63 830130768
45 78 109901683
27 48 138312803
68 79 427756338
16 48 64227892
22 38 424638710
17 83 974408596
22 94 936215807
34 50 707781272
3 12 153265462
32 45 671785993
43 72 461764759
32 92 380617944
52 100 744019968
38 76 201327131
24 85 990105376
19 66 335512289
32 84 30070875
50 89 810553764
22 88 104502266
80 97 974937791
7 83 784207563
71 84 27115427
12 64 792020036
30 55 845358277
62 91 296410869
96 98 791006907
51 94 173447449
37 59 123032841
59 66 735518056
56 59 413680620
41 48 988413198
17 49 280677228
18 44 520676310
26 33 166672145
23 48 891237982
10 73 842187028
7 41 930734
67 95 245817864
1 94 775526878
49 58 974608744
4 52 755685937
2 41 916180521
72 95 254561827
68 92 941501771
16 73 791047590
29 44 284782772
57 88 15898829
55 57 859762143
61 87 96187836
29 53 459048872
18 73 757448594
43 67 882844355
64 93 902325768
24 92 164427560
29 87 850810241
9 99 885351681
55 85 288592958
8 96 849421575
66 79 462979938
62 76 240190011
59 76 763830290
7 77 644646339
28 29 615115238
11 51 208503764
6 50 15178004
4 80 629474667
20 64 262301281
5 94 948046823
14 34 906704637
8 31 720024015
20 69 413916476
59 79 884974670
8 60 136871616
7 66 168148071
38 51 765683124
10 16 579613987
26 47 648680062
2 76 269638359
8 51 162922818
66 83 399113864
46 90 395590281
2 29 666149867
4 74 344028921
53 67 859427416
37 42 530617553
38 60 421003921
10 21 508598067
18 24 919575842
45 87 352518389
20 45 168422486
4 12 148733593
61 76 679043834
88 97 985031355
3 64 709048758
2 58 774177290
44 100 777819797
34 54 898537306
9 88 577625470
49 88 154197950
57 77 321853576
49 54 240447880
46 62 738505772
6 84 456594334
58 61 689403625
36 45 271559263
53 81 816900150
47 96 935383218
27 50 943792958
13 35 340356003
31 70 670598636
68 89 652961421
28 39 814197071
21 72 152113273
16 29 799252258
14 27 972124300
48 60 298925895
62 79 547770542
1 2 143719727
19 63 145997497
22 86 729768201
15 27 462141892
31 37 876124885
1 52 215365542
12 68 385114228
9 23 864066850
31 90 158774582
45 100 852657624
80 95 188752074
56 72 548756899
70 82 984237500
24 94 593246658
4 19 512234004
7 88 771338063
51 79 932079143
25 72 232125603
52 60 315154674
21 28 975611845
2 12 75850141
2 51 549796573
33 63 915747822
50 90 646217694
3 53 774726972
26 34 280339510
39 42 822597214
9 76 479195059
48 73 774471272
42 82 32456586
43 59 381646834
23 25 251549691
42 46 437927185
12 59 447557923
5 25 107270678
42 66 674741787
41 92 390064643
55 78 143715854
14 42 81728060
12 24 370756863
14 20 457605396
24 64 403216694
79 100 944068873
43 56 394281341
18 58 833556326
47 94 641294435
24 55 273394761
43 68 201728090
31 44 398728460
17 76 80194706
19 60 765621972
30 87 859903752
2 31 267017207
8 10 756073598
4 70 39038234
22 24 955419176
25 90 87958657
42 87 185128832
34 48 174257040
39 54 886094870
27 51 124247184
35 79 804995194
41 72 544972417
84 99 811977298
14 56 622010710
77 99 288945387
6 66 859072896
16 99 261671697
37 60 142046998
10 78 415157964
40 85 293795861
38 79 558829041
83 87 33002762
56 98 949982702
5 38 882026850
13 84 682889246
38 45 408628595
11 55 471436169
4 24 181548935
86 89 381471087
23 50 799115930
12 96 408110624
23 89 454228811
8 50 216379069
49 69 552393285
6 61 392259683
37 50 217309135
15 78 954669526
40 47 526586381
60 64 75390804
14 28 250412407
40 74 622751310
48 78 803042084
26 90 504919001
29 39 529034014
53 97 200502418
47 75 105547535
8 98 716767780
26 62 224267755
5 30 841334693
16 83 118961090
70 95 501583277
8 88 614613376
22 67 824233747
37 61 860110950
10 60 39512607
8 39 898706165
57 65 835596244
28 41 182486515
10 76 53748858
56 93 182645293
62 70 428104182
70 71 780199653
3 67 641444427
25 38 831375998
59 95 573229617
6 81 730966616
74 76 150627857
35 56 813826656
65 90 240309102
65 67 21776077
53 77 395615879
16 85 375100181
18 29 39697713
74 88 34303396
12 71 993951212
2 14 814808338
62 71 672161610
55 90 341967941
25 85 294174801
66 69 109770389
31 54 954713679
10 85 919555918
36 48 818725948
35 70 940450210
18 87 686146412
36 61 631093790
64 86 820959505
39 60 982147356
28 45 742990162
35 62 3890562
3 95 989661358
6 24 92687129
13 100 292660575
1 15 244999700
7 86 110374827
21 81 161958167
79 94 111997229
19 38 153486731
16 92 977365896
69 73 92261028
35 52 397845476
4 39 155364486
1 85 249860775
34 90 630860796
39 84 845350430
21 26 839107568
40 72 537310137
37 74 148022997
72 75 979689478
50 94 915102544
12 82 851899123
45 57 224116969
71 99 551904948
1 61 535230719
32 91 88518553
9 48 957497398
53 69 938770076
28 85 384252347
4 82 864981605
30 86 473943591
1 68 781224556
35 75 727063694
3 49 877378770
73 80 101116259
36 99 480661481
25 49 992814913
26 94 690129865
34 93 36294265
26 30 751984135
54 63 728674653
9 44 759880045
39 93 783000965
60 85 357657014
2 95 557708215
36 64 405850832
37 94 926549802
16 91 157854626
41 78 481681520
11 35 624589641
4 5 443141500
36 89 159108627
59 94 337145315
20 94 461254831
7 27 396264809
32 49 516279380
1 75 702482828
3 36 698438403
43 82 788634524
16 31 471814957
33 40 853328364
9 11 277176669
34 53 646660423
30 84 219056385
27 69 822592935
37 64 755804485
6 82 529151531
3 17 473668027
30 77 6874114
25 48 5062362
11 79 902328974
8 57 733969715
36 76 858777204
46 69 676507049
26 95 503363420
14 95 537875113
14 31 487093479
81 91 449048107
91 97 138080124
8 82 199768490
30 64 524641744
33 37 825152124
3 40 960448815
1 17 551811220
35 86 303261984
58 66 648183650
13 24 21951621
43 91 254502242
37 54 327132042
4 84 971606779
34 55 793556598
12 33 300944252
8 52 709600570
30 90 647536532
14 18 717935088
9 29 225152309
30 91 537666215
43 94 811667323
60 97 986363447
4 71 495016259
17 48 788234763
8 45 26241433
5 41 946547570
13 69 793586047
28 74 974408812
41 73 799811502
29 82 541941710
2 66 253074864
35 81 701385634
4 30 440406009
19 73 756041163
21 90 240081609
32 53 935022173
20 58 216110626
64 81 118365017
35 80 885819942
55 76 101109623
48 57 296667534
21 43 50172438
36 51 348849802
16 59 603822601
12 28 164023489
19 21 988689654
44 72 50900794
22 44 456310524
33 86 364094788
17 69 143340882
14 63 540192819
33 76 41218854
41 90 624055697
65 82 802211616
35 65 383965274
39 51 807190205
76 95 203241838
32 83 183781649
82 94 40650677
71 92 357630804
63 98 828008635
11 95 512495665
15 68 21196254
25 78 965930725
23 43 942465485
52 59 745311718
15 83 462636210
77 88 815991502
25 51 647430858
24 89 588101192
14 23 449242816
21 92 576062465
42 67 421805475
25 91 711447034
54 66 399338808
33 100 758094677
34 74 916160211
24 33 750566315
24 38 646077426
4 13 680056487
26 91 327157816
2 91 743747818
31 64 362030431
25 96 319845666
8 76 579299069
50 61 586000483
27 40 49179683
5 39 171210145
62 73 435584453
1 59 332612643
14 87 433253123
19 54 287633723
85 97 407249757
57 89 843196651
31 77 128113219
7 40 272432416
35 83 737029153
61 75 736742182
1 91 657197119
16 27 924683079
17 42 318865119
26 76 733412602
85 90 954768565
18 85 504161181
89 94 424457790
17 72 480396893
55 68 850934703
76 90 583980384
8 11 545005233
59 72 134212844
15 28 740788400
13 88 11005313
66 84 152142594
37 92 131934785
83 89 362565525
77 87 476498957
37 47 986606099
50 57 222436535
22 82 625430662
41 89 625057003
15 67 898727406
7 22 305182042
28 100 601260842
6 67 103639551
58 85 129732948
33 90 838836982
24 42 737219132
36 53 292024140
49 86 924780199
31 49 763973725
71 87 241273315
12 26 853484467
53 92 672102919
2 64 831718336
35 61 295104365
67 98 887046427
14 83 89468227
30 89 300448565
64 69 42107696
88 90 109667636
4 35 426612387
56 85 702770578
73 75 680329764
31 41 919405721
25 58 738260111
24 44 348852809
33 51 337505967
21 45 929523019
66 78 998767703
13 46 268109757
19 28 763615545
28 37 985005720
30 45 268231141
14 54 488960989
22 37 887909416
20 72 981158071
65 78 873253493
69 75 432465714
11 24 807257486
74 80 114155011
5 53 685532807
2 55 102825431
14 82 712243177
37 38 916894929
40 64 839164033
51 81 597378203
6 77 974677831
28 61 330217188
2 83 105752407
46 81 427256868
7 44 177333829
18 37 248636697
28 32 552445334
2 54 9622253
16 65 552011900
57 78 421563587
35 60 799383047
82 91 866178215
14 67 927310390
8 69 592629862
22 91 927863297
61 86 659299572
5 73 293961783
32 74 825089667
16 42 169954531
12 46 65131895
76 99 796350393
64 75 964207038
40 55 749470307
41 52 701889746
17 23 43127004
12 95 987638095
1 87 263946405
39 82 412763086
34 70 155125068
15 45 205852318
18 90 770567991
74 86 290511809
5 44 627547000
57 80 824053796
30 76 219650506
41 76 326212070
22 59 460359496
66 88 3858307
18 52 656268908
36 98 487185598
21 29 351048355
24 47 95855905
26 58 187899612
16 63 728679987
44 93 693233161
68 84 183077908
5 29 567014138
51 60 545663661
52 86 812343218
3 70 763434714
17 37 232521224
44 87 373113378
5 59 471177826
62 94 93432484
3 58 863981235
33 54 135604626
24 68 973100756
26 85 90794197
50 99 483058087
21 69 933522858
28 40 947605580
23 55 147298410
8 91 586598340
40 48 875697093
1 31 832082701
6 42 364107604
30 34 50816893
24 81 186145596
46 86 168387982
46 70 382243584
45 75 252974919
19 96 621814126
2 38 64997702
16 70 849828000
23 71 865426559
57 74 884215019
56 60 300594274
6 80 241305966
7 26 710085734
4 45 819588395
15 86 283835590
4 26 917370571
43 75 40389862
80 98 257363655
70 92 624221680
24 57 627420753
9 66 320225211
38 97 103922094
15 29 803616937
81 89 782830773
14 57 361559421
40 71 236647467
5 51 219409808
31 95 282438291
6 47 928823171
23 75 862959427
55 100 132131004
61 72 817638619
63 99 867372039
27 35 53301989
19 23 462307425
12 77 377730795
26 60 612187388
48 51 132440117
22 51 127819369
38 55 83429804
9 82 771708145
78 94 184516282
22 96 247267015
46 63 457468165
69 98 108367356
12 53 852405397
16 43 841522743
26 54 931543002
46 47 502424349
77 100 491653674
46 79 953830415
65 87 723195270
19 93 398973572
41 55 722001111
58 59 591395514
31 40 311377666
12 47 760626697
6 93 347775493
37 81 706324096
69 89 142844733
8 94 34165200
33 89 798863416
9 61 571990166
34 98 25957010
27 71 675884580
53 54 224330423
59 88 551592030
62 83 693043513
13 90 244615005
53 55 810168390
8 80 192969098
31 100 470979411
37 79 446414736
60 80 231378801
10 43 746160240
72 94 957895884
82 92 300480288
3 7 421619468
51 54 915970396
85 92 428150812
10 66 372688089
61 92 455824137
19 29 300999624
60 100 319327343
73 87 751257850
3 94 968472362
30 73 839859624
46 65 54251806
67 81 894366229
10 54 878843595
2 26 697060815
38 57 612582894
59 67 360289968
48 76 286427199
51 69 373918645
67 87 827151978
3 57 20763031
19 39 871352796
80 87 744202686
30 93 467591438
27 85 988304358
32 98 424145721
29 66 212079627
54 70 444769367
30 69 811845563
57 63 332720811
10 37 760803964
36 73 785553558
25 59 197463612
7 95 406065890
85 100 190614319
25 32 394915075
24 26 988431677
52 78 606637061
72 73 799477423
12 69 70751335
10 59 585812468
34 100 432953901
56 68 95041021
23 74 336512598
7 37 396048308
39 58 947661195
4 28 147263173
59 61 493334536
18 99 565876973
9 98 787929993
51 97 566109766
30 50 202226901
57 76 789356094
2 5 564700029
54 99 862470783
46 83 626144198
16 36 203004410
1 36 141265862
11 76 748770667
13 78 846164362
37 82 630251073
27 76 328123956
42 58 897217779
68 81 568591803
7 53 157416084
15 24 124406285
19 94 160404597
10 94 394313857
66 76 641775767
35 48 238981205
10 28 670625690
14 66 331448132
64 91 536480014
10 80 493972433
82 85 177908179
17 45 241934979
23 41 531588325
25 74 695462850
11 39 719570746
17 21 526867154
11 67 746245339
63 71 133297471
87 99 33411773
58 64 581998023
25 61 792081186
78 85 590219198
25 30 607547327
48 99 877384193
20 40 42698748
14 32 665919250
62 64 33587089
32 33 121779854
62 78 318790662
70 99 82782412
27 60 386377077
43 52 178670592
30 70 728924012
20 87 455200851
56 81 567469974
30 82 12156734
8 13 382069185
50 62 813630166
2 99 952358617
39 97 690831635
36 74 814482125
8 75 585201084
12 56 603790532
52 64 370967340
17 68 217684130
25 76 817239450
53 82 895802329
32 90 363425188
73 89 592600758
74 90 917787233
74 91 867486610
17 50 130663740
17 38 984564624
17 65 470713685
47 62 923494560
22 66 957955391
78 79 856074571
31 72 111327034
11 12 662586145
53 99 852767042
26 86 941455162
8 53 165669066
40 66 430497642
49 94 73434552
13 28 104089800
17 73 47179292
50 75 500912997
9 68 633229134
52 82 465198441
20 63 991913576
57 92 429456080
5 66 386766008
44 69 152437651
23 73 514583019
27 72 67958800
60 77 54697687
28 63 829071444
12 98 933034160
58 67 434635937
11 42 383852958
70 96 48505886
56 77 655738740
41 60 125773261
96 100 547529887
6 98 356284083
41 75 2796620
29 63 781194580
14 92 224070682
10 12 729141752
39 41 697351773
12 54 929598874
28 98 407141432
58 80 107119798
1 90 142715782
10 44 435133787
33 75 920948848
40 80 15770621
45 65 270497124
44 76 263747296
21 97 872893554
27 79 41006845
91 98 292903352
20 65 725658121
12 19 551528956
6 54 849938243
7 9 465950559
42 47 729412043
36 39 429594665
59 82 182858249
5 45 139177624
34 81 552707453
13 70 40849725
24 88 806733178
21 64 393800359
8 83 22882460
12 63 727688367
44 97 583067405
59 99 29432876
16 41 428608039
60 68 585375219
90 99 67607797
29 43 265984931
12 21 687724953
34 94 942769905
22 53 980487650
13 82 787568867
36 83 588654857
36 86 710703022
54 68 990618298
7 11 272137921
3 22 364064033
82 86 322000949
56 87 295063995
89 100 702600457
86 97 385188911
83 85 97405144
11 29 181084289
33 97 704696510
33 42 373857204
28 57 60501312
13 61 519969365
57 68 883854943
38 63 604089516
18 78 559124604
50 60 107979314
23 52 971754472
37 70 537525680
32 78 728444890
19 76 27878879
48 61 491495235
52 96 896128818
19 71 490591443
62 75 985599618
3 69 328003499
37 95 620618333
35 87 657186251
2 94 461455124
15 72 1708419
23 36 16597365
58 88 756874702
38 77 525752967
47 87 637716788
5 72 85081695
8 78 847253378
34 71 409535760
14 15 253155384
26 66 632056988
29 70 967713796
18 96 792234370
36 44 249046643
34 77 332034665
43 44 275491348
37 77 616805826
51 80 202716827
38 70 666210237
90 100 584881646
38 41 443975910
51 66 86019686
6 8 707058203
49 75 400638498
21 35 898656472
20 91 455316858
40 44 686461493
52 84 414242800
64 100 744084020
8 24 595022949
80 90 257055551
6 90 381120935
55 79 749922633
3 90 627243034
58 74 57133761
39 43 957193848
10 86 99415295
79 83 33583612
9 89 343670144
20 67 518305596
2 68 497589870
49 59 981178897
20 29 506810634
49 61 613696215
35 90 617561123
22 99 228667273
4 65 760161878
9 90 472210442
44 92 484528377
6 53 125040990
25 45 194133340
48 91 746379268
2 71 173689747
18 88 603302244
81 95 507515730
1 93 126842882
34 41 536366028
19 36 285094498
35 54 79993744
17 86 712520503
50 77 669557173
3 13 339234915
14 91 560990717
34 86 350013409
29 80 640696532
59 74 235468677
46 96 571623013
21 100 670033077
60 65 46259494
65 97 346574316
71 97 712059068
2 6 929418128
69 94 619647442
14 47 508107353
84 87 983563943
8 33 825852844
69 100 881463123
10 70 286234604
28 47 546411946
10 48 892303210
42 49 389726101
46 82 621016618
8 86 35542412
69 91 232915123
29 67 965403650
44 56 916721273
84 93 537788603
51 86 271632983
25 94 484939715
68 86 785129073
72 83 690661596
23 91 835300831
52 93 858008339
80 88 308637697
45 52 184803864
42 98 148875031
11 27 308100406
83 93 540855900
65 98 989226897
57 58 605180269
23 61 181031803
9 94 513146220
5 76 38417077
70 80 479651700
88 93 759117167
49 68 272531126
3 56 98824296
49 95 761410019
38 93 856586557
15 18 816244952
5 75 568004980
25 99 21196685
10 49 419111546
71 82 632003229
8 90 217832344
30 51 870807805
63 76 983084799
67 72 22683459
94 96 438140535
3 15 464663058
78 89 983667813
4 85 769158816
16 68 817125151
41 53 567569436
18 71 175142497
21 86 422925113
9 70 398851772
32 81 85362751
4 88 789944161
13 48 793338375
13 96 167718957
33 55 200804981
24 65 232619478
67 75 492357940
47 84 346818392
23 68 158338219
48 50 150136200
8 41 652192273
75 93 666644142
1 14 751824611
14 75 549452172
20 90 718500671
16 35 46834967
25 28 140731953
53 89 927157079
38 71 878799066
99 100 330283698
13 51 653398452
94 98 387456059
1 6 150780035
76 93 876605019
41 67 724164774
22 29 130937793
21 25 507026153
21 61 131188424
21 60 858307937
8 63 457149378
84 97 671857075
48 92 648159201
3 81 227635675
73 82 310559666
10 98 876035574
2 63 856363870
50 69 142323632
18 75 171338468
41 99 601340039
43 95 23612791
45 97 970274057
56 61 607961455
60 99 736090799
34 96 999277458
12 94 565440291
12 52 906323200
21 73 793569161
28 72 588373961
13 62 89488064
12 34 267959446
12 87 512569343
68 76 839419564
2 52 650375907
23 57 664879888
25 55 382002069
4 11 392535149
33 43 757882321
85 96 87984315
51 100 856585871
17 71 918629632
27 68 318047583
14 35 340248115
8 67 763050631
52 92 207510010
50 97 21972439
79 95 303440878
55 88 873245536
42 43 328039088
14 52 142515234
41 62 36835665
6 7 862086256
9 47 40478539
31 69 248385002
81 99 501075080
1 9 379948324
44 51 850168147
24 36 201284148
43 49 389838105
54 91 127656656
23 97 929546837
83 92 816812476
15 32 867610690
94 95 396086718
42 59 910237813
6 60 265546291
54 82 560771243
64 95 240860638
38 56 508813339
25 67 173001844
23 99 400693360
35 38 554881317
30 83 281253056
78 96 564646262
63 68 566537925
76 77 727429437
7 72 615119519
1 28 600118515
70 87 53576157
64 67 213784847
10 69 908764020
8 97 61654863
89 98 434830997
18 45 485857326
7 100 642045233
16 90 239114281
33 98 519067341
50 100 24133774
39 91 8341915
90 94 108932218
1 23 115490801
57 73 780375638
70 94 166546757
72 97 726068168
35 89 437018939
39 65 755243970
24 50 482269362
19 50 824777528
1 7 865768156
33 94 194651808
61 68 659165545
18 68 409202537
44 96 938323307
45 46 65821548
28 78 678373687
5 31 463956234
71 93 181223152
62 80 308803718
66 91 730513458
64 89 128666915
29 32 647513661
8 79 404758508
15 34 255305484
13 37 849700267
31 61 736460121
75 95 78443432
33 88 69417032
59 85 465132976
46 61 945101450
3 8 62556695
8 9 627843219
39 100 531897700
15 82 732828514
4 44 574640852
61 100 202665273
17 31 694036815
25 84 736997207
13 34 830625913
19 68 768716490
83 95 931341074
40 61 181240087
49 64 691341021
44 98 808783787
3 31 963291641
11 37 932994179
11 92 626971460
36 87 391315518
68 96 226436209
75 79 735413310
35 43 868599288
4 100 48888802
44 94 313163235
27 44 249566453
34 75 633706534
21 37 452721599
17 19 912968971
42 93 69415831
41 57 695915933
1 43 735972418
60 86 40309635
25 70 272995527
23 76 604103314
29 88 411822054
84 88 448880751
15 73 512765788
24 98 736253523
39 94 962566819
88 96 17500817
64 90 607480378
66 72 180068461
9 78 999203149
21 32 225021624
8 87 560782107
59 100 432920373
39 59 278091502
20 55 6985029
45 91 320346054
46 76 128822498
31 63 609935515
48 72 395413163
25 83 962386618
39 48 381450694
43 58 594047938
84 86 956328716
12 78 490736659
30 95 266871716
31 82 949857221
29 71 958358638
30 85 863020546
63 92 270046274
8 44 551387159
40 95 43673292
1 69 861105500
25 71 736504056
8 25 541403056
9 64 297954069
41 61 400749587
38 98 463405317
28 34 424499913
55 69 222769423
16 20 922923177
36 88 269208563
20 34 649581803
26 78 7128388
17 70 235206925
51 53 405274293
47 50 358589456
3 45 91952555
37 73 702693380
51 98 182757543
73 88 34076964
11 69 447378279
56 97 642889853
7 87 871854064
35 92 841443543
87 91 258572488
66 70 754626623
22 71 459299653
7 69 737118198
27 86 349892108
12 40 668227524
14 43 828516329
40 73 703148659
33 44 405639045
27 74 699596239
3 63 636756993
76 91 886501548
40 92 48461636
4 42 786119440
7 64 373345177
37 100 967250949
31 52 405876295
52 81 546428576
23 98 882639509
31 86 538112730
35 63 835251561
8 84 138429584
32 100 10241151
43 65 221092947
81 82 88084742
50 70 181443745
53 56 200200308
57 96 835722983
59 78 38475625
46 78 842392976
63 100 831074683
17 20 771046242
71 95 707791487
9 81 428227668
10 92 400210148
14 96 9174504
29 97 413133489
53 96 398356377
30 38 157468059
34 80 403779146
26 49 977955540
50 86 185156111
23 63 707119387
4 16 287158536
61 88 151987204
10 67 636566766
29 41 337559152
3 97 344539919
21 48 591060878
39 88 712116395
90 91 489067564
24 60 636366448
18 36 642702086
87 93 584518978
18 43 486912997
36 65 108107638
67 88 269253689
44 61 800897982
12 66 534123845
72 88 765006558
44 62 912557115
3 79 548065766
87 95 797073748
1 100 889231303
37 75 547045064
26 59 763052956
39 80 217958341
13 83 237079271
1 88 587734662
30 88 797475115
39 85 543223371
37 67 925288938
45 76 780220167
52 56 313955220
68 88 854208194
44 79 629882856
25 26 709602925
10 36 650130871
33 78 545455204
51 64 623617120
52 67 566009884
40 88 60349932
8 68 362060779
71 83 535148515
23 84 835379480
9 85 947550480
36 42 38842364
5 43 852128712
38 54 181850388
42 54 419926015
17 33 506120016
11 21 556931410
11 47 818174508
21 53 649084227
34 35 292094682
73 98 888076379
75 97 354083106
21 52 635109589
1 11 541532279
13 49 828991217
10 22 289683563
41 51 817081650
9 43 754301310
11 100 453868368
58 96 752913500
92 100 604105894
8 64 108673242
16 89 362640214
35 99 980254115
2 82 68245996
9 45 736498101
59 98 311431634
41 80 529327807
57 95 387567598
63 64 819039043
12 91 976034167
27 94 676610884
15 38 997787736
19 97 412492027
13 86 331287720
44 86 699366650
29 76 714114621
28 43 700791276
67 89 67322293
30 75 348814125
34 58 622532108
38 85 177361946
3 99 925226186
15 76 690290565
93 95 809423554
22 90 231538779
8 38 960175950
4 46 367715157
21 59 789000354
39 50 255176377
9 19 364289135
40 45 708652270
15 22 147523435
7 61 211854827
26 38 379778630
85 88 686007910
60 76 575487582
56 63 384024178
43 97 884027403
24 76 708738023
21 79 645581878
11 18 855213837
27 34 610414082
91 94 281316596
24 73 877079385
29 38 186652958
74 85 357058224
5 56 52234061
48 66 936141756
16 52 854213796
54 77 45111286
21 68 542452913
15 65 325550103
65 72 904550243
38 42 931579946
14 85 531349208
39 78 659884621
4 32 523696601
12 49 330678230
85 91 284393520
75 81 265550018
46 92 453308875
3 100 2696775
4 90 29275436
95 98 691258877
42 80 679969083
87 88 764319043
8 46 174328817
35 37 277988545
71 98 149788516
31 39 213054378
15 74 148087457
67 96 642777435
46 68 703751815
5 79 328058798
10 42 138270810
5 12 169782373
16 78 781383640
17 57 771510046
20 70 539733969
4 98 777532349
51 88 379990826
2 90 668474128
30 53 634799306
6 21 367245446
32 77 213160278
25 47 483355276
38 91 945880779
5 19 773393213
20 51 381727500
20 37 97798320
92 99 716330830
49 97 393679483
33 58 18449592
19 41 173113927
59 64 156462005
33 34 50932644
11 70 450787349
28 67 649901239
10 56 727369897
11 54 371027379
42 84 198048489
44 63 350577234
28 70 692976359
2 36 582597403
7 12 316350255
5 71 10754843
18 25 763130592
50 52 509230127
40 100 931921623
27 66 730921181
39 98 484069565
40 87 32186369
82 87 476890940
38 39 951093727
43 98 671490786
1 12 784385296
64 85 606362588
1 92 150777009
88 98 2354051
33 39 67464538
20 100 97200879
1 26 487610730
40 75 413245570
17 89 772069417
10 99 39569477
9 25 705154249
7 39 739911998
15 81 491678549
52 83 625116453
20 61 9733899
44 83 228129875
62 87 608535708
63 91 218680382
11 88 496949918
52 98 694321198
61 65 399567261
24 66 182811381
34 40 64085028
40 63 529988831
42 73 680647554
19 82 253569631
57 98 479818747
46 49 477759410
28 46 206598533
21 38 471490570
11 85 712213228
34 47 334385577
70 98 245249404
27 45 199697484
29 92 78872247
8 92 504312466
36 92 669039775
18 66 280134615
17 24 180241353
41 54 651460723
61 91 464956868
6 88 975090503
20 71 44258743
12 70 433750460
65 93 322407033
33 82 651872762
14 90 109182256
37 63 945627190
58 94 353838372
1 3 562229644
40 49 316723475
55 82 558363153
80 93 252779351
41 91 267319660
11 71 139435996
2 96 391271225
2 4 891510155
91 99 499883347
69 71 262866285
31 66 576155884
17 93 882691882
47 56 651090706
15 50 259385789
66 92 496232793
45 85 982726725
40 41 356007045
30 31 347470425
23 45 582291366
49 87 295577344
28 99 185806763
89 96 662816833
51 61 328453238
49 57 677168425
33 36 128313739
6 76 499451747
59 81 711208182
17 78 356979455
7 8 471511685
33 49 516110647
16 77 734747147
26 83 949739791
35 57 875298865
5 77 370819870
23 58 920885563
14 50 698662426
47 98 963816605
21 88 703249047
4 83 731396736
54 81 456703354
41 58 424563015
66 74 202829062
46 54 874026328
63 86 815904026
82 84 922528880
76 97 718128740
13 74 304709333
14 55 750373516
1 25 482657991
40 96 805326198
46 87 278483268
46 60 972521836
9 46 988276156
61 63 288761920
7 76 404486106
60 61 602661311
48 97 940153710
31 84 820962828
6 25 660945153
37 68 984996587
41 44 43886345
23 26 991997473
36 57 807801135
64 78 677667182
9 65 756618544
32 59 78413593
25 89 946837615
18 46 337850574
2 100 868287366
47 95 82605970
37 62 571950183
64 70 527032369
64 98 522946412
3 86 582968461
5 98 845793154
40 59 873973956
53 83 789772009
54 61 325734838
87 100 720187091
3 44 377081028
52 61 130294980
15 20 744318465
3 35 310127357
51 84 27541162
46 74 492504011
22 75 555910792
38 44 436816523
70 79 24835443
53 84 695062342
64 73 163385878
88 99 721276135
76 100 45860457
32 68 953441146
10 74 769564501
53 59 593211103
37 97 833432487
55 59 173348881
46 85 378751020
54 57 862509725
93 100 243480283
37 99 120023652
27 61 692903768
19 31 836126851
17 40 792978031
35 85 334913435
32 44 895381332
20 23 680644158
56 100 864060331
49 56 782628414
43 53 872446553
48 100 777454179
58 70 774060303
21 40 822392097
28 62 166638908
55 63 800125452
25 60 209533595
52 80 684135591
16 50 891998488
59 84 78565969
15 36 509363739
18 28 28296695
22 85 811564251
30 40 16123528
27 97 598731924
77 78 574165185
53 70 915071153
38 78 999141783
20 22 131784439
2 75 600247763
43 48 628686195
30 74 6504634
14 60 960592697
34 68 828584320
49 50 808911446
31 58 394476176
33 53 336911923
52 88 978011244
67 94 604230587
14 59 24408440
42 100 3030877
50 66 333366200
2 70 71237042
27 56 82281353
48 68 383062859
47 58 624240598
12 36 94394296
16 60 560519653
20 60 759286153
48 70 23583905
12 25 655169997
14 51 593369507
12 23 749178094
83 97 883770561
46 91 620798916
60 98 998640050
10 71 3707150
47 90 930825678
4 68 436595802
46 67 663456612
78 82 325917378
69 77 86206597
63 95 519337213
6 35 701674233
31 88 672317487
45 80 682769452
55 60 636856411
34 84 629744920
6 27 130272505
20 49 549213762
26 69 92662286
23 53 680594293
68 97 23907949
31 85 802344255
29 31 626343354
56 57 433777115
37 51 656373570
1 5 682225966
10 51 651468741
32 80 988589934
17 30 160606804
35 51 870040760
18 94 324903486
19 81 379722973
26 57 637223684
14 49 914915447
34 46 461619741
67 80 349645514
13 54 752656086
53 94 699724657
70 83 370555545
3 21 235043088
24 56 209946844
48 71 643943714
78 83 824364959
40 51 331176481
58 77 857063253
47 80 509766296
69 78 196594663
11 64 103178504
35 74 383049334
56 94 636550656
11 82 831984462
76 83 63122212
80 81 379130846
32 36 385386463
26 44 108093339
34 88 268114039
51 99 30799608
22 23 265813597
61 67 653538734
31 79 286348051
45 51 871006993
18 60 92054939
60 92 937718234
57 97 859756458
13 42 555692324
44 46 83707380
39 44 714453916
24 74 925672689
52 54 842364606
22 77 348876220
13 77 958723933
36 68 152726596
78 100 927010369
12 76 51322172
10 95 807845517
34 51 698401190
8 40 680370118
39 64 358023232
10 26 414455862
2 42 923004645
56 96 763900571
10 57 55815410
46 84 250390589
4 60 879162351
27 57 456974272
5 37 825168544
95 100 976939650
63 77 248021916
6 51 49758266
66 97 202414307
43 64 853617810
4 86 196799686
11 98 585637609
13 91 393124794
40 86 144133011
13 14 523423539
39 92 482819979
6 73 582028870
18 62 103047471
9 22 140438498
58 91 873728889
6 46 335900455
28 88 544318603
4 96 280944160
17 52 243671256
81 94 613149961
91 92 301039683
47 55 990397932
45 49 458598733
20 88 394768473
18 35 31243018
16 80 696875533
19 85 246192613
44 88 555861328
44 84 457946214
3 50 872137713
14 25 921306398
73 84 618026411
55 74 678166058
5 68 405045077
78 99 999384332
9 57 237651979
13 29 918657864
89 99 115512513
40 42 442937427
45 50 24185694
83 86 952780543
7 34 971728576
33 60 515829345
5 55 625978846
35 47 242129268
13 81 62906198
12 32 871071346
10 75 415534325
31 80 723525339
15 35 342290325
11 17 42924659
54 75 394827947
11 96 328569416
69 99 318061975
7 75 720940948
59 73 902450384
22 98 679941702
62 68 773618364
10 15 741555661
37 55 321208897
23 80 63924814
85 99 289332363
19 89 125437904
14 97 590223036
16 40 246699019
44 49 742997512
51 92 420938211
79 91 179142471
19 77 785448937
32 89 941133459
61 79 622309198
56 91 606267625
2 39 928102065
26 99 176874230
38 53 94275070
38 95 945346234
29 77 713474362
11 22 681025127
47 65 66145455
9 17 180349399
29 52 377356715
13 80 274818739
51 93 363243539
34 89 897369684
33 95 604825357
34 42 178687104
5 81 75171270
97 100 255838276
6 9 926572391
98 100 164910249
9 55 480323130
60 89 846340768
2 11 950218118
69 80 615472015
39 75 437078917
28 87 292637054
57 87 264453795
28 55 794840970
43 77 915821031
38 75 792586040
68 69 580008508
77 92 357266003
25 53 992693465
47 91 148683655
42 74 203242084
38 65 987863590
70 74 963610618
27 89 201162647
12 48 535540008
40 65 359281815
43 66 650399535
16 49 237147726
62 86 120716211
47 93 388355417
70 77 176234540
19 55 923966810
41 45 31870269
41 88 821991333
34 83 698725920
13 92 855163520
29 62 684322263
75 82 931141831
24 34 205954623
14 79 149012335
30 44 984927195
40 57 515480605
60 95 577559632
17 80 461273429
58 98 180284748
26 41 814873757
7 70 470331101
28 79 484112374
8 49 621655011
86 99 844506919
40 81 409038423
22 54 257713707
19 56 292173354
50 82 363952529
41 85 10960819
34 61 868760463
30 81 566343210
51 75 677279450
2 46 175641288
12 44 86742293
42 71 692186818
65 84 594094047
29 49 56146240
32 72 330243757
12 51 122699854
37 93 877438764
69 90 763256526
89 90 526566619
46 80 523306735
69 84 861313228
13 41 202726703
4 7 255788569
42 92 703553040
10 23 979605622
19 52 121898629
8 30 124419468
78 97 590280165
3 89 457900482
50 88 497432977
12 90 881971387
15 16 70522710
22 83 230167660
57 72 631320019
73 95 159153523
30 61 440707490
60 67 230773206
1 18 113523407
91 95 232758482
63 81 446237333
4 79 242848618
16 17 92970597
66 68 947669140
32 73 379485512
24 39 554175453
31 81 68436066
87 90 949384808
24 77 642717314
10 87 604086778
26 73 299260335
67 76 657675883
50 53 21145236
23 87 787216205
42 69 454179371
45 72 356903423
7 92 47726058
27 32 75100393
38 64 351803639
35 88 18961856
28 33 576417525
8 32 800881291
14 41 330603526
40 62 710399137
12 62 411353631
31 57 838954624
10 77 38539093
61 97 565952191
48 98 238745101
24 84 105660624
7 21 484918877
59 65 499759914
27 58 352333426
20 68 819563956
55 77 470639555
7 32 67574940
4 75 883195270
57 86 570832246
32 42 769592925
53 58 980470391
51 89 561124239
23 44 120815698
10 34 684681298
14 58 149290481
33 59 562528641
68 93 753995330
63 74 941575459
19 40 759759009
7 65 298401314
32 97 746296284
59 93 617950582
48 96 218660354
75 85 462667070
51 71 631313554
7 33 362393018
86 100 531909212
13 33 567710676
44 47 618378806
9 97 174432539
14 45 890499885
74 97 287165446
66 99 296322990
1 89 613402000
33 69 397171021
10 72 211760195
11 15 506277810
44 60 319227521
39 87 813435193
23 82 385493174
45 96 816078685
6 58 242119717
4 76 166480389
84 100 421896917
39 52 32207598
80 86 859367679
19 25 493946866
10 38 96037049
33 64 431132256
3 48 100141900
30 80 879325583
2 10 379084694
38 80 676107163
27 73 572036716
18 21 544972940
16 32 634974480
73 76 697841057
28 44 76732858
54 93 999335573
9 35 845627327
23 86 257833989
14 73 848959555
13 16 510539529
14 33 149611794
57 84 461728491
59 77 402881145
32 79 363943324
25 40 329818670
10 58 816934816
34 39 371251259
13 71 404175526
35 68 392218864
17 53 116034472
74 84 601374226
37 57 396582616
69 88 159395655
25 68 431440612
12 80 854291035
7 97 238236951
74 98 557296477
15 43 893921642
25 39 717727672
11 33 308351193
79 98 136372783
13 53 451216392
9 27 322044432
16 45 143852119
4 58 309462140
70 100 983647881
89 97 639621519
37 87 868018644
32 34 514230103
5 69 501658999
54 74 364324028
77 79 700018429
22 65 227034396
84 95 459598446
53 73 346771015
17 91 813467612
26 45 939031431
38 92 917236853
13 50 769714295
24 86 965961455
43 51 257518701
24 28 372878386
21 78 36292865
6 48 231028658
15 56 295130756
45 56 815606134
27 80 868828509
58 75 896337038
24 43 842447492
55 99 146485223
8 29 476869585
17 56 485550370
9 31 351326376
11 78 815435584
2 25 296574832
12 79 853083819
43 45 244081646
2 3 466757411
44 45 260285317
52 53 601538040
46 48 504579176
18 80 344554024
17 60 679460275
5 99 268335924
30 79 213174689
31 67 452189130
46 89 220913759
44 70 27977435
21 80 907448603
22 34 375162374
52 69 609963768
61 98 853431517
15 94 936529158
16 55 101816012
24 87 377947008
9 53 621574388
8 73 592862920
56 71 50313692
28 86 957785378
77 86 748517650
61 71 526872635
53 91 356907708
48 95 578124798
20 44 107549164
2 45 908252815
81 100 920436062
48 58 607122165
49 74 236922761
51 90 223504755
57 79 679570678
20 89 789650452
1 54 556074992
19 53 195077309
35 53 362090197
26 82 63820162
16 72 181889084
30 48 338808764
38 43 132179395
86 88 505791474
41 65 635687404
32 61 305510838
4 77 509527018
92 97 81409465
22 56 994835679
2 20 403354554
30 100 49967502
3 38 15654912
73 74 978068571
52 57 744503981
62 66 522278304
2 62 90916556
74 89 521955581
29 61 848695940
56 83 701353472
2 49 251778782
17 34 914741934
20 56 313665946
18 76 93266488
22 84 463792241
12 97 807337671
18 48 766458361
23 81 95591910
18 26 364455277
64 92 279158544
35 69 695220753
32 41 780572803
63 87 802044847
39 57 975826344
54 73 589344324
2 74 858249194
44 99 419544250
12 30 195950167
3 88 843192731
56 65 381571016
52 63 614093514
4 93 740416506
4 25 886957068
54 65 302661597
82 98 562867203
23 72 729807444
24 63 673072943
25 97 729038051
42 91 322288083
24 71 296663775
16 66 166080746
52 65 238956651
33 41 609519377
19 22 728511747
7 18 869201531
4 17 310006787
8 77 513098078
4 49 267677576
27 96 70547698
67 78 919542552
64 87 654549001
48 79 429506471
37 49 619170213
1 13 304552693
31 75 509806252
9 51 370570844
26 70 58998816
41 49 762982349
8 61 769595465
43 80 538823846
48 86 526488574
30 60 842286569
13 23 311933274
19 72 733321181
5 47 861209211
62 99 267349066
46 72 276708228
27 90 615122852
52 72 968545754
15 53 533786263
17 77 745459292
3 37 866120798
70 93 107548154
9 24 839042227
7 99 413584267
15 57 324866006
21 47 22022930
49 98 955246153
35 46 915619283
16 61 635118854
12 50 81109507
16 30 146951349
41 83 846139450
54 92 443948476
19 47 311217550
8 89 241858507
84 98 217521826
7 58 382857193
96 97 188674080
9 36 720681503
35 40 276160005
90 97 896443315
31 71 817819911
28 64 495943285
25 35 144999457
9 96 633195071
16 57 395979953
7 54 589323363
7 50 722956829
26 65 950118010
10 62 813923841
2 65 262540179
48 67 935735942
61 81 554014499
7 23 236749693
29 79 892477869
48 69 568778954
53 65 990655282
26 92 782582997
9 69 583692436
32 50 900257103
14 21 196117300
61 94 782969585
77 81 32069836
2 30 765346666
29 30 597232077
63 82 410100661
27 42 638296004
23 39 520479578
29 85 791884169
42 96 256607537
17 41 43462887
5 64 286595161
11 80 174613692
49 79 307670184
1 4 597082249
4 54 363087955
26 79 318937297
3 62 681899897
16 53 462900096
42 56 927287898
7 38 714884707
32 99 635627724
54 58 836480102
25 31 984291839
44 65 273061506
13 26 774473909
46 52 660630391
36 58 559188822
14 62 290310059
22 42 733454763
79 87 648136388
43 85 11900598
17 29 525313576
39 45 517869045
63 72 493075105
80 100 677232639
7 47 31869101
44 64 411051119
7 85 152680795
64 74 211233997
53 63 761723064
38 49 593186387
42 48 593699945
27 64 36108230
58 97 961682919
9 67 806742136
11 81 119448654
14 98 761053245
60 70 957771397
32 46 626616037
80 82 373669022
36 79 49769523
7 79 507173931
30 94 503026275
53 76 488723979
49 84 662929106
5 89 497870032
78 88 346673487
73 86 903397982
48 83 896757476
8 56 779157661
21 24 647966279
16 38 949382227
75 91 377257780
20 52 621512834
4 94 849593663
50 68 651021728
10 83 120309659
2 73 136340894
16 76 253189180
29 45 366572695
50 92 590014920
12 86 681521039
67 100 447179002
14 30 963294406
2 92 864397429
11 46 287005497
9 73 226710772
4 59 633945948
32 69 749365382
3 66 936834455
34 78 169203557
7 52 531060279
41 87 634114261
30 36 43208136
76 84 882691067
69 86 715770344
41 50 291880163
8 93 210213512
18 22 221819095
25 57 550150405
3 93 279827668
72 100 271420134
39 76 925797072
15 23 654141855
22 74 326987727
21 91 342674203
25 87 150231009
24 82 940446063
4 20 689297027
53 87 832131243
11 65 70248110
36 82 377179452
50 64 782594650
37 65 509259236
15 99 705376995
63 89 778903919
87 89 514751803
54 72 904962492
9 16 330325705
8 55 172084236
1 32 919038707
26 75 997921498
51 72 852458223
97 98 938599334
36 47 607516635
10 90 256757657
44 81 225105929
20 43 873601019
7 78 31718279
16 84 54032273
41 100 227049914
25 65 136400661
29 74 743315976
22 89 953559680
4 29 889837319
27 41 445580541
22 68 934661850
25 42 166091958
14 61 749979014
81 85 672578324
10 64 678052523
9 37 56038213
42 76 825194945
31 32 847091321
5 24 596733596
15 21 233867648
11 48 995321116
3 60 8559291
36 50 900720646
41 46 789632638
11 63 167990986
9 40 731726396
84 92 31112575
44 53 805378607
41 82 999606763
18 63 690541315
9 15 639316364
36 96 127754318
9 21 703645048
19 59 543728926
56 90 190654596
21 98 27799231
6 89 765446604
93 98 439884579
14 89 553031710
9 100 194499156
9 38 131404878
4 56 674428333
31 65 164811972
12 60 636626027
82 96 685968329
5 13 97530518
75 88 521386087
50 81 62474843
11 60 701682834
42 90 439995920
7 74 919172392
38 82 610712554
42 89 311099403
69 83 123685791
44 66 360900682
24 54 894424146
11 72 61508458
1 84 514701599
50 59 315657947
67 97 980582743
2 48 758437847
16 95 537780317
33 38 592971471
33 85 728876762
31 33 422064903
7 13 862822996
13 60 370549765
23 40 143931526
59 70 943196719
78 91 19430061
25 33 320447749
70 91 287086562
6 72 472009804
42 79 104715954
35 59 522744000
20 35 962142320
36 38 946344094
4 31 687202564
13 31 544271117
13 27 973013419
31 35 536525926
18 55 248202532
63 73 215832917
3 19 574959250
71 74 915500350
24 29 582750899
32 64 126182801
19 27 878466174
71 100 593762660
48 52 281873762
40 70 965846065
13 94 440557649
34 45 329811931
12 92 179986049
14 68 70621058
20 21 21434287
29 65 757483754
38 68 571517363
61 78 625519477
23 62 869800361
4 78 820133305
17 97 49173186
23 24 189494079
20 92 181234500
6 78 791874559
1 73 668808245
68 95 906689592
21 65 608568521
25 93 15247192
5 87 635499712
12 72 512086664
2 34 477917431
26 43 383990029
53 86 199844006
1 34 613182083
37 48 346878355
26 50 525420763
29 35 158693484
28 92 726848379
52 90 237381625
30 63 127098062
63 65 346332172
28 48 13726401
96 99 891756219
64 68 995393148
27 52 309394587
22 46 717876970
79 86 633281872
5 17 241995413
26 98 151790045
23 35 119559710
48 77 953681930
20 41 154700512
40 54 411995885
68 90 736418946
31 76 317028973
5 58 422571437
60 83 504400213
22 48 442427666
6 31 343005393
4 22 530931263
13 47 854456056
8 19 930663956
7 55 935905982
16 21 829919560
32 43 398015604
67 92 958067396
30 59 12260338
13 72 216642923
36 41 462734967
15 88 149326830
50 78 782181311
3 34 510716166
56 99 307391458
17 46 318078629
50 98 43912439
29 60 687724781
81 92 698550203
22 76 209054266
5 32 409667402
47 61 819465571
10 30 976214348
38 84 368404706
8 58 641894972
27 39 478325156
32 58 346976228
60 79 909719611
11 73 151983937
50 96 908877808
32 87 723739445
8 81 266530129
46 95 800314672
28 54 431023895
13 64 857579406
17 82 110533180
1 10 492398068
27 77 760922183
17 92 596193613
57 81 785165517
12 83 287764588
44 90 795809728
40 76 31451945
11 53 411135866
24 41 680125677
29 100 526950039
45 83 546450183
52 70 282105924
76 94 322049957
4 41 477222799
47 67 478067680
7 67 54866340
9 58 365435673
24 46 226481134
5 50 45962831
43 100 946655382
14 80 493896249
86 96 630137087
8 62 436599395
65 80 562820472
2 67 743967101
76 86 205618177
72 80 782530120
39 83 891110134
40 89 411147061
59 68 183980090
19 64 200729161
19 87 291229374
32 96 528578502
65 100 744507444
22 41 291622409
51 58 719715816
18 77 587308309
48 90 505446379
23 65 728088048
66 80 303023612
75 99 806237765
68 74 134990301
22 92 461904498
61 80 37684252
39 49 647868749
5 70 534515128
20 84 837150568
8 34 579075527
52 71 859969824
44 77 973179680
30 49 433893391
14 48 474908137
8 72 217022636
9 52 738155305
44 73 491168882
22 27 864154485
33 73 205819000
13 18 94881719
37 83 540517648
11 19 16736704
45 53 787520120
48 80 924110959
12 74 307652142
13 59 481467408
10 35 688505419
10 31 710115230
75 92 238232205
19 99 671160961
21 82 355905995
79 96 867784595
56 92 294632643
81 96 795801648
32 85 226252753
6 18 861707685
28 91 378297463
36 72 954669704
39 86 471994706
20 97 251138129
39 55 513159333
66 98 561892023
22 33 198269280
1 83 380175920
73 81 867549806
78 98 943713721
28 36 991436600
36 95 628644959
11 97 44563976
40 53 823102104
19 69 15364393
28 65 972322764
29 51 443863358
39 90 919844901
45 67 560595817
54 89 164139208
41 68 407710649
44 91 562369593
93 97 743922932
14 86 104165965
72 89 717272103
40 78 624420683
58 78 113642480
5 84 575348001
12 73 847048069
17 55 410135398
29 47 769491679
61 64 322544586
24 97 273138868
15 54 79269487
73 91 605224502
62 89 851316977
32 94 305473337
10 97 885239367
7 49 824222220
81 98 373572590
18 57 125717819
26 67 770703186
1 24 325674333
57 60 780183917
36 43 210884460
40 46 596714526
43 62 619311086
6 63 875562686
64 99 759055720
17 98 492994585
50 91 140961731
51 62 538169456
54 56 265213185
13 85 560969130
6 17 182043373
42 51 866362192
13 45 718955420
6 49 661892204
4 57 610659027
80 89 949205131
82 93 567336933
3 51 752509308
23 60 258497269
54 69 251593800
37 78 13513409
45 63 996773522
55 83 311166169
16 97 13588418
1 46 289764803
3 39 591362048
32 88 389311045
23 94 436619464
58 81 32365038
20 33 44682086
78 92 326432644
3 82 939190782
45 86 333144701
7 62 440471364
12 37 577177307
8 22 61853988
5 74 881805212
20 26 183880169
14 72 541562057
48 49 626270039
1 50 187530212
20 99 238524940
56 89 812743963
55 67 509665218
16 46 867945240
21 50 474876529
26 46 236333731
31 62 55048480
64 82 568532815
67 91 329610548
53 66 353790905
15 59 835653255
26 96 113693433
8 74 243901486
34 49 108269387
6 12 80739942
2 37 383145539
39 63 801560744
13 55 376875329
7 59 402780327
21 56 943788800
29 93 561870616
5 90 868805135
2 98 366250103
51 78 871288319
44 52 288476230
20 46 773735979
3 33 7069786
29 33 496987906
51 55 883412220
31 36 315418122
63 94 217383199
27 31 689080400
25 54 853392499
40 99 135745654
50 83 782701334
33 67 778736920
28 35 66745838
5 86 770924384
35 36 696729734
25 27 847763262
29 56 268836743
26 29 493696652
64 97 569618789
17 64 295050155
23 46 873622344
9 13 342619288
50 67 965664645
65 69 435542900
24 53 910375131
25 82 852091938
1 19 113411579
3 18 342309855
51 82 695571008
30 68 970632695
4 40 461398803
13 68 36831125
55 71 922468580
56 80 261815741
13 30 397854085
23 92 415241285
83 88 890090785
52 74 255284106
31 55 520095908
6 19 351576856
32 62 740052035
21 74 311025687
19 30 322036178
84 91 351142184
81 97 806728717
17 26 896651716
29 34 587578482
4 81 342673442
10 18 441899300
63 70 204177265
23 37 859295674
24 32 462789271
32 86 233092011
72 92 304374276
28 30 919769134
19 78 106092313
54 86 493244649
35 94 574388749
32 70 701376946
3 11 853186051
49 71 340740055
70 97 748020679
21 30 197662752
9 77 574651067
31 60 526312193
14 53 935563131
77 85 343098986
28 31 322437261
31 53 26895693
6 14 73254709
1 48 940283266
67 85 258344011
4 66 75928715
1 65 718552586
67 90 953987670
38 94 837205709
60 96 869251736
6 39 704521206
7 10 516982050
65 91 486835285
33 57 767988036
35 97 26216544
49 99 735492136
20 85 778281127
49 51 985255923
60 81 49393990
2 28 270224029
18 86 559786614
38 81 592995888
55 80 366129014
2 35 874584278
35 71 245026247
32 65 7222158
55 93 984229529
23 27 126479043
26 72 439163889
74 96 212675054
37 45 332810330
16 24 451489739
43 69 916134152
57 59 604456612
7 90 746357364
11 30 547384600
12 58 515309880
50 85 128159406
53 93 660829786
2 13 597365083
18 49 132282486
55 66 650222414
80 96 929185494
26 56 906841090
18 38 655591138
94 100 703892774
20 81 642437513
49 82 600599223
22 70 991766203
22 26 203393643
3 80 477228834
80 84 878909442
13 22 152013859
52 76 950200192
39 68 448602203
11 43 131034101
48 55 461558931
38 88 533838822
35 44 910011616
2 84 130633866
46 55 428182959
13 63 259888620
56 64 277053105
51 70 754047902
18 31 508016145
67 68 670058148
21 39 306306694
58 76 617987560
13 79 293623290
37 85 471592356
19 34 539605056
94 97 651339192
76 85 823133155
15 55 111152641
46 98 50192179
10 81 41515568
72 98 157786931
9 91 916817382
38 83 951862747
19 43 637004304
66 67 960717241
18 98 693017078
27 83 790140279
68 85 345599861
36 52 380853761
43 81 219895373
46 50 785385301
27 55 793338453
1 39 393377973
29 48 609335250
73 78 779257186
23 47 649268843
14 78 240529197
6 43 842742726
69 93 353392976
6 74 766917813
72 96 889231109
56 73 686104916
14 24 836548443
5 35 856563468
11 13 328750117
68 70 96977390
17 59 908646885
26 37 87488819
60 84 549586262
36 90 45205472
16 82 731406421
3 41 194976158
23 32 338997032
12 39 317741168
87 92 975099692
3 77 172360189
5 22 734422755
23 54 730603979
72 90 82855595
25 80 823513680
42 55 314503274
82 100 604728223
45 73 199329307
12 14 551000657
73 93 116393808
27 49 295489551
47 63 849132194
29 78 384505653
15 41 328344393
11 61 404371278
7 84 296367483
33 70 631251749
15 19 916331800
13 93 519778503
12 17 820526592
27 88 660998864
4 15 970886783
49 52 556731111
22 72 671290918
18 47 43929396
46 71 951810488
26 40 998204742
26 71 952179568
29 36 849809
62 82 42541372
30 54 505042492
37 40 863160566
88 94 850813103
26 93 625271807
48 88 963834343
51 67 179968054
44 89 498470208
56 75 989166219
72 74 556375865
10 50 107962759
48 81 130743891
41 47 517334309
6 97 454764590
53 90 669906049
29 89 185913575
5 67 253897100
11 58 322498278
62 67 19343200
11 41 98376887
57 75 960683876
13 32 909760636
24 51 648732465
53 88 621792208
78 84 235608023
8 95 373231668
49 65 242243614
65 96 723762448
3 42 268935126
58 71 72306357
63 84 214283320
53 79 340095722
19 95 102242369
47 66 220108015
45 71 698130824
4 6 786486998
19 33 622329696
48 87 373279788
4 27 460028125
78 80 802181058
9 33 949036435
49 62 572309938
23 77 236159324
18 82 840936244
83 91 130533022
13 15 214026120
44 75 413450782
27 78 645822231
9 18 47003748
21 49 63299312
10 93 242655271
13 39 662486792
35 93 993286866
14 69 963140274
15 80 978364497
10 88 269789183
47 64 623485052
18 54 293500979
38 52 487903947
58 82 477174866
70 75 819049857
48 54 659566226
1 55 484774928
15 31 701210889
47 97 99914419
52 58 219846303
57 70 675744882
7 25 206446982
39 40 392260291
65 88 3470350
15 66 945898064
43 60 804380642
4 38 629978637
42 83 981499897
48 62 945780381
85 95 879601530
14 71 166512849
34 72 341646064
54 83 110681658
62 63 446641561
5 65 92869262
49 92 928544491
2 7 631882629
36 69 501553517
6 15 318729292
12 93 707045809
6 94 728444766
36 66 321784785
27 91 612632253
10 68 708763718
69 95 379673964
8 23 622378234
17 51 719832452
9 83 374592002
3 25 567997512
58 65 893523004
42 70 164922821
19 74 753951322
10 91 479047183
23 66 479374790
36 46 317281606
65 94 656584837
17 100 256809633
31 89 259487073
9 74 895818766
71 80 32779348
47 100 455179496
4 62 568390804
21 94 535057288
82 88 300293249
17 25 446039895
75 83 970216
9 80 788967636
6 69 822764503
28 89 959460753
39 81 757797079
81 83 798230213
4 72 312831561
3 46 290506906
20 82 861923237
34 69 862447940
22 25 682615194
21 33 957447921
3 16 140437718
29 91 249833403
30 98 969051879
76 79 322742334
82 83 12074933
15 51 606116631
31 96 800165079
58 62 5474626
37 72 70312573
9 63 109485151
5 33 69115480
71 91 558406838
30 58 246658652
71 76 968468590
20 79 563975250
42 85 527121689
20 62 980220364
24 52 102121614
16 81 178519699
12 41 628905235
26 87 87808379
41 43 466225481
92 93 175134433
20 66 784023632
51 74 595683917
17 35 846226455
39 99 293321614
85 94 131140789
9 14 731872569
6 37 478280807
59 71 154323504
53 68 318311606
61 90 501889861
6 59 265311503
46 64 56271175
81 86 290702164
18 40 948663127
38 74 376622886
48 63 482006987
66 73 803381875
44 78 949783998
18 53 34036633
8 47 484893507
19 24 299288057
9 32 148896529
42 78 104223814
10 13 694779092
7 94 720369125
1 22 516762909
43 50 859833305
25 43 884017304
53 98 457844099
56 76 92934661
62 65 164371667
24 31 966470472
18 100 732231116
61 83 653324
3 9 683093066
22 49 967833890
27 95 186063897
74 93 805487853
51 87 75614570
15 79 981137983
15 69 683506360
31 46 935407736
15 30 629017963
70 73 916928595
39 62 157901581
42 52 438810825
86 93 580753379
6 75 93039999
92 95 613376742
62 98 237701215
47 51 30783395
42 72 227437067
54 67 839946821
15 62 698763412
86 91 425639447
3 59 641829955
34 52 187754350
23 96 548735908
1 53 786803032
31 38 580911765
23 42 139699272
40 43 492428455
33 77 794186200
5 16 444377766
28 38 214496019
24 75 310426909
23 64 46383523
78 86 234291426
15 26 22717640
6 65 769063925
36 85 255584048
64 71 183332963
5 46 197024514
21 89 223467664
53 78 459186506
9 72 134315176
27 53 815625775
15 47 728515250
6 26 107418365
92 94 369287488
6 62 533424811
20 77 362777841
47 77 708974930
68 82 925565329
10 79 525724414
16 51 815464855
67 77 372735797
56 67 407725666
48 53 443780921
52 66 985721195
22 95 973331084
10 46 749859122
7 20 379767585
34 56 630016512
9 79 529069188
18 56 671205119
63 97 881087565
22 87 314495266
49 60 299367995
63 79 554457583
43 61 336730126
35 42 678190000
37 91 606016155
1 58 673405587
33 79 531613782
44 55 511027316
52 87 296299085
1 16 906497892
20 30 942528366
19 46 270426690
6 22 440295569
34 36 420522949
55 61 297093890
6 30 148783122
38 73 443987027
17 87 622902020
27 99 632641320
18 79 334175084
41 64 945845513
42 60 751631261
6 92 690571033
36 80 955127679
20 38 373408093
8 43 966398618
76 80 349736542
86 87 767965191
9 95 98495464
12 16 604284345
73 85 541694149
47 52 195140738
3 87 946614899
41 66 579784681
10 100 787652545
80 94 571897367
16 67 466014393
79 80 253468909
76 82 387909068
32 47 518968974
23 83 372987800
59 75 70705376
8 100 6630360
10 82 376438972
10 19 195553840
26 97 149530866
16 56 889009023
30 71 301664686
22 45 612445832
40 93 177574445
59 89 189449393
58 87 788622421
19 58 767190804
46 88 967044959
76 96 918926672
8 37 635262860
58 73 358435767
53 60 224538609
34 62 870199176
75 100 972711983
15 37 431598489
8 17 50990479
19 70 559730074
39 67 741635353
14 99 554422697
29 55 957976160
46 75 738492982
7 93 52306526
9 59 304027756
79 99 104735254
69 96 598679985
34 60 938784708
54 59 262569397
30 47 496424263
45 89 162826930
38 87 872327959
17 67 241536211
13 87 911080916
53 95 841555311
2 89 871155010
50 72 170621531
61 73 667473679
14 19 473429923
86 94 567901455
81 93 76758114
34 65 200104792
36 84 924326064
4 91 784283658
4 18 312641626
12 35 401492331
19 65 963979804
19 92 44532999
5 40 139872533
26 39 861621644
13 76 992379441
7 35 747809063
4 37 76201169
25 46 162797068
49 90 382939378
56 70 695258451
25 56 816123413
42 63 758757751
22 39 135311897
23 78 225083276
77 90 598336904
58 100 108386423
27 98 49955312
14 40 503250951
13 73 427402648
6 64 39312984
90 92 922208827
60 69 611596002
19 61 896218294
62 85 773487761
43 88 48254953
25 52 717333771
6 57 705154831
75 76 958927220
42 99 854795208
45 54 770419622
41 59 222940356
12 89 688706053
11 45 210058861
30 92 786236494
34 87 192595083
5 14 262053298
7 29 647505613
31 99 911954940
37 88 910583466
1 76 38163748
73 90 338518916
28 56 56058209
13 40 245447263
41 97 836029391
16 75 728773065
55 65 836167691
18 84 976234817
48 93 695390339
52 75 405915412
54 87 705040713
35 91 394576442
22 78 630094917
26 88 771624221
5 82 565372928
26 77 855410534
45 60 83589488
42 44 725370293
35 84 780644656
35 72 474371602
29 57 64774236
11 91 400480322
21 96 475878759
55 98 642369024
1 97 409979006
77 91 781557988
41 81 934082668
18 91 217674156
28 94 656610457
64 94 883586737
16 22 868046652
36 40 375192906
43 86 815437334
38 46 98821210
54 96 739302863
30 33 649878148
28 95 773007753
32 52 544854906
43 84 41717430
1 57 522402082
12 84 791098132
17 74 219045911
15 100 841182874
18 61 543018549
16 39 681803759
18 33 369265805
37 69 542105362
18 69 84982993
66 90 420455532
55 87 88150643
51 56 713600656
37 89 358879932
30 42 806001880
40 91 370524222
11 34 161515979
42 57 434389468
20 93 89960353
4 95 512780302
6 91 338980255
72 79 986458471
45 93 281764659
33 87 483277261
11 23 616562441
39 47 995619629
18 72 339627647
30 52 500310062
6 23 590708403
38 59 598449379
5 9 571714267
54 76 118576167
32 35 896678381
6 36 178989009
44 59 308149745
17 39 967040723
7 36 895175519
66 75 906029968
7 24 27576920
88 91 663553012
68 72 423884908
30 43 308691829
48 85 647655198
61 62 682050173
40 83 354571501
2 87 789899759
48 82 943933095
20 74 487110099
47 92 240465810
30 78 51150164
31 50 294634088
60 71 333387951
32 55 908838972
35 78 312719144
85 93 218011720
50 51 32662722
57 93 472273684
45 47 318510081
52 97 205681485
22 62 784989029
82 89 712264057
3 78 838082359
12 27 893034647
15 61 580683997
52 95 749455105
53 75 891956416
11 28 480545314
57 62 194543518
65 75 897363498
64 76 215812105
78 90 610151805
3 20 784134048
50 63 966724797
76 98 156643499
8 36 691819468
93 94 137261250
67 69 875854169
5 54 269065344
51 91 748654585
18 59 403538706
66 96 352795034
25 41 552883172
21 67 441986836
44 68 904423640
24 99 510345759
83 94 871733371
80 91 580543434
17 88 453899206
3 54 694382224
50 93 257254685
2 78 863383780
36 94 385042674
19 67 281581129
91 96 413819587
23 38 920017244
14 88 434741412
82 97 133282704
4 97 827574281
25 63 789102617
76 92 839860961
7 68 805035969
26 27 234859757
5 27 278783337
1 41 939169206
32 66 335227582
18 89 374633790
73 83 336496942
6 45 644099820
77 98 684048440
29 86 606035117
21 83 610165286
54 79 504925637
64 77 457089079
72 77 528554769
49 66 342917822
25 69 733805445
43 55 356062656
1 64 733493418
68 78 512358342
31 48 440545161
15 97 868397731
70 88 616918732
19 62 511378710
2 79 123756195
25 86 956501242
93 99 685870188
35 50 185264179
83 96 315008663
1 51 878416035
39 66 87463532
72 82 568131854
83 100 266185807
47 85 360368034
26 32 142642359
69 82 940622218
5 83 685960684
54 100 574944539
32 93 819674921
23 67 387328253
39 79 227381493
54 78 525206982
53 74 402521321
41 74 332691812
24 70 608867518
29 72 93365957
65 83 283434374
80 99 726462421
16 54 367067309
44 57 30057820
58 68 678362478
65 76 116910043
49 53 203059905
29 42 647774065
62 96 223311244
24 35 691391411
57 85 685149642
16 71 106312094
29 50 102320631
52 55 542391325
8 27 310685647
35 67 796477710
15 90 229557953
33 83 173036722
30 67 167592901
17 58 182200065
7 81 105947560
32 37 251182427
54 85 610884456
18 97 718302666
24 45 493488249
42 77 23339262
59 91 777575714
22 97 267158987
56 84 414517488
63 66 194656727
61 82 758304813
12 13 234005910
10 32 700544491
63 96 141924909
2 23 325836891
10 29 491875662
15 42 448150308
7 57 99744751
42 88 239212336
2 27 555490768
17 18 609337640
7 46 262897893
62 72 473268809
72 84 588635451
32 71 746040450
38 96 682392825
25 73 263891040
76 81 947531554
55 75 294442379
75 96 132915068
4 23 435838482
15 75 325286122
36 81 734311423
50 73 556873428
11 38 291949525
29 95 854485598
57 66 852164332
12 88 848495228
21 70 974257466
45 90 747072189
17 84 448149791
6 32 987688875
39 69 742088524
13 56 785951400
14 93 870682629
44 50 494361035
5 92 476592304
22 55 62389370
84 90 17424239
22 40 184809985
65 73 554746864
45 68 902097969
26 55 903768682
62 95 994715892
1 62 446739289
19 86 604177129
2 22 333169986
29 69 147665767
62 69 925754358
70 86 160839658
27 30 315460414
28 96 24737129
5 42 530182300
63 88 64034093
33 93 620049708
60 91 951550645
16 33 467406426
22 80 260202257
49 80 130934452
31 98 167985285
6 68 475381892
42 65 948915241
51 59 417899521
51 96 220065229
3 98 407793744
44 82 174106181
67 70 175532380
34 99 668654698
69 74 892968712
55 72 143286850
53 72 760656300
1 71 342463346
23 56 527788791
58 83 301447495
54 71 875013629
26 52 319941500
5 23 263205820
15 40 689570191
8 12 940070272
25 81 998876771
64 80 912272414
98 99 979342193
55 96 614812068
2 60 179616340
2 8 37683903
11 31 276910080
7 43 517415770
81 88 819568833
16 79 647924061
14 77 524029895
12 85 809051286
4 87 319793241
21 51 446133827
67 73 709322504
33 62 821120934
63 67 981968528
5 100 307027085
2 40 624121420
15 49 464190177
20 86 941076462
28 68 367943678
18 23 905640596
58 79 963656541
10 52 363856174
22 58 742685563
11 32 541443202
14 16 80134968
52 62 465235317
1 81 763796622
77 83 852173234
51 65 956269728
15 91 883954805
63 83 365133761
28 50 695539967
68 71 699912595
60 90 982976715
18 34 49426507
24 59 998083517
16 87 922791467
36 97 739406531
20 98 762359486
41 69 164882382
56 58 566966567
47 53 595453355
1 70 429423011
32 95 625787129
47 60 859367573
65 79 877626754
30 35 643043763
60 87 381128715
19 35 693575925
15 95 206991789
70 81 409276068
88 89 333807192
10 41 102146173
3 72 182282856
52 73 411151699
17 79 87242627
90 95 125624209
75 90 173678797
92 96 864009110
6 11 677187887
68 98 283183939
40 50 782829181
12 99 888850034
45 59 525889344
29 58 928587486
5 48 578309667
9 84 841382725
5 11 202713420
19 98 712922692
13 21 328577489
27 84 10241897
66 87 140741248
11 86 639373008
21 46 616414187
59 62 610167778
2 80 27135905
4 73 418371283
78 87 40610253
45 82 294148367
15 33 946658465
21 87 538618221
6 55 559166905
27 37 950057231
24 69 59368518
26 28 487991009
71 72 94834600
4 14 564482394
18 42 222422824
23 31 121983888
30 65 275185583
60 75 688590883
91 100 22852145
11 14 148970134
87 94 501055731
9 86 539952740
71 88 205669241
74 83 296018573
41 77 493122520
1 8 470557040
37 56 369497087
76 87 789650402
7 56 26484195
20 73 266816407
36 49 9216923
2 56 71148183
7 91 379158176
55 56 728191737
26 53 668718961
61 95 25713912
40 56 973657352
5 21 589125687
1 27 992597148
29 94 710369379
20 83 353212272
25 37 179692556
53 57 979755565
10 84 419503391
24 58 472709007
55 62 303421484
22 28 230370645
79 81 388169463
56 82 380047013
45 64 497422641
85 87 977027899
41 94 798141514
91 93 449133790
52 94 194014915
33 46 919897641
15 52 298135895
19 75 169695312
6 99 684012349
32 82 492843801
70 78 326395524
48 74 124005000
17 43 135202726
6 56 864778768
77 80 924989302
11 84 878228592
47 79 164428145
71 86 546869462
17 99 199329169
65 71 943889633
57 100 453246461
4 36 92766061
1 30 426616190
13 58 176948508
40 97 901703531
3 76 212158968
47 73 153320663
33 96 226713294
42 95 808052601
27 70 662182334
40 67 821188718
27 81 819856314
28 77 10159883
77 94 901109582
20 75 170845702
33 91 431404566
56 62 993216109
36 91 852265424
42 62 144489447
1 63 660193127
11 94 458912300
20 78 593960124
27 38 547790995
18 51 575264650
12 61 55601854
15 44 645982178
65 89 39031487
63 78 882807127
57 64 922913846
67 84 689381151
62 88 831168449
66 86 783717021
65 85 154489870
19 83 918993131
84 85 988888758
2 43 908232160
21 66 11963189
13 44 531960228
61 89 434523255
33 66 109920320
70 85 853027135
40 60 237216768
74 78 776426430
36 93 575640546
7 48 226261223
8 15 32705320
2 86 383221218
65 81 715665775
75 89 766651681
9 39 850051590
20 31 957804987
79 93 16608860
68 99 761262403
45 81 632498865
11 59 386576727
57 91 171210671
3 61 732181420
17 90 471994469
59 80 801703249
35 45 901920535
10 65 595898394
55 58 588112142
68 91 970622367
33 84 394117021
88 92 851136305
22 31 253828627
16 47 249616451
38 89 34138981
7 31 700846011
10 96 596288858
12 75 300366587
77 93 195270909
59 96 991641964
24 37 682627464
49 93 771138676
47 82 401674658
12 67 676906304
20 50 639626213
41 84 879521985
46 66 456254828
57 67 769318191
72 81 949286796
6 10 468480636
35 55 872169926
21 36 443401175
5 8 753329108
82 95 742023165
2 16 181294231
44 67 52250826
67 99 934688788
2 50 581507753
28 76 65819187
24 25 870312803
41 86 905333799
33 61 853194414
64 79 496588746
49 85 271923769
37 39 284684766
29 37 753155769
57 83 363689002
43 93 577610414
38 40 497247522
7 30 594295799
2 57 208004650
21 58 363004770
2 44 647852471
28 52 669435771
31 97 88526594
89 92 271556469
60 82 340331460
38 62 732583810
55 91 696665762
18 39 426006197
77 84 254520829
11 87 577980438
9 41 965376512
30 56 366911537
3 4 375983629
38 50 238509606
21 41 355458068
8 21 625360788
69 70 308411343
6 79 614506018
60 62 259990765
20 53 968655166
26 61 835315149
48 84 835905555
49 81 963565136
10 33 809273147
77 95 985653703
19 20 198996866
71 85 819982138
1 38 754621837
58 89 646534727
31 93 933339762
8 26 95797404
72 86 768291274
39 96 732180793
20 39 733895302
17 75 518708024
12 81 40583135
26 31 272151200
65 86 233137010
67 86 696834569
48 65 224480698
22 93 753250722
26 42 824805687
47 48 366405504
47 86 526233863
18 92 668232220
16 25 499431282
79 89 386330155
14 36 585176507
77 89 897958815
28 83 166027146
71 81 632260751
28 75 838722407
45 88 408583517
6 29 26144354
27 54 26174543
1 60 225182251
2 18 711267598
37 43 548328879
23 93 947804092
14 17 382377994
28 60 478663605
11 49 432948672
45 70 817337317
88 95 125853603
97 99 534280041
14 65 72346943
30 99 735305096
42 81 17262708
25 100 55593883
2 17 866256188
3 71 504678098
41 79 965783731
3 30 140705581
18 27 5549852
38 72 302519191
70 89 794317150
45 84 751033189
5 20 576322186
41 42 693638981
22 64 835805273
15 96 214994019
1 86 767744597
1 35 707883570
62 84 430101461
3 85 574734955
14 44 726206258
13 95 472155786
4 10 398617159
20 57 560675416
16 64 393318795
52 77 625068550
70 90 481057238
34 76 551111731
21 62 491893623
28 93 106201099
37 86 912427949
49 70 278102786
84 94 88639017
68 100 29496885
50 80 474094382
3 75 471248063
39 89 888102498
23 51 194183701
12 45 252121664
46 51 159960842
5 28 943167496
61 77 684404953
86 90 295494347
38 67 195374235
55 92 178238162
21 44 375064356
31 74 295655301
6 13 182368747
13 75 629543052
7 98 431407313
4 53 510066111
69 87 111103014
28 42 796004382
6 71 698714047
2 53 165242737
4 48 948785935
47 59 718168532
14 84 677186448
19 80 862670254
12 57 834471459
47 68 258386266
33 99 334108616
23 100 50464497
1 20 107075740
29 81 290800573
50 55 61535054
23 85 700790832
35 82 186632625
17 94 468372684
37 80 581158863
72 93 105515820
4 92 571247584
13 97 480333138
24 91 354994020
69 72 88902078
27 63 707327832
30 66 967362257
11 36 787572952
19 32 982594316
62 100 417347326
70 72 433527007
35 95 672202083
13 52 808970825
34 85 19556288
73 92 571966419
3 24 328425062
22 57 886161065
25 36 99429658
19 88 165031370
1 98 489927664
39 71 833351525
10 63 651603641
61 69 938011013
86 98 921594432
44 95 387253185
73 97 702276951
72 76 538571546
10 40 846059050
39 73 295975120
17 62 631092061
14 37 315759780
58 99 933349093
74 95 307098500
7 73 880124522
95 97 188530571
22 81 498710933
79 97 751864501
49 96 417436608
8 48 318326942
27 92 116846528
40 52 179305687
90 96 313944732
29 59 749753444
14 38 823077103
60 78 421875028
4 9 298732438
29 40 202655273
52 99 877580085
48 59 770385193
23 69 914659456
5 63 324859723
3 5 518973891
35 64 625097006
16 100 635032723
95 99 229178202
5 95 764033412
57 61 588445896
12 18 635883201
62 90 115756221
33 65 352522225
11 93 578409134
27 93 793986753
2 21 133861762
62 92 801383170
1 96 907737069
14 26 908989080
54 97 657381286
2 85 917985834
7 45 308620313
29 84 76504214
34 43 220871102
50 76 263292512
61 70 448273199
33 47 530255443
2 72 747275806
55 94 51644876
29 98 978074462
17 32 499274101
13 19 276931427
63 75 881078718
37 66 372925961
60 66 979022758
21 22 388248033
35 73 152553611
40 58 143803509
24 49 660758210
22 50 46792843
47 69 726502656
29 99 528532290
94 99 463490551
19 84 315052528
59 63 914546791
24 83 984784155
46 59 36894663
21 27 437608930
14 74 278181594
23 79 202581020
39 70 285970711
33 50 299449844
44 74 144582749
12 29 944204579
75 77 251629091
51 73 496284989
24 62 186886824
51 95 464938531
36 100 151363291
49 72 278730308
7 15 878964394
9 87 201327788
10 20 388705471
57 71 69007031
42 61 393818299
31 83 820139167
70 76 136632848
2 81 376528737
38 69 949234193
41 71 775931500
37 44 762595330
7 51 791708415
53 85 547746762
5 52 174335644
22 100 23061668
37 96 182537497
49 63 155367979
6 95 767971921
45 95 108871289
3 29 208337389
86 95 342076108
71 96 427508410
74 77 883760078
14 29 152361546
9 20 740859997
47 54 99035033
1 74 491597605
25 98 373494504
1 37 640577477
40 68 113141963
47 99 144572025
56 69 25270203
53 71 281922119
19 90 264364947
8 20 338488123
50 56 5036909
9 10 464945575
42 45 137030329
1 40 36972673
28 53 981776210
2 24 266032938
1 21 204655822
1 80 430739019
18 83 863208290
3 74 17432732
7 89 691242110
5 97 994811309
34 44 304115637
23 33 302655393
43 92 943946018
26 84 856246881
1 72 731920959
51 52 233879804
46 58 893090237
73 96 217576665
42 97 830295682
79 82 458391450
13 66 310604794
27 47 276309983
15 17 380381898
18 65 277751317
1 45 146589561
16 44 550310192
7 82 389799489
84 89 690721124
22 63 734643854
26 80 890480682
11 16 871495691
47 78 660062012
35 77 122735874
24 61 526751826
3 32 935275696
3 43 587751622
59 83 42088321
9 42 141722098
89 91 181674104
17 27 995132902
52 68 430289650
21 31 477647103
67 79 753293513
29 83 333660701
36 59 906082396
9 49 490496626
29 54 307166075
40 98 905179029
44 71 441827028
3 91 623286782
32 54 506246307
4 61 826755898
36 75 657169439
33 35 806794308
61 84 343894599
100 96 991154240
46 95 980241047
24 43 974374074
98 18 974266742
92 41 956289444
66 26 948978155
15 91 944373075
101 63 907203031
30 26 906063077
93 72 870346427
58 63 865419253
16 58 860518466
64 64 859604818
29 70 855229061
95 84 851652753
40 65 844012239
34 68 841868936
23 14 841273643
18 64 835201814
36 28 832805098
30 74 798732465
62 118 793100522
77 16 781991761
14 1 777838301
7 80 760159653
71 78 758398010
61 37 751121655
19 31 746317067
77 127 732105605
65 89 706968950
33 125 704487518
5 126 702605444
124 15 671413084
3 105 669345061
46 32 663041129
56 66 657037226
8 1 655489234
19 11 605669239
96 110 593660160
44 21 592624638
34 115 590564730
120 25 565654107
55 54 539157708
78 114 531314587
55 31 509359551
106 36 490972888
61 106 484635945
100 51 483198878
49 62 476536543
107 9 472879458
2 17 471674151
22 31 471187372
43 14 468395507
124 44 465701473
40 7 464228657
114 127 455476867
61 42 440675785
10 5 438325145
39 31 428730489
60 116 425942983
5 7 420882601
35 95 409061536
27 125 408229846
102 20 405200077
59 53 390930391
104 8 355917566
125 8 352558052
123 32 348321069
22 97 327111849
102 120 307162000
125 73 293800981
124 73 291785899
66 113 283368537
31 19 264219558
98 117 250627592
17 83 249848936
78 14 244569306
86 71 210247268
27 108 200645848
115 114 194459878
101 26 181956303
86 79 150461738
20 92 149677401
127 26 147121937
108 100 146185702
5 92 143712916
92 71 135099912
113 1 129238196
109 16 117000275
82 2 108924995
73 71 101845752
83 70 96970998
99 77 87480044
7 11 85393566
125 13 55572041
104 81 51221533
14 2 50783984
114 67 14183399
73 2 8874171
38 119 2820215
