6
2
1
270
21
1
27
88
15
2
95
1
7
2
2
23
28
2
97
54
35
1
1
8
59
192
104
1
61
12
5
55
114
50
3
15
126
2
62
86
1
3
6
3
136
1
34
1
18
7
8
137
1
1
29
1
179
226
109
81
2
4
24
2
96
6
1
3
1
40
34
11
2
106
16
1
1
101
9
7
4
6
39
1
3
38
1
4
20
1
58
10
1
69
46
18
1
29
2
1
1
2
3
156
2
14
5
1
10
7
58
75
20
1
1
1
2
258
1
4
48
1
51
22
81
167
28
7
1
4
2
4
20
46
1
6
2
37
2
50
7
38
6
46
1
2
19
42
1
5
36
2
7
89
3
34
6
14
2
143
3
151
32
3
2
2
66
6
2
6
2
5
6
2
6
3
2
57
1
80
6
9
5
79
1
1
52
6
1
93
4
8
1
1
24
3
2
1
1
22
22
8
3
1
3
37
16
5
102
1
41
6
204
4
3
8
1
66
6
3
51
47
117
14
4
2
6
1
12
1
22
17
8
1
10
5
1
11
161
7
57
1
2
2
11
1
61
3
110
39
68
21
2
10
70
1
4
30
6
1
17
282
105
63
3
5
2
2
2
63
26
1
1
4
53
61
3
87
1
1
9
1
2
6
43
93
55
14
1
1
2
6
122
2
1
1
98
55
52
1
2
185
13
20
15
56
3
7
139
2
18
30
15
31
3
22
1
78
3
17
14
8
1
1
10
4
46
31
4
62
1
3
44
6
3
41
20
70
6
13
40
3
27
2
24
1
21
24
40
85
131
103
10
10
56
1
35
97
2
1
3
22
1
13
1
19
2
23
3
45
23
4
1
15
1
3
25
12
11
3
77
2
1
2
21
11
93
17
69
1
21
1
23
3
12
23
19
3
27
6
3
47
13
16
6
5
20
52
8
41
43
1
10
1
7
27
3
14
13
74
16
1
5
3
87
3
14
17
17
1
42
21
66
276
23
3
14
4
1
4
6
3
24
6
4
4
33
3
9
3
2
130
9
1
2
12
1
15
1
3
10
1
2
1
76
103
3
2
10
1
17
9
86
4
4
5
6
30
12
1
70
18
14
15
49
42
1
90
10
7
216
3
3
37
18
1
27
27
1
1
28
1
4
57
65
111
2
1
52
1
7
19
3
4
19
1
24
107
24
1
1
4
18
1
2
3
47
27
3
6
9
6
13
2
56
8
4
11
2
34
11
25
2
1
1
1
3
11
203
91
5
44
10
1
4
258
7
2
35
89
213
22
1
60
3
47
1
199
10
63
8
2
2
2
6
34
22
44
11
5
1
2
1
121
51
8
90
2
4
15
1
5
1
2
13
78
5
160
14
8
20
3
1
38
11
41
52
6
17
1
1
71
2
9
32
2
72
33
18
15
15
260
1
3
17
48
2
24
6
1
2
10
1
2
6
1
124
10
2
187
5
3
9
41
9
142
1
26
6
6
3
41
5
33
1
210
56
5
6
2
1
1
1
3
1
115
1
68
25
5
4
1
104
3
5
24
1
1
10
12
3
1
51
2
117
65
1
2
14
1
2
23
119
2
1
2
3
1
168
81
51
1
2
30
18
2
1
5
2
4
1
47
5
1
5
44
4
255
3
252
4
1
1
1
33
65
73
3
19
7
245
37
90
155
11
6
2
47
6
1
14
4
115
6
4
10
55
5
99
3
75
56
71
61
73
121
1
1
4
2
1
67
4
66
12
23
23
9
36
48
1
1
2
1
47
64
2
3
6
11
52
107
70
7
3
22
2
2
2
153
1
63
43
9
4
9
26
3
27
1
1
60
49
14
166
34
146
24
86
11
1
21
69
5
3
203
21
1
14
43
2
18
131
1
174
1
22
19
57
21
87
1
53
2
2
48
269
176
24
92
52
2
19
8
11
1
255
5
1
4
3
1
1
1
13
30
18
1
305
5
73
71
12
7
10
19
167
1
1
