1
171
54
8
6
21
112
126
2
2
16
4
100
99
160
3
22
6
1
110
40
1
16
25
31
120
86
11
50
18
50
14
175
5
43
55
19
88
21
2
27
27
6
6
7
83
1
151
3
22
1
73
31
43
1
11
27
1
20
84
28
26
2
4
1
39
14
2
1
1
6
76
83
10
2
6
1
14
108
206
235
6
9
3
4
4
68
27
7
58
1
1
4
4
1
2
14
1
1
2
20
4
113
24
26
6
9
7
3
13
44
105
1
100
22
4
1
1
68
2
2
24
35
28
8
29
51
76
6
7
58
7
1
1
75
3
33
1
25
6
1
2
9
33
2
12
26
202
32
2
4
2
1
1
1
1
34
5
24
10
8
239
1
3
48
65
2
133
65
3
9
24
20
8
5
24
139
1
1
188
7
1
4
1
1
22
6
1
51
215
24
187
6
137
33
127
70
42
1
2
33
8
79
5
4
6
73
128
1
44
50
23
4
1
1
4
209
72
3
9
1
1
5
39
42
1
1
31
3
19
4
4
1
22
5
53
1
4
4
202
1
89
2
4
2
2
1
2
3
3
5
2
2
2
1
3
1
2
4
2
1
26
5
11
8
7
118
1
27
1
76
53
2
1
11
62
65
47
2
3
232
1
21
7
3
22
4
1
30
10
23
16
64
15
2
17
5
59
12
41
26
83
3
5
1
112
4
7
23
162
24
1
104
1
16
2
5
1
56
1
7
21
14
2
60
101
1
90
18
111
88
51
5
17
4
71
5
82
63
33
27
22
1
50
11
8
17
256
9
139
1
3
195
2
18
1
78
1
1
7
83
6
1
68
49
1
1
2
256
7
1
15
1
18
5
1
51
50
360
215
3
60
50
16
1
3
23
317
1
12
9
7
38
58
1
1
5
29
154
57
1
39
3
109
1
124
3
1
139
222
37
83
231
27
165
16
39
2
2
130
94
10
18
1
26
24
3
2
7
6
6
2
43
154
132
112
3
34
34
16
4
6
1
1
225
2
1
36
13
23
37
24
17
21
10
180
4
11
151
3
13
33
43
78
2
13
10
13
18
1
1
29
28
158
30
13
21
2
124
1
2
175
1
50
125
22
75
36
4
36
4
32
63
117
1
3
32
7
46
1
202
18
7
48
73
23
1
12
10
9
10
59
4
20
1
7
3
13
1
140
32
8
10
184
7
47
1
34
6
28
6
1
4
9
2
245
122
13
2
5
177
5
1
8
82
84
12
7
1
2
50
5
2
1
98
207
100
11
69
28
1
104
142
67
26
149
110
74
10
65
6
2
11
15
1
2
51
101
14
9
138
66
259
1
8
6
8
24
6
36
40
2
2
8
3
66
1
8
10
164
41
17
6
114
5
67
30
1
21
2
8
29
4
3
1
5
2
1
9
9
55
63
16
26
11
28
115
4
3
9
7
1
5
172
6
47
83
162
144
10
168
1
98
1
44
8
5
1
20
5
4
15
12
18
1
10
17
4
6
12
4
6
81
4
3
18
34
1
16
1
100
3
8
49
21
51
215
3
2
12
6
2
15
224
26
21
27
1
60
5
29
1
2
1
2
14
160
8
30
75
22
18
114
1
7
16
1
58
48
4
2
4
114
7
53
1
60
3
155
1
124
2
195
6
30
1
2
4
6
6
24
3
16
285
1
133
27
1
12
31
70
1
9
62
5
86
121
9
77
13
25
3
5
56
83
21
137
1
58
10
11
1
4
15
23
5
30
50
1
1
99
99
1
7
16
22
150
36
48
55
12
18
1
31
1
137
44
1
162
99
1
207
5
1
2
1
8
213
17
6
1
6
1
60
13
6
67
39
4
9
123
28
104
9
4
197
11
176
177
103
97
10
21
1
4
12
83
2
86
95
3
59
50
3
7
2
14
49
1
1
1
140
11
44
2
2
25
3
7
2
3
1
2
34
15
141
32
190
8
27
1
25
1
1
22
2
2
12
3
16
37
1
4
42
3
106
2
31
111
51
297
30
21
81
29
44
63
14
12
79
17
6
2
214
27
82
48
44
6
1
3
67
58
13
1
220
4
40
1
1
21
20
1
292
45
29
15
182
2
1
18
2
38
21
2
3
60
2
11
104
17
1
227
28
50
33
3
6
10
2
2
4
1
8
2
1
6
145
32
7
1
3
54
31
4
7
152
74
11
22
2
2
16
96
1
28
2
2
2
26
28
3
76
38
1
35
1
67
5
9
6
94
8
38
27
89
186
35
77
7
3
1
3
1
13
1
28
75
31
1
