138
2
199
182
318
7
9
515
221
67
39
547
338
25
377
153
1
4
5
29
2
48
115
625
2
1
515
383
2
16
180
3
672
56
2
298
87
378
1
259
6
17
372
141
410
78
15
7
12
293
453
73
244
4
1
25
1
360
30
171
551
3
534
9
154
1
1
512
2
511
455
39
68
18
30
13
9
186
1
308
2
597
1
400
517
513
56
31
457
530
1
273
379
4
145
476
2
372
282
1
13
483
376
275
1
21
23
143
179
84
25
396
148
578
272
54
190
115
3
1
234
33
13
256
34
152
105
29
168
463
166
186
72
52
234
2
253
53
403
21
180
256
210
5
285
49
30
606
1
278
560
512
10
17
9
247
4
33
29
20
1
15
310
1
186
2
3
156
1
37
3
2
25
3
599
89
472
270
4
1
395
2
5
416
1
450
2
157
431
4
33
325
146
69
51
283
26
3
32
182
1
390
123
7
451
10
342
1
8
198
36
330
40
373
74
45
398
2
11
259
1
71
13
297
7
1
21
307
21
43
53
93
190
15
306
155
90
32
409
295
100
32
62
2
10
1
1
55
431
4
463
319
14
451
371
156
186
395
217
61
234
627
158
337
3
315
11
30
658
13
3
483
6
489
16
2
414
1
116
427
36
20
18
306
1
489
2
31
397
2
325
2
7
79
37
166
130
11
25
3
24
1
61
8
10
53
41
142
450
4
3
19
177
28
153
117
636
2
1
7
328
536
150
14
1
3
39
122
244
10
204
1
3
70
24
105
160
347
41
338
1
175
93
28
428
13
43
63
543
134
138
239
233
389
1
95
263
316
128
32
1
301
6
120
342
24
15
195
218
223
335
504
482
210
571
31
235
9
25
115
6
9
2
102
509
146
94
4
442
606
373
67
428
2
348
7
21
5
7
1
366
14
22
8
2
8
345
531
2
450
8
595
305
1
438
252
17
31
1
387
397
311
405
32
3
88
1
136
302
596
3
379
490
95
5
239
27
1
313
389
77
125
27
311
12
4
122
1
78
1
9
503
115
10
151
565
43
77
2
275
310
325
8
1
444
2
201
8
3
1
347
359
18
575
140
27
1
221
152
17
393
14
127
3
8
362
472
1
279
8
10
231
21
182
6
1
264
2
86
152
69
25
1
220
11
69
524
2
1
47
311
263
158
298
268
452
466
58
9
2
538
7
1
5
83
259
307
428
300
1
165
82
5
26
152
2
1
229
232
461
543
372
31
27
1
506
378
282
1
83
1
46
152
69
57
1
10
1
601
9
461
165
54
190
26
146
1
230
1
11
490
15
14
191
360
3
242
24
209
31
252
15
30
195
455
615
461
6
207
6
70
14
6
17
162
551
162
64
38
268
58
38
443
23
9
360
255
285
561
345
442
5
154
496
191
535
237
113
9
200
357
573
39
2
79
298
304
91
260
1
131
477
417
50
6
21
9
1
89
191
58
6
314
87
81
203
50
47
1
573
68
56
34
181
366
1
4
14
222
18
543
111
524
92
369
25
27
264
1
1
1
61
272
281
25
23
36
341
148
67
373
243
1
30
1
101
282
5
9
278
168
146
427
5
561
273
271
432
123
429
48
325
342
638
227
36
47
5
1
3
18
217
480
6
1
1
16
280
527
42
4
412
337
267
435
179
75
143
123
13
242
3
116
269
63
114
11
522
2
131
236
2
606
4
30
33
15
17
1
550
3
58
34
102
208
462
76
192
247
374
2
282
337
530
121
81
92
62
251
554
308
11
399
469
45
154
2
350
122
56
368
55
520
282
36
45
413
1
65
1
105
165
19
66
3
502
16
107
278
141
150
494
479
252
1
226
157
1
1
89
5
33
414
343
12
285
340
170
50
88
28
288
340
7
645
7
16
501
461
130
309
348
516
253
39
392
182
399
446
551
251
371
53
10
524
7
317
2
22
139
304
311
190
85
330
122
43
414
2
2
2
397
25
335
4
376
104
5
31
4
298
334
2
46
187
433
11
444
526
431
463
509
8
147
2
5
253
256
2
29
25
224
7
6
28
83
392
7
57
23
514
331
254
217
2
144
24
510
20
1
94
57
6
54
27
44
226
1
2
368
27
35
271
480
4
5
446
82
96
311
26
245
142
368
461
6
242
275
125
3
56
3
387
1
305
217
17
124
283
12
114
388
24
4
2
60
45
213
483
9
104
93
1
2
23
134
1
476
1
175
252
94
273
69
26
158
3
85
6
54
78
3
389
28
30
424
282
567
370
3
2
508
14
4
468
113
380
558
