0
0
0
530716
2306674
1153955
2306674
1814397
0
2070481
2086529
2460175
645779
645779
0
0
3614130
63459
2140681
384083
178850
2806299
2806299
796058
241642
1068189
437125
4091152
2948123
929951
99788
139690
5394612
190649
0
205362
222965
72218
420471
346278
1222723
221312
149094
192882
126275
126275
892868
964931
3353939
937990
45125
1034421
649114
146161
1433368
3503847
734125
187385
657841
632301
224729
1115672
0
1259636
391922
1367144
402231
857969
28879
391817
0
477939
5011127
0
1166703
1408190
0
0
994503
665041
1847345
3917824
1067814
205450
198384
597371
107363
113911
631169
1047007
631169
1055429
1565924
1088920
673084
41915
716870
946592
770735
1317453
235025
0
0
421685
2367666
546759
37268
814822
1762205
4222361
3724038
1072702
1426547
871743
517158
0
78747
166541
1440047
1462719
137629
333921
1971985
417825
497936
156276
97541
33339
259722
378682
249620
316107
590886
674463
447792
501384
1176257
545103
124514
154031
1203311
1158188
1468397
288993
597100
1774962
0
190000
449716
661240
693793
126844
301925
1552131
2179868
1702866
0
898647
436659
331559
60774
173212
465179
2225820
242784
1334918
0
205798
2609219
2307645
669710
95060
2252203
0
1797024
1935718
448375
588919
5936696
0
756722
344182
582946
691481
614400
1658112
2367161
2021044
1526130
581103
2375154
435673
607587
1096677
299622
901849
2399833
335248
845368
1648589
748558
589374
2009134
430613
1146794
2023007
31809
235397
372600
1374175
695856
2025924
635910
2853139
243958
913647
1069464
315047
1607083
1419703
648554
0
766232
0
486187
1591514
308543
1849578
0
82697
213286
427692
563074
388757
209144
89583
2248955
285415
50991
1029213
154721
364558
107488
915285
827497
1714450
130414
2199506
975400
444459
461682
227511
1339980
123630
1710674
245547
970977
512275
1898311
2664848
0
588707
770603
1970508
0
792560
268745
352027
299457
439044
540670
317955
1768337
523478
0
512523
1843723
2808583
3134745
594
254042
212346
439353
667243
193193
116614
555654
263568
808278
71235
22782
433939
434079
1175499
406915
2825969
1072411
1110048
127194
700477
140523
909734
380167
0
2456749
47083
324008
207079
740040
473076
228516
719156
886612
231366
2139343
1708971
1008596
1176722
0
804847
0
149992
59056
1074268
208298
165146
1202063
346141
2106935
2609837
6570045
