0
0
0
699964
89724
789688
789688
89725
89724
89725
240926
151203
98689
0
151203
326774
237051
0
0
232606
290795
1132993
343308
526183
0
451283
692203
809773
869860
817351
817352
0
183452
546185
0
990281
702674
0
78787
1084105
778112
0
1141060
1141060
327195
808524
337961
337960
1151823
1151823
146507
337963
0
1183679
104621
104622
0
0
1346164
42453
1346168
42453
210473
1272969
1220462
64722
0
416439
946774
380946
76082
2079752
1290076
1290072
2079752
30711
400296
999215
2151839
512596
561005
0
21905
570383
1503911
1503910
1459434
190428
2365093
530879
667723
306807
913250
351921
574958
1817579
359609
703043
196439
253396
719367
416215
1791049
682146
682145
1923661
812505
1824646
0
0
553452
172244
532507
1371261
1914904
1136942
2028712
263098
0
0
1254514
2002595
0
858444
160626
0
354213
107963
1179520
468654
2055030
1245284
830005
639889
400850
2145202
872280
62317
862880
862880
109953
1380661
2171216
1358932
1126841
0
20242
818204
1009382
1193281
859097
1233943
211540
2148773
1027045
1486121
1404028
1034472
2161938
1166599
767160
2277104
859997
701260
2340124
965321
1050112
17034
0
1077163
1987137
1448621
1081124
0
0
1571853
1571859
212942
890491
321268
76819
1126678
0
374207
91696
1081748
1410604
222244
83714
1317617
488777
0
1298476
174055
2438050
1458340
1137864
1369466
1269975
1686372
1644133
0
1404045
1404042
283372
88280
1216129
1417410
13752
227096
419791
1750508
1753815
122247
1242018
343708
0
274701
129215
2046744
54918
582643
923159
2664242
1512485
1188434
0
0
35477
160171
850445
1367839
696588
2338531
92308
384351
373792
1340150
562096
1569828
48523
5705
1655709
1483389
1260359
0
394276
403978
2843705
776355
490287
437119
1363075
0
0
23355
167974
1494751
100297
1421342
7053
39190
12874
486491
328933
214600
626
1694513
41741
1099228
0
558557
180235
772908
107478
0
0
555456
2012848
28583
2157078
523040
566146
2831940
288486
2074758
1529963
1066361
1066361
1523201
96890
1602987
409519
0
1537937
0
802734
17416
1758622
1057396
1156913
79523
2948809
1888173
782137
812482
358334
565488
2924864
236700
813995
293191
291647
1093128
521524
88455
2857404
317336
12282
538185
960401
