500
662.27
-1092.45
-1412.98
-150.21
724.05
1898.06
-1706.29
-1322.36
1218.43
317.99
986.28
-1615.93
220.92
-432.38
360.43
690.53
-313.12
-121.86
-264.73
1416.00
-1744.32
336.46
-371.63
381.26
789.02
-133.99
-889.42
666.26
-279.65
987.04
-866.45
-735.66
154.76
991.27
-1126.63
895.79
1367.90
-1985.98
761.62
-489.40
-1068.05
1446.79
-9.34
-1065.62
736.78
1365.45
-1194.68
-240.17
-506.36
524.29
1254.00
-1751.35
272.21
1899.19
-1966.58
-116.04
-42.55
1269.60
-982.15
1099.72
-1500.65
1446.49
-1955.47
1537.54
580.79
-1828.52
968.05
1158.31
-1585.12
411.87
-999.99
1543.57
-820.11
212.83
668.95
-1262.23
1183.19
-1187.83
727.41
1176.29
-1854.63
848.63
-1607.61
1904.03
-889.06
-39.91
1046.57
-278.50
-1513.69
1867.89
-463.32
261.47
-933.63
509.27
-323.85
884.17
-684.93
-669.75
81.77
871.68
-846.88
1329.08
-459.33
-863.67
1782.78
-1208.42
-754.82
1544.19
-1925.52
1436.84
-392.46
-488.99
1882.30
-1648.12
610.27
-988.60
1024.90
-1047.88
1896.10
-1093.85
-986.44
177.20
1505.04
-515.36
431.37
-834.58
-410.56
-575.07
1220.45
538.23
-1121.08
1515.12
-1509.83
1260.30
-824.59
-719.57
1576.62
-1354.30
1320.01
-1567.57
1511.05
-543.52
-1565.29
1830.09
-43.10
303.96
-1377.49
43.04
979.19
246.86
-1475.18
883.91
1287.46
-1506.16
-3.80
-369.56
1014.19
-80.56
185.05
-439.96
-776.87
623.12
405.51
-1525.41
1628.21
880.79
-1542.22
-1271.60
1595.88
1139.85
-1987.98
1533.96
-762.79
-1466.97
1667.90
-372.37
1863.79
-1942.42
-711.36
1498.39
-81.96
-1155.28
1531.99
-1853.61
855.05
49.80
1239.72
-1159.83
179.83
-1533.06
1801.95
510.88
-1876.43
1451.68
-353.21
-357.46
-770.33
733.51
1370.60
-1581.77
1673.74
-1309.29
-838.67
612.16
170.73
165.45
428.49
-764.76
365.21
1165.44
-1435.23
-951.72
1043.84
690.89
-1128.92
550.50
1325.46
-1750.58
768.83
-954.45
1076.33
-512.36
-239.93
1037.52
-1195.26
-703.32
1829.80
-48.92
-1863.53
1899.43
-346.99
-1537.05
1393.64
1048.58
-1757.76
685.42
-81.12
-1054.33
1444.46
658.82
-910.86
-162.25
-734.25
593.14
80.61
-42.55
-445.85
1746.01
-1336.96
-1290.50
1862.84
-839.47
1594.13
-990.41
-1314.27
578.59
897.41
-476.55
783.78
-547.75
-605.63
317.12
-306.01
1097.71
-1505.91
1443.04
-60.07
-656.69
-1008.47
1154.91
1252.74
-1504.02
-489.98
1577.56
-653.56
-1614.00
1440.94
234.21
-146.91
564.41
-307.28
-1177.46
1076.51
-200.46
-406.55
292.36
1038.00
-1496.66
506.61
-729.48
491.22
859.29
-1376.86
1559.69
-1717.52
1847.67
-349.35
-1458.14
127.70
1301.48
513.78
-1045.04
-940.28
1446.79
-192.90
-1496.37
787.65
174.11
1373.87
-1470.22
776.00
-304.34
-1469.90
1790.69
198.45
-772.22
73.74
-1382.91
1807.72
-806.47
1549.71
-1784.07
773.91
-538.07
-207.69
645.17
1435.12
-1622.83
-631.90
530.89
509.49
563.35
-650.49
-1642.43
1834.92
603.60
-1751.19
381.28
1256.15
-1872.09
1202.79
-838.86
1835.08
-1271.46
-335.57
575.94
-1058.68
1207.30
-831.18
1632.43
-1759.27
1789.35
-1107.42
-1400.43
1602.95
284.07
-1290.31
1331.89
-582.52
-773.66
1722.01
-1744.39
1232.81
-43.71
-1431.67
806.44
1148.83
-903.61
-453.97
1799.46
-1801.13
-28.94
860.95
-496.65
535.95
-490.29
-1453.09
1718.60
-445.04
1624.27
-1236.17
-1485.18
1773.53
-876.45
1318.82
-325.86
-1536.42
713.50
317.61
319.05
-1029.93
598.77
1743.82
-1995.94
139.99
-330.20
1707.10
-1225.86
-1624.74
1546.72
1470.00
-1609.05
-519.29
1697.94
-1284.97
843.85
-513.97
-748.93
1570.26
-632.96
-386.03
-970.54
1324.29
776.03
-1007.53
-65.04
516.17
-361.51
-1192.37
1249.21
1442.04
-1335.56
-1331.66
955.26
1332.45
-988.57
-1008.00
1617.15
-1959.03
1623.64
-276.65
526.54
-1312.90
574.45
30.22
-339.75
972.31
313.68
-894.92
-28.39
-442.12
981.33
-1739.00
1437.38
-114.71
670.23
-1711.71
743.32
530.15
-186.63
724.33
-1944.54
1906.67
-1532.98
775.72
-493.72
445.65
399.90
-306.28
-280.98
498.22
-192.07
-464.97
134.89
809.17
-1770.17
1351.94
1431.71
-1723.83
-489.61
-49.89
585.70
1137.08
-780.00
-1786.67
1136.78
1114.83
-756.19
283.84
-96.86
-306.99
245.77
-1461.16
1488.34
447.31
-567.80
541.38
-128.87
-1417.54
355.48
725.44
-355.20
856.94
-805.71
661.84
-767.10
810.20
-1641.77
1420.22
-673.25
1280.95
-1509.04
