3000
-1052.25
-472.41
-547.47
-1078.73
1490.42
-1419.62
1953.87
-705.57
-1720.38
1453.71
-377.50
182.75
1219.30
-1693.13
1083.24
-1419.75
1039.96
452.97
-678.26
-969.89
1657.88
-181.96
-1581.23
1281.56
58.84
890.54
-754.43
-843.19
191.13
1051.30
-1367.66
-512.92
1299.42
-367.91
959.77
-405.90
-1109.22
969.70
428.75
-1314.60
1082.96
-509.99
574.60
-1451.24
1722.33
-504.22
-1598.69
1460.85
454.01
514.76
-1163.18
-787.13
1920.50
-1882.19
822.57
-143.00
870.57
-1037.83
711.47
-1558.01
835.82
1483.58
-989.00
-1359.37
1248.84
254.27
-7.00
452.80
-667.92
-882.74
346.25
1130.30
-1335.00
1821.40
-1275.83
380.72
-1455.37
1537.99
-1077.19
1810.48
-1285.19
-263.64
958.08
-1109.73
485.28
1407.54
-976.97
-1312.56
1173.06
-249.24
290.75
-542.09
1490.16
-1641.98
22.27
503.95
875.14
-1997.62
985.89
452.49
-190.74
-909.78
735.36
746.64
-499.45
-226.18
580.95
-947.27
-920.35
1641.28
1185.34
-1655.35
-1473.96
1777.72
739.25
-1100.78
410.73
-1582.12
1910.85
290.61
-1622.02
1940.00
-1930.34
1197.65
-1317.22
673.47
873.68
-500.72
461.76
-1368.82
-73.49
1759.41
-715.44
53.66
-1192.94
713.08
890.55
-955.42
782.20
-787.79
-209.49
699.67
99.29
-823.78
805.77
-176.08
-1531.11
1841.89
-668.77
1558.44
-1669.38
-679.80
727.76
1598.21
-1254.64
510.74
-1142.04
867.16
-165.37
-1098.29
349.64
1320.11
390.37
-1252.63
148.12
-1249.48
1811.11
-78.81
-1813.98
1698.03
520.09
-658.99
-938.28
1510.72
-1023.92
738.90
-1335.43
1272.42
-842.51
968.69
-364.74
-494.59
-833.01
1522.20
395.29
-1727.97
1420.94
-1125.09
739.14
455.70
-1430.93
1552.56
-368.26
-1254.73
1675.05
-278.82
-930.66
1142.54
-1256.36
-408.47
1799.91
-761.75
-744.46
868.94
350.23
-1015.01
1085.80
-471.86
604.29
-495.37
-1346.32
717.77
1012.76
-800.49
1267.63
-1886.80
11.83
1901.06
-1634.92
576.45
597.61
-1924.29
1504.07
262.88
280.73
-994.03
-180.37
598.27
-742.04
666.11
755.56
-1652.90
1382.83
-646.22
-885.97
1803.82
-1528.47
1578.11
-587.81
-1527.65
1510.50
73.88
-489.01
-279.44
437.22
492.38
64.88
-1961.75
1325.92
533.89
-1269.02
1347.63
-738.31
1393.06
-1888.89
124.91
1393.87
-1508.67
1231.74
0.74
-906.30
-1132.92
1723.03
806.47
-1450.71
-609.83
1487.30
-912.02
687.16
1185.25
-1755.43
-1267.77
1742.97
1211.94
-1974.82
1288.33
-1184.06
704.06
-832.91
1000.83
-854.20
1308.76
-974.35
-1121.23
1475.37
683.78
-1006.71
-1174.48
1707.35
453.16
-1452.13
18.95
780.83
-725.17
1199.59
404.76
-1135.54
-1111.52
1857.64
-374.91
-1709.08
1268.49
753.19
-1483.95
1502.87
-1109.58
814.24
-574.16
1029.51
-1593.18
1748.34
-1793.85
1123.06
-1591.34
1553.88
373.66
-1013.86
1171.58
-1126.99
2.98
765.55
-846.96
-24.33
735.20
-747.85
1676.46
-1280.60
-54.76
-346.58
947.56
-1176.44
685.69
-554.15
1494.48
-1953.64
796.67
1019.08
-692.31
-799.89
682.42
261.24
-8.58
-340.64
192.95
-1505.73
1497.00
-275.48
506.20
-844.70
1195.31
499.65
-1549.76
351.79
-1540.26
1589.83
1477.82
-1808.66
-986.32
1997.55
-963.49
398.24
716.26
-1445.63
1137.82
-1643.97
1896.98
-1927.68
1724.07
-577.73
-642.70
592.40
268.66
-250.67
720.04
-600.66
-1528.63
1962.92
-404.15
-1050.67
916.60
1011.13
-1925.99
1558.00
-1493.11
1359.80
-1014.05
724.67
102.65
-287.23
859.83
-1507.76
465.01
-574.52
1289.37
-1090.54
1755.31
-1608.90
-1166.71
1634.34
-156.06
444.30
-352.26
44.08
542.99
-771.88
-1052.91
1810.60
492.55
-1042.77
-509.02
-985.17
1854.40
253.28
-579.36
-41.16
-635.76
160.88
543.61
-619.79
1303.36
-1657.46
1447.31
-604.97
186.69
-265.25
913.55
-1199.58
-497.45
930.71
-459.35
289.60
606.90
-1238.04
839.44
842.75
-275.07
-670.45
-1273.62
1019.03
1125.92
-1949.28
1272.26
758.18
-1229.96
947.11
-1944.12
1053.96
1364.66
-952.24
-1597.21
1187.04
1644.00
-1062.55
-552.98
-215.42
-47.18
1420.28
-1785.16
1192.99
-1343.89
1213.20
-983.67
1643.15
-600.63
-90.53
-797.67
1027.27
-1491.78
1157.14
-685.19
1533.71
-133.45
-1940.87
1699.37
-1845.70
1258.17
342.13
-821.51
1653.53
-698.63
-320.78
-956.24
1002.68
-324.58
-146.87
-117.79
834.11
-761.39
989.10
-1317.74
739.95
-343.54
807.99
-529.82
-683.81
1539.84
-986.98
-1259.08
1252.53
425.74
-600.22
551.63
730.19
-1747.24
628.97
-309.78
1419.66
-1965.14
1782.62
-575.96
429.38
-1056.26
385.23
-1492.63
1978.48
479.90
-1722.73
787.93
748.11
-1450.61
508.38
-292.49
1264.13
-1222.60
1544.40
-1528.61
-660.27
1515.45
585.68
-1101.45
-1012.67
1134.04
695.64
-1016.31
-682.83
969.04
215.46
-653.86
1853.51
-1564.76
-1109.73
1362.63
474.21
-855.75
355.59
177.79
79.34
-677.14
-525.98
421.89
1069.46
-820.57
777.13
-680.97
720.62
-1328.95
-0.69
728.83
-232.65
1395.77
-1779.21
-123.26
1368.78
-284.97
-1485.60
1072.76
852.20
-656.68
401.08
-1212.70
867.08
-556.02
1013.85
-956.20
99.23
-484.05
1174.97
-456.73
-1428.03
1568.37
1254.39
-1447.73
-1431.28
1609.37
-500.29
1451.89
-1211.26
-570.34
728.10
933.09
-915.87
-708.82
610.74
-124.43
-875.78
854.31
827.88
346.14
-1096.68
-875.94
1664.21
-423.79
-1492.34
761.38
1448.44
-1665.85
1428.81
-718.18
-423.82
-591.41
1586.29
-1106.26
729.70
-447.50
-23.98
705.41
-109.87
-1417.42
1710.89
-407.16
430.06
-1147.44
-333.85
658.73
761.23
-1462.99
1654.57
-148.69
-838.56
238.50
-608.23
1288.99
-1560.86
1000.84
28.89
-678.07
-133.98
1673.41
-987.21
-1323.97
1807.91
-1340.53
970.29
897.94
-1418.22
64.12
746.53
-319.00
-1795.57
1466.54
1276.22
-1065.77
-1088.34
1987.58
-1320.38
479.16
-224.59
-771.81
1123.18
-398.10
536.27
-471.20
-515.75
1940.03
-1689.49
-605.96
965.74
219.65
-228.57
1066.13
-614.72
-1621.61
392.54
1571.38
-1291.76
995.63
-1096.00
686.31
-320.25
329.40
-385.51
779.38
399.25
-1265.98
-321.30
668.76
641.71
-1265.08
1164.69
-1404.92
1216.10
1184.19
-1722.68
-732.11
1760.70
-608.00
-1098.48
1896.44
-1977.15
1864.62
-1184.02
-69.32
626.52
-1203.17
456.20
605.25
1479.77
-1853.99
509.34
-1715.89
1055.09
1118.25
-979.48
1395.19
-1538.66
951.83
-868.02
-943.43
1753.08
-822.92
800.19
-1401.17
1349.55
896.87
-1826.85
-540.82
1713.29
-1311.17
1052.08
-358.47
-108.57
541.87
-1473.56
867.81
1398.81
-1091.50
-1414.85
1832.19
-502.40
-988.45
1535.16
-624.21
1124.77
-1924.94
1212.88
-646.06
475.15
-1579.56
973.20
1127.75
-943.02
-338.45
451.59
1421.92
-1408.46
-48.39
-1261.73
1740.32
1053.21
-1557.08
-412.16
356.10
660.25
-1420.94
999.06
-801.69
775.60
1741.97
-1746.37
-1881.96
1919.14
833.80
-501.66
-1567.16
1275.83
1049.57
-924.94
-818.25
-262.09
1616.05
-542.72
48.00
-1152.19
1543.09
-1822.41
1046.11
1327.26
-1367.36
-1033.50
1255.12
931.32
-1882.01
1538.96
-2.85
-742.94
-227.80
-1188.06
1749.83
741.89
-1720.97
1245.86
-917.26
664.92
526.52
-839.80
-191.18
304.84
-1345.27
1382.70
1066.93
-1626.05
-262.42
1997.98
-1700.28
377.63
-144.35
-977.13
1563.48
-6.88
76.89
-707.07
769.07
-1122.58
-116.20
1928.82
-1931.51
915.22
-1445.41
1894.82
-813.18
-20.92
-201.19
1768.19
-1508.21
-925.05
1783.60
-1415.42
1919.52
-1547.25
244.64
673.43
-1536.19
730.33
1348.51
-1354.16
-1082.51
977.33
786.48
-410.84
1089.92
-1286.67
37.17
-729.67
883.67
723.30
-1331.12
104.08
1276.18
-668.93
-176.65
-1790.94
1699.33
1624.39
-1496.14
-1341.34
1525.22
986.12
-1534.56
132.17
-815.96
971.51
1004.70
-1943.95
1470.90
-673.36
-121.78
1907.52
-1997.13
-218.82
1472.41
-946.42
-1282.99
1223.27
1451.61
-1927.44
432.13
1060.76
-579.26
-968.65
1465.48
-1691.55
941.28
-771.00
1368.03
-1373.43
1706.31
-1778.90
1729.88
-1279.89
1249.80
-1866.06
104.81
959.40
1091.21
-1730.83
1607.46
-1419.73
-143.25
-426.35
1880.70
-819.72
603.24
-847.19
-1456.49
1985.01
707.82
-1281.42
-339.64
1158.83
-1485.17
1430.88
-1281.94
-244.04
1829.07
74.34
-1797.91
543.84
-6.76
1608.19
-1952.65
-496.26
1454.70
-156.66
1084.74
-1655.84
-642.20
1006.06
1154.98
-1774.06
196.76
1647.66
-1010.98
-1766.26
1626.40
-430.96
991.49
-1088.22
1940.71
-1267.18
-1557.76
1773.32
-953.78
699.12
1293.18
-1625.74
-757.86
1123.81
-897.26
799.78
1159.78
-1266.22
-624.46
1255.52
-1604.76
880.44
829.69
-714.79
-899.19
1218.76
-113.16
-520.28
439.65
945.60
-1726.35
359.78
1348.39
-1607.43
-699.39
1430.93
1431.17
-1893.63
-1141.81
1837.41
-844.55
454.36
1621.04
-1733.92
-1639.39
1818.36
1600.68
-1639.13
-1808.68
1966.34
884.71
-1077.91
-873.27
1074.31
-1079.25
1966.48
-994.76
-1216.19
1005.79
1852.34
-1785.40
-1539.73
1524.98
282.02
539.86
-1322.54
951.64
-321.48
-225.85
-337.76
119.83
1239.48
-1515.46
1316.99
-961.42
1066.20
-1954.06
920.37
1977.39
-1816.08
-366.22
185.01
-537.59
1445.58
-1398.93
592.26
1999.48
-1980.88
-272.23
-623.39
873.44
1262.81
-1044.29
-1260.58
1217.98
-14.30
1262.98
-1878.00
35.14
1521.90
-1385.42
1323.99
-377.48
-1594.45
1873.54
-821.79
-590.03
1646.39
-1020.44
-327.80
-423.64
1083.77
-348.65
-744.42
1019.25
463.80
-871.52
-784.20
1139.73
1143.29
-1597.13
-574.98
1316.80
-643.71
-593.85
1000.68
363.63
-372.78
-1417.62
1641.39
883.68
-1628.16
-589.12
1165.36
-138.82
217.37
-496.99
391.77
-679.17
-675.56
1315.87
395.65
-950.72
1279.00
-761.72
-1436.47
1158.04
1015.81
-1160.35
393.17
-175.15
306.68
-1224.73
697.62
1670.30
-1505.38
-78.57
266.00
-875.32
878.82
-500.98
1342.04
-1087.00
-1002.88
1013.57
1310.58
-1191.49
-714.42
1476.06
-1881.37
1515.21
304.16
-1875.61
677.56
852.32
45.31
-1149.70
1812.57
-1566.58
975.48
56.03
-1462.46
945.03
24.59
954.43
-1524.21
1210.44
-1812.76
804.98
1573.96
-1424.32
715.86
-762.86
-456.55
1294.80
-701.61
-1312.29
1944.11
-545.59
67.31
641.39
-1900.88
1745.90
-765.42
1287.28
-1593.53
862.62
-1361.04
695.92
739.76
7.24
-528.51
676.88
-897.32
-331.89
1410.72
-121.76
-1429.52
1657.02
-1761.23
272.07
696.58
1379.05
-1885.90
-543.96
518.37
1442.35
-1855.46
1369.73
-771.00
881.82
-866.09
-394.02
1645.11
-881.55
243.24
-1522.81
1537.31
-822.25
745.53
1146.73
-1990.25
1038.56
-1578.04
1798.04
-806.00
-246.83
544.29
-1291.26
1154.28
376.12
462.63
-1958.23
1025.54
1672.48
-1942.43
-80.78
-710.67
1814.09
187.22
-1572.71
1492.37
-1780.84
1640.04
-1005.97
814.83
-1202.19
216.31
1566.95
-1464.31
-779.04
1382.54
955.19
-1842.80
1038.38
184.98
-1041.05
702.10
-1014.47
1312.58
-314.43
-258.20
-1105.25
1846.75
-1004.78
891.91
-240.31
-494.26
494.61
-259.94
-810.31
1305.02
-963.93
177.50
1013.68
-1602.06
679.92
605.49
-832.44
448.22
-539.28
1599.47
-1229.72
-1076.29
1944.77
-1036.83
1269.03
-1186.68
-1221.10
1915.16
470.46
-1822.30
1215.86
-1482.15
1140.81
953.04
-1950.74
1105.78
694.77
-1531.43
827.73
-4.21
843.19
-1955.41
407.95
1542.10
-1652.19
1361.15
-1542.70
1213.95
-659.48
1196.58
-800.01
456.62
-815.26
-555.51
573.97
301.68
744.06
-321.88
-1277.62
423.79
1051.38
-1029.10
1105.40
-1855.88
576.84
963.02
-695.32
123.87
1257.01
-1795.87
1475.87
-1305.05
1410.69
-1502.94
-397.47
1712.19
-637.52
-663.64
1418.08
-1915.48
1350.85
1200.58
-1435.04
-137.49
191.39
-618.15
-59.92
988.05
-461.17
55.70
-54.32
649.66
-1562.63
1424.24
-817.50
942.65
-1886.90
1854.23
-841.95
1498.17
-1437.17
409.58
-1302.41
1453.80
-842.10
1430.53
-223.13
-1913.36
1355.11
701.75
-1899.67
1200.30
81.13
449.33
-1166.66
872.34
-771.76
1012.38
-1744.39
1681.04
-797.70
-23.34
1948.48
-1840.46
-1180.84
1736.59
-514.47
799.19
-1510.86
1684.16
-1907.11
1629.16
-113.20
-1164.77
1251.58
-979.95
390.31
139.69
-824.81
1968.48
-696.84
-1747.83
1158.51
1028.14
-955.44
-613.65
-85.37
1445.52
-1173.28
1277.32
-1268.06
967.16
-727.36
-480.71
662.90
-818.98
1342.96
-788.35
1498.89
-1220.56
-1434.65
1471.87
1127.63
-1366.27
-714.67
1087.01
-11.89
-730.49
380.34
541.26
547.45
-885.86
-1286.85
1859.32
-127.09
-1593.47
1675.27
165.38
-1681.59
1750.27
-1491.51
913.02
-623.09
407.43
-901.22
1965.48
-1088.59
439.92
-1922.15
1629.88
796.53
-1590.70
317.24
1812.06
-1990.52
1210.05
-1855.94
999.48
-38.64
713.08
-812.24
1711.86
-1572.11
-1140.19
1592.42
496.21
-1171.50
358.66
33.87
-713.99
1189.32
541.34
-1920.25
478.95
431.84
1107.29
-1995.35
257.96
643.58
1491.49
-1758.52
-274.90
864.30
-1527.96
1213.74
269.82
815.78
-1843.30
380.72
1148.21
-1725.62
698.58
309.92
874.13
-1126.63
-323.99
-252.28
1356.32
-73.79
-403.16
-1270.61
945.24
1267.48
-1983.47
717.96
1698.84
-1865.38
-474.99
1428.21
-679.19
-378.23
1758.30
-1245.34
-1503.62
1709.39
-161.20
679.88
-1205.34
-94.16
1520.02
-891.23
-827.44
1153.90
-731.38
490.49
-1227.77
1504.98
-791.05
173.04
1066.49
-1264.84
-432.97
1652.88
-732.32
-1455.99
1272.42
1876.25
-1995.39
-602.34
886.85
171.59
-1284.83
849.89
1377.51
-1387.56
471.02
-1659.12
1568.87
-229.02
439.28
-463.27
700.84
-1350.40
1034.99
18.75
-488.76
-434.39
471.14
730.51
-1333.10
1129.90
-769.93
-1145.03
1688.64
1315.81
-1774.39
-1349.37
1938.75
544.21
-1400.33
-109.27
1133.58
-1229.81
571.85
871.15
-395.34
-502.53
401.09
-377.48
693.43
-787.14
612.91
-1091.92
972.79
-1245.70
1152.73
350.34
-928.92
1008.66
-914.92
50.40
150.82
213.18
957.39
-1521.42
681.40
-1384.22
1848.60
-1193.16
1281.31
-987.20
750.92
-683.20
286.87
-1670.57
1826.01
-489.03
653.34
-456.00
654.91
-1526.16
105.48
853.13
628.50
-1495.05
617.61
506.42
-720.82
897.37
208.22
-191.26
-1398.48
709.50
-104.19
-446.56
1089.18
1119.81
-1735.33
348.77
-245.16
-896.55
696.18
1339.29
-915.26
-230.88
-1014.08
1722.80
-1415.46
773.77
745.25
-178.96
-298.97
-762.92
460.86
1030.05
-1866.42
77.38
1954.33
-1576.30
998.42
-1331.40
980.98
-150.48
935.52
-1014.01
-1034.69
572.36
1832.63
-1874.94
319.57
-231.03
1935.87
-1429.31
-904.50
224.36
1201.56
-168.78
-726.09
969.27
-1873.23
1374.31
1233.57
-1591.19
504.34
-1375.49
827.65
309.44
1239.73
-1236.66
-1158.02
1393.34
-414.67
729.88
-780.03
729.04
-1172.19
1264.27
-1781.14
1335.20
-120.92
-719.99
877.75
-933.06
1459.05
-1177.18
738.61
585.65
-1156.33
-836.67
1701.51
-1082.70
1424.22
-1373.01
166.17
-323.99
1630.25
-789.02
11.40
-859.70
-194.70
1763.01
-1043.32
-288.62
-566.72
1601.34
-539.28
-119.03
679.60
-1757.93
1703.44
-323.27
-1540.66
791.34
1799.01
-1319.85
-440.12
1092.27
-829.09
-112.99
-978.69
1779.49
-760.80
629.53
-1494.49
1586.75
-810.46
1644.63
-1428.86
144.58
-1765.36
1922.21
204.56
431.71
-676.45
-1990.17
1948.92
1532.80
-1942.88
-935.62
884.09
1965.66
-1825.66
37.64
-1318.94
1894.97
769.63
-1189.74
-1414.19
1142.54
687.95
-142.46
-473.96
-613.48
1709.39
-985.64
95.60
-218.72
243.49
466.55
-1579.52
1989.58
-1267.02
584.52
-823.56
367.91
942.49
-87.08
-1652.90
1425.71
-1126.44
988.09
-874.87
1935.39
-1411.90
-962.83
515.14
559.52
-57.76
913.20
-922.81
521.59
-1888.16
1603.55
708.76
-1357.26
-80.94
1204.34
-988.23
980.76
-869.94
-840.72
1768.01
-1388.60
995.19
-1167.47
966.69
630.64
-615.33
-740.55
341.66
169.57
966.66
-764.57
-977.34
1297.18
-466.87
-243.05
1241.08
-1742.20
1615.80
-1142.96
-1012.44
1713.30
-1.17
97.81
-1207.77
370.04
-361.42
987.40
1258.86
-1818.90
-898.49
653.29
1499.52
-630.33
-169.71
-1324.42
1724.56
-1057.50
1095.94
-571.73
-1110.32
1650.14
-1347.62
681.68
1535.16
-1966.14
1309.96
-1272.74
859.60
-1774.59
1588.76
-808.47
593.49
852.88
-141.01
-1754.33
1783.00
-890.83
268.70
-926.46
1660.31
-1945.19
1180.27
494.26
-1003.22
1266.44
-1309.92
-505.41
1887.83
-1835.86
797.79
402.91
-496.61
1072.61
-1507.10
1069.71
-463.22
-551.43
1421.97
-86.41
-1553.95
-181.56
1540.89
404.54
-1212.20
-557.76
727.30
968.68
-290.98
-1079.22
602.38
-1028.10
915.81
528.99
-1519.29
783.87
1997.78
-1869.89
-1246.91
1586.66
949.28
-1265.85
-1311.33
1302.56
782.65
-1786.40
1032.42
1859.22
-1884.45
-1390.38
1315.91
836.40
-197.97
-1132.18
172.55
1236.49
-1152.36
265.64
688.07
-786.02
755.57
-1276.19
1178.55
-1430.56
459.61
1299.92
-194.13
-1672.84
1304.56
-502.27
975.13
-639.61
-966.31
1568.06
-1495.42
1035.91
292.86
-949.43
716.32
771.75
-1175.23
350.32
-1640.44
1234.69
1026.98
-877.62
710.21
-1904.25
1505.58
411.25
-611.30
479.58
-1261.44
1458.42
-1155.81
-715.92
1200.41
1074.54
-1439.15
206.53
638.93
-1756.31
1778.23
-1294.69
452.72
1571.37
-844.87
-665.08
-5.17
-1163.72
1489.32
422.28
364.68
-808.72
28.37
-1352.94
1191.26
190.88
578.41
-364.36
-1937.70
1909.90
-538.35
831.29
-1116.52
1507.44
-635.47
-1854.28
1699.64
523.88
-305.65
-1669.54
1822.32
-287.44
-820.07
-122.46
660.64
1308.96
-1906.15
1091.09
-790.18
355.15
-273.34
-290.95
1284.99
-1496.92
665.72
-783.06
1771.48
-1729.19
1572.58
-1779.52
1287.00
548.90
-1442.40
1409.24
-919.96
-1054.75
1937.09
-1358.33
1858.37
-1474.09
-700.11
1434.24
-684.68
-1207.20
1342.59
1708.37
-1662.21
-1690.36
1648.75
1514.34
-1385.16
-193.65
-1317.48
1631.92
-30.60
-528.35
1285.97
-1494.75
623.94
-697.12
1910.24
-1314.86
-1020.87
1851.94
-1536.53
946.55
188.99
-1610.90
1809.79
-254.99
-1279.12
832.96
-497.79
1155.18
253.48
-1519.61
1591.47
-1849.74
1507.50
-618.36
-378.48
399.57
-246.99
206.95
-158.18
233.48
-631.85
1116.72
351.87
-1219.52
64.87
826.50
-1590.70
1266.01
490.61
-1202.18
1638.14
-1732.23
655.83
556.50
-730.64
-385.31
-617.40
1564.86
490.86
-729.55
-1023.83
1209.98
-870.03
-222.31
820.38
369.74
-1165.93
1485.88
-612.67
599.41
-1432.72
327.21
1033.08
-1184.89
1063.07
-1993.21
1085.19
272.41
1415.54
-1263.86
-910.99
544.88
275.32
-51.75
994.51
-981.44
-517.90
454.64
567.96
-1002.20
1557.88
-1655.51
-494.54
1104.26
1521.26
-1415.82
-1626.67
1509.48
-139.13
358.63
-351.35
872.22
-457.51
-1190.06
1773.03
-146.49
-1314.59
-99.09
884.30
-161.41
555.70
-1928.90
1837.15
-33.35
593.84
-1374.21
-349.90
989.88
131.93
-963.35
762.06
-910.15
1738.60
-1448.25
-931.48
1258.27
1789.71
-1944.72
-756.51
613.14
1813.49
-1910.69
-430.67
929.90
555.76
-1050.68
1315.10
-457.25
-1891.52
1821.54
-580.78
212.04
932.88
-506.72
-1406.19
1187.90
347.53
-1282.38
1322.34
-203.55
-989.54
-84.59
1267.61
303.68
-1342.85
900.43
-1145.05
-405.70
1570.40
764.89
-1753.01
266.35
488.64
133.31
-530.56
116.82
901.42
-1623.26
891.40
574.94
-1130.07
-74.73
1480.41
-1875.18
1714.41
-1691.69
1743.16
-1803.94
1277.72
-214.99
-261.68
262.35
-68.71
-164.48
105.40
-171.97
1127.81
-1828.06
1092.33
-471.05
370.01
-208.71
-540.32
1087.99
758.87
-1850.84
1501.31
-891.64
-953.18
493.04
1537.64
-1347.58
-435.81
1887.66
-555.04
-1688.72
1550.13
-566.36
-131.36
74.20
1511.02
-1765.53
-337.80
825.15
-301.39
1582.64
-1603.25
-516.51
1424.99
-564.07
-1111.87
724.32
239.62
957.41
-1039.43
1036.03
-1508.17
944.06
-1207.46
1816.05
-1640.98
1323.19
-911.24
647.53
334.44
-726.90
-732.13
343.07
912.29
-169.66
-109.06
-1186.47
1708.44
-815.42
449.60
-476.94
-588.01
484.85
1712.55
-1743.61
-679.36
1918.56
-1228.77
-787.81
968.37
1426.78
-1816.88
311.56
-7.72
-229.94
1151.13
-1283.60
1284.26
-1191.86
215.19
952.84
-1838.24
1390.21
322.13
-1469.90
1364.62
-389.07
243.97
-402.54
-553.23
294.51
1158.79
-1364.15
829.04
-315.56
579.51
-1287.43
1186.59
-1906.67
1799.23
-766.98
974.63
-826.25
-191.48
1797.46
-1654.14
428.52
-784.97
1423.90
-1993.46
1906.07
-86.05
-112.86
-1774.73
1859.86
-1645.39
1002.84
190.74
92.24
1059.38
-1754.79
1104.00
-1840.10
646.08
674.44
906.47
-1600.14
4.63
1607.94
-1359.63
-217.14
500.38
1004.44
-356.70
-847.75
201.31
414.44
-775.43
-673.69
1935.90
-1032.13
403.28
-1355.17
1180.30
1771.22
-1844.84
-142.48
-345.72
413.86
227.60
-931.34
1341.62
-1212.18
1513.10
-741.57
-200.74
848.78
-1443.87
366.64
-181.95
930.70
-998.80
1570.49
-1022.69
826.10
-1421.70
971.16
-261.68
-1384.35
1921.62
-939.55
1261.22
-1207.81
-733.85
1018.81
381.06
-223.56
-89.81
643.68
-1369.18
-134.26
888.78
-306.11
167.42
904.05
-547.85
-1713.25
1973.71
-377.25
-207.24
-713.57
929.79
-521.99
1378.56
-860.52
-673.69
572.54
-935.95
810.78
202.98
625.76
-796.48
667.70
-1779.09
1892.46
-925.18
-1054.22
889.11
1315.29
-445.24
-1260.44
-43.37
1455.27
-918.04
-485.61
1801.73
-593.31
-1309.10
1651.99
-1115.00
32.47
633.05
-1714.35
1351.21
349.27
-1433.28
1257.72
872.99
-1609.29
578.28
-1183.34
1281.00
1478.04
-1833.88
-770.67
757.43
-81.48
722.44
-1015.52
1951.56
-1173.00
-1826.70
1631.86
437.69
-711.48
942.32
-1666.03
1277.46
710.96
-1465.95
1041.08
-790.45
670.77
-771.47
-1324.31
1694.59
167.52
1387.28
-1617.62
-1657.40
1465.56
1512.18
-1532.94
17.21
-250.20
1427.51
-1452.48
323.87
121.65
810.74
-797.80
-697.00
263.10
1783.39
-1505.47
-976.25
1996.85
-1546.42
72.89
525.61
867.30
-635.70
-416.21
1331.06
-1142.04
-1677.28
1956.54
-384.72
1821.61
-1553.79
-909.52
1378.41
-837.31
722.05
-1881.91
1311.89
1901.14
-1755.94
98.61
-1505.88
1897.04
-1369.21
1348.65
-482.73
151.53
661.68
-522.61
-1478.38
1882.75
-530.36
183.70
-1372.93
1049.03
-591.28
751.85
-366.52
1165.56
-1252.39
837.28
-990.32
-167.92
766.60
-809.59
1970.29
-812.97
-1956.35
1029.15
1762.88
-1599.47
177.77
-824.90
936.07
1531.12
-1625.52
-186.62
196.59
-44.51
-803.54
1783.14
-620.21
-1210.25
553.55
1604.71
-1500.33
-277.66
1742.69
-1563.92
328.02
-494.50
912.93
-749.14
426.57
688.16
-1300.22
800.95
-953.24
1418.16
-1138.43
218.22
-399.53
1138.77
77.69
-1821.14
1401.91
1362.63
-1315.30
-955.56
186.86
-36.11
963.91
-405.06
1382.04
-1961.65
-66.79
1975.02
-1837.81
-733.20
1205.02
413.75
388.52
-386.61
-534.98
56.81
-851.45
1523.51
650.09
-1813.24
37.25
1039.44
-871.30
738.07
-129.78
-1540.03
1717.89
-0.53
800.52
-1988.61
1377.43
-1115.54
528.68
-12.36
308.38
-170.99
-268.18
-1157.83
1437.89
709.67
-978.85
307.29
-1011.07
1569.91
-1014.29
1426.26
-1119.92
-131.93
-430.21
-195.42
798.83
-266.62
1613.88
-1183.35
-853.71
-73.15
1920.21
-1592.14
833.40
-1719.72
1399.08
126.75
9.42
-1196.51
957.28
836.30
-625.20
-942.15
895.07
734.18
-1619.79
-15.41
1868.28
-618.48
-1150.71
5.99
325.16
1477.66
-1640.01
-72.66
1356.26
-1933.01
1401.82
351.65
-382.57
-817.63
-157.14
1635.24
-1884.85
1182.01
-188.37
-413.78
1296.73
-1375.84
991.47
-891.52
925.25
-1179.26
881.92
-1158.63
1516.80
-485.50
-46.44
-468.69
917.00
-1022.69
441.73
886.89
-1186.70
-853.45
1487.72
-26.13
-1014.95
801.62
522.53
-747.51
1444.42
-1304.53
-860.80
1550.66
-1897.44
987.68
995.79
-994.28
1065.99
-1881.43
1502.17
-407.69
-856.92
1334.28
-496.55
-150.38
-486.63
890.20
503.60
-354.78
-869.54
1249.81
-1778.84
425.23
1630.20
-757.62
-1803.75
1102.54
1163.17
-1584.23
1527.31
-939.71
498.72
563.70
-1402.68
409.91
780.05
-1755.74
1570.32
-1012.25
1614.83
-1641.66
423.04
-479.66
1853.57
-1547.76
-401.33
1859.37
-1409.04
-62.94
247.30
1252.51
-1642.36
-182.56
1140.24
-1086.77
725.65
752.32
-1103.94
-933.40
1116.30
544.53
-143.53
-839.14
407.32
839.94
-1579.63
1489.75
-891.25
1179.52
-1658.49
995.23
-904.67
357.02
1142.63
-1732.22
1739.98
-1471.15
1491.96
-1279.60
74.71
403.00
795.74
-1743.14
1134.55
-816.81
857.72
69.65
-542.46
-768.67
1588.57
4.75
-1927.60
1574.28
-731.22
478.55
1142.01
-1329.77
-1211.34
1140.54
769.74
401.31
-1824.43
1900.34
-1243.23
-555.10
1271.72
-1466.97
1479.51
-1570.96
963.49
388.46
-533.13
599.68
-751.07
162.48
1131.33
-616.15
239.23
-1926.26
1157.66
582.24
787.46
-1264.76
-1590.00
1808.48
946.73
-1069.85
-1153.96
1546.30
-273.76
883.58
-897.45
-69.79
-880.09
374.72
1743.29
-1405.62
-180.11
-847.42
1025.94
1609.56
-1567.64
-409.65
909.83
-1174.16
1138.31
-157.84
520.52
-1372.37
1037.46
-1393.58
721.97
983.13
-717.09
-529.25
1559.91
-1802.21
1767.03
-1493.87
-539.85
1709.69
-355.28
-722.19
-50.44
1024.40
34.22
-1204.56
851.04
-918.67
1169.25
162.06
-418.21
-1650.94
1319.53
1637.13
-1548.54
-1111.79
1654.70
206.70
-1938.29
1079.51
-194.55
410.83
1095.60
-906.59
-565.97
513.47
-360.31
-1507.58
1658.90
1133.19
-1264.79
-960.84
1355.76
952.85
-1257.17
-641.60
440.14
670.10
-1314.57
1054.02
539.23
-1976.85
1558.40
608.56
-455.25
-658.18
-222.53
311.62
90.24
397.00
-1688.29
1665.88
-358.57
867.43
-1571.71
1777.52
-1308.78
109.05
593.85
-1728.12
1526.81
-710.41
718.03
656.35
-1217.51
-575.76
1673.34
-1993.12
1587.80
792.44
-1452.68
-833.10
1762.37
-776.72
-430.95
1694.03
-1228.21
-730.30
583.33
1072.27
-1377.70
1136.82
-1771.25
1563.07
-981.13
1296.37
-1556.52
1220.99
-629.00
1701.26
-1647.89
-292.26
70.13
953.55
-1476.16
761.56
826.50
-550.49
913.89
-1283.10
489.50
-1811.12
1753.33
246.99
-618.46
211.96
810.57
-1387.42
-344.33
1727.47
-19.30
-704.45
-108.41
-1654.69
1610.72
1678.73
-1719.99
-590.47
89.18
1223.06
-1050.05
658.92
251.66
-1125.28
133.50
1547.86
-722.31
71.68
-1501.73
1306.29
832.27
-1166.98
29.31
-1263.42
1694.58
-808.17
1552.73
-320.24
-1178.94
667.18
-730.28
1219.74
-1432.27
1154.25
-935.86
405.66
-865.01
863.04
1234.95
-842.16
-1586.26
1143.42
1699.61
-1686.48
-935.79
1935.23
-1255.97
-178.63
1931.37
-1293.12
-920.18
928.24
-238.45
920.36
-1817.70
888.10
368.34
-95.62
-395.62
1008.56
-1386.06
690.89
358.40
-469.43
822.41
-1609.75
177.57
1322.83
