3000
127.86
355.59
1934.52
-1056.30
977.27
-746.51
-174.71
-370.49
-510.59
1350.48
-264.24
-868.44
455.11
1737.99
-1988.88
-742.34
1523.58
441.52
-827.38
737.25
-815.36
-1155.06
1262.06
791.25
-751.78
1285.83
-1760.04
-707.80
1651.10
-513.98
-205.88
1230.51
-1364.56
1406.00
-1210.67
-405.74
483.13
450.46
-7.89
-1561.62
1170.42
685.33
-935.63
891.60
-1206.19
1641.92
-1315.44
398.07
743.43
-1312.94
-181.95
275.68
662.27
-463.24
837.00
-899.38
1235.74
-1369.57
1140.55
-1295.71
502.89
-326.86
-204.88
1484.12
-1255.91
-538.02
1611.59
-1444.59
1941.35
-713.56
-808.66
587.16
-1516.99
1439.67
203.32
116.69
-1939.20
1539.99
934.07
-765.46
-1043.05
1185.63
-1638.41
1714.58
-890.57
295.23
1446.01
-931.35
-876.81
-356.77
747.92
1272.23
-1859.98
491.07
-703.49
1992.96
-1045.48
-327.81
-390.13
358.04
1040.01
245.67
-1897.34
1154.58
-1428.25
1204.85
789.15
-1886.74
1971.88
-1454.33
1566.72
-1984.50
1398.52
-332.98
-287.90
850.36
-299.50
-1462.19
579.51
1762.56
-1730.72
660.98
404.41
-1368.42
1564.08
-1325.69
-155.59
1739.85
-1933.52
184.92
1978.25
-844.40
-655.30
399.49
-1925.81
1873.88
683.26
-738.05
-87.99
-312.65
526.03
-255.58
620.13
-1573.57
1052.75
1331.93
-1464.77
-158.75
560.12
-371.53
-1467.15
1555.66
609.15
-735.99
459.96
285.14
-1415.84
1635.79
-1327.64
-410.70
1891.58
-700.62
-275.09
-1009.84
711.47
442.66
669.44
-1173.80
-976.09
1554.28
210.11
87.22
-1843.58
1756.21
-633.90
683.65
-1054.70
1284.34
-1191.72
-133.32
1454.41
-941.21
-610.36
935.33
1323.38
-1858.93
-1101.61
1624.52
-827.89
766.81
479.49
-498.73
-186.45
-361.15
1444.04
-1946.40
885.57
768.64
-1365.93
-100.66
1451.11
-741.62
-599.91
448.28
984.52
-805.94
-700.57
1483.02
-594.80
-1020.69
1667.67
-690.25
-769.56
-688.72
1759.45
-92.29
597.64
-895.54
-378.78
7.36
-1123.54
1456.45
1761.08
-1977.41
-1471.70
1896.83
957.03
-1266.83
-1387.73
1706.28
128.12
-106.03
-52.46
-1455.71
1680.50
-1011.90
1496.63
-1031.80
377.38
-1310.42
1719.79
-492.55
544.28
-1807.74
854.77
726.19
-1002.53
631.17
-704.27
1425.15
-399.42
-1672.66
869.90
1903.95
-1494.41
-728.88
731.42
-818.10
164.58
1747.12
-1751.24
1268.99
-1019.97
-190.92
834.39
-188.33
-758.74
1990.64
-1486.46
-1523.22
1867.22
799.01
-1790.05
1012.04
-827.94
339.23
1758.36
-1092.00
-1762.46
1976.64
-994.63
718.63
-400.97
-384.60
1424.69
-1836.42
1673.66
-1767.91
1012.54
-100.42
817.64
-1608.15
4.69
1262.84
829.87
-1441.66
-1510.20
1642.70
1164.77
-1232.90
-698.76
1752.43
-1023.61
-713.18
1996.70
-1468.52
-259.99
1275.50
-1058.50
-605.61
1224.02
563.35
-1346.42
-574.51
1819.57
-193.73
-1839.44
1391.51
862.90
-1287.70
601.96
-1714.20
1611.69
428.42
-912.00
804.42
-1036.57
1074.55
-1402.56
1524.85
-1320.36
-497.90
1647.80
46.11
-69.89
-1541.10
777.77
1473.35
-1215.77
-1478.68
1431.04
760.55
-996.50
171.25
1498.09
-1671.92
514.77
-1465.35
1691.34
-1087.68
606.79
1286.79
-1054.66
-1954.27
1641.53
1670.88
-1775.41
246.13
-1123.75
1383.73
-738.92
544.90
706.99
-327.00
-1583.60
1744.92
-1884.72
1354.57
1592.00
-1718.15
-117.27
-714.18
916.76
474.83
-1205.64
1.82
1586.33
-1347.36
632.52
78.34
-512.05
96.62
-780.68
798.42
296.62
608.72
-518.85
-716.60
-255.31
470.63
1043.83
-156.70
-1009.97
323.79
-959.87
699.01
1193.55
-1172.89
463.26
-994.24
841.68
837.91
-1036.57
297.95
239.02
-212.75
-1238.44
433.49
1338.37
-425.56
-1397.93
1142.32
1734.27
-1794.25
-1520.64
1217.19
1139.66
-1307.57
1597.40
-744.85
-1377.27
1648.65
-1686.72
1868.83
-846.05
-726.26
1573.37
-1356.34
1300.57
-1336.06
1591.27
-1887.12
436.65
686.80
-530.35
993.53
-388.41
-693.44
345.48
-347.87
945.20
-1008.27
-328.71
1988.83
-1992.33
82.01
1656.31
-1140.77
1162.08
-1231.17
-1354.13
1680.22
977.52
-1003.55
-569.46
664.83
-250.47
319.76
584.07
-1766.49
1106.14
-1062.85
1475.37
-579.77
157.25
-964.45
1955.21
-1433.20
-471.55
1336.53
-1183.50
981.61
607.37
-835.93
-1524.51
1961.21
325.22
-986.43
433.67
-664.56
-698.74
1220.86
27.67
-1132.72
1801.23
-347.29
-1323.41
234.32
1812.66
-1769.79
432.51
1117.17
-1343.09
562.72
-990.28
569.83
444.22
-1510.27
1623.38
-2.07
254.69
-1895.63
1531.05
-800.19
674.82
536.03
-1378.55
1818.38
-927.73
-939.98
446.96
805.75
-916.20
-636.72
1507.39
-162.98
-951.55
887.65
802.20
-1369.68
-739.34
1413.80
-476.89
857.12
-1029.19
-467.46
930.44
554.74
-1445.70
1336.19
-1084.37
1831.36
-1692.55
-364.54
274.16
1435.27
-1617.91
-171.24
1342.23
-1368.80
1273.08
602.53
-1902.27
1902.31
-1538.89
-725.31
1214.91
1377.68
-1817.85
835.22
-718.31
-621.50
588.56
1343.50
-1474.60
-106.52
786.40
911.23
-1212.21
-32.30
-527.14
807.13
-550.81
934.61
-408.61
366.23
-989.42
-320.62
1789.98
-1481.20
-611.03
1716.40
15.41
-1171.10
1477.39
-1272.44
-893.25
1361.38
-8.79
647.38
-107.17
-1217.97
684.75
-1382.97
1653.70
496.79
-891.65
-1542.35
1874.55
219.02
-672.72
-736.84
962.36
677.52
31.12
-1977.95
1407.38
758.13
-911.96
-480.96
464.76
217.58
-1057.03
432.25
932.63
-1903.08
1943.11
177.86
-867.71
-843.60
716.74
727.78
-757.22
-676.06
938.81
780.09
-450.24
-1675.94
1559.96
653.94
-1568.69
492.72
-141.02
1588.63
-1366.90
-835.02
856.48
998.61
-1566.29
998.03
-388.34
-1124.87
1798.40
-1616.84
1469.62
-447.78
-596.47
1806.22
-1880.83
1585.70
-1897.96
443.34
1516.66
-1662.94
346.20
796.51
-495.75
-1036.80
1663.15
-576.66
94.70
-1005.83
777.24
1081.52
-1516.02
1463.57
-1320.17
-164.89
602.04
-1067.21
1919.01
-985.77
-779.22
658.95
51.51
1732.76
-1495.13
-1442.59
1238.27
-179.95
1837.15
-1740.39
-1625.19
1758.38
1741.08
-1570.44
-392.41
493.15
-776.54
953.59
-1600.40
514.25
1949.23
-1583.31
-167.73
1106.48
-1670.98
959.47
1690.15
-1749.69
-240.50
-836.09
1323.21
218.51
962.57
-1751.51
391.13
-269.88
847.72
-386.04
-571.48
855.80
-1028.16
291.27
462.89
-485.88
689.92
-919.73
1687.72
-1756.69
223.88
968.13
-236.44
-374.98
323.60
-1307.20
1903.32
-1441.32
85.28
1525.81
-933.15
-608.58
633.54
-540.07
295.56
1056.00
-1723.53
845.40
872.58
-998.25
-1436.33
1626.63
-14.31
384.76
-1133.71
1013.65
-572.74
411.72
-972.79
864.77
1143.67
-1980.27
1916.42
-1507.93
-280.99
1113.20
-1712.18
1679.25
471.22
-1273.04
454.94
199.76
-319.36
-687.17
204.05
1073.47
-1627.91
1290.47
602.16
-1475.20
1608.27
-1282.49
346.30
-1609.70
1733.07
1361.21
-1804.97
663.25
-1826.87
1466.66
610.74
-304.71
-1004.31
272.38
1042.44
-715.17
200.20
440.52
-628.21
-422.10
509.98
-313.57
-714.55
1630.86
-982.99
1416.79
-763.70
-1086.00
-254.90
1363.05
629.82
-1587.47
663.22
-226.51
-374.98
1693.84
-1120.77
-719.70
1549.57
-1961.71
1415.13
-110.51
-1080.54
1612.36
-587.94
938.47
-1604.34
-704.92
1619.32
-337.12
-370.86
1772.38
-1465.52
-179.52
288.29
-1705.42
1857.82
1180.34
-1877.85
466.96
-224.67
-467.27
741.12
355.98
-591.56
777.97
-1071.04
218.99
-170.74
1849.52
-1277.75
-503.16
99.22
149.30
302.11
-418.06
-681.33
1068.83
1212.96
-1989.70
859.05
-527.40
407.04
-708.27
1420.63
-1428.32
1411.71
-1116.78
-799.13
1625.14
342.28
-1969.99
1568.47
-1160.54
1349.56
-1551.73
1447.53
-353.49
-750.55
1376.62
-364.03
-1472.81
1486.16
-709.86
-848.99
1991.73
-977.78
-172.33
369.46
-983.26
866.89
250.71
969.58
-937.05
-745.72
635.67
-1294.02
1722.16
-851.17
408.65
-635.98
1001.14
-1140.54
1757.48
-1654.76
447.47
-376.80
1134.01
-1398.08
736.42
-54.43
597.65
-614.66
-371.46
232.22
194.43
-174.33
628.01
-362.55
-1090.56
1724.15
-1817.40
1692.32
-963.72
1344.88
-1410.47
230.79
-763.67
1729.48
-570.26
-917.02
700.17
77.73
-391.90
140.85
499.28
990.11
-1704.72
711.56
-1919.79
1491.32
1658.66
-1775.23
-639.44
1868.64
-1694.34
544.47
718.06
-1632.64
1679.40
-993.08
330.71
1215.39
-1459.60
-429.43
1434.75
-1945.29
954.40
840.98
-330.71
-166.68
-491.98
573.34
149.26
284.91
-656.99
-1304.64
932.03
655.35
1427.20
-1916.02
-666.20
471.72
713.39
-757.53
1376.59
-1834.97
1990.19
-1030.96
-281.89
1464.73
-1735.94
184.35
-705.67
1507.32
-568.60
-168.12
1228.56
-1565.45
742.09
1280.29
-1693.99
-1143.09
1765.60
1228.67
-1801.76
-88.77
-790.38
1041.55
1450.68
-1352.65
-1299.92
1820.23
-1125.58
552.79
949.65
-1136.26
1485.62
-1512.06
-1233.98
1501.71
866.82
-1287.30
949.18
-472.59
-797.00
1441.01
-1636.16
1901.64
-1935.77
1739.38
-128.05
-1517.67
640.84
484.37
165.98
-933.44
822.24
70.41
154.27
-1783.75
717.97
1789.22
-1033.83
-1425.48
1603.65
167.49
-1644.70
1228.37
-666.88
832.73
306.11
-93.78
-1527.43
718.77
1703.43
-1625.60
-205.53
231.02
-371.53
1068.95
-45.63
-884.73
1290.98
-936.40
-1094.59
1802.25
-1513.56
1758.07
-1658.20
1375.48
-335.73
-857.24
1059.76
-1419.22
1663.27
-1803.99
1379.54
592.24
-743.20
-154.83
101.53
-1454.64
1856.35
-917.94
991.97
-363.87
-357.76
613.21
19.48
-1985.90
1553.03
1325.82
-1504.52
-250.17
503.61
-901.58
743.97
1284.77
-1592.21
740.29
-754.08
-746.06
1192.98
331.74
-868.92
970.71
-910.64
1664.48
-1468.71
309.16
-1731.13
1520.16
644.27
-1015.68
767.96
-153.03
333.19
-488.21
-327.84
441.55
481.85
-959.36
742.85
-1906.41
1870.96
316.08
-681.82
579.07
-568.90
-785.47
1004.08
-454.88
-205.52
1762.89
-1503.64
-925.83
1068.34
1504.06
-1744.45
32.09
353.91
-265.22
678.79
-1253.58
-102.96
1599.98
-204.14
-1382.72
360.57
667.97
96.86
1156.31
-1852.88
465.98
-1100.06
1704.15
-410.23
-1099.50
1922.05
-1198.97
-472.74
970.93
-1048.60
1048.57
-933.99
1580.68
-1491.70
93.55
482.70
-295.19
-305.96
1289.05
-1472.23
996.09
-657.27
1531.92
-1981.23
597.89
1221.99
-796.58
-561.51
-76.75
1089.70
-1502.13
924.03
-152.49
-486.67
1395.90
-1757.44
1687.14
-1369.83
1789.91
-1653.89
-535.61
749.99
1647.36
-1588.18
773.17
-1688.23
1721.15
-934.98
-706.61
1842.57
-1371.07
1582.43
-1333.49
-289.23
475.49
330.97
-61.72
-819.19
1408.47
-1625.19
992.01
588.97
-1449.65
430.05
1989.35
-1759.42
-367.38
643.48
-1400.85
1651.45
578.99
-1717.60
-328.21
1241.20
15.22
96.47
332.12
-322.68
-1586.49
746.66
307.24
1939.22
-1817.07
219.02
-809.99
-48.23
463.02
602.59
-794.33
1433.17
-844.82
-1624.18
1975.87
-573.35
1414.86
-1721.53
-304.26
913.91
-657.77
328.19
1229.34
-1326.71
-953.75
1114.65
1093.50
-1182.45
-676.87
595.20
462.99
613.65
-435.99
-1767.52
1066.65
-36.41
1860.99
-1218.62
-1371.71
1629.10
-1453.61
1024.15
-323.79
509.68
-686.21
680.21
-1403.01
1965.72
-191.79
-1319.81
829.91
-1037.44
907.47
-300.43
1369.81
-1233.85
-990.18
1609.01
91.93
-1381.63
1045.86
-692.85
455.51
-1088.18
1577.86
-328.78
143.82
-1760.78
1943.81
195.78
-949.97
819.56
-678.77
190.67
-1480.11
830.16
1179.99
-948.32
1427.65
-1264.97
-1336.96
1414.87
1440.98
-1858.15
961.19
-1749.68
1577.59
531.55
-1185.18
940.14
-1323.76
670.41
226.92
-1115.17
1818.63
-1522.69
1328.01
-911.32
-812.18
1506.91
577.75
-1264.75
493.43
-1284.55
531.50
1174.20
-203.21
-1003.53
874.29
-474.34
-249.86
-604.21
1383.18
-878.02
1422.78
-1988.73
1469.86
393.03
-908.85
-732.58
815.66
-855.75
1831.09
-959.65
-27.63
-990.86
1132.52
896.06
-1595.38
503.39
237.14
-178.83
250.83
-1485.34
1926.91
90.01
-1963.42
1209.95
-287.68
1136.73
-1638.31
213.15
1909.06
-1990.54
1584.40
-1067.50
-804.71
128.95
1394.79
-772.47
561.57
-1123.44
1232.45
547.90
-1824.76
919.24
-6.60
-1729.91
1598.13
1377.62
-1210.21
-717.49
759.68
-1006.56
245.23
563.80
298.31
-696.60
1501.40
-1505.20
-191.38
677.85
982.27
-981.92
-1509.95
1501.19
1008.21
-1403.34
370.41
-1463.59
1267.05
88.60
1495.10
-1720.76
651.15
-1854.58
1981.34
212.72
-1007.06
302.66
-627.14
-322.90
1557.14
-536.72
592.02
-1450.10
1242.71
-498.06
-811.67
1782.67
-794.50
-98.56
-1531.71
1407.01
-303.14
1706.53
-897.09
-500.26
-1656.81
1896.57
-161.23
-358.46
1139.94
-1198.44
940.72
-553.97
-416.63
519.52
-764.70
1444.23
-1076.19
1285.00
-1243.00
-975.29
1684.63
479.77
-1991.86
918.46
65.50
1129.25
-835.12
-1377.38
682.81
1903.31
-1789.90
-452.11
341.34
1283.28
-1328.51
280.25
1781.02
-1614.86
-1520.09
1720.58
744.72
-1691.27
1384.27
-641.61
-143.88
1006.67
-1476.94
747.18
-663.14
1302.57
-1202.27
186.17
442.63
454.88
-1694.42
1489.54
-693.84
137.64
979.26
-1625.47
1431.94
400.77
-1819.11
1015.95
-1455.69
1932.14
122.19
-1938.24
978.03
-15.56
1923.16
-1769.04
-1342.47
1817.33
393.88
-1161.25
-1246.53
1468.21
179.05
359.99
-851.60
1743.26
-1928.59
1016.46
-125.93
-391.01
-1193.20
1410.75
286.99
-1299.73
1983.23
-1967.20
303.11
736.46
126.60
-849.04
1418.79
-900.54
389.83
-848.06
1362.85
-1465.99
432.33
182.58
-355.34
1070.82
-1846.30
1907.18
-1249.79
-52.69
316.70
1108.73
-1350.46
676.62
-631.79
139.04
1816.93
-1989.42
813.42
-1826.90
1688.91
-602.28
640.24
-475.29
1129.33
-1851.04
1217.01
253.92
-1691.22
1464.90
-158.34
-952.07
673.96
1537.27
-1437.18
-1646.59
1448.89
1096.77
-498.84
-627.58
-441.31
1563.35
-1361.96
1273.05
-854.10
-1729.33
1819.94
664.54
-1061.83
1515.20
-1616.40
-85.24
1046.36
-936.62
350.20
270.04
372.41
-1766.51
1915.18
-1579.40
1327.32
-1333.58
841.47
36.40
1300.80
-1570.15
-84.85
1014.52
-1461.59
918.72
-847.38
804.32
-103.33
1121.46
-1984.24
692.93
1198.77
-1371.63
-546.26
1664.67
-1434.51
1719.28
-1838.46
783.24
975.98
-1901.97
259.13
1793.56
-858.10
-606.46
-402.75
1629.73
-1764.11
1285.30
-776.01
1763.60
-1508.13
-1632.44
1734.07
1483.40
-1825.86
-647.76
1466.88
130.10
-985.28
1371.24
-1870.10
522.25
1282.52
-1120.31
-754.55
1075.27
-560.73
1833.29
-1945.15
775.58
-614.63
1327.18
-1044.72
-780.41
982.69
-117.48
-553.30
1034.67
-583.92
1132.51
-907.02
-874.10
896.99
-969.30
1176.54
-322.05
127.55
-857.08
985.58
957.22
-1871.53
-53.95
550.91
517.28
-701.43
1292.46
-903.82
-284.67
262.32
583.11
-1984.57
1643.09
969.28
-1939.03
1296.05
-368.62
-1431.93
1263.78
-661.62
1649.56
-650.50
-250.43
-1459.36
1118.21
555.47
-729.61
1232.89
-303.20
-1837.68
1006.04
1667.88
-1810.39
-545.75
1268.73
527.10
-575.75
-1703.64
1438.33
501.52
-868.04
1887.16
-1939.96
729.45
-1691.23
1330.39
1149.56
-1472.53
180.06
251.53
250.37
303.36
-484.50
-1278.57
456.77
1354.03
-1386.02
1750.31
-1947.00
1713.01
-1690.33
1540.01
615.79
-1323.40
-627.61
171.60
37.83
1403.41
-90.08
-1627.25
837.79
-779.60
1656.37
-775.07
-857.46
1524.73
-1969.07
1549.86
159.57
-510.47
-1125.74
1965.04
-1929.46
1768.86
44.86
-828.70
-965.33
1963.82
-712.36
-1094.93
192.30
1677.60
-1458.43
690.71
134.88
267.07
-1752.28
1631.17
-851.84
750.63
-1531.68
1245.77
-181.00
706.56
-34.88
-1318.03
707.26
964.33
-1977.43
1353.78
294.62
-1733.94
1012.24
1366.15
-1727.56
16.60
1421.32
-1718.91
-431.11
1913.50
-1177.88
1505.11
-903.71
209.94
-1543.95
1675.66
-1670.89
1087.53
1426.78
-1563.68
412.24
-1667.26
1724.37
997.89
-1320.46
-1386.38
1965.15
-969.90
645.98
-0.95
-148.43
1064.96
-879.96
-1172.05
1252.45
292.51
-692.00
-609.75
-257.16
1816.09
-1316.40
274.77
1115.11
-566.78
-503.54
-769.49
1274.51
-1024.93
1043.46
-672.51
1594.23
-1560.69
-200.05
-582.98
1603.15
442.83
-1427.14
-466.09
1201.05
819.82
-1136.81
-174.28
-927.89
1708.30
-1377.23
1383.92
-879.13
-205.09
184.01
761.11
120.08
82.45
-790.00
-417.22
-437.02
845.50
628.13
47.50
142.96
-1739.02
1936.35
-834.93
-1088.32
1466.81
204.08
-927.18
385.86
-1411.15
1821.68
-1045.07
1098.21
-861.26
225.28
857.11
-553.96
-261.68
-1437.38
1527.51
-177.31
1598.68
-1633.13
-755.72
1682.27
-1318.92
1644.06
-1580.96
945.94
-1999.75
1576.33
75.24
855.02
-1306.10
591.70
-1075.21
757.66
-124.08
1523.65
-1248.96
-1328.44
1404.49
694.65
-1368.79
257.35
-380.85
1993.64
-1566.92
-1091.33
1331.29
1460.10
-1638.52
-826.67
1650.69
-1660.59
1755.82
-565.46
-1192.69
1760.63
-500.00
-236.03
-240.62
-171.88
925.91
-1943.65
1528.91
852.26
-939.15
387.04
-1030.93
771.38
-1324.07
1877.56
-1408.23
1412.81
-896.94
570.10
-880.04
-220.62
1215.00
-868.48
530.08
847.08
-1703.50
1450.46
-1660.23
1309.91
-1112.48
1453.84
-1964.03
1759.56
-1137.44
1798.88
-1853.19
413.64
952.79
-719.26
-515.76
-424.69
1460.88
-977.60
604.42
775.68
-590.84
-351.47
-1278.96
1864.32
-157.33
-1535.57
719.51
996.46
93.14
-1992.90
1869.65
-256.53
-716.42
1422.44
-1552.62
388.96
1027.95
-1165.74
-353.87
739.72
-411.07
446.69
-836.21
537.62
840.15
-966.74
1258.06
-1495.59
419.71
-943.69
1898.19
-1064.60
1297.10
-1517.18
548.47
-879.18
82.61
1702.57
-1179.64
1037.41
-952.94
-1710.42
1775.62
1420.38
-1717.11
217.92
171.01
361.88
-1781.44
958.31
1619.17
-1480.98
1003.73
-1738.95
1463.60
-641.89
727.86
-1350.99
1111.61
-970.71
1076.44
-1684.99
1829.31
386.51
-834.37
-908.63
713.34
-136.29
-522.21
1057.96
289.62
-1329.37
989.91
-719.84
1665.06
-1973.68
256.75
715.26
-1040.27
1592.59
-1153.77
-32.71
1224.06
-1562.83
1923.56
-1833.54
1038.01
-469.15
-508.38
1338.17
-1022.27
-865.76
1442.00
335.35
-514.61
-98.61
-954.46
604.89
474.90
2.32
848.80
-1209.73
-81.39
502.09
-1391.77
1589.75
1006.76
-1651.96
-272.86
-33.89
114.24
1930.14
-1320.75
-1801.93
1477.25
1606.63
-1414.54
-1810.16
1752.91
577.98
-727.74
1277.27
-1067.03
-1620.26
1578.50
221.89
-142.72
480.66
-1734.40
1058.19
1709.83
-1664.67
-27.29
-963.38
1340.59
276.88
-822.82
-587.29
1678.39
-1572.34
1581.23
-359.72
-1427.45
1867.79
-1285.85
-416.76
1628.95
-1921.46
951.02
842.22
-1168.25
-87.10
1549.92
-1275.08
253.29
157.32
-970.93
1349.92
-311.29
-1394.48
1815.25
502.59
-1314.24
204.50
-267.49
-557.35
1844.30
-1936.01
298.74
662.78
626.90
-302.06
-1324.31
1434.97
-1295.69
1086.20
259.68
-1579.90
1446.32
-1045.13
717.01
251.42
-1089.98
1682.58
-1745.13
1191.66
-1101.42
1691.65
-1532.28
835.32
-1160.75
1966.80
-925.58
265.64
-1919.11
1768.50
-441.78
971.79
-1964.54
1657.09
-922.19
713.79
-924.86
1454.31
-1803.41
1556.37
-1017.82
1450.73
-1793.54
1951.33
-1625.75
-384.55
1704.01
-1575.43
1648.12
-1294.96
-531.60
881.44
516.27
-453.36
752.33
-1496.40
17.72
715.68
533.67
-1156.51
1360.60
-1902.70
897.52
356.44
139.96
1043.59
-1672.12
-1176.94
1653.36
722.79
-1521.66
1471.09
-1254.06
946.53
-372.14
-567.69
1240.25
-1798.68
1119.81
-615.54
1617.49
-1209.73
-1069.01
1320.29
918.14
-1098.14
-377.22
567.17
-1236.67
983.97
1625.02
-1638.90
161.46
-1466.92
1133.56
1684.80
-1516.37
-958.64
736.29
659.99
-137.80
-704.81
698.31
209.33
-1104.32
1906.52
-1571.34
-577.21
961.44
1031.01
-1296.18
402.37
-1078.61
1013.26
298.39
841.97
-1193.49
-352.50
-1151.58
1707.30
700.20
-638.37
-1604.01
1053.33
1597.92
-1982.40
707.58
-845.11
558.38
1935.10
-1686.41
-792.81
-90.74
1937.40
-1212.58
722.03
-1385.86
962.34
-462.17
290.97
360.23
91.99
-973.38
-649.53
1735.80
576.35
-1149.20
-791.09
1588.04
-1056.94
-578.48
969.08
-1006.34
1543.90
-224.96
-1140.50
1351.66
-1649.63
1940.64
-814.97
364.17
-886.85
-908.51
1984.94
-244.15
-1412.25
1600.06
-776.55
1265.38
-1930.16
-212.11
1659.26
-1367.85
875.49
791.33
-1278.75
209.10
689.47
-817.06
400.40
-962.29
888.92
932.07
-1666.92
1563.98
-1342.46
490.14
-358.76
417.20
-105.82
953.58
-1341.59
-117.05
926.55
-1849.60
1972.08
149.73
-321.75
-605.88
-958.55
1875.89
129.87
-827.84
-177.71
-1340.21
1850.54
243.52
247.89
-1430.19
980.90
-678.48
-523.81
735.26
1222.99
-1131.72
-1137.55
1179.23
1316.05
-1320.19
-980.74
1396.49
-522.99
557.40
-1216.72
1952.33
-1796.01
-279.98
1754.31
-1042.07
-196.06
445.58
-339.84
282.45
281.33
-529.66
844.03
-95.77
-797.81
-804.17
1970.52
-971.35
-1335.93
1997.31
-955.67
1799.31
-1485.46
-1136.96
977.23
822.02
-1214.41
1915.95
-1734.37
-559.73
927.38
1797.06
-1932.71
-93.73
-895.81
1694.89
365.72
-1579.56
505.66
1254.47
-1948.19
1744.35
-1170.70
-349.83
684.24
-818.24
1375.80
-1097.14
1280.80
-823.23
754.70
-793.25
524.25
-1323.52
643.18
-202.33
682.98
1101.67
-1293.80
-1942.07
1991.40
1362.72
-1184.17
-1537.62
1339.26
632.16
-1869.59
1241.99
1336.71
-1112.92
-1843.53
1860.16
884.12
-1461.92
-608.25
1232.02
-1258.78
1043.51
620.95
-1055.04
300.95
-820.98
1970.94
-643.53
-1603.15
774.44
1548.80
-1613.88
571.77
77.43
-412.33
81.71
-915.44
986.00
812.18
-606.30
235.99
-1145.84
492.34
-419.11
399.27
301.75
1103.93
-1671.41
637.34
367.90
-935.83
-313.10
1949.80
-1625.40
-234.88
1773.35
-1344.34
-1058.37
1702.64
-167.63
-108.83
-576.61
1605.04
-1724.21
631.71
-596.10
1197.51
-1351.78
1096.07
-1398.15
1183.32
572.91
-535.72
-894.93
65.83
1007.64
-657.18
1083.88
-711.00
-241.07
-903.31
384.48
1539.61
-826.72
-774.48
152.95
552.76
614.10
-872.48
-95.13
1447.79
-1472.95
186.92
484.06
364.01
-1732.19
712.31
956.81
-1382.00
692.95
637.02
-798.93
276.41
791.94
-1729.97
1805.31
-740.10
-1846.39
1510.44
1542.16
-1777.90
-55.39
1428.16
-922.18
-41.94
-418.53
135.93
282.43
106.44
-772.95
1148.46
-295.08
-114.71
-426.81
1132.99
-1478.38
-27.42
659.76
1350.54
-1881.50
1225.23
-560.48
-1499.18
1836.86
593.85
-1579.63
106.10
-158.24
1886.74
-1646.90
332.54
-82.07
-555.85
813.21
417.90
-784.20
936.60
-685.25
-821.45
1488.66
-913.76
-905.23
1617.13
-945.22
865.16
968.94
-1884.12
842.63
-1301.70
1391.29
327.23
-1847.19
1700.77
-417.99
-623.62
836.48
-1014.45
-269.66
1695.49
283.64
-1931.46
1463.96
-933.42
-166.87
477.08
-90.26
1075.74
-1334.15
-20.70
1219.77
-1356.69
322.85
-194.46
457.26
-739.98
1836.38
-1108.74
-1510.90
1747.11
-683.35
537.87
1113.73
-1896.66
32.85
936.11
-43.25
-370.78
-794.35
865.45
689.30
-332.00
-950.68
779.91
-411.77
1219.94
-1710.63
282.68
595.04
1170.31
-1166.08
-1220.23
997.55
366.88
353.59
-1046.54
-378.20
632.45
1098.99
-617.95
-1212.70
1653.60
-1388.54
-389.50
962.19
1507.33
-1842.08
340.98
-1333.48
1431.02
1459.39
-1370.79
-694.37
-248.67
1987.60
-1809.17
685.64
451.92
-789.58
-740.60
557.35
1156.80
91.93
-1582.47
707.76
591.39
-1645.09
1331.18
-480.05
973.41
-1268.43
368.48
1449.85
-1533.50
-119.17
-455.38
1800.14
-1624.13
537.11
1449.31
-1636.37
-542.88
665.79
1425.18
-1661.60
362.86
-237.19
911.87
-351.64
-891.11
954.55
-1303.75
1960.14
-905.25
18.20
-877.00
800.76
-440.48
1494.75
-816.18
-720.62
1204.44
-1388.87
-460.93
1828.05
213.24
-1359.64
768.84
-1727.93
1939.81
-452.73
-433.56
721.78
12.04
-622.80
417.26
-1077.51
1710.34
-1796.92
1117.75
1360.19
-1942.04
821.85
-1420.34
1853.59
-1240.55
1199.06
-836.33
-673.58
142.45
1828.49
-1576.90
696.06
-1206.56
1790.45
-1684.66
-325.14
1858.57
-426.71
-743.88
1422.57
-1447.50
613.77
-976.08
780.38
612.86
-282.57
-1061.75
124.21
1852.17
-1943.45
1311.25
-1460.15
1533.24
-670.30
-615.96
825.27
-684.18
316.44
-678.01
1721.05
-514.64
-1343.31
1103.58
924.19
-1603.59
1133.28
-1356.79
1372.33
-255.01
-1597.98
664.25
1703.56
-862.89
-712.73
749.07
-794.32
-246.50
1646.21
-567.50
-1615.62
1656.41
-755.60
1374.89
-1167.54
214.79
-1274.75
1670.78
505.60
-812.22
-1177.81
923.82
465.04
674.40
-1360.34
92.82
-790.68
1368.86
762.63
-1198.30
-1584.49
1851.16
1549.25
-1962.55
276.36
-1247.75
1999.50
-1334.64
1648.42
-1962.40
364.55
1327.17
-1444.91
1619.41
-1698.26
-186.54
749.92
1733.80
-1959.46
-143.50
308.35
1366.58
-1542.43
-1046.49
1931.58
94.80
-1359.25
292.70
1221.41
-1442.03
814.41
888.27
-683.70
-1103.35
-133.63
1522.19
-154.51
-292.97
-1117.23
1330.77
-851.44
231.32
1234.27
-1667.06
431.63
605.08
-640.83
806.69
-518.01
-997.41
1961.91
-1611.42
1289.56
-1500.91
1871.81
-805.58
-421.40
-736.23
1733.32
-721.83
-1365.76
1846.02
-937.56
1180.03
-380.22
-972.18
440.62
349.03
-374.28
660.36
-1373.18
177.17
874.79
-573.71
598.38
375.75
-92.88
-1719.84
1007.60
1546.64
-1465.92
798.47
-1645.87
590.87
1156.80
-476.65
-1455.26
1934.19
-636.22
-208.93
-624.59
622.48
769.25
-1375.97
1719.87
-1426.35
-205.19
1278.31
-1007.54
-937.63
1762.22
308.65
-1799.06
1793.82
-505.41
-1697.07
992.97
1649.00
-803.80
-309.43
-1256.10
1711.79
-1878.21
1491.11
808.05
-1876.08
1672.50
-1425.03
38.68
1560.79
-1901.33
870.99
1426.14
-1588.49
-572.73
92.33
1238.78
583.09
-1070.48
-1754.15
1823.46
-16.70
1206.25
-1838.96
-926.87
1522.43
1438.81
-1834.87
-1039.96
1694.77
5.09
-977.21
1078.45
491.16
-1362.61
0.24
987.93
-1440.26
1369.88
-1013.87
1074.90
-1163.97
300.64
307.96
882.08
-1283.61
1465.38
-1797.86
1611.42
-896.87
-1660.47
1856.45
792.04
-874.97
-151.84
-1157.77
1885.05
-978.81
1406.06
-1465.80
-71.08
-553.40
1960.27
-1681.44
1713.12
-1137.66
713.06
-1359.86
364.04
875.44
-1215.07
476.86
759.31
-853.06
1471.79
-1580.41
671.47
381.53
-917.24
-733.87
1528.23
-672.57
870.23
-1054.31
1037.78
-622.32
246.25
-1922.30
1819.80
-53.45
1082.50
-1498.69
948.06
-1521.53
745.25
-404.25
1159.32
-675.83
970.60
-1371.77
-802.10
1451.55
1250.00
-1360.93
-1333.34
1324.74
1065.13
-1075.97
-740.88
1345.14
-880.98
498.63
-1752.31
1126.16
1880.31
-1155.20
-1082.77
-233.99
1803.11
-1361.47
1509.48
-1854.98
972.57
-922.26
1253.60
414.57
-1081.74
571.54
-1841.70
1355.50
599.54
-747.81
785.89
-1253.54
884.48
747.19
