0
458402741
1450762123
1450762123
1450762123
1496133927
1657532654
957943002
1657532660
161398734
150862505
312943758
1331712894
2031302550
0
1129709790
51451063
1174882251
2167392828
2167392834
385483371
2258376108
106076826
75888617
822707538
2273469654
133852281
1601655452
0
307028449
672126519
1630069514
132078136
470454373
0
0
509685711
0
660548215
144788379
367986450
56978109
394566079
566663817
56978109
296460304
768335964
228287583
391103819
402766604
514691139
79861665
469154459
1126040040
170797831
2519730076
660832535
493723005
523717981
120480095
216689537
687143904
138029921
195008028
63441536
195008026
252225068
138029921
133388342
536154936
536154936
528012087
269015841
1214452549
236427261
304072661
0
1905728098
111047963
60305976
432985884
1930977249
696505880
77439092
36019856
0
84556398
228948731
346864108
242005027
58338312
0
323679113
1262393519
1064673318
426797363
630210326
0
204924557
467577975
535428632
450457629
0
1122584133
272370693
441509990
0
520657870
493212994
505019781
346932014
548208184
2917098654
489761620
629775087
541543659
367121677
240263016
1280229716
428162189
2951212417
0
320645552
0
234909281
604374735
0
1288444607
14776037
245678564
3025795305
52153308
0
307257977
672417461
616266122
888524109
73591099
1631647462
79525989
727301397
149325659
577487832
71422572
2181552091
1074935596
977100060
158616140
21608374
41553788
482625798
316078393
617202562
577955090
270017053
199213826
53208366
782668968
0
588498716
532178382
358220260
598359805
362836487
292827747
297472019
152085902
488044289
458592269
666904643
405376804
3188994302
86609503
0
759048746
241905443
0
1819144099
95994767
0
907865461
708653589
689380504
890772826
125719746
1188874067
1733900388
830745379
204239039
437223883
730088188
67818779
44302313
323124231
0
1080365087
68835572
3296613477
574407593
212761293
104489147
135718500
1817465728
272291770
0
1285216313
770170209
625761731
55358867
200261209
227006702
3634089
122759289
0
1473220874
604801579
242169465
143849682
0
0
21825778
0
0
1037099542
4927489
27222130
1038072246
924538850
325712897
0
352148933
2443855498
62561315
0
11338560
65425943
37954784
419810638
576226432
199992216
103377251
103986645
249623917
988385242
100654170
156355114
537105925
0
273549321
333301000
70716978
123854047
980261008
511914524
420194689
198978855
218665574
884801374
179075410
776888786
1141738550
260294208
233517527
20906282
493815129
3458699236
1089808795
154302461
594560907
0
94150422
692667249
521571592
1815251287
375217714
692667244
348820662
1179721410
27554517
804443294
0
983324271
970118379
0
179045804
1999430660
975834579
2126532740
3500949678
498066186
55724301
191722289
9920581
428896618
1019805627
1390854267
1507835398
750661908
354556007
180669884
0
1676497507
1191361
411739039
2041566302
361382194
111012477
352253595
575850047
768998475
135309999
43643734
93185565
1126016239
1182994332
510862457
0
363698955
317110650
257715811
339498167
1257858965
214499975
69886177
155278648
79684031
0
1209064676
284554281
384837399
261436369
630847969
1213169853
268536766
131643605
2885465854
391937795
36553550
668900852
0
0
367593683
243757767
3606811
270340721
