386073142
386073143
386073144
386073145
386073146
386073147
386073148
386073149
386073150
386073151
386073152
386073153
386073154
386073155
386073156
386073157
386073158
386073159
386073160
386073161
386073162
386073163
386073164
386073165
386073166
386073167
386073168
386073169
386073170
386073171
386073172
386073173
386073174
386073175
386073176
386073177
386073178
386073179
386073180
386073181
386073182
386073183
386073184
386073185
386073186
386073187
386073188
386073189
386073190
386073191
386073192
386073193
386073194
386073195
386073196
386073197
386073198
386073199
386073200
386073201
386073202
386073203
386073204
386073205
386073206
386073207
386073208
386073209
386073210
386073211
386073212
386073213
386073214
386073215
386073216
386073217
386073218
386073219
386073220
386073221
386073222
386073223
386073224
386073225
386073226
386073227
386073228
386073229
386073230
386073231
386073232
386073233
386073234
386073235
386073236
386073237
386073238
386073239
386073240
386073241
