589045708
589045709
589045710
589045711
589045712
589045713
589045714
589045715
589045716
589045717
589045718
589045719
589045720
589045721
589045722
589045723
589045724
589045725
589045726
589045727
589045728
589045729
589045730
589045731
589045732
589045733
589045734
589045735
589045736
589045737
589045738
589045739
589045740
589045741
589045742
589045743
589045744
589045745
589045746
589045747
589045748
589045749
589045750
589045751
589045752
589045753
589045754
589045755
589045756
589045757
589045758
589045759
589045760
589045761
589045762
589045763
589045764
589045765
589045766
589045767
589045768
589045769
589045770
589045771
589045772
589045773
589045774
589045775
589045776
589045777
589045778
589045779
589045780
589045781
589045782
589045783
589045784
589045785
589045786
589045787
589045788
589045789
589045790
589045791
589045792
589045793
589045794
589045795
589045796
589045797
589045798
589045799
589045800
589045801
589045802
589045803
589045804
589045805
589045806
589045807
589045808
589045809
589045810
589045811
589045812
589045813
589045814
589045815
589045816
589045817
589045818
589045819
589045820
589045821
589045822
589045823
589045824
589045825
589045826
589045827
589045828
589045829
589045830
589045831
589045832
589045833
589045834
589045835
589045836
589045837
589045838
589045839
589045840
589045841
589045842
589045843
589045844
589045845
589045846
589045847
589045848
589045849
589045850
589045851
589045852
589045853
589045854
589045855
589045856
589045857
589045858
589045859
589045860
589045861
589045862
589045863
589045864
589045865
589045866
589045867
589045868
589045869
589045870
589045871
589045872
589045873
589045874
589045875
589045876
589045877
589045878
589045879
589045880
589045881
589045882
589045883
589045884
589045885
589045886
589045887
589045888
589045889
589045890
589045891
589045892
589045893
589045894
589045895
589045896
589045897
589045898
589045899
589045900
589045901
589045902
589045903
589045904
589045905
589045906
589045907
589045908
589045909
589045910
589045911
589045912
589045913
589045914
589045915
589045916
589045917
589045918
589045919
589045920
589045921
589045922
589045923
589045924
589045925
589045926
589045927
589045928
589045929
589045930
589045931
589045932
589045933
589045934
589045935
589045936
589045937
589045938
589045939
589045940
589045941
589045942
589045943
589045944
589045945
589045946
589045947
589045948
589045949
589045950
589045951
589045952
589045953
589045954
589045955
589045956
589045957
589045958
589045959
589045960
589045961
589045962
589045963
589045964
589045965
589045966
589045967
589045968
589045969
589045970
589045971
589045972
589045973
589045974
589045975
589045976
589045977
589045978
589045979
589045980
589045981
589045982
589045983
589045984
589045985
589045986
589045987
589045988
589045989
589045990
589045991
589045992
589045993
589045994
589045995
589045996
589045997
589045998
589045999
589046000
589046001
589046002
589046003
589046004
589046005
589046006
589046007
589046008
589046009
589046010
589046011
589046012
589046013
589046014
589046015
589046016
589046017
589046018
589046019
589046020
589046021
589046022
589046023
589046024
589046025
589046026
589046027
589046028
589046029
589046030
589046031
589046032
589046033
589046034
589046035
589046036
589046037
589046038
589046039
589046040
589046041
589046042
589046043
589046044
589046045
589046046
589046047
589046048
589046049
589046050
589046051
589046052
589046053
589046054
589046055
589046056
589046057
589046058
589046059
589046060
589046061
589046062
589046063
589046064
589046065
589046066
589046067
589046068
589046069
589046070
589046071
589046072
589046073
589046074
589046075
589046076
589046077
589046078
589046079
589046080
589046081
589046082
589046083
589046084
589046085
589046086
589046087
589046088
589046089
589046090
589046091
589046092
589046093
589046094
589046095
589046096
589046097
589046098
589046099
589046100
589046101
589046102
589046103
589046104
589046105
589046106
589046107
589046108
589046109
589046110
589046111
589046112
589046113
589046114
589046115
589046116
589046117
589046118
589046119
589046120
589046121
589046122
589046123
589046124
589046125
589046126
589046127
589046128
589046129
589046130
589046131
589046132
589046133
589046134
589046135
589046136
589046137
589046138
589046139
589046140
589046141
589046142
589046143
589046144
589046145
589046146
589046147
589046148
589046149
589046150
589046151
589046152
589046153
589046154
589046155
589046156
589046157
589046158
589046159
589046160
589046161
589046162
589046163
589046164
589046165
589046166
589046167
589046168
589046169
589046170
589046171
589046172
589046173
589046174
589046175
589046176
589046177
589046178
589046179
589046180
589046181
589046182
589046183
589046184
589046185
589046186
589046187
589046188
589046189
589046190
589046191
589046192
589046193
589046194
589046195
589046196
589046197
589046198
589046199
589046200
589046201
589046202
589046203
589046204
589046205
589046206
589046207
589046208
589046209
589046210
589046211
589046212
589046213
589046214
589046215
589046216
589046217
589046218
589046219
589046220
589046221
589046222
589046223
589046224
589046225
589046226
589046227
589046228
589046229
589046230
589046231
589046232
589046233
589046234
589046235
589046236
589046237
589046238
589046239
589046240
589046241
589046242
589046243
589046244
589046245
589046246
589046247
589046248
589046249
589046250
589046251
589046252
589046253
589046254
589046255
589046256
589046257
589046258
589046259
589046260
589046261
589046262
589046263
589046264
589046265
589046266
589046267
589046268
589046269
589046270
589046271
589046272
589046273
589046274
589046275
589046276
589046277
589046278
589046279
589046280
589046281
589046282
589046283
589046284
589046285
589046286
589046287
589046288
589046289
589046290
589046291
589046292
589046293
589046294
589046295
589046296
589046297
589046298
589046299
589046300
589046301
589046302
589046303
589046304
589046305
589046306
589046307
589046308
589046309
589046310
589046311
589046312
589046313
589046314
589046315
589046316
589046317
589046318
589046319
589046320
589046321
589046322
589046323
589046324
589046325
589046326
589046327
589046328
589046329
589046330
589046331
589046332
589046333
589046334
589046335
589046336
589046337
589046338
589046339
589046340
589046341
589046342
589046343
589046344
589046345
589046346
589046347
589046348
589046349
589046350
589046351
589046352
589046353
589046354
589046355
589046356
589046357
589046358
589046359
589046360
589046361
589046362
589046363
589046364
589046365
589046366
589046367
589046368
589046369
589046370
589046371
589046372
589046373
589046374
589046375
589046376
589046377
589046378
589046379
589046380
589046381
589046382
589046383
589046384
589046385
589046386
589046387
589046388
589046389
589046390
589046391
589046392
589046393
589046394
589046395
589046396
589046397
589046398
589046399
589046400
589046401
589046402
589046403
589046404
589046405
589046406
589046407
589046408
589046409
589046410
589046411
589046412
589046413
589046414
589046415
589046416
589046417
589046418
589046419
589046420
589046421
589046422
589046423
589046424
589046425
589046426
589046427
589046428
589046429
589046430
589046431
589046432
589046433
589046434
589046435
589046436
589046437
589046438
589046439
589046440
589046441
589046442
589046443
589046444
589046445
589046446
589046447
589046448
589046449
589046450
589046451
589046452
589046453
589046454
589046455
589046456
589046457
589046458
589046459
589046460
589046461
589046462
589046463
589046464
589046465
589046466
589046467
589046468
589046469
589046470
589046471
589046472
589046473
589046474
589046475
589046476
589046477
589046478
589046479
589046480
589046481
589046482
589046483
589046484
589046485
589046486
589046487
589046488
589046489
589046490
589046491
589046492
589046493
589046494
589046495
589046496
589046497
589046498
589046499
589046500
589046501
589046502
589046503
589046504
589046505
589046506
589046507
589046508
589046509
589046510
589046511
589046512
589046513
589046514
589046515
589046516
589046517
589046518
589046519
589046520
589046521
589046522
589046523
589046524
589046525
589046526
589046527
589046528
589046529
589046530
589046531
589046532
589046533
589046534
589046535
589046536
589046537
589046538
589046539
589046540
589046541
589046542
589046543
589046544
589046545
589046546
589046547
589046548
589046549
589046550
589046551
589046552
589046553
589046554
589046555
589046556
589046557
589046558
589046559
589046560
589046561
589046562
589046563
589046564
589046565
589046566
589046567
589046568
589046569
589046570
589046571
589046572
589046573
589046574
589046575
589046576
589046577
589046578
589046579
589046580
589046581
589046582
589046583
589046584
589046585
589046586
589046587
589046588
589046589
589046590
589046591
589046592
589046593
589046594
589046595
589046596
589046597
589046598
589046599
589046600
589046601
589046602
589046603
589046604
589046605
589046606
589046607
589046608
589046609
589046610
589046611
589046612
589046613
589046614
589046615
589046616
589046617
589046618
589046619
589046620
589046621
589046622
589046623
589046624
589046625
589046626
589046627
589046628
589046629
589046630
589046631
589046632
589046633
589046634
589046635
589046636
589046637
589046638
589046639
589046640
589046641
589046642
589046643
589046644
589046645
589046646
589046647
589046648
589046649
589046650
589046651
589046652
589046653
589046654
589046655
589046656
589046657
589046658
589046659
589046660
589046661
589046662
589046663
589046664
589046665
589046666
589046667
589046668
589046669
589046670
589046671
589046672
589046673
589046674
589046675
589046676
589046677
589046678
589046679
589046680
589046681
589046682
589046683
589046684
589046685
589046686
589046687
589046688
589046689
589046690
589046691
589046692
589046693
589046694
589046695
589046696
589046697
589046698
589046699
589046700
589046701
589046702
589046703
589046704
589046705
589046706
589046707
