454
-20.2075 63.3650
-19.0167 63.4167
-19.0500 63.4167
-19.1667 63.4167
-20.3000 63.4167
-19.1833 63.4333
-18.3667 63.5000
-19.6167 63.5000
-19.8000 63.5500
-19.8000 63.5667
-20.1167 63.5667
-18.1500 63.5833
-20.1667 63.5833
-20.2833 63.6000
-20.0833 63.6167
-19.9500 63.6333
-20.2000 63.6333
-20.3000 63.6667
-20.3833 63.6667
-18.5333 63.7167
-19.9500 63.7167
-20.1500 63.7333
-20.2167 63.7500
-20.2333 63.7500
-20.6167 63.7500
-20.4000 63.7667
-20.7000 63.7667
-18.0667 63.7833
-20.2833 63.7833
-20.5000 63.8000
-20.0833 63.8167
-20.5000 63.8167
-18.0167 63.8333
-20.4000 63.8333
-20.6000 63.8333
-20.8833 63.8333
-21.0667 63.8333
-21.7000 63.8333
-22.4000 63.8333
-22.4333 63.8333
-21.3667 63.8500
-20.3500 63.8667
-21.1500 63.8667
-20.7667 63.8833
-16.6000 63.9000
-20.6500 63.9000
-21.2333 63.9000
-16.7000 63.9167
-20.4000 63.9167
-16.8000 63.9333
-20.6667 63.9333
-21.0000 63.9333
-21.3000 63.9333
-22.6833 63.9333
-17.6833 63.9500
-20.8167 63.9500
-20.9667 63.9500
-21.1500 63.9667
-22.3667 63.9667
-22.5167 63.9667
-16.8500 63.9833
-20.4500 63.9833
-22.5500 63.9833
-22.7333 63.9833
-20.1167 64.0000
-21.2000 64.0000
-22.3833 64.0000
-17.0000 64.0167
-20.6000 64.0167
-22.2167 64.0167
-22.3000 64.0167
-22.3500 64.0167
-22.5667 64.0167
-20.9667 64.0333
-22.7167 64.0333
-20.1667 64.0500
-22.7000 64.0500
-20.3333 64.0667
-21.9500 64.0667
-22.0000 64.0667
-22.6500 64.0667
-22.7167 64.0667
-22.6833 64.0778
-20.9333 64.0833
-21.9000 64.0833
-21.9833 64.0833
-22.6667 64.0833
-21.0500 64.1000
-21.9167 64.1000
-22.0000 64.1000
-22.0167 64.1000
-20.5333 64.1167
-20.6000 64.1167
-20.2667 64.1333
-21.9667 64.1333
-21.8500 64.1458
-21.8167 64.1500
-21.9500 64.1500
-22.0000 64.1500
-20.3833 64.1667
-20.5000 64.1667
-21.6833 64.1667
-21.7000 64.1667
-15.8167 64.1833
-15.8833 64.1833
-20.7333 64.2167
-20.6667 64.2333
-21.8500 64.2333
-15.2167 64.2500
-21.1167 64.2500
-20.4667 64.2667
-15.4333 64.2833
-20.1667 64.2833
-21.8333 64.2833
-21.9167 64.3000
-22.0519 64.3128
-15.2333 64.3167
-20.3000 64.3167
-22.1000 64.3167
-20.2833 64.3333
-21.5333 64.3333
-14.8000 64.3833
-21.4539 64.3981
-21.4581 64.3989
-21.6258 64.4053
-14.8667 64.4167
-21.8500 64.4167
-22.1500 64.4667
-14.5500 64.5333
-21.9167 64.5333
-14.6667 64.5500
-21.4000 64.5500
-21.9167 64.5500
-21.7667 64.5667
-21.5500 64.6167
-22.3833 64.6333
-14.2833 64.6500
-21.6500 64.6500
-21.3000 64.6667
-22.0167 64.6667
-14.2667 64.7000
-21.0333 64.7000
-21.3833 64.7000
-21.5500 64.7000
-20.9833 64.7167
-21.4000 64.7333
-22.1000 64.7500
-23.6500 64.7500
-23.6333 64.7667
-14.0000 64.8000
-14.1333 64.8000
-22.2667 64.8167
-22.5833 64.8167
-23.0167 64.8167
-23.3833 64.8167
-13.8333 64.8333
-14.2833 64.8333
-21.3500 64.8333
-13.8767 64.8350
-13.9650 64.8453
-13.7667 64.8500
-13.9667 64.8500
-13.7667 64.8667
-22.3500 64.8667
-13.7833 64.8833
-22.7500 64.8833
-23.7167 64.8833
-13.8456 64.8919
-13.9167 64.9000
-13.9783 64.9056
-13.8000 64.9167
-23.2667 64.9167
-23.5833 64.9167
-23.8500 64.9167
-23.9000 64.9167
-13.7000 64.9333
-14.0167 64.9333
-23.2000 64.9500
-23.3333 64.9500
-22.9667 65.0000
-13.6161 65.0117
-14.9833 65.0167
-21.6333 65.0167
-21.7333 65.0167
-22.6000 65.0167
-14.2167 65.0333
-14.6167 65.0333
-22.4000 65.0333
-22.7333 65.0333
-14.0167 65.0667
-21.5500 65.0667
-22.7333 65.0667
-14.7500 65.1000
-15.4167 65.1167
-21.7000 65.1167
-21.7667 65.1167
-22.2000 65.1167
-20.7500 65.1333
-13.7000 65.1500
-21.0500 65.1500
-22.5333 65.1667
-13.8167 65.2000
-14.0167 65.2000
-14.5500 65.2000
-21.1000 65.2000
-21.8167 65.2167
-13.9956 65.2633
-14.0000 65.2667
-13.9833 65.2833
-22.3167 65.2833
-13.8750 65.2869
-13.7167 65.3000
-13.8500 65.3000
-18.8667 65.3000
-20.8667 65.3000
-20.9167 65.3167
-21.2000 65.3167
-19.1000 65.3333
-14.8667 65.3500
-20.6000 65.3500
-13.7500 65.3667
-13.9000 65.3667
-14.3500 65.3667
-18.2500 65.3667
-22.9167 65.3667
-20.2833 65.3833
-21.9167 65.3833
-13.6833 65.4000
-20.9500 65.4000
-20.6000 65.4167
-19.1833 65.4333
-19.3500 65.4333
-19.7000 65.4333
-17.4000 65.4500
-18.1667 65.4500
-18.2167 65.4500
-20.7167 65.4500
-21.2667 65.4500
-21.4333 65.4500
-21.8333 65.4500
-21.9333 65.4500
-22.2000 65.4500
-19.3667 65.4667
-22.3667 65.4833
-23.4667 65.4833
-23.6500 65.4833
-24.0000 65.4833
-14.2333 65.5000
-20.0333 65.5000
-23.4667 65.5000
-13.8167 65.5167
-14.4000 65.5167
-18.1500 65.5167
-19.3000 65.5167
-19.8167 65.5167
-19.9667 65.5167
-22.7500 65.5167
-23.2000 65.5167
-19.4667 65.5333
-20.6667 65.5333
-24.0000 65.5333
-24.4667 65.5333
-18.0833 65.5500
-20.4167 65.5500
-21.4667 65.5500
-22.1500 65.5500
-24.3500 65.5500
-13.9000 65.5667
-14.5000 65.5667
-17.0333 65.5667
-19.3167 65.5667
-22.4167 65.5667
-24.1500 65.5667
-22.8833 65.5833
-23.9833 65.5833
-24.0000 65.5833
-24.1333 65.5833
-14.2667 65.6000
-20.1000 65.6000
-21.4000 65.6000
-22.5000 65.6000
-23.7667 65.6000
-17.8167 65.6167
-18.5167 65.6167
-19.5167 65.6167
-22.7167 65.6167
-23.4667 65.6167
-18.0333 65.6333
-20.7667 65.6333
-23.8333 65.6333
-23.8500 65.6333
-15.0000 65.6500
-16.9167 65.6500
-19.5667 65.6500
-21.6500 65.6500
-23.9167 65.6500
-18.1000 65.6667
-18.4000 65.6667
-19.4500 65.6667
-20.3000 65.6667
-17.6167 65.6833
-18.1667 65.6833
-21.4500 65.6833
-23.6000 65.6833
-18.1167 65.7000
-19.3667 65.7000
-21.4333 65.7000
-21.5167 65.7000
-21.6833 65.7167
-23.3667 65.7167
-16.0333 65.7333
-17.2500 65.7333
-17.4000 65.7333
-17.8833 65.7333
-19.1333 65.7333
-20.2500 65.7333
-21.6333 65.7333
-14.8333 65.7500
-18.0833 65.7500
-18.1667 65.7500
-19.6500 65.7500
-21.4167 65.7500
-18.2500 65.7667
-19.2833 65.7667
-21.8333 65.7667
-23.4500 65.7667
-23.5000 65.7667
-24.0000 65.7667
-23.7167 65.7833
-17.3500 65.8167
-17.9167 65.8167
-20.2833 65.8167
-20.3167 65.8167
-14.7833 65.8333
-20.3167 65.8333
-17.5500 65.8500
-18.2000 65.8500
-23.4167 65.8500
-18.7000 65.8667
-23.5000 65.8667
-23.5333 65.8667
-23.5833 65.8667
-17.4000 65.8833
-18.0667 65.8833
-19.8500 65.8833
-22.3833 65.8833
-23.6333 65.8833
-19.3833 65.9000
-19.4333 65.9000
-20.3333 65.9000
-23.5167 65.9000
-23.7500 65.9000
-18.1833 65.9167
-18.3500 65.9167
-18.5500 65.9167
-22.3500 65.9167
-18.1167 65.9333
-18.5667 65.9333
-22.5000 65.9333
-23.6000 65.9333
-18.1833 65.9500
-18.3667 65.9500
-21.4833 65.9500
-22.5833 65.9500
-17.4000 65.9667
-18.3667 65.9667
-18.5333 65.9667
-18.9667 65.9667
-18.5500 65.9833
-21.3500 65.9833
-22.8333 65.9833
-23.4167 65.9833
-23.4500 65.9833
-23.0500 66.0000
-23.4333 66.0000
-14.9000 66.0167
-18.7667 66.0167
-21.3667 66.0167
-21.5167 66.0167
-22.4500 66.0167
-22.8667 66.0167
-22.9333 66.0167
-23.0167 66.0167
-23.5667 66.0167
-23.6667 66.0167
-14.8000 66.0333
-19.3833 66.0333
-22.6833 66.0333
-22.7333 66.0333
-22.8667 66.0333
-22.8833 66.0333
-22.9833 66.0333
-23.0000 66.0333
-23.1667 66.0333
-17.3500 66.0500
-19.1333 66.0500
-20.0333 66.0500
-21.5667 66.0500
-21.7167 66.0500
-23.1333 66.0500
-23.1667 66.0500
-23.5167 66.0500
-23.7167 66.0500
-16.4500 66.0667
-16.7667 66.0667
-18.6500 66.0667
-23.1667 66.0667
-19.1667 66.0833
-21.6167 66.0833
-23.1500 66.0833
-18.6500 66.1000
-22.5500 66.1000
-23.0500 66.1000
-17.9167 66.1167
-22.6000 66.1167
-23.1333 66.1167
-23.2667 66.1167
-23.5333 66.1167
-23.5500 66.1167
-23.5667 66.1167
-18.7667 66.1333
-22.7000 66.1333
-17.2500 66.1500
-18.1333 66.1500
-18.9167 66.1500
-22.7667 66.1500
-22.8667 66.1500
-23.2500 66.1500
-23.3000 66.1500
-22.9000 66.1667
-23.2500 66.1667
-23.2833 66.1667
-23.4833 66.1833
-15.3333 66.2000
-15.7167 66.2000
-15.2667 66.2333
-22.5333 66.2333
-22.6167 66.2333
-22.1500 66.2500
-22.4500 66.2500
-22.6833 66.2500
-22.8333 66.2500
-22.0833 66.2667
-22.2500 66.2667
-16.4333 66.3000
-16.4500 66.3000
-14.7667 66.3333
-22.8833 66.3333
-23.0500 66.3333
-23.1167 66.3333
-23.0333 66.4000
-15.9500 66.4500
-22.4500 66.4500
-18.0000 66.5333
