33679
36213
95984
52554
36357
83958
35057
35161
4739
64905
48922
12339
63450
93054
97768
74374
8461
80399
74921
4145
58572
13797
19398
57999
20172
77781
84716
58997
14542
95839
12520
17740
95255
36753
48860
39276
99045
22748
68226
68226
4348
2990
25082
70441
68885
45478
25629
47686
45577
6899
70160
17065
20926
85893
528
31264
13115
90756
89576
78913
73887
82166
35809
75828
8773
88756
64627
94871
27069
59761
54102
79066
25312
43973
2417
507
41526
41526
78878
26262
31720
70369
5301
46178
38290
83110
75361
44768
85522
68296
83653
836
9158
50317
68137
42808
45910
5033
25674
87588
74774
82060
68888
88375
56068
30375
26676
64459
45536
23266
58900
96603
24940
94383
71066
91612
31880
33161
77815
89952
26187
22040
79114
97510
47157
81360
16847
16847
98973
98973
52591
16808
55050
36738
90593
44798
91600
15732
38888
86994
52563
92209
18923
78821
22738
2608
76430
6503
402
53439
79849
66142
69783
4807
61248
54630
74453
5484
95621
95767
41195
54904
58539
7463
84332
95896
18206
32770
26047
58132
88609
56547
80311
61540
38365
95965
79015
72833
84655
74656
4976
77200
28259
81903
76316
21657
33422
67281
2435
13665
14844
51604
16787
96650
68877
14226
27691
1507
71727
58199
31463
48096
78654
4511
7828
86289
93263
60661
74528
31180
57896
3614
41685
82464
31838
92483
70022
49790
4227
48461
15576
1230
57644
92625
13065
47644
89206
86856
99388
16996
12886
31119
14863
89887
16698
78971
64186
8384
12739
44975
33232
50878
85037
8658
54830
29908
54875
99064
38450
85739
58980
41636
76548
62183
20596
25880
31103
26554
57296
20683
21388
28800
48679
48679
41892
77242
17810
61468
21933
2659
65372
62305
31500
31783
95708
46674
45593
64455
16806
52655
61764
66403
71505
77146
24575
16747
80858
68061
9523
65243
20778
68405
955
74647
2685
44922
90550
79811
50805
49637
33410
33410
84758
96538
412
57212
69577
2058
13533
73431
16718
29841
95149
85591
31780
83905
15871
10043
72917
5994
94004
6833
20611
41565
21097
36508
52159
96946
21690
34505
18033
73955
48944
14080
6764
34115
72808
9098
77547
87109
35835
73536
94664
89500
27684
41033
47392
66910
78177
29907
9073
27036
74040
13876
19661
96946
97936
13298
76045
24362
48801
71315
86565
84494
44893
44893
63656
63656
31445
46660
28531
16519
84107
45093
87063
95970
46783
51709
43669
89061
70222
17064
40059
69508
75573
66271
15443
72663
58154
12347
96346
12945
72461
74040
48308
51178
9860
75694
82829
79346
61846
53015
16377
82561
77078
51829
30474
42982
15733
52921
40965
52763
99067
8612
67663
34857
99554
33740
9061
86509
32067
68146
85929
39072
3820
23854
47689
81822
43541
56081
55355
72773
1927
90967
10015
19365
77831
5501
22530
31480
209
70266
66651
55054
47968
51046
86959
18731
97528
16743
15069
61881
55505
39972
85209
43267
55462
27035
98891
37046
88435
52724
99864
18907
72887
2116
58420
96926
99758
5472
17727
77865
76665
11500
4586
94272
94399
79815
22284
65430
1843
85337
48002
14222
54708
25655
29893
97597
55730
54043
39624
94847
34902
90630
87728
32687
92723
78526
30433
24871
8384
95297
22865
22865
87678
28355
14176
53795
25540
99708
72801
27723
14176
81056
80524
17716
76489
19125
43168
48852
90337
73293
54342
41074
58797
21993
43358
67618
73884
18932
11220
64299
19814
26283
37206
85606
11957
92934
51835
51835
54734
55022
64580
44990
40053
71632
50820
92866
70363
9732
38354
82887
24546
3089
47035
1195
28605
845
1317
70463
96927
29024
84917
56566
95803
48246
91348
98898
15609
5056
76335
44647
57924
28744
91688
71932
67741
80571
86277
96284
3174
82313
67613
85389
59656
78738
75599
86459
64256
10121
55750
56991
66946
31206
85860
69223
80437
78144
71127
41120
60663
36166
8517
56656
18761
87250
41845
33247
63007
16162
80646
10357
57806
47397
36273
48986
47052
60944
6633
47245
63227
44908
73908
53097
27828
71638
17671
77871
16279
40386
15014
83459
83608
2247
25336
72042
87418
61578
77752
5690
59508
67045
95316
55128
7723
14517
26082
18322
34475
34475
28418
23014
33625
87614
96237
66166
26749
84504
34155
8759
47536
59436
28847
49089
77801
22523
4402
87189
74151
78399
31079
37310
23692
4348
900
70180
65207
97146
75340
93452
47534
49445
13207
83416
8305
72799
76776
16235
21788
20623
6326
93124
34877
73511
12182
661
44601
91865
2936
12794
20386
70573
54931
65563
20576
68207
59439
84324
94201
71306
81527
60731
88104
43021
29819
54923
83451
30094
96096
19864
65869
66689
71463
58185
61719
25314
64370
83919
76046
63631
53725
23540
83526
32941
66013
76051
70103
5460
8052
64026
50447
24537
55638
74349
68761
42238
45915
29219
71505
65552
18618
64859
90959
34449
50021
96544
80174
71265
29291
23372
12687
11780
75548
49617
75205
85436
48323
586
4269
93980
83569
43758
6732
47272
94396
34470
82400
36640
18912
83280
4346
658
49486
1513
5503
10852
91751
93404
20968
16376
86463
83842
46038
77077
58515
71260
32954
19062
148
47161
26332
20122
70734
49252
25956
90088
3318
62338
68905
87252
7866
51683
76311
46752
80775
85035
33111
17756
71360
46770
96549
84225
90462
99909
25976
62908
6402
97162
32938
35099
70872
95987
80590
12514
98894
73307
3316
17798
4883
13108
92806
66838
43389
30258
43817
97063
81858
76429
90562
64266
82629
60625
15665
48290
76937
14593
95790
7952
10162
60093
91143
86257
50710
38808
20570
85548
65417
26327
23035
75904
64447
46876
98495
75182
22430
99455
96278
430
87928
23658
74348
20616
34166
85446
40745
15896
31407
42473
96321
7450
29599
83471
96607
77188
81496
69203
94416
18559
28292
97396
15686
92015
52087
98169
38888
27228
45352
23688
64608
9072
27653
43675
52572
24597
68745
80544
92725
13872
23637
88042
63926
67565
64219
37196
10579
76341
69382
90187
39837
27956
16966
70170
21007
95791
82921
18568
34289
20278
98212
99754
79055
79055
23138
23926
13110
91416
4815
61935
40127
1527
95638
77938
78207
28990
37179
21675
28358
35944
4056
88910
8272
28512
95815
48335
39582
50236
13403
90208
58330
58330
41984
38359
34306
80375
53839
45860
49801
56289
9919
87720
64434
67017
6976
38859
14432
70701
40191
72215
92320
50681
75243
75243
4218
73243
46212
31248
83853
57388
38106
9812
19671
6626
76071
95602
58812
49466
1512
79302
14510
79989
61933
87322
14256
93511
40210
55112
39853
4259
61265
58352
82326
92500
72008
81211
71869
91371
28919
25084
10271
53125
77077
5893
74238
7943
5209
46297
87051
89291
1777
56494
21893
58463
12851
72154
22801
81299
30144
38166
38537
94484
4631
14470
99374
49727
18327
18327
29738
16291
22798
458
71038
76735
73163
29693
2546
2546
59400
46837
61455
75741
26879
7562
32336
8847
90620
65373
85628
30722
39760
49657
22189
9923
34012
24380
20273
24444
57683
57683
59665
25183
34607
33831
7403
45337
91596
68393
14583
98545
12124
857
19052
27882
93076
81163
87982
54826
52210
28830
77343
99404
93079
64472
6931
82510
4059
35815
93304
28532
12364
9282
86467
39872
25321
51917
76819
12681
90140
77313
68053
790
3740
11371
59535
96671
88072
89355
23080
45933
43854
50469
98500
30271
2483
44120
8802
90582
46374
93097
22545
41560
71744
26689
82565
97824
39668
69321
62485
83713
92042
1896
25431
71972
91775
31081
77331
33516
65365
19458
66054
91866
60321
27819
13220
6254
48523
98099
8568
96655
54439
51548
10931
24516
61296
15902
80637
75926
86247
79807
53459
38033
36739
78877
98327
65159
88527
18762
26041
24534
99122
94100
58507
69835
5234
5820
11142
11142
82530
24369
73837
37630
47784
17317
24417
60362
92216
36400
57799
62761
90945
68286
58980
98662
37027
29934
11079
30163
50897
12431
73969
32168
69678
78613
56052
2598
13524
67038
32408
46313
62373
93286
66009
86937
4673
91163
59067
28627
53224
17171
11390
35876
8444
43090
103
26855
1592
29886
45323
19954
10715
29743
16060
65099
93571
11756
30229
54593
40985
41083
15599
24889
27957
53636
41635
97814
56706
58293
23453
83266
64234
31989
44444
8682
6039
5990
20932
11340
51181
88734
47773
84600
18981
32431
34304
44748
8144
93880
75027
54081
33723
92277
93379
25941
14494
32861
65699
64334
53169
2869
14950
54153
1401
1401
78254
92798
70890
54939
95411
18215
46956
21233
86491
76435
61928
99034
34305
84285
56924
16670
30207
57785
87244
46696
72019
75257
34699
55439
1889
1889
45417
27214
3507
66217
57402
4147
52847
61383
18857
43213
1357
57789
63055
43806
9519
96194
21139
14195
39971
99733
45529
2304
93485
79108
17555
31054
84603
90312
11306
8991
51569
87148
15150
25144
53657
90374
39765
78217
80856
39220
98137
91449
38705
21987
70949
65950
99057
1782
47859
66942
41102
15358
265
66994
51574
8239
41551
6728
45385
45385
56242
17496
46427
46427
55884
95527
56221
78962
17564
67419
26134
35550
40732
74967
8150
95138
77826
23302
69173
4093
71329
38017
98421
52192
63255
64587
9433
74330
6582
17736
61828
33458
55376
4234
6469
18217
74810
24804
61120
66860
77478
45088
13127
13127
40135
6695
86839
33567
52849
90188
4860
74489
59669
33685
68976
81035
84746
14387
46792
90474
10212
99554
10564
45161
18322
93557
29364
29364
32657
10739
5790
66330
75214
21427
62852
83289
57526
33490
73238
51765
80013
1989
26075
16429
65667
32864
24140
85831
25991
40321
55649
49470
59722
36439
27936
92853
22633
68313
1519
41247
8950
66435
65591
36437
21464
42724
84755
64657
92337
21202
58506
31082
11177
17678
90282
31581
85067
98775
65645
10963
74543
28857
41281
93350
3504
3015
59891
59891
61734
964
46385
41529
38132
69407
99720
32892
49710
67151
96228
29351
80310
78934
21168
50134
20510
90686
24985
81710
41911
41911
5702
9718
62767
92902
40554
27285
20089
30194
77454
47152
63415
66698
8745
8386
11000
11000
67089
81375
87222
98686
1923
41803
35557
59714
553
35672
31782
76114
82785
42736
38426
69931
81162
97388
42477
38572
44422
45321
45956
45956
23935
34032
82208
82208
1657
81266
41677
37324
96321
26310
41235
96563
89444
54510
77542
43882
74620
99002
26524
29410
98465
13744
62410
62410
69356
70051
6091
87336
75107
90451
94099
94099
547
26285
72871
31141
3139
49815
12835
74537
14289
95824
73115
33864
838
3087
33890
67826
74334
29924
69009
37122
71793
50171
66865
79698
14183
76454
85611
62282
84124
86452
66958
48041
20915
20915
53814
80048
12708
62267
38257
20110
71388
813
90221
67336
54946
48093
94751
64813
8779
99912
27165
54016
53828
53828
55192
76979
35084
81327
5935
58874
24377
24201
51357
72487
74698
18516
67128
96374
57413
52782
81666
25132
53397
46664
41615
31378
98514
28763
60961
18780
30321
82091
20519
41930
97296
35320
34275
98828
14769
89348
8051
29805
23651
28685
20649
50919
89679
4998
41874
34579
40830
34105
62330
72304
16874
36304
9136
86477
99626
20609
99993
61675
29635
87386
33605
98888
7705
69730
70140
70140
73909
73909
6981
30593
29525
88586
15505
12607
5704
2805
70437
48825
41640
50031
91728
60483
67728
18512
50643
4322
29589
4802
24656
11174
5573
2855
73478
63662
60122
12044
57797
75131
71250
2913
25054
85942
34451
37414
5373
5373
1868
54616
75736
28162
44247
93530
52867
52867
73197
96176
82799
85297
33373
5066
43004
43004
92390
10353
39460
22923
74890
24412
32023
69842
57461
82947
14647
3064
26255
44444
69817
45537
46912
48301
78116
60082
76804
86651
78289
64063
70183
46210
36291
38023
21558
20942
26492
65064
31948
49870
20689
49204
69980
20380
51102
73758
60345
54727
74890
69134
67361
18428
4783
47263
12858
12858
5683
44348
33625
8816
34605
61171
15232
67193
75797
55986
63502
16144
20422
47322
72469
56529
98222
30719
45844
48361
89465
26209
38002
60698
77205
43365
78847
26450
70799
77170
13344
93621
5988
30254
48985
46147
46072
93514
10135
57409
10299
4017
83013
4387
94524
85344
46541
92692
16254
71764
1899
83182
11671
99398
93230
98191
43358
93272
62010
53291
46583
50941
4902
96383
70928
71289
86314
80096
27751
96484
86672
54741
42348
30711
90814
75807
72832
23440
69709
81040
57297
31789
49980
59153
20761
73735
92841
8013
91058
38411
17027
64403
50842
17449
68061
64806
45262
8231
60182
48092
82589
82589
96882
4145
71284
72451
4758
3249
17899
53042
82331
82331
19134
37654
28074
52222
52005
66551
43237
50483
50580
85080
73730
47400
96930
64146
40319
1178
19638
79116
73462
74281
97939
52630
31704
62089
75931
48393
52852
93786
52476
54570
11965
91087
26468
92394
39276
54913
87838
83743
59501
77062
5639
48329
9539
99423
76005
45733
84585
93533
56818
90464
40158
70495
11087
13397
5004
87944
36268
21306
22654
84217
20967
94380
42758
31809
68083
77290
4165
77495
60060
95920
36826
61201
66305
86327
88039
59119
49776
2155
73341
51290
52330
51208
92271
48454
99889
24506
21660
65115
90731
5037
76220
36582
84246
46813
65278
93920
15097
35794
66289
62887
66636
68796
56446
56249
90737
49784
64512
95854
77486
64339
27299
46862
82166
61000
54790
64241
95822
17104
13091
78252
49205
55158
89602
32125
4956
14882
86961
24830
44432
29108
3580
3580
8609
47603
56057
40766
63952
94361
63928
4882
35023
24753
71923
55743
76086
96343
13149
32648
3281
36776
67641
35224
46682
25744
2827
86743
14132
13712
8617
6249
26050
26050
5023
51004
58919
50122
73259
34479
31382
20229
79815
98301
9427
76460
85791
27421
26282
276
49329
49329
5480
4117
32365
50555
13499
1487
88603
33700
93504
76959
31716
63174
49505
3063
15109
17846
72872
8002
13047
57253
33616
36631
50289
87651
67075
44553
18364
83676
40119
24593
7908
70808
43400
52838
13715
23141
11970
82435
51872
52813
80153
14725
65381
93699
57400
3316
50205
46068
41944
53015
54818
63397
5563
63568
70642
2141
13064
15221
11549
81610
60141
58774
35597
76967
12355
65528
11393
69109
91355
40913
72097
49376
57910
70788
91277
92170
66101
81519
11887
11887
32998
80168
11092
5854
73563
51228
16243
96072
56969
22153
75450
19660
70495
71620
37852
97152
43431
82063
11432
31117
67498
3850
34680
49191
81414
82018
11194
89162
51594
35669
96073
96482
1464
92616
19357
69204
2572
62752
89093
60671
35781
36644
79503
74051
77105
47880
5242
4845
65731
69578
58847
8545
51914
37875
78752
70206
81730
57572
71318
26618
22959
60860
89090
36965
91840
99082
59071
69050
39583
98586
206
78508
42542
48721
80180
86761
33178
42561
24411
89930
39923
50396
74325
6750
63477
67157
28147
41012
63372
96693
50678
10621
14455
9534
33324
73098
770
32950
83570
16224
43121
46848
55267
74278
12133
91651
2705
7010
96408
31331
2015
55424
12284
37517
39647
45809
7587
53027
88047
3527
78168
85831
79919
89384
69146
56308
94291
39708
8773
58233
50443
26010
83712
4828
49841
31655
57926
63049
20584
21097
70331
35383
43534
86249
32477
81090
44664
77814
1072
48152
85803
90963
99696
19652
88119
6248
49271
18197
36249
80229
19234
95754
55526
47986
39967
73207
35449
73415
31497
19195
78271
18803
67548
35927
29460
18603
24336
11240
66439
13211
58627
79366
42245
13221
25721
47144
62512
62512
90175
87914
8528
39830
50332
91415
68648
39062
70386
69173
25025
80877
46841
99944
33096
95911
72888
59922
96905
93544
74673
13930
77518
27878
15407
15407
27850
73276
32107
32984
97076
96445
80223
91864
50861
60625
688
97953
92315
95199
1232
1232
47732
89037
7936
60185
33218
86441
19301
31992
84649
13171
99423
15620
98432
86796
96580
96580
51252
40329
75980
34130
63469
14281
72169
80563
10637
67184
78140
12102
34192
40021
33223
95209
47403
95005
33676
90208
28670
63300
6047
55513
15327
46279
61606
61606
58646
19379
47705
68098
33516
2518
24790
95745
51763
43459
90795
90795
94963
74563
20263
57937
15809
64358
32849
77622
3429
38998
16785
22389
4225
50488
13527
45615
39499
61296
72797
2992
47651
30297
13002
563
76257
91612
45400
48229
62340
73808
92286
89977
29913
99624
52493
68143
41249
35539
22822
44662
1671
97958
11822
11822
10524
38399
42940
788
21031
66743
39054
60926
48042
48042
81807
29929
1577
68993
71704
61157
95825
96475
3841
79116
74631
46998
88075
79671
24628
87487
31944
31944
72416
34857
5291
56590
68710
50725
9035
2011
14179
81244
60245
19928
21232
14575
78720
11466
61701
63470
38024
14690
1491
91752
73767
32327
49759
74670
8805
83410
62014
94001
49813
80578
99279
42398
85600
70371
5703
91836
94009
90829
66004
47933
57734
32743
95605
26216
26633
467
4582
66135
86794
7488
78560
51282
39365
95353
43538
11429
42778
44952
58768
46330
54986
69203
45289
45289
99179
36533
40403
17484
59632
95387
21391
82525
52590
52590
86727
81843
50613
51459
35582
483
59498
85122
85449
60946
33639
34829
92803
51576
70820
36480
59214
80046
31489
245
984
44605
71705
38761
6212
73220
15765
14035
3671
17195
94577
26574
45174
2269
87185
34784
65390
51930
93632
83728
90246
82100
69257
8776
19059
61277
24706
24706
54869
49010
25949
65325
12109
8911
71866
71866
95384
32143
2967
2967
32871
70340
17540
58761
74738
14250
52426
8631
75864
83838
52952
2841
50325
15191
40291
55697
85459
85858
48124
96074
2106
2106
57717
23088
94749
1397
90268
9440
46740
8613
15380
49655
23011
55189
61445
60106
48947
78327
23572
611
50592
16411
52390
20802
58547
20619
72979
92392
10630
34297
53024
7768
75405
75792
81660
19944
95987
15935
53604
84007
33989
33989
90820
45561
4074
92511
42012
36153
99103
32630
99702
10918
17329
92177
30980
42738
57768
94197
36210
19543
10334
35855
9723
29015
84172
49656
40971
14946
16664
8390
49743
59403
70965
70965
87577
29242
49197
60361
30338
7113
15995
59224
97357
54185
27733
9607
72240
77554
58214
54397
83106
71648
81683
80832
79970
2997
5710
25393
71987
64183
1249
91413
40656
20718
15201
94809
11908
59543
23537
66990
55539
52725
93670
16175
82808
20587
9712
59641
12990
3006
11544
6744
69544
12035
47583
8361
62048
76632
60466
11193
32058
25041
96168
73950
94473
35621
8274
72353
33341
48113
15518
63053
72650
10414
94063
94063
27199
52520
23173
57025
41796
33146
52247
86545
14390
60219
44268
30992
19368
98758
81404
44492
94860
88695
49214
84811
14844
18893
92853
45041
99598
60216
48060
4583
5653
37532
31916
33525
83719
36824
41756
1854
55285
95246
96817
24834
8808
4264
45107
79135
50823
60938
57300
22020
12921
89285
5364
68501
75569
75569
17091
55552
17729
89190
30333
68162
70670
656
62744
16816
37880
43225
80317
81008
22584
81159
62540
51554
71314
32226
19741
70374
60028
90849
9745
61281
86643
37223
59922
75814
43009
97575
15127
22068
24137
23739
40225
50796
60709
5089
9941
97814
71507
15918
49148
71228
63222
4180
3507
53268
54821
29578
40298
99053
89984
89182
98941
17740
86781
90351
15692
12494
95501
30944
95925
62971
60357
4338
26449
12349
75844
45737
71557
63391
92179
34496
70601
36203
99473
18298
40663
61457
40826
69311
12130
65183
12387
83182
70506
87733
46930
94668
53067
53067
38916
71992
79893
51659
88683
3243
15562
85459
37401
73436
75805
88478
36720
31456
60427
46847
61443
80966
64366
71984
56141
66303
3587
43366
99753
99394
17509
54743
46077
95283
91266
55326
6520
71304
67492
21001
99596
62404
79156
11922
79760
93126
20607
46581
49145
20678
52255
23696
14389
25652
64262
60424
57953
1616
26247
27750
17500
70289
89523
62804
42360
68053
20034
68000
97148
5306
37677
1288
17449
74342
59970
55641
73812
54831
82989
34431
14132
14132
64571
11611
57951
46232
12161
78407
15365
50118
41675
33193
93052
20200
12473
27961
72416
49858
74944
80402
1124
47180
45060
90210
11948
75504
63150
31992
95869
5554
99971
93270
76679
13060
43511
58591
94192
28113
27272
17795
60722
80911
89515
58218
77960
8736
72942
99170
49371
26973
67845
34625
6191
42139
87236
69431
47879
68221
4727
78926
30671
74226
96893
41640
44047
39796
45683
7952
4805
5661
138
91940
67309
17903
23642
11120
13427
68514
33066
44525
46201
627
11962
84902
10441
27301
62548
60573
79089
87912
5691
91304
87218
91631
30050
22637
99382
89016
9567
97181
44967
38163
75909
40331
95688
87925
33404
63092
92870
1841
3315
46484
98684
63513
75149
24429
91084
26975
74310
45977
53555
27435
45829
70837
79669
86650
18302
27813
12976
11319
61342
7030
27045
46412
99014
99014
65639
35007
41448
17354
97721
15446
42747
43168
19522
74672
20598
38387
88267
16859
69641
35180
70705
98281
54623
93061
12929
94387
71872
71872
98264
65834
11017
52603
30839
29694
53209
67345
88561
54210
90416
46203
17579
33843
9512
31644
19306
72644
92708
89569
95692
37267
37498
71425
13913
46259
10417
11849
5255
20604
7101
12038
34349
76130
61313
37545
95876
95917
81032
62231
63881
76494
44447
33107
84910
62001
71455
59992
69835
99584
86200
17350
39191
25220
53491
22639
76964
72324
35283
35283
52448
34073
12958
80041
42589
24057
8544
8544
28186
78804
41296
24719
30036
13804
52151
3323
35158
45839
70137
10342
35170
57413
41632
70332
12679
15739
77677
83356
87597
38856
74662
13470
7584
7584
92678
40865
66743
11821
90242
216
76249
54447
49979
33366
19739
43497
87025
82227
59392
59392
28422
36739
74806
48666
80732
40965
87245
54581
71233
40186
79021
87471
53488
19855
67254
47778
12662
27325
74551
16034
65749
14573
29989
87533
82576
86273
16936
77014
69311
5508
74107
81190
15256
55809
680
21002
76545
17780
71941
74835
70721
55239
54897
64811
56764
73153
40973
40973
31584
76259
40122
73123
91793
30493
56682
72098
20486
72458
79903
66923
16351
69498
46251
96076
1735
29160
99576
22856
68950
64767
82943
95739
75270
21793
72313
50491
95560
33755
62481
18689
16032
87464
95920
59542
77348
2356
81606
81059
49314
4674
63068
71856
38256
20729
812
66240
75854
83832
95646
70878
66878
4815
42480
1836
43273
429
45762
85341
29516
42497
71974
55645
43366
12117
82833
13186
31676
31676
8775
30990
76842
21863
99336
99336
64230
36209
58356
59218
48349
5200
70532
85934
14847
43630
21745
15469
44419
76764
39153
28205
42454
75800
68816
68816
63898
60183
41490
10877
64353
42222
1747
60195
71599
3558
5280
5280
88141
56716
14991
77796
49602
57598
12174
87798
40910
99833
96582
43789
13521
13521
10397
59356
15329
60879
48784
93952
68185
11431
12903
76284
48227
95518
47650
31706
37288
16370
23730
32905
24971
55373
34813
92773
54845
74111
70990
80023
9332
56917
29996
32949
20105
2433
48328
33607
26557
53138
45126
876
29929
17699
67914
27455
75865
44081
27240
76318
23317
92538
39504
41224
43961
84886
46652
26744
707
6667
11845
28445
67793
70807
67026
5791
49441
42157
90638
86238
48408
84007
97902
3085
96092
50996
89004
89421
73590
46673
65134
30787
80303
60748
62507
62507
91532
86873
59819
26257
47437
33196
31665
31665
62465
27197
85594
92446
20183
20183
51895
11203
17478
48058
57748
52846
6030
81164
98046
31017
89073
63992
41330
81329
46365
11681
51278
38078
70472
18098
2838
70982
95694
9391
37076
80889
18578
79914
32013
39507
90254
99279
48952
59795
57813
71398
36150
66405
14609
46457
11452
37242
86454
25143
31462
5914
53404
54814
1559
25153
47443
40149
81297
72013
24106
70600
17097
72658
60193
65118
30076
95559
31973
99556
909
57235
78427
27332
28609
28609
