1000
472 473
357 708
189 191
686 783
752 951
607 764
306 1000
120 227
312 894
195 900
413 589
345 834
259 822
174 485
467 850
259 912
198 413
561 641
629 945
86 486
637 845
290 758
436 709
256 893
58 162
718 895
142 380
651 826
310 506
482 990
844 894
297 953
178 290
405 548
231 891
49 995
32 281
539 583
97 356
551 684
450 605
169 964
316 417
139 857
183 686
485 941
872 893
355 856
713 714
543 805
142 351
425 995
272 389
75 313
235 466
219 907
573 813
430 507
133 901
111 174
83 238
416 913
104 135
58 821
654 678
449 537
178 472
267 973
580 884
753 760
195 492
166 167
257 649
636 644
613 823
178 476
83 823
97 136
145 430
244 814
460 469
46 897
706 912
858 970
8 407
39 377
471 669
55 502
238 787
304 836
121 659
299 624
547 789
266 715
255 279
108 537
254 622
112 362
67 710
733 851
55 590
5 838
481 848
44 808
243 626
541 879
54 951
151 832
458 607
899 906
739 740
142 291
302 360
648 667
482 900
111 257
411 956
135 245
295 925
504 587
386 411
426 563
97 393
641 799
125 886
122 703
439 489
49 609
70 467
500 602
227 494
546 797
17 351
100 915
592 836
118 473
54 376
423 457
259 476
238 620
392 464
266 777
242 324
134 145
26 53
270 328
52 124
505 762
655 930
88 332
500 500
494 651
598 694
809 953
48 263
60 136
371 715
80 774
245 867
66 528
46 165
627 820
97 837
384 488
611 843
10 140
833 967
680 851
385 990
378 598
195 956
206 678
181 373
42 809
192 714
537 718
325 994
314 431
42 575
46 78
320 385
177 637
309 657
192 309
369 646
267 383
596 961
226 673
778 824
427 656
84 509
191 773
684 879
564 956
587 665
10 886
41 400
416 936
123 350
389 439
870 950
55 526
657 662
47 771
452 561
262 828
513 762
300 788
679 813
149 908
907 917
641 910
766 844
952 961
465 504
282 292
853 926
259 306
345 601
613 964
2 239
38 879
208 447
51 312
218 960
135 147
640 915
316 318
282 520
438 827
84 878
68 861
296 406
544 854
305 914
606 774
74 211
799 932
917 986
33 499
275 669
591 806
243 815
300 867
474 921
372 937
932 944
169 692
40 201
21 938
430 555
181 780
366 409
239 520
378 795
585 699
99 238
299 304
28 826
237 541
934 951
667 947
580 716
256 332
35 265
233 764
771 851
711 980
788 935
519 738
316 959
520 917
252 733
471 589
311 451
452 991
178 187
499 622
421 948
242 300
187 857
115 956
423 846
129 505
141 222
696 766
223 353
510 734
404 936
119 675
155 690
700 796
50 497
649 795
177 874
466 986
126 865
753 921
182 781
279 522
227 791
57 710
317 755
611 652
231 930
238 906
338 486
162 247
151 920
118 770
45 873
487 814
753 873
633 818
537 859
378 806
302 638
161 295
49 333
100 449
87 477
815 887
171 853
88 980
233 657
558 904
780 891
68 520
240 433
432 666
74 78
5 200
740 845
907 996
68 775
525 925
563 946
407 980
70 196
529 828
182 652
843 885
452 737
506 704
197 272
93 546
342 856
507 516
842 912
339 732
761 967
63 851
250 253
247 382
326 733
275 719
178 701
17 25
484 777
271 883
12 395
598 645
188 605
215 793
212 744
545 859
130 820
660 701
358 895
173 720
660 858
136 535
409 639
637 772
465 773
44 592
167 479
611 735
43 982
58 897
232 242
176 352
559 974
61 153
69 83
93 457
394 941
411 917
274 957
223 354
453 658
66 132
46 722
202 591
621 784
261 990
582 999
588 765
251 516
309 986
268 888
319 966
100 342
312 462
327 936
108 331
87 872
15 705
553 989
375 754
654 910
278 886
155 349
725 953
435 670
171 756
632 742
7 15
153 954
33 628
362 705
157 173
368 984
774 998
494 633
145 386
636 953
291 987
491 967
50 262
326 498
252 664
352 791
425 588
257 299
470 880
81 959
176 622
78 620
737 985
202 411
287 912
149 710
521 561
489 942
322 411
848 960
10 347
188 937
677 874
735 744
128 794
378 479
247 639
863 888
156 236
46 46
819 871
486 509
363 863
66 550
372 846
489 756
169 607
240 866
123 263
902 954
187 833
261 688
276 686
82 418
269 320
430 960
16 627
1 62
687 807
168 865
102 321
208 514
474 676
89 298
617 908
509 530
190 248
33 97
777 835
50 684
68 234
49 471
484 909
42 851
124 841
837 937
441 503
768 883
380 705
457 836
337 651
217 652
176 987
189 298
77 456
508 535
130 279
306 735
148 769
511 628
11 165
160 348
39 404
542 664
467 648
128 925
434 691
752 896
356 525
194 430
136 241
465 721
231 769
232 833
458 815
79 803
227 464
98 494
490 771
174 328
20 291
349 355
91 841
260 299
381 997
315 942
884 993
68 908
379 393
435 662
169 616
27 906
192 311
11 807
242 575
60 997
658 738
349 566
645 940
158 286
388 931
356 358
401 526
454 799
740 744
454 600
235 583
638 818
100 346
29 794
443 507
86 139
216 473
864 868
622 731
5 271
558 861
11 754
29 332
594 682
384 939
146 668
755 965
686 934
239 367
200 798
321 518
61 355
249 892
39 55
58 965
706 820
76 105
45 330
341 709
142 412
198 781
246 378
40 649
154 619
151 774
152 280
118 746
279 861
208 259
503 767
380 594
279 644
303 391
80 546
130 785
566 884
784 957
119 146
57 374
808 985
680 797
357 376
589 886
438 915
716 839
241 718
158 918
482 788
214 789
637 981
470 829
6 891
900 943
110 145
276 378
100 718
8 759
889 999
79 730
24 271
8 742
236 917
325 807
40 102
521 744
192 324
669 931
309 733
159 274
570 628
663 717
168 829
496 538
560 889
856 918
374 507
254 922
567 760
262 772
91 327
688 793
158 500
235 461
755 780
162 663
602 606
15 362
540 744
106 929
489 726
185 534
61 151
558 884
227 540
281 349
285 737
125 326
290 418
423 792
354 908
590 711
539 940
9 430
195 235
658 948
747 973
116 757
404 462
223 681
204 648
347 740
216 878
410 532
265 567
26 624
197 332
272 881
342 595
876 950
440 971
279 284
97 614
507 611
436 953
53 413
235 959
206 272
103 969
909 966
313 590
203 239
49 197
420 588
16 93
598 995
200 589
548 878
910 924
5 931
244 275
460 643
538 643
333 997
285 541
57 77
2 810
102 366
125 707
401 788
520 887
804 833
326 632
327 867
627 931
331 898
506 579
131 184
574 606
769 838
35 393
527 846
803 973
19 848
604 746
26 945
91 818
345 372
453 635
272 787
704 903
318 425
197 854
729 828
244 637
350 638
541 854
441 615
287 355
261 902
139 305
16 746
453 499
856 978
375 826
151 908
199 649
11 880
115 655
283 328
36 936
201 457
56 278
273 297
639 694
99 976
693 783
145 974
201 685
109 236
659 757
716 964
113 721
103 750
854 949
244 729
479 489
329 911
644 949
24 260
225 367
319 983
23 254
221 590
181 838
696 926
465 634
143 622
245 714
311 455
217 585
153 567
252 788
693 706
315 672
603 1000
13 510
809 931
302 867
357 730
17 340
437 656
236 360
85 646
795 803
732 808
294 399
18 874
499 779
306 399
494 606
208 796
344 451
219 459
78 297
651 897
613 852
568 995
149 529
146 818
25 800
164 637
738 996
142 367
262 386
197 252
341 344
346 981
217 496
428 540
54 398
170 858
544 847
226 574
401 626
359 955
605 827
195 588
267 400
234 349
126 833
806 974
462 980
10 669
184 889
16 50
650 719
744 913
204 558
223 811
520 777
363 566
187 938
380 449
104 668
326 901
286 961
93 549
494 925
123 538
199 865
50 835
137 790
68 853
32 560
118 327
404 419
137 688
166 310
125 268
23 54
148 734
405 704
550 768
617 650
40 879
703 763
455 636
860 975
320 578
744 963
344 560
280 759
153 941
446 657
271 434
35 76
186 300
224 711
516 634
223 973
544 566
710 730
242 402
43 595
246 644
409 815
409 592
496 864
464 570
558 900
226 809
66 808
535 970
309 813
99 255
335 630
301 860
408 537
24 902
205 693
337 502
360 909
451 805
354 602
512 943
195 826
67 899
498 797
616 862
25 309
30 219
99 576
15 98
209 305
691 811
642 935
154 685
850 943
359 708
37 289
591 682
526 771
28 253
520 718
403 425
237 693
146 793
90 765
457 719
102 290
469 791
343 379
574 918
314 753
119 195
190 692
138 509
48 859
370 668
764 832
463 563
74 712
225 778
41 411
46 250
76 813
148 155
129 836
168 987
630 638
273 990
575 665
98 405
638 780
279 400
135 559
529 758
84 285
561 867
185 438
510 597
592 810
484 754
408 927
197 625
454 888
226 884
113 501
460 702
235 344
90 576
6 722
123 532
236 266
283 943
424 913
821 913
300 505
496 829
323 827
71 551
461 718
181 777
577 600
1 243
184 331
205 526
202 806
325 549
433 732
521 660
205 656
364 966
326 429
658 989
66 802
316 853
943 909 3 444 645 998 495 866 158 287 923 663 150 510 945 494 692 693 289 271 931 951 311 785 16 607 821 624 651 621 474 575 144 300 599 281 625 741 760 664 539 163 192 850 186 27 114 182 261 773 489 493 899 72 892 405 700 995 977 520 180 27 748 697 862 414 373 163 42 924 566 935 846 369 988 1000 856 895 48 412 667 439 102 259 25 391 983 971 129 409 180 269 404 767 581 658 478 265 696 629 233 637 929 721 243 511 779 262 742 567 273 999 975 665 1 923 548 105 740 8 212 710 606 933 941 403 510 22 724 786 709 589 334 802 824 302 994 313 496 129 972 667 204 521 569 637 318 24 369 113 257 80 95 962 659 480 113 764 434 862 732 578 815 537 299 128 96 576 435 390 970 662 662 371 891 603 882 104 909 214 78 988 149 953 864 719 298 816 211 58 600 340 712 904 711 743 791 597 432 527 812 340 25 727 139 166 280 396 726 981 897 981 900 473 171 310 445 683 983 663 15 501 247 815 571 294 516 155 13 504 168 489 132 677 848 693 139 382 517 772 119 224 510 950 108 915 927 290 360 585 623 852 332 824 683 391 104 563 924 522 73 163 516 716 895 187 137 999 159 48 578 526 783 934 316 373 253 613 83 490 384 862 697 225 768 199 103 363 730 368 285 814 765 572 269 422 826 207 584 819 818 598 172 749 613 113 256 387 953 125 937 253 326 46 341 747 742 475 867 943 823 124 711 318 691 711 416 982 176 810 697 940 991 855 915 409 945 57 558 593 833 154 105 440 271 459 14 889 590 623 922 16 5 1 916 252 488 515 127 676 417 348 835 190 505 729 689 143 977 878 591 175 502 834 50 57 76 870 72 800 946 383 301 690 715 757 965 869 694 144 789 750 650 809 213 205 353 170 842 439 78 636 450 451 112 109 405 327 799 724 794 639 485 200 218 524 984 8 118 224 71 134 115 361 230 38 341 240 446 6 387 20 332 582 527 644 194 183 39 473 856 20 830 125 999 679 786 87 55 255 63 798 277 70 731 647 146 923 95 495 295 98 275 191 791 715 338 499 947 110 17 165 293 459 812 470 735 494 449 900 760 849 893 225 95 147 854 375 462 325 543 724 834 742 340 699 180 408 834 965 196 39 353 446 510 948 749 35 996 723 442 196 389 60 507 729 822 688 283 847 591 643 450 199 561 500 499 229 653 877 763 935 829 514 233 708 332 228 152 82 557 161 730 21 72 402 59 136 999 149 428 149 603 77 979 111 140 482 488 654 931 727 306 376 81 544 525 83 471 42 754 872 818 133 269 272 363 103 926 342 226 120 756 236 417 810 30 388 420 7 607 861 277 121 806 896 207 110 408 386 922 670 422 238 992 617 629 412 180 740 972 30 72 922 693 165 631 58 617 640 555 711 835 964 246 681 991 805 866 465 149 992 965 521 322 274 589 597 985 86 295 794 451 939 767 539 620 106 895 323 169 608 155 346 42 585 106 211 891 774 348 209 167 811 711 5 182 318 344 569 159 714 61 883 916 415 671 639 474 851 568 18 780 80 297 996 928 498 697 445 853 924 862 351 615 604 582 704 611 224 586 484 364 717 141 89 227 675 27 364 711 795 788 899 407 852 534 497 145 501 208 650 789 955 26 633 689 703 863 548 840 388 667 922 333 48 616 732 376 530 91 196 760 602 842 694 541 527 226 333 658 415 919 516 133 833 942 975 812 158 355 748 358 143 335 873 731 419 599 695 661 482 856 891 425 78 36 194 824 179 907 615 968 738 342 555 533 909 124 948 694 976 738 785 292 898 325 76 360 324 815 128 112 20 290 745 844 308 143 904 687 209 326 309 214 259 653 608 751 396 314 162 933 820 333 828 456 279 987 293 42 283 652 357 264 985 481 352 524 572 152 480 968 304 956 751 783 409 629 160 192 520 994 286 886 504 521 854 65 135 324 446 30 446 423 9 128 107 410 906 631 236 596 245 27 668 746 770 716 870 221 442 797 190 863 766 59 984 598 546 866 473 553 135 991 968 431 325 481 937 151 435 115 283 437 73 107 365 195 951 533 704 263 472 115 448 995 851 411 13 791 305 254 681 217 600 700 589 171 658 882 395 686 264 801 117 985 700 394 863 681 602 777 777 580 45 90 361 533 334 125 819 218 642 543 333 342 931 653 251 545 332 450 290 228 722 508 819 736 697 769 158 373 170 994 134 840 627 349 390 733 288 177 858 47 243 748 678 18 129 403 155 57 52 156 989 23 708 315 549
