100
3 3
10 10
22 22
69 69
67 67
65 65
51 51
12 12
55 55
20 20
7 7
56 56
84 84
9 9
27 27
17 17
94 94
89 89
64 64
91 91
48 48
35 35
58 58
43 43
70 70
33 33
90 90
15 15
73 73
75 75
25 25
54 54
96 96
74 74
39 39
97 97
62 62
98 98
77 77
61 61
13 13
57 57
30 30
53 53
78 78
6 6
2 2
79 79
95 95
49 49
59 59
34 34
85 85
66 66
26 26
60 60
46 46
76 76
18 18
99 99
80 80
32 32
71 71
44 44
41 41
31 31
86 86
93 93
100 100
23 23
40 40
5 5
81 81
52 52
83 83
29 29
68 68
47 47
21 21
72 72
1 1
16 16
37 37
36 36
63 63
11 11
45 45
87 87
4 4
88 88
50 50
82 82
19 19
38 38
92 92
28 28
14 14
8 8
42 42
24 24
5 44 37 100 31 2 40 89 32 93 74 51 34 11 78 55 21 43 80 54 22 66 70 79 14 6 25 24 96 81 65 39 58 46 27 12 13 82 7 73 83 20 30 63 52 75 15 42 77 60 91 49 29 23 71 19 97 62 56 4 16 8 64 18 45 85 68 86 59 33 69 17 67 38 10 47 9 1 84 92 3 36 94 88 95 61 72 90 48 87 35 26 53 41 57 28 50 98 99 76
