100
96 100
76 77
40 44
63 67
82 82
70 71
70 71
11 11
61 62
83 83
21 32
2 4
99 100
40 45
21 31
78 82
19 32
73 75
64 67
70 70
51 51
33 37
73 75
76 82
11 11
2 5
72 75
82 82
10 10
11 11
46 46
40 46
1 1
70 70
71 71
72 83
96 100
33 38
72 72
6 9
33 34
30 32
51 58
87 87
55 56
40 48
47 49
76 82
19 32
64 67
70 70
84 86
82 82
55 58
57 58
88 89
68 69
17 23
68 69
6 9
51 54
82 83
64 67
51 54
11 11
71 71
6 9
96 98
19 20
76 81
96 99
33 45
100 100
88 89
73 75
99 100
99 100
82 82
94 94
10 10
46 48
76 77
21 23
84 86
95 95
12 16
17 18
76 81
87 87
30 31
33 34
12 16
47 49
38 38
96 100
19 29
64 67
33 34
78 83
17 18
71 33 62 80 18 82 7 68 11 100 70 82 87 83 82 73 57 100 38 97 100 88 82 9 11 66 30 94 7 19 49 21 45 83 82 56 14 71 68 87 31 99 82 88 43 100 66 11 32 48 83 64 74 76 27 71 76 74 85 34 71 64 36 1 4 11 70 32 51 49 33 83 47 72 23 32 80 18 13 100 100 53 85 45 66 82 100 75 32 57 46 46 53 5 57 10 95 10 38 70
