100
5 89
37 58
4 77
15 15
7 16
6 33
3 96
22 98
15 77
24 30
20 30
48 75
38 60
50 69
54 59
97 99
49 62
52 84
11 24
34 67
77 92
68 84
61 80
13 38
35 79
53 60
13 77
25 85
4 75
22 43
11 65
15 79
11 33
38 62
23 82
29 34
48 65
60 91
28 58
52 70
58 74
80 90
11 60
6 78
45 94
33 73
9 54
30 46
4 84
33 96
65 74
52 61
80 85
67 73
17 21
1 98
10 95
53 74
79 95
24 96
45 98
50 77
83 95
11 75
55 74
63 67
78 90
37 90
69 79
35 63
2 70
26 62
47 91
46 78
47 84
70 82
56 97
68 79
12 82
9 92
45 55
67 93
9 31
14 58
55 98
53 64
35 90
37 82
21 85
19 46
19 62
55 64
74 80
32 45
40 50
24 55
51 96
47 58
16 71
13 89
89 47 100 36 65 9 32 85 68 78 80 33 85 82 57 5 53 14 25 68 25 95 26 8 11 61 30 78 11 92 27 17 40 16 80 72 100 53 48 10 46 33 76 49 32 87 2 94 74 9 24 96 21 65 94 67 17 91 76 85 12 12 23 74 54 77 26 41 99 91 24 5 95 78 74 48 64 98 6 70 68 64 71 74 12 15 31 65 97 55 21 98 45 34 99 80 25 72 65 20
