100
85 97
16 94
20 36
2 82
13 92
35 87
3 5
92 93
47 86
1 16
25 27
22 62
46 86
51 59
34 97
48 72
5 82
20 82
83 89
75 85
65 66
1 12
34 81
70 81
34 97
37 42
45 93
51 53
70 71
2 18
61 77
14 100
23 32
8 95
13 23
12 37
74 76
82 88
27 35
47 89
2 46
2 23
22 46
6 60
59 71
33 94
22 39
3 98
3 61
20 50
35 52
20 74
66 97
8 37
26 88
62 69
33 88
9 19
34 44
17 36
45 87
26 52
74 84
27 94
39 72
18 91
11 54
36 40
12 83
16 72
26 92
2 24
6 99
45 99
27 33
36 49
52 72
27 48
41 42
15 59
20 46
3 27
58 76
41 58
27 46
23 50
12 37
56 65
55 68
8 50
50 84
3 34
63 82
32 70
85 97
5 34
9 97
4 71
49 76
6 100
99 7 12 38 58 73 83 95 44 84 84 26 91 40 39 71 50 87 24 21 17 80 54 68 16 91 91 18 66 88 38 44 18 59 98 89 69 74 50 44 75 8 99 88 68 89 33 54 12 51 40 25 65 88 71 6 39 88 83 30 9 42 9 58 5 74 46 94 70 76 40 97 17 72 1 86 69 71 67 23 31 13 5 8 27 72 31 95 56 57 28 6 25 12 65 55 12 100 67 53
