100
87 91
10 14
11 14
51 69
16 45
11 14
49 57
54 54
11 15
87 96
84 84
63 67
73 79
51 62
57 60
32 48
64 84
23 24
51 61
73 89
89 89
23 39
84 96
43 72
70 83
21 45
53 53
84 88
23 31
11 14
20 20
21 31
36 39
66 67
1 3
51 52
16 31
40 45
11 24
16 19
51 67
58 61
55 63
70 84
49 57
66 84
75 94
89 91
89 100
85 100
89 100
32 45
21 24
40 42
51 57
46 48
16 17
40 45
90 100
16 31
75 96
84 96
23 24
51 57
75 100
75 100
55 61
25 29
61 84
84 96
32 42
75 83
21 22
16 19
7 9
87 96
73 79
21 29
75 83
54 62
51 60
21 45
75 90
30 39
87 100
89 100
16 19
26 39
70 100
25 31
46 62
16 19
51 54
51 90
51 61
55 76
16 19
11 19
84 100
57 63
95 22 44 18 46 95 18 63 14 30 57 96 91 29 92 84 57 95 44 38 24 84 100 97 76 54 63 67 95 82 99 79 31 89 66 62 79 19 16 82 43 57 41 95 4 12 95 62 24 88 84 91 61 43 38 61 84 57 90 15 30 59 62 18 68 95 20 61 67 19 38 61 31 7 54 13 24 60 100 3 95 80 89 13 90 9 84 45 30 51 39 27 53 46 44 19 42 71 23 91
