1000
-809771609 -891863238
263681645 -486395177
-260699687 991829976
994401387 307823522
14928684 599745445
995309292 990769671
788804990 -7217596
-900567360 -128285908
266316494 363708735
-643074417 -170818952
901303882 -161156286
-873501996 550331744
768551113 531208732
-841304742 117741085
-281937633 710902581
-191029095 -777301925
-927115034 -248175947
-44121536 -792092697
399550735 564984554
27094643 -653996167
-228601249 522923791
-192882810 -686073402
414328526 -535118284
-412072841 386762630
-971029919 -611429005
982853132 -333032923
755259202 -208185654
218930384 382452828
74375659 -638571108
-394036849 473527011
-459421939 852958253
-244448435 -441836901
661030607 -335338782
-406147440 -238173113
586555146 533554603
586587425 745556070
-120348223 -258884431
-873805188 -252468974
707637416 969059180
328571642 -322422781
-231817930 767942171
-476473509 -707240467
546439510 875062944
-432611095 -886023385
410450188 436844175
-716812567 -122772707
415380880 -302825211
650498668 -557736202
577188619 928260591
-292434076 976244118
-265890658 970876197
433139078 825978655
-923924291 489217461
-961617616 -640884709
490277171 -986070023
14219928 -745204296
-278736181 917823314
-75942543 -129002391
-672115012 868837293
238654776 -337556640
-576162445 327797559
6831261 967819187
-170337087 180834998
-597932568 -814832208
-926254314 -289860452
530439615 127786564
-7561795 -982170882
385782560 -62115354
-396582244 -279916373
-450292350 -438538274
-387867928 -498317276
-827223111 223795480
539830529 -353607563
-912943951 -62480976
-30704744 -418202263
-679535262 -741512585
-552317407 -314242646
-928939944 -564244161
996495151 -108300805
-526700601 -164954839
915442380 391638971
-287398862 -901553309
-421964620 -958888189
-49329041 429636359
-589546546 472791732
-228078894 -8972574
269101743 -417660406
-186193501 -449864305
-922181982 -503841503
-396091510 83765228
-207405340 -414153155
618241541 210697436
-720653312 -9155886
-550659412 -862933656
-546352934 -297739964
-454866973 997137761
924768556 157155498
-554613570 924310603
-975795307 298902723
524888459 940302483
-36246540 664224262
-888676744 487635252
978043079 291663374
-370882464 -428688836
-65608851 300866210
-964381218 794204290
-265027036 133223825
-986322380 440600455
536278100 108623149
-700003695 -414435911
-919552708 -955532154
77614738 -4637760
-316328030 870347104
100411743 155441466
302063743 993292707
-507052507 -320139539
300073000 -689465829
84113232 -928684907
745980092 -638718817
152595793 -729542105
933769485 -619932297
-878615589 860120375
42211379 744924806
-518216160 995828740
-983195824 331044992
170866872 -460223312
-287094033 534420091
-913597738 -312188563
-828843985 -226170492
-146361848 42256487
-889535642 -278410402
194589837 -399693834
-24696363 -288176951
-910885249 297572146
-539384084 169532413
735213610 604728869
-264725214 -834136861
702830848 -281617422
447249113 -254328198
386272581 -581322526
549541951 865925777
467936941 -91165144
-541736522 -282758988
44174155 816273378
-794615140 222624342
-169346692 -973191125
-807308206 -735232473
-995163715 -847447566
76514903 3777566
-843101541 283008775
153086958 786888117
-280510970 117023184
397176474 -323377554
-935103789 216773138
584138430 997176900
847346790 -491093662
424907512 -557969390
87423002 -180340753
86313643 -359955781
682032990 -312440356
408055823 118098267
-576200421 -159872696
417220442 486969187
894276032 -750366253
-178685730 176882579
382787652 469549763
-262879576 -448707714
102587546 -763534941
861376925 -467961787
-119251144 -128125494
763459704 738570417
476012619 52737793
783402795 651494574
116481462 -733738346
970903917 -21363526
-349559719 -128000828
42696677 -827100745
149841893 136432724
164520111 -667359972
932222056 766904977
742661463 -357245484
314759051 453216520
-295900449 656830148
242347645 100637379
60583485 193954182
-827732215 245171679
-814122693 331773496
680069809 -439824991
800664443 489065322
316342738 548412973
-860171482 -258908937
297509641 856139127
-641840252 725144090
571830873 -557625405
-708292514 526232772
205525533 -19623618
-241289663 697418608
-700290031 750443948
-44804969 -317291307
241457059 -145294907
-498989788 866306640
55564418 139800013
-412141061 670214876
55922027 397496017
-908360217 -554297578
-203791042 -615813506
479669541 -279064113
127899304 -465166677
-676635658 343538183
-480585829 -266590682
-199135268 -194361396
194630726 -616406226
-932106693 -462650884
42302325 -64007499
-428413257 467342258
-668176243 -671058865
79918321 631253482
-134287580 673867915
617219823 -22550169
-459339135 889582642
70251161 586237870
304779207 -904765993
847313807 -575016974
-796769295 308290379
360281436 228033107
777275779 483318294
-683471158 -936780410
-817312859 976016549
274074500 -442962757
495456831 -30818996
-131563850 -604126020
-837858903 -260625579
-703298173 -975207203
-338485176 -362824771
-412862103 -372671335
589632166 -101900645
52646767 820014024
843202222 680212347
742612333 411529699
-695947575 622211283
363939035 889701226
-167876440 -333269862
699675227 898412751
-272757887 -462216868
-628490519 666068460
-841662557 -181697443
468069813 -892237418
706154639 363292352
823896304 -432861151
202431341 713070662
-497352106 -928797751
-314903232 -555425784
860047927 -769161678
-380771247 543354506
-253464822 433044086
-850437729 -886733059
54646152 -703366527
281878656 677442919
799606619 855393473
38295330 761077600
-155832704 -719889670
-191619310 -937180637
52192827 -135781395
-210615303 598109560
322970794 -896638057
234183780 -732418888
-510039305 -818864714
-731078503 366971001
439957558 927928091
612747845 799023295
-494001435 -530429535
-122938157 -760655008
-630888130 -5299848
-57457905 161630080
-96762114 -823279727
936505088 514346833
-176675039 778533091
93166845 -567050250
241575768 -218295032
379010894 -992897844
-407158811 -948911077
-863600888 -653095632
428812107 -426008113
-467133909 -991604143
858406587 -102098715
470182511 -933201778
733810815 -262171297
-127163744 7372768
-947365712 -684478592
-790968581 -709235113
-652334273 507991502
336425315 -991057066
507858809 -828005952
-447693343 43487086
-516638391 60390895
563126153 446077491
-956077454 -15434122
-146607133 -428909794
-115084787 -9440951
-818257451 -992002961
-827965761 -976513084
165292522 -480348184
-299444611 -117269181
931100695 -917445320
-861392000 558622839
-719184521 -934851347
494173861 -982987432
974388300 -127725792
-528954258 832079135
-504857578 228638194
173448008 402977657
-898569999 527875696
675313429 896023577
78246827 496546153
573237998 866356002
1154893 448280983
562737435 -719760166
685640837 308170166
819011519 -562300108
-972099282 -693222118
-264350209 487348899
811037961 -393160429
16933177 202735705
-910829121 701263311
387965731 772474947
347651560 -869710283
-232974231 -270982835
-60875129 -775602425
-395783406 -855678390
-521697134 -810611415
315427428 128546246
632853938 -792420322
-825394731 82926641
-442315740 206791663
544249423 819654318
434798386 386095853
-894043858 379032100
610963574 -967046702
114193577 590137942
898507743 -359590429
-140890794 113236840
-955987768 272444753
236992966 666125183
919237771 64403962
269635238 -580077517
597431298 122735008
-755747206 -275579650
-899862875 -852368246
762388673 -879827431
-16842984 581451486
129993198 -175971388
837312111 -466156722
-509271257 239546863
37173500 570784568
305549759 201715286
-830362327 742006759
105292456 131198677
584007800 360296529
-476011851 -370963048
-182767859 -184372542
37128137 656402083
149249298 272767490
-801808369 -954051329
-729946717 -699959545
694256557 -654930294
236089694 372648333
-709535542 -297724456
742588302 80382051
-333828901 -950465167
423130395 238893012
-348406563 441814049
128619624 358601652
620644004 288232792
647358622 -211506575
-55081870 -886065800
-841868737 -349496810
-598493236 -654451738
-275142010 27312405
950049866 -748198680
416125214 894456897
566621721 -631156889
-577291731 -86669212
210284181 104425811
-830341433 235440350
546926954 348201575
782533258 -165945290
-842812610 908885301
725674818 490921860
-204640471 -278819275
95145036 20814613
142512364 -363945036
702750837 737825665
-772561012 779859662
969157074 493295644
-581934149 -862859119
340093276 313293142
220315513 161483980
427289330 981210084
236824589 673893579
-987198724 934218800
45910581 -517725929
402892160 -761520019
-272586147 729621842
-800642088 -126656372
298687045 467790590
-508451330 285282842
873483018 402697037
-952130423 965540350
193939478 -946936814
-485346494 229244491
19626531 -129222790
-750789324 228766477
-791593971 553050228
370147601 -824991201
808056357 316880364
-239595358 -195811296
-839309710 -817532110
-263489836 244188085
711362972 -666197107
661192164 385080576
836627118 -167963827
513118597 709551000
47484910 279156276
622679360 505739738
-977665115 768409365
-279969770 503405245
-281525673 -801992901
681292691 -874156559
246729812 -148816944
-358531974 170101457
528661427 -810227406
556174994 312771912
888451487 347011642
-534315410 -438116798
-344424627 -891926147
-754135682 650366862
955771696 -639822715
-710927005 -807921847
-549071020 -377807888
-475043876 -125547442
-277893661 274534672
16617491 350424170
-642682553 -914040122
-971422909 221254958
-323130161 569802620
883653341 529434436
-421279637 333373027
-951573481 -707075749
614789749 -233806560
-809802108 -585609748
-970604993 471198427
-789843145 205961751
-457852324 -884090110
-792481916 665396858
-110128863 910438928
672176871 -190640669
166161502 -721975864
719625590 -856941351
-345925397 -388692247
-841040866 559392616
-41519162 576135385
-91856062 644615794
-491695274 531435377
607922758 -899716214
-438452644 354806604
-391809330 -635969166
-716265585 172024510
832903776 -442230283
746243920 128020276
265064209 5044674
-488274176 364721187
278346527 -177244459
-700672636 -158694656
-748110042 182142263
961524548 303569610
-89075629 449424287
382463163 539436980
525917672 85616513
-375681112 -634275416
-859685970 -158106857
-543109334 -226355104
-580782687 -876039976
-809257950 307766693
577745978 -693209201
-359306441 -586752368
-25953270 293117351
21873064 299518728
-650863523 -227327257
292437188 442266503
-493081674 790145764
-358820903 -117896964
579713580 12838507
-395107772 391896633
-666940615 -916797059
-179597954 171066685
405261394 -795653774
-129618182 -748063410
864917203 223941237
-728452795 528410315
304293227 -298589298
-374451114 536347744
82515791 600029836
-575926512 113697091
-587135151 -658200460
992596129 934503186
-311938075 231244096
54998247 -342527552
975138587 -930741403
-411123066 564586405
711949255 -289394980
-574495355 -637437563
326386927 744186141
590755877 -930010968
-31274168 249500989
420873848 123732660
-538136839 147358305
-374163675 -59078172
320605110 -165336678
6682519 433920557
-693268537 -144599711
943654661 -185371625
-838193729 929784875
-578080611 -611812632
-349037753 927152547
114302807 -246107150
-565630774 638964027
613691928 -12792708
-41052022 840749179
-621851587 240598225
-962370479 354542736
-31686859 -684507377
-973214269 22314575
-907194095 292936776
890297333 484804869
-663647411 -851376337
-622203339 -44220345
-911712330 -144569463
885215724 317387981
768222257 466069823
-534353166 -491123184
646411560 -861904874
-629160893 846802325
384228155 180704827
-661930461 540963484
582318059 -436746090
428607916 183381782
-246115844 539418385
22375554 767505009
406612999 93056574
402934416 -124841586
-271950063 277859715
223472004 32242714
-183421640 -295010862
163200261 966426515
-139094 -806182069
811998033 -850605931
741175406 -245695128
-621014954 596174899
-153290093 -872975968
387232203 -799794082
659265311 879455194
890108888 838093320
835479330 814269639
-905550925 -846320837
-657134934 -841635823
888325353 -773901968
787076282 -166424317
-223426050 -590910563
580868104 171733378
-259134776 296583776
-502858371 869499308
431318290 410397818
384791766 48047979
21613695 -782520636
220793358 706061807
-104099817 -630073279
866241386 274461310
906269287 -696775521
-671506116 -202664518
624933368 542570946
-973636538 361547473
553266593 -956452354
-937920947 969829098
-614853157 721260074
603433659 303093968
346730273 418727854
961672004 165020523
-178989309 -56194369
619494022 594282000
-784945664 -327891834
759662865 577831640
-68454067 -688786219
-61591599 804377884
-664966271 677893843
-758844456 701571234
-550695901 784848077
994788237 838421503
-999695035 -980154850
-524108259 493950099
838710042 892434132
650564821 -719073923
839884685 605969714
700588885 -367166178
188647776 98988054
-371832498 -717515656
-113507248 516285359
-26548909 609008007
810784301 -770332065
-757182495 -150404393
686612247 781042319
145472212 -128470015
-833917640 -114740656
-613351213 -134022740
-767169291 418423031
-193068338 198554706
-108345435 657851859
-706844752 367196189
543109649 237515069
126527108 -245955406
-478430711 764305068
88790734 187527575
-799695201 841959023
764927066 -825758834
-181632241 142859170
-807734010 146687914
-135732694 470438708
181843151 681450041
-754444536 -622343713
212476504 832808725
49153349 -839234173
-797081220 322510684
408159717 -230098914
844972872 682487720
-575243416 831142859
-379072961 -896018535
617621687 -395191763
-31779598 -855942255
-981301313 337652430
-602605304 640535572
82442048 530862516
688551886 -272826716
793087134 385933946
-473306726 724100919
834938105 66208359
416943810 999025574
-263081033 808367672
-708179349 407383990
710951415 -121708223
115705293 747980524
-121544284 -578571712
921174963 -342616907
275784153 -796150230
-722024049 496363944
299191668 77371959
937319081 -323430618
919014317 -592955328
-866346891 432681107
-33156093 909179300
282777744 869618881
-853540682 -9014273
-950064726 786263011
-731700885 -945811700
849655261 522779129
438615480 -588295133
-457519710 -686030916
-830974720 761129356
224563221 528773953
-371021310 -567464660
817571291 128083514
81837846 236496942
478430173 281526163
608716493 -940348900
-692007819 -320034254
514257350 852869621
691650033 265637218
-838480290 151867166
-876345540 -582325385
-533082358 -996362222
-752436178 -242712977
-498163219 -25963207
512813441 44278527
-708634813 -733687428
-629400731 -48116704
986205371 455445465
-260561981 964129624
-725882649 997441753
-293745257 834657336
-808443383 -38641678
551734137 497356866
-793641886 563248359
-457583708 560484412
-864972869 -770372837
472572767 390532783
767659798 -440203137
453947881 900290340
-518683514 687175345
416770140 598570397
982472208 -391554809
106647525 916554612
969140464 854982202
351982118 599038489
-306072156 885210157
-436886676 -778064676
585729247 -597049658
357811104 -824160538
-64080525 -99043204
431391326 -979261816
-144259242 -992909753
-616277138 923227970
-313119829 -234720049
-404191194 -3198740
899826889 -748276521
946661549 -776773226
808353302 -80845924
498787032 802986863
-771965214 842083895
484909998 33073393
-610174931 763930455
931802690 -784697823
-631323155 -503535452
268895057 -802238597
-719697089 994773070
-574739323 -427085559
-223945902 757233648
516278110 -782953154
18206888 8774572
868983782 -193830010
883337631 -884859258
647696298 -310807052
272780648 423344851
595241161 491381276
677595497 -825329936
133186847 738788083
-11016780 -133379376
255025719 346557457
348400563 -604302792
46202343 -883665726
923778462 526977811
628772462 -745580883
-452892392 630374690
670314557 -714557509
-494705158 -248936475
454495150 -368868502
-128117873 566680266
206479003 -212383439
-207608647 -991514491
746420630 -576888382
-650833532 -225337504
-317973962 940520753
551896267 365572860
-9523583 550873109
-650164901 -462548204
-808039070 -555313066
517964496 836098786
647515047 438725344
-999461202 709185845
952529086 854238401
-677458252 -414451474
899882907 -118207155
-13283840 369589390
-880663164 -820640491
655539045 -968691425
579993588 132639305
-152776604 -803188614
229690296 -975506459
69412086 492884947
-560555438 747510455
-473642136 793399479
331168096 -323280958
-897061010 83038163
646621682 795322421
-262494656 -1687113
676893016 246377452
282843449 56089140
-141274387 770269499
847775803 -21556234
-960414058 625336562
885593567 729955939
489605495 -203283753
769062421 -648168953
-208442211 470565355
127757590 500345649
163331847 -31488499
104303964 964558030
-856569616 206863318
-257701818 -514361373
13461094 547662770
346551526 -593120517
-466408741 -788692550
241835605 -73037608
392063800 199082839
462989649 -426571456
871405486 384940153
-683411886 -612592750
-822340012 -713160699
-135354930 -546850363
215580558 58277552
-759160564 -307995822
284862006 8099227
480709757 993784820
913490914 -365888284
-609753739 -519736996
581339895 -700908528
-943705502 -820710617
-787433960 -804162723
-690507271 497059783
-593921233 267603505
384226150 923098292
-32366319 -912668813
815029807 -770774071
-240463749 535735158
-78032363 -631964455
-371379525 347469914
-567102025 747269473
-399569024 955563992
-362640107 -326856755
-400602967 -749499600
-920840293 768416283
-785021300 -262944491
-464354246 -776132862
917452217 -224723428
-449423571 -530336760
-213966030 247988737
313430078 207434435
644338964 -737609616
941641129 171636751
-207895806 -57986435
92553129 -892483924
-636821690 -111590276
197576479 -823933432
-229707207 -166511082
614503580 228164196
-667990928 117255780
-159134000 -376664895
-440992278 49612291
-81174649 -260521654
-404086105 788319841
109606038 5596285
-920547539 84753544
738013168 621489424
-396294562 -106094539
598667265 789244246
-879504725 869920728
-437043720 -900372228
16942843 958951846
279375949 -103446617
368384003 -216545175
288638902 -501461563
-53284306 258674422
105552144 -372970680
253890689 784753260
-66296678 -717514673
-584457777 255782506
403277324 -201692438
405958973 -231786594
368247025 983502784
-837008272 343440929
-20367787 -229059806
915397905 -952077983
62613043 -270917850
338347741 -58236799
-239413381 383542603
575800732 979654562
767016640 782226598
40803797 -596436622
972179661 -72006935
-451217719 414449350
-642611759 -726314675
502603944 -954982848
723802801 -102796703
-44839995 -721030468
246748259 367981203
536625876 75259141
-122440054 388344470
536114669 530000014
-332469886 276365663
-546808810 316844183
-621439000 239185476
-679437613 -846823212
-599435743 -735919063
-65387732 764917051
726288320 857747894
-159427671 -836148736
605735387 -831630492
557620072 605635823
27952228 -715020098
-53515871 633792638
267017126 -427932097
618131387 620539842
523104131 -789342664
-913562068 248370717
142629698 722836929
-972022870 -724608395
-751842961 -612199434
653186410 -374254193
785154144 -680566589
80940852 -320801353
722028855 116959586
-221395944 100621952
-316172998 611523865
-55420915 -530935785
-921839098 -300655974
-864939029 -46074104
679906111 -131738424
973669839 478268240
-27424012 -132221589
841771108 514812625
-128965963 -536348274
-641264774 694542164
990183999 -850090583
-796210628 -31771562
-108251079 -951987353
75762593 285961574
998916427 476786949
-557950815 -561644578
425789003 -578585708
855190923 340043727
-615175005 -449754710
645913968 46169694
153830578 942759657
-642448029 523380671
-986236803 112321157
473370150 -3958614
468822618 -598178398
678664280 633289167
141964221 -460319995
830899743 62419210
98456276 702145900
-355722295 193608203
-533958548 -604074800
-70757002 176448436
807779362 547664621
103555701 -176505780
-760476315 -638388700
528236638 -789628529
21507809 337987404
759765303 -560800759
563429852 -432360127
-950758016 -24396268
-952655634 467276381
-624447976 308068119
-893460455 312974602
741849023 605043754
723324050 115998615
310211835 574141485
-559192355 420601398
849699643 -673907397
178694936 -794914312
585248495 -564992641
-454202145 -585002288
-535389221 -838893946
-683103579 -119580167
-644147404 310715539
544614214 -791700843
-26327391 -355197753
-578735804 651159921
442101877 -596721004
-820549530 992447727
402606756 -838017371
-182632804 -642964791
440918873 -869484763
-21546280 -188442733
-201407435 -911666808
559874522 -30887577
771716805 134782701
987916786 -993100403
253136018 -470712470
382380868 487508544
-111617031 -71786122
-37934065 755847971
-621502802 827924196
529295406 381713047
-284968024 239190303
-761233004 621517288
929043572 547226465
-550210757 -577219957
-487455290 -392618007
-230314606 513649088
-533837394 -136993065
-616051336 827083370
22232695 138491486
694154031 531975383
-556040337 278210248
803232963 858846488
513219442 -629650064
250091053 695251083
-145387588 171014269
-786292190 -861644530
737056517 -390239058
248725757 -511399783
-241343563 295089443
210654316 -252753092
-703603931 658698885
-306437281 109073873
-810126129 892433603
928537624 135115778
-597421987 -515145783
975911127 624019023
819308987 436270443
547121147 255340627
1000
234492701
284601787
93021580
207827846
697967554
580434651
332861884
240456578
209468558
488666943
985580732
894752864
923482816
943781788
231079601
790243636
100735
641369363
929628628
711517254
648194871
305162977
702661572
701927791
104486032
425089199
252483646
74207327
302219395
386775345
206205586
616484704
466408004
713147029
332586897
464776927
163307627
76151973
422477185
687285574
449545114
304286784
352416601
892155010
511716688
9884043
565068774
864716209
631528028
493516476
936228365
519438723
872639567
93475615
655304374
987067577
516244184
391686930
511463553
120925670
366494012
458842412
37481305
718215514
812730012
698000477
320913464
903484917
447321050
715105775
668829571
616933135
987947708
159255688
299526612
164063095
671616071
969047414
868374444
855031061
160156779
273961466
564794491
716578895
324597947
89558744
103772053
630157731
48055611
352650826
32071833
215699810
175167490
27674072
693738620
224838186
358262940
585947610
476689738
25183793
105593535
401028004
200838493
727985087
99465647
927524313
404238529
358992268
293607273
746737897
631869831
583348416
888087509
377744098
72165196
634059781
62217115
132050534
573510126
392002496
665193966
344752535
749082998
97419321
974000082
350713327
899716640
860393325
959995872
39092197
60127154
343619318
220147440
630168843
166028873
570626335
411386599
933209200
470739169
982271632
728153531
754668000
763033919
36106181
124675865
376367811
441026280
235917621
117186692
661882045
314666737
358108986
567759782
631387602
62245562
485774778
934220469
183113791
825545283
11199517
574364984
354612857
747251680
306578348
415393530
807086843
792456469
78341183
100475114
667702294
241425484
483051228
178817898
116169227
515137415
877154777
60398807
94877983
111500387
353171081
355943802
302431141
18849965
529677115
101414657
104375143
574606662
439736619
757398433
584621424
650728869
145783376
443227180
678350399
657150854
548045956
167971124
618750292
469418391
28289224
373601587
686930632
390069720
456495561
400415873
298360252
986548820
59207736
297791587
984885873
617833533
393197824
200179478
700149521
471083162
455908428
277701762
26224165
587541210
859960413
79487890
830193325
830991079
84578240
501523914
297453166
981783295
768902259
391528026
923451177
531772133
269540941
864945410
362449340
5141503
670422379
670983348
574994279
411718054
560659867
676900450
837465810
290224959
795166647
378080663
545934265
182398555
114108731
305198889
547847636
599499661
470876758
74133702
82723490
105647356
544419312
227067629
376529425
899054
435810529
342650003
863915700
288126318
935306763
320781195
850371523
443333565
679760851
997391234
539666349
207304395
241421698
268768791
870757938
304221327
67635828
400884908
789734594
35585899
190115832
507141976
761014339
198358636
688910522
110153294
495461790
216300562
674707900
823977121
459821173
93873801
755136380
778044362
564921091
676782338
393742063
851297486
396810190
445163613
305755231
777327808
225221090
626792415
820573681
359785192
918928663
72818110
175103510
668686096
7876161
390768058
905487505
786048983
398752481
454716422
705727926
841926346
578046769
779721037
178411808
902551985
885689417
243796136
968096251
561831903
779463177
307518599
582424185
6916018
124636331
387453196
586835693
477805498
749293483
776126034
704589884
807713748
792972397
128044030
754574860
919564041
406502314
801455671
658393752
580204484
463766832
501288413
600635764
792020544
505478846
776826148
309366275
585842875
115540353
49033284
178310338
267780323
569136973
812873001
40523360
328788758
466411731
640792895
485791188
615087433
326544378
746690614
313558898
281007331
946100455
260203879
389632735
479043355
409223953
206909136
11930230
323968765
739417517
342302902
623800874
468431607
762475452
564507890
430636816
491601577
350052956
430512652
354075160
231865968
403960434
737402929
293501606
523186764
823247377
264673271
645542127
564592209
39448696
486215800
200080930
511231437
230741804
132497055
300516409
757462681
224015124
806532517
836718309
335068937
735658356
814347317
36532931
310655458
511918949
880522233
370768620
226225871
246567157
735924669
638761752
933077680
384632417
429143935
180282201
845884730
645841346
580661832
371649600
53777284
574085375
612347644
450057997
379260518
436714300
635336230
553625177
258159789
258434503
89631016
921344521
870916354
630641838
921667619
707872229
973886325
82285661
350556184
91845582
485022618
244443223
360484280
897333625
516937663
363511112
676930997
521232716
711159743
920016500
243973284
167593
852604284
999486897
420681741
761049455
208243965
459527352
461191267
125626780
715996231
860459530
304555620
469089536
45095396
264583507
149188825
759973631
671461819
951135788
257787307
740513980
248802543
268743002
645664995
221981777
412235408
323050704
800616809
716239685
31703385
614716952
113792269
738068678
618589734
341314346
774919008
810475325
293740467
993955143
7204922
390594254
137398834
220574149
720572733
960313102
449089630
351890464
542072321
150937161
67545169
456057531
323385633
761494794
549347612
892945943
302279227
947845949
785535941
145700816
359255928
970025541
377801650
123258528
43950617
787020525
972971978
757587372
729421808
883087719
528513522
328965120
590315330
503207021
677161701
724146030
672792963
769381934
252953527
489685134
383570271
467833596
814738826
424231903
717907336
29279928
287108360
518676080
372803852
54192354
974978730
497763919
72176792
290902424
519367576
407047407
576621190
29254815
529170899
954783602
578925799
1339148
378113847
962700409
121449175
284182840
271660539
237061196
635411588
766982146
65757306
432189283
395498382
373392096
453737194
636672871
287547402
806477538
76247458
659413855
184946399
516961069
494151229
543499840
827300630
278670333
219056491
474468958
839482430
685978938
445285919
683932799
559206293
691289969
636908021
929023633
48038084
447493321
346916013
921963293
765104000
414145168
462904347
644681373
924492511
722897844
812033548
760649794
295607558
392353722
227369901
680140186
563074113
825382666
505056076
810397082
533092151
153518415
988479680
302893691
328513806
577908945
727013222
167673038
834494570
654411460
724682862
554282757
507546493
161315650
848222293
797150918
455373581
429237651
52451321
877568829
162751678
404860881
961574094
408559523
190985291
873808309
630917299
690326731
902419106
272749908
329845493
255169933
933771350
631153179
366604521
136021358
400190542
82408899
853972500
55756502
972325841
187010394
94385500
762513020
127081495
450361702
277617243
203868240
787275204
209322406
26153577
968804831
490062426
26739521
406556902
558393024
788874755
227928950
749005721
924353693
663063751
890214346
981818312
936109555
51507209
315345678
586393410
604408793
46544652
24587621
610966546
306858141
630942559
579673670
738884568
933486243
598178819
172314343
989612485
28189911
254154435
97285690
868208008
413063232
916941403
349755779
985884831
936117681
96922361
173234323
273909686
743601204
684495433
816542600
486033797
557099834
632388438
871220569
790339242
318481601
321036803
325151854
279476914
882678098
511261049
884899588
836815326
786191460
985601724
952006272
714387814
764637759
828657530
71580672
31873748
145606592
84336797
491555119
103164938
515134646
142162130
714431969
398953743
877312424
783093831
456527490
858048537
856116131
950434504
976925454
823976240
297279077
55060622
716634635
598022479
992537852
295549641
555222241
339093805
52629584
882852968
579899916
831258985
194491101
733660407
528387031
553487094
264776035
447748714
205108532
879914232
673874849
360207837
889950600
110505875
881338213
549908917
473748296
342322167
607442856
28616348
657202684
851210775
709879680
916595515
974084777
656194703
905331065
580308104
790290576
245256797
488796808
26001703
2770599
810571883
89911445
131240431
700158450
655325662
761908603
985501445
648373670
586495497
478351248
372481637
529411548
866642298
275776997
83412794
561788430
373396973
174210072
946488310
718373723
775081990
76900808
823814939
344372858
83887228
12545177
895631592
583940233
54877077
544650855
848943859
655035097
424662285
864308755
854929550
501110461
682192601
279735842
225014797
242316313
431376331
883822307
55199752
813174181
690087177
819109122
74719800
633244072
840033138
919402425
681985603
813495211
472916180
260326548
110156027
109101531
256829362
466809130
498695482
71234463
825684749
714501333
44113226
608848537
353891698
503133406
215651672
74269677
246218316
456685068
355277043
969702823
416767571
976697277
449502816
903725251
796711477
984638965
400510963
960483511
39481618
458103918
724668628
32462205
499485788
668753483
202489500
554686997
764761021
877799532
999933615
950654286
184900289
80830506
706923243
325726157
925984937
92921610
172145606
257685895
802246735
432277659
140159325
774989790
191820210
621962474
4695494
572574666
458591644
464931052
431290219
177202975
843434086
204976595
212611841
151201960
475813605
696341305
724811995
364331994
783557590
329975914
943826730
341430080
481261537
94467109
57631090
702877111
617568458
711582508
354666321
983940823
540429501
555768375
380657
436890063
747326183
26427041
344240133
959482028
255756713
373897407
583031985
51821739
986274023
494457154
287490946
866795244
425572681
306297437
859173416
238529918
697402479
122596095
509212214
983578876
459087403
195802726
886579196
430777841
247717489
220955554
15000087
932029074
376694865
474180735
473218590
799481814
98671995
336496143
171169748
34366443
399391620
920522648
885833765
2944122
850538737
57364775
437781832
951396183
778773423
503948086
945686770
761271574
939637650
253553582
629891362
238534471
399016717
309898003
536981935
887765222
565225196
92300405
233051740
298467436
548328498
963150787
472858191
694977670
411261468
357235622
315404083
684018081
247480336
400182733
905881769
480896622
708929901
488665939
567919837
470869364
