768
-661115523 -320701783
884815343 569884998
-581793127 35113090
-941827011 -124810231
-159329677 163719001
593625527 384325723
-910318793 -427838629
775000849 -381377919
550643296 89810542
-102429641 -459085975
376576274 435352792
-46535650 731788893
815202196 816514283
789472010 -964127278
640135092 544406099
340002740 590941518
-757028202 -433837383
801490151 -245590373
774326825 -898238496
854077982 486387615
890950162 -305807630
-812414241 -859888227
907158171 -571515258
-406136278 -426845408
-486290033 817439579
-302690177 220783049
176930521 -293007219
779186752 -925973902
320540130 -566546610
791190252 -646696472
934869281 -940917357
304719643 -168796648
-405398395 -275092776
301697035 -52072917
31588127 -12003684
-580477828 -882603493
191342460 968883737
-589418588 254861645
335675310 -851356282
-277302634 328169924
424398585 -727788242
550572026 -564060317
636428684 -947109206
64818371 334574677
-989128103 829915726
832473270 720493986
-953821095 608275358
-930845741 996013411
754915169 -528887116
962419914 330035802
296886533 -719529277
95287488 663006467
-989075072 -399194329
-749082529 307223339
479829471 833872562
-552735117 497647532
-673549721 700119243
-531739494 451940368
-229451621 589216528
34234403 -579636342
-573288538 576328001
-465585583 -911723980
-540198681 383787231
519826817 431618782
-941855552 989108368
-643496068 -489232715
-164226029 967482380
-410969209 -277125919
-168911582 -577471037
557605608 -719185560
178957844 202515900
227407227 -273279911
281556604 316132040
138960813 736294633
-479998641 -362856766
240070077 -735958074
-850676252 -27388175
259046419 767450626
208941352 191087835
721741608 -770634194
18349127 -230722300
-792602308 256057942
204690526 736609925
-678781636 -492348095
-42902495 466128728
-653380057 174359060
-184679564 -987053552
725840028 181318297
-233008473 -218820550
178239617 -262916476
126449116 311426670
-387353705 740551393
-781209967 164310628
980234013 701523891
549853940 -887201227
100988910 -725390517
-968181940 741118105
-485653183 191470085
-498124290 -145226581
-796973024 -398777294
996278180 154982661
544641151 703000587
-858690624 467296272
-708784526 -372310085
765259512 -647192940
-837558002 623904157
13173600 250798576
-283188287 -74540116
142080773 -925081123
312821519 826987352
-159298238 789538773
744849801 -768448016
-661729477 -415194462
185694530 -633365835
-408310874 733848851
-949320140 635063906
872930750 439412855
-404989940 448447782
461195058 427701096
983945544 -858347913
-876365018 115408676
-465686681 967276518
258778452 -608832908
-257996992 28993660
-96388392 -851036340
-81757112 -172204814
118839010 190216877
-824048869 -66547992
-975031595 547172393
586706979 -299590026
516503268 450615036
-811256844 992099076
-483389246 451590466
-352728875 -28418137
-356629029 -972374012
822247973 -294698444
-979173993 -558299588
681194061 34548532
-425153191 254234441
-972722021 632581801
560536742 302813319
-616298445 855514589
164482784 551204158
880932935 -549599338
-751358490 249855917
700611224 -490260851
473076662 -106587361
810545562 -571282714
721563639 52628661
-256881361 -852472652
-32145369 41023566
-777732177 -857595883
-770880430 -399579216
-235011562 -948108263
-850613858 279093366
836006003 -891639900
-390029335 -861198189
267690789 844393744
289578034 794137407
747238366 850333824
968959115 317837350
261780038 8128503
-719945200 189333722
203537231 44997094
895852112 422737361
-410918423 199044
-440588608 -300645736
-833985907 297570174
692201265 688778577
-155925815 612877162
-930781187 290490142
846861799 628801547
-989508005 843325547
-601129437 845903729
-228526382 862182959
637666013 441097915
-147640999 -355860259
-897519630 -92958462
827168865 -636732847
-782362029 314390756
879361800 -109250638
186730347 -39761284
-535335395 -834978945
-968368944 -84829205
631463578 -117983095
-3333819 -727428084
-927444626 718919096
-291485351 -679047124
674116106 -843644091
697664704 392203346
-915520318 -534394545
106476798 -987499053
-846380102 -697015177
425919078 -48537583
435013866 -805681820
-421399672 69707039
-500978381 -732667867
626399805 -354868361
-471792073 -405305767
-438253284 217835831
278460524 677793850
-499238160 445286450
-163138583 -141433239
-309317866 -682846456
994241392 -736983962
484993950 -254926135
-601394816 -541906203
704503140 851994797
800213234 -7582281
-968010252 -76150677
219021805 741577649
484322770 630396319
-554475406 -646716528
943498134 194479647
-794444049 -472779950
671777117 219107665
-710800978 -854015413
-746066295 -204032516
457631259 388590869
760746038 918253315
-698808016 -348848274
-411775229 -978736173
-684845833 340600414
573050486 -625940940
200120587 10995591
-371462294 37254927
717493339 -933715100
-785722712 427489274
-815082506 726013361
-684084550 506104992
-379495155 -16963847
345900625 -866376714
-995494088 329942964
-47163271 -102970830
789742983 -913024555
-584949818 201947079
44015354 507111018
242369132 784883626
612699274 791584195
377271469 674826563
-325005074 130656163
-996940893 -742361231
-562159034 -927038919
-283139880 733352279
-637602455 -316178311
779022925 -559940393
-244949866 719112334
-326546516 170586278
-351117288 -669131206
818712027 243888060
245265878 -997182290
-110855189 -78099933
712428959 -715884311
798978508 -312579152
-624739741 350576544
-848676099 -756578587
-123418708 -578502151
709332322 -267154391
231865621 -874397092
-201567917 -590903862
827023002 198926715
517515283 -89477938
388331290 573534877
860853189 -226386173
-131242907 578897901
413956533 830405954
726785417 -130788791
-247038888 610028920
-150288648 372029730
621599662 558621569
991842438 -27647584
-896781742 368334358
49325427 -331661572
939269317 -768446031
-851748417 917600571
222946938 834683311
-359384378 314940246
-91547891 -205377078
-898032002 849078916
723434649 -211765456
501387787 -313130865
-821723014 -504669360
593477005 34745138
909673271 -868896842
-106530508 844972030
-262507590 -72603849
399811815 3119630
933414302 407742415
-698330671 58813587
-452344002 939376618
175564828 816784767
664490525 824081585
-932013764 -701666158
706631855 -175878750
620984581 -302634567
995761346 159627553
274640533 822796398
740143794 112912593
-182830528 161778282
-463683751 298980173
-763038430 966439879
-385347036 -29477157
-14376099 -442895552
-186858982 -924890539
-679752539 -92707600
544210649 -78206372
372481681 404388263
-921972633 685474135
-595440779 -138417232
-249023744 -719528485
-860047207 566191766
418734395 -882620010
-164185980 -648833967
915120352 -362574307
114685763 -530049170
704623379 919317033
407807677 961757855
47319985 101383740
-167723042 -985221578
-547626885 -788739115
982177107 785866773
569126411 -975885461
12948957 -286291668
794039871 290436844
-410261950 586796603
-660095243 345119639
-727683614 239265134
-304126444 -403585539
430538257 661076294
924852922 -22078358
740915133 103592998
-809388613 -167142133
749441715 809852620
-104863329 -326197863
677887268 805861550
-306282257 284078099
846909348 -799065029
-43099091 515264135
684231831 649901038
-184586166 90140572
-812454885 -793703498
719569444 -253839545
210025720 512376832
1780899 354875028
721086008 105516612
566763964 476923384
652077797 -461571273
-496375989 363515417
-922740693 -753711719
503797641 698313891
277429593 616400035
453454069 148875508
154316958 -843072108
757824510 303357546
-606350063 196831295
817186514 575895120
724495574 -713691274
354124975 843467097
-318194471 -656395906
862360892 16545192
-899074351 599266829
612141559 -538745318
274239344 409182476
-400951731 -119730521
658906668 187717450
-718825582 475138060
56711974 -880657130
399287259 489289657
880366519 367295618
648101258 -490331633
-843633152 -940215387
65259314 -329834275
-459407577 5021303
968385541 -173790026
878743756 226633781
-254849420 -889664496
653972948 -81069146
-271751813 -13734920
-88259819 157355549
-507159770 20549827
655448127 -191666827
91019206 -632688080
910127980 -966194591
590721828 887711615
-673069931 364723382
931053129 -25073253
-987031064 661767253
-248217384 -871105455
-183245083 548417422
820434383 -600682776
-807936856 402222845
246218100 916950699
559120799 -771669649
661486171 285946702
775887418 -746328625
534885227 -846410807
-236870763 -956168686
-764714462 277871957
318544293 -3104068
-690189193 -6047009
-92385045 -114970280
-373491820 -996417509
72806783 -386516582
445200148 847551168
614619433 -971996037
867000581 139439387
-500337769 -959475732
-921647395 -832898976
510638683 -270863495
371545022 -976011671
-509306884 -83214528
-220111451 -858832010
1750565 598796743
463952631 585266382
725839347 -455434721
45651855 855533006
-390743566 -505899375
-772454930 899115081
-496375489 -883253426
739213610 426722634
-977580637 408482884
-335162680 -921245541
957906402 -862157630
264682303 -226469747
513859868 -811053143
678869742 -690040831
-41154264 918725765
833810666 993361979
-994109989 742441060
906134173 -33792528
952668284 -116561646
-265824481 -936879984
-783515377 -743072275
-92855166 -818920727
578349190 -188173292
-826011207 -803990194
-141805349 -583793915
532962450 -41005068
854664572 -391264461
164841717 882714774
99792038 -811688886
202262451 -178538281
-496175173 -931841238
431597085 922023349
801521268 535480367
-74008151 -324755373
-283665244 -317414105
-637321182 722919169
460771155 -844723605
-122063632 623802226
481161072 734411560
980943473 -236654394
-918619736 -382484492
-275294813 -550432190
-764632753 -157285489
-49290724 -663554297
955280965 -617422321
874673811 -468627054
-611222917 986868820
793234292 325454978
-827071825 -346699780
-172854983 -161980380
-935289150 307791595
153736435 897099814
-169091825 600125966
-989996752 -664092402
-675120656 442827015
909651399 -521869302
979860185 362451937
-38986868 -72374017
-184932238 642726218
833476165 -710867365
900850231 -834278036
458125489 -373256145
479609971 -381669212
658864651 312242304
-593279215 322991578
126369176 196820828
131453094 -959238134
-271719566 347913091
-5054179 -215421237
-109109212 964571519
422463740 -781353912
-59798508 700981611
-788005392 995894766
898448979 962921713
-643108405 955299244
-375366839 -739733079
969758682 682119726
-235934044 893264832
-230802502 -860441127
-981999212 902591396
823203210 44469415
-985765469 261413285
835513256 -450985483
484111169 177931957
323302886 177190260
-822524278 -707211573
205190104 -314442006
396300926 429671989
934200250 712601207
-587649555 331641667
288976940 476031023
680113214 -212232841
731898008 686931936
406787703 946451607
545127525 -50805108
-557221319 693900393
915820984 -82624334
-131575023 707372447
-61379083 316447219
997394240 344881831
-716645662 -209727840
-416075474 302665738
-26562621 -83700724
542743012 -935440300
409234564 -756835289
-753265485 96396966
-756507920 997214825
284977719 784429759
-495828367 637701486
-438177755 -618212416
361262432 -661994240
-80996493 64365699
317536606 923178471
156302678 262384376
-900246769 390703104
-745386181 -278752551
-291327421 -14376451
-153566522 -79277382
-833586678 643484277
630123854 -982163342
-129258417 -824945093
-929755641 29623585
746887872 611871630
341975916 528949962
-384300031 186538301
-695607949 583948482
809223959 135271832
665132579 -264902720
801940148 126726257
-869303310 725635723
469056827 48857055
-144776347 -789597232
180360290 -956553827
800750587 738941696
-416607220 -973122352
-972184395 892170985
880858359 -494655030
-866633710 -567382729
273495469 283594890
680109991 857555630
619680243 -573467894
344410759 995809254
-154989630 -684745154
-552340277 148663390
-975407377 -671740266
-275564237 -262173365
-778243035 908400214
167822849 233308244
28919947 82191328
145766241 832149671
635111498 -746306
-519424307 -160389959
-780594893 650794384
-992842302 148680991
-225095057 -85373310
-329695336 988617596
335643432 50734626
737464524 -916331805
-316386272 -321796499
-141154569 453175623
-973072279 277361687
-916871718 -834290487
331350446 -125599839
952495290 -291982907
166320154 -764559005
171459925 -493787417
196635978 -484852202
-67590978 -138666486
224207588 -584060449
262665431 -941146915
609293192 403372132
698765513 426105364
593067351 742757256
-269156423 -421265569
-610669611 686625509
-362861293 -312786890
-529909718 -684499137
-231781674 505629089
168225240 801812993
457817447 761065341
-582255330 694740919
210201652 -342090548
628095067 149035512
95043100 770459572
872971954 583537008
-909278244 -13935017
715492534 -40889198
-307109710 -209750064
184761955 367697134
-659875080 -670281218
700601009 972996237
610099627 -499529318
-391000579 -301388217
-54787692 913250192
573878503 -179127318
869946071 -261136790
432443053 -196495365
-259793067 -179924024
-331330190 -685771955
701676966 -372243944
-868506574 -732072468
-359223118 44206025
-485949859 -116350998
246645206 167702289
903397654 346242635
754129654 646326995
896781932 -666452535
5842178 -386857999
-967270896 540430509
-620735040 865638122
967113696 396978384
456117272 -251259252
-533409871 899460077
-923667211 -264218530
-956343927 -861250658
-22514001 451559850
388939278 651536636
-435998660 -70828205
-991573056 631477299
20660523 608088011
-111229001 -76153231
-418300908 958392639
-196195695 990561426
564207140 -285487375
438715962 949876759
-597863848 619502469
365545367 -888009553
-542857447 126621173
-314033394 569432958
900810401 894349599
149567980 -339413850
695875562 -755523781
-539429595 -452334339
55193206 475901683
-726836906 -307442652
566677568 -568130053
293191686 794525408
935986155 185697404
-656951079 607767469
-681325896 -889221679
-850578090 -997527082
397266813 -678493471
-213070917 -266504975
873107448 938003327
-4046835 -243365953
-431793935 645231494
-968855209 731524988
-293192444 -145244402
-309764292 869008206
-239870732 -369956723
379453870 176249349
66548590 -395884737
454364118 919164481
938203620 35907633
-122877640 -857685257
-743626385 -850978915
-422433252 85368180
437446670 86977276
-186919087 -899168526
-530704183 797275750
155529138 -618865618
-884164457 -578212539
-967237655 -634187373
-793890217 -811006341
-824864665 243334653
330335879 680240981
568654956 280422043
448609544 336265007
-480624233 397111640
-448452047 -457376256
-404807962 785613201
459467844 709042805
-581976439 -998224349
-545386730 410817466
790913427 -736190642
216617790 501660152
-845532742 -209115014
-488878613 245682297
-478398337 140324885
-491433108 854134972
94750096 -818535641
-91389361 354403817
-820833491 854878532
494759726 289687855
483380958 385254159
-41213805 196407007
541406456 481114865
508143817 -39454692
-325307335 159310787
-499503635 374199027
754172125 -431467613
-369877518 -653680483
-955130732 629934631
-119206817 -858862311
-694663875 -418650772
-456452485 -966030451
-856145807 -138271794
804044211 -900983608
854962379 551777418
-314499103 91016528
559655824 -163466236
515610439 488220724
823396994 653327515
181820209 -878889542
-713687072 -766242574
714529399 798970644
433843822 691767248
-835024594 706650765
155073406 -457661837
299211904 -839460298
-989501617 -914060750
147329444 679715413
-224383944 -848661301
-219457098 -990956721
315341048 889991019
-491930698 -653469740
958578543 57462036
-321099584 690608408
231817275 156770526
-377006350 953392606
669549557 -290240300
201515135 -477024155
718797167 -484680089
-632138244 546944804
-150934034 794184898
569511405 583935922
-358790376 306869897
313739498 800256827
569240413 143011034
-994674848 418498911
-874481317 -506433856
-432552059 -288963872
-556817129 -76619738
-422319882 967053525
259400453 -829915062
-389944229 66166426
-177194889 201635761
657868336 802507653
-119571258 225057707
439122458 -147599345
-468548313 -346594349
122273418 -945064924
-737901167 -107956736
902306402 -825347561
-501773406 -81850351
42916606 277600866
371894184 182036827
-536900733 -370138747
938166864 -861977777
-342814140 469104816
632148953 106389909
-342884876 -386316341
79779052 394297176
-257072978 39713226
785368917 -451809933
-287464903 -85093860
592
629233857
868241590
11903537
516075817
804290946
633505664
205636932
247521781
68573236
476351772
63942208
853204715
510607607
967569050
225746337
964556010
927461384
319844420
642730652
407244654
327844870
962547427
359150318
104365204
705654053
607063708
998907187
852891962
871907096
757064041
625442724
699573800
226893977
952291290
887904945
731902334
639363222
52141842
430597244
471497580
81369118
696818292
146984436
171156462
139088069
684586149
55451520
59049079
404175846
363634747
903128589
339950584
592544425
841339583
6729986
458957880
942864529
997662393
241648704
358061555
933312690
64915140
60215066
781914571
784644598
998231062
966043567
927433473
683806094
999020763
706321435
690836342
888368611
884886110
701875732
451809114
553394751
679011732
951655588
73996914
815815300
434255035
434209531
146963517
279596508
324404254
936182326
36538211
479343475
902761521
962820060
392851848
306671164
223506334
933946038
83357349
314370577
228901608
652077082
386063130
722958055
17865761
773684157
137054463
971870316
702960894
492720482
342690881
648415168
486061404
733311871
28867113
716924380
599952081
365944402
350234798
998851166
984568808
513396876
789255033
965849610
127069766
72852725
530485832
883518637
78126759
216471446
413079100
748798229
276406622
238248655
300128671
111481628
79605335
692065976
617076158
97863770
166300732
524361912
510442188
312781877
831579181
733523839
818386884
101912631
715783606
267961052
688338960
966790714
584079240
899896588
9045209
78282971
688545095
148676634
228056824
910523517
885303500
847252599
741304120
114775992
235913989
591509473
721173749
404099990
419006541
476966890
350083693
317774089
378191861
180846583
554467150
446322614
804338827
8844714
271557581
980030256
99306244
911648744
959943298
381759342
888644962
189530273
218136970
14737485
764001977
21455711
629263642
650743765
68042937
105845282
334145196
882129580
814046297
333898370
795725220
265729699
584335980
88827099
4965093
439617161
35621128
781885608
918424671
258832933
54192134
544428637
621051739
200804083
675226478
815570066
322721005
150021212
515774352
403750593
567736751
132998245
273336086
559541480
785335936
89124882
344544627
430652650
529739538
514094325
41718039
732265252
986312702
962700194
835955169
589742136
234683500
646490566
886207597
907445884
970358818
494773851
658864857
629038067
729814145
456363574
815691860
697810929
57148453
127466887
577673989
337866378
875716852
873633781
71310593
893398114
157818729
313144117
246241330
758650144
430222382
666743118
764432083
437265238
488186356
413097939
742081598
500741008
881765310
169913252
10766909
470673061
832931808
767933764
366093398
764771211
230500775
443649397
45400644
641018545
309274849
713718186
718493357
988086813
384838705
648781750
111867951
481548758
492181537
427059998
584943780
171462655
235022814
691023975
939633786
935239984
959347847
419296065
730344179
673034119
614695296
855556182
121891015
346329286
890366235
266758734
414515177
531491518
409917251
843997202
716395129
858601948
224280293
977716646
536654439
854685638
521930651
555140173
301822837
533169442
827292385
131406667
191679354
810883314
881525216
728614010
203606785
632273154
288459532
474846385
222896481
61375963
14710018
894124756
486935831
514604987
847082308
293395405
159712202
499202648
510808866
960177732
447117039
541691388
956144449
372407466
200986571
617476882
124321480
550739423
243755356
732289666
135790669
670870689
591011895
143466336
264074861
207836575
40228778
119636889
960388061
700727670
828094223
325296846
827425481
215079303
817327939
19108548
486332570
570645266
630707214
80717283
689221661
92178827
935937973
996973455
314881966
325762521
156726520
406846116
73220377
394875596
156680775
989202230
29041345
914042950
464699264
617338676
227320035
333028882
765986635
428008982
902699764
720154450
233788714
954248775
168368239
554353748
233791834
554063213
890725431
532917558
916462009
99473001
573634248
279662760
665265158
466571836
270262469
205387454
739840638
567926340
178583040
825294178
922438349
109232421
681423548
726663098
631880830
439876302
506359468
959718874
279231727
870564120
929905699
194717875
815594553
836984071
127774117
896707495
829024120
770867020
341887001
275161621
539075759
572546084
26474868
439986254
176906945
252622204
621412742
564681444
74793841
150281529
449642799
168210709
802129187
466708647
526944935
578744234
227081716
908227790
881165059
964327999
32473116
104678693
14336641
171440856
486760606
589286168
202504491
49437181
697713959
334083453
529113758
973821218
162658812
804513073
44817055
934214799
344537565
718888962
532198149
506706878
880812796
897389136
553978434
860048998
386595064
984704213
148999987
913099457
153614709
953264388
862131306
465996411
914358304
134456083
241784562
441236079
383465991
908724228
781817817
512628837
856061056
324761681
934462874
954493357
124001651
381313481
955031310
827819925
905669386
933760692
459166692
567815023
850730707
363302073
99329981
886086976
192291485
908219978
838989429
914996777
473871872
703908193
986549954
365206863
172330182
756683025
770227293
382349187
198920355
976797654
768977638
816875219
131308619
906871111
620196685
772656691
510386749
925360796
456741976
322528864
157926921
137440585
688681478
761028016
514853823
518552432
577564428
435475607
293878997
647669027
312388169
474559860
934376507
970022398
130464831
765083284
984018885
71286366
139600155
116574643
188170442
722065362
65247503
430128980
390862923
103701517
790547012
623790360
984362236
48248267
825636705
263243092
823269913
621519474
793699229
685336590
16849283
511151184
32786708
538436326
460077694
739767612
848014917
549636660
633014419
999509807
991439572
418020598
807675696
250324327
444497373
505685802
503681876
876438092
934640857
199246258
783931976
746021454
909959908
891827420
99713738
949653468
922630097
