218
436
0
149
358
223
19
31
2
126
2
412
146
536
24
534
497
56
235
98
59
530
75
6
272
203
572
412
440
316
216
268
24
515
454
293
231
2
110
122
2
267
10
12
10
260
2
2
98
77
472
64
194
398
0
118
506
572
29
75
501
2
2
340
341
572
535
497
260
572
272
265
456
449
269
117
170
256
515
2
373
111
111
10
41
57
502
1
130
472
530
90
52
22
501
3
52
25
238
88
284
0
332
10
542
270
135
68
236
132
296
0
281
197
77
70
572
559
146
347
535
8
2
159
446
2
22
100
309
41
28
50
6
2
265
209
5
12
158
146
52
387
296
377
5
277
36
263
535
188
470
0
2
263
11
24
483
449
406
300
8
27
193
284
98
104
126
70
54
85
14
171
116
358
0
39
553
5
483
523
87
456
14
22
0
325
0
218
237
2
6
60
445
371
60
350
36
188
5
0
111
1
340
488
33
2
163
211
18
252
372
57
11
147
98
177
8
41
175
341
5
68
110
159
146
1
293
562
530
394
191
27
236
452
477
539
136
241
218
292
118
373
267
2
8
181
63
442
442
2
464
12
52
31
318
110
247
325
111
132
100
300
141
445
12
0
122
387
329
78
326
25
115
1
232
52
277
281
563
87
236
6
130
134
106
189
12
27
265
503
501
521
104
292
251
207
415
8
68
460
36
101
159
98
400
280
421
22
553
161
414
155
171
50
159
386
8
16
366
445
288
18
220
46
125
22
2
0
464
132
147
406
48
12
139
146
524
116
161
519
82
18
209
8
169
30
293
10
251
192
10
36
19
1
8
527
268
386
57
386
20
375
0
132
177
219
2
263
5
502
572
52
57
12
98
2
92
12
563
0
483
120
209
24
59
328
108
472
283
26
519
12
171
26
171
460
159
487
5
179
41
246
120
39
18
299
177
13
384
492
6
256
286
220
111
142
522
41
439
498
16
372
394
8
467
386
329
66
41
161
178
0
111
13
32
211
177
2
11
116
12
356
120
159
183
24
479
445
534
0
6
0
12
132
191
18
1
267
60
159
544
12
358
1
501
68
281
159
142
445
468
171
423
89
560
11
483
11
517
427
120
483
8
29
112
87
480
340
146
415
57
501
519
8
87
519
386
473
501
118
177
408
77
5
451
16
478
396
485
124
271
562
77
12
316
329
87
16
548
329
375
8
477
211
329
146
496
118
57
12
10
263
321
147
152
181
111
48
236
52
124
501
539
8
327
558
2
10
8
14
284
2
110
90
6
347
214
559
1
384
36
381
211
348
261
0
146
0
161
119
299
406
167
223
573
564
102
360
31
115
142
141
442
501
16
341
304
481
463
5
512
493
