78
386679454 -289482364
-216192603 976711462
-980882800 -425099598
102765844 609670966
325352684 -597405176
775601816 -761767431
-79934838 -500757938
470658897 135339574
965153297 -913579814
-274743484 394643961
713524372 -84271046
89546956 926679097
943942501 -687386816
704055079 -810754091
-169396002 -49486032
-132705174 -23530532
-155850983 -611084872
-884953449 94749227
988378690 -869182667
-264886344 -713686667
-130689120 82137989
-711162275 64339798
-90909711 -42392656
-146298772 -718602057
487317494 -790809092
-453760819 5673064
-689063599 -195470061
-587058857 -116669511
101860028 159230151
-188124584 864293624
-135290418 -637262290
608592884 161619254
305743995 349775873
-802581445 -135471265
-639906402 575634815
889027635 722464596
718200071 -68505967
544758545 159791052
-402094993 -998552644
310746865 -6839716
423827732 754112496
872690311 224255139
536517155 14315719
484250227 -660125090
621262915 986871480
646865220 364905485
510936445 171052222
-754610707 -357790716
668420697 -676046510
824234712 972683427
-37151038 356195565
-383053935 488922564
729907372 887614967
-484749745 260547497
898242680 -403969704
910229920 674956532
923433292 -909020780
-681005362 -146516253
-27211282 -186202694
-364692177 670809171
92270383 -995109022
-38961717 -564674952
844468748 -268719608
-446767721 826699558
842868559 -844892920
-923973003 -17864915
798686430 -607396168
804798334 -216734892
-347267138 -816816273
244576549 -891259279
-888691222 521169878
-830084370 -607416174
-530820596 -153743019
551035735 740544251
-912781778 5041333
167423401 -483828221
815059685 -261265772
382054061 -456059083
9
676078284
192574028
951414949
822692339
207095833
648593567
174054929
162393598
250624341
