25
0
175
227
197
0
309
61
177
331
35
0
361
31
4
145
0
56
328
18
11
333
388
318
69
349
76
205
214
115
4
2
246
134
231
287
347
2
73
215
44
19
2
48
10
123
361
52
35
388
2
202
359
74
0
370
54
30
250
101
0
166
50
53
24
394
4
2
49
61
269
9
52
262
53
33
0
17
276
390
407
9
217
13
142
213
190
99
11
0
357
77
187
242
45
29
29
9
10
0
290
73
50
22
226
9
2
19
130
9
261
26
86
6
125
345
7
388
146
227
213
4
10
2
13
165
52
174
64
27
129
247
157
144
369
148
181
287
168
212
0
19
66
9
337
146
39
331
19
210
0
242
50
44
33
233
123
9
79
57
357
51
333
306
359
290
6
158
104
275
21
209
0
100
144
353
0
13
136
394
282
3
70
10
4
9
190
236
71
104
0
0
69
198
11
29
118
140
207
27
139
11
330
178
376
383
388
370
370
121
383
383
394
13
31
323
139
155
184
24
31
222
230
23
120
101
271
23
407
148
288
163
9
309
146
4
350
306
163
2
43
140
398
43
231
11
13
181
0
97
182
27
2
40
222
0
22
49
0
9
127
226
183
275
40
158
349
368
32
260
22
48
251
4
120
146
367
0
393
181
74
217
245
10
2
125
241
324
306
35
305
152
142
65
214
0
0
40
246
9
380
181
378
211
167
53
142
364
347
100
261
92
0
376
118
236
163
383
180
395
0
388
182
263
0
261
160
62
63
200
99
262
52
385
259
136
70
258
220
144
2
86
0
18
241
33
186
43
68
23
66
306
40
138
262
160
410
172
350
3
370
201
408
0
9
33
197
4
212
152
0
68
23
2
4
383
198
27
210
48
308
0
53
11
0
219
312
2
85
31
23
23
361
19
264
312
339
31
52
56
63
180
105
401
144
0
86
18
163
11
148
90
30
125
0
13
29
33
2
376
42
175
86
364
24
133
405
206
59
370
50
11
10
0
394
32
22
68
53
313
187
0
13
375
349
219
333
29
43
10
142
359
163
0
123
222
345
0
30
181
295
67
101
