622
-910463133 897595849
439745959 700115320
589224797 -283544379
-309057202 -963729006
-94853915 157553390
-677815903 693430842
-555861411 -755581086
-774323203 62397114
20737852 -364398923
840727296 506330918
-503901025 112506582
-622687619 -332716003
531838007 -457127557
820465192 -872621130
-425472896 40909500
-364647772 992234101
668953049 523267357
507531913 -942850130
448943223 -382869543
-855077827 -613286644
-464800484 -169312564
-449718296 59274444
386011595 -395596767
-497041191 419787952
-979766331 389671946
799873626 -283956356
-679534183 -274477715
743466071 926161003
158913308 -153491843
-450373846 -764476270
-810630950 399220949
-903388987 -579270963
-877974430 636771059
504621418 -686547233
58291040 -99048234
-906770588 435481437
-411537546 347630307
-119557266 449699966
-405488513 527946181
679068734 815698056
304745302 -422924899
-433187032 418113039
104913027 45757105
826102390 367426877
-577472387 -62206187
162042944 83959749
747719897 -667452655
-101791006 -633452675
817386487 -156547005
-155987020 405669454
292567689 -675438176
-586167757 -479007793
-367593095 324419638
-213544778 -959058860
-375954258 -77900093
-478317308 -922082471
-91896762 -856510669
753663414 394705827
-813403045 121667890
-486777765 -724409312
689132937 409237537
-55194409 -912867889
-405114418 -321035196
833812707 525175046
356769652 -466033668
402171732 555337403
-334877980 118953993
-784891894 -753703389
889646437 743903297
-185921101 147683182
-641161151 448997081
-334487825 -75713925
-161766079 158402034
529132418 762882643
-843671730 337890598
-267157937 -495060241
-371917648 -52488458
-403466407 794467723
-669592412 202442429
-90240031 -77589633
-353080590 -613271917
60946796 -245324561
-208935905 967093271
-641153302 756756482
-459326755 804716700
-162821687 86059305
954064827 -507124464
-140900414 577453947
-513276684 -676142221
-260892551 -292075026
529524149 -794052633
-70560676 671314133
-890103974 -859289721
-647696415 -184999653
-624683574 -472716941
431709644 639291376
-478841367 -788901002
11933975 595314813
155250898 -560609186
-810166727 599965216
430648000 998030894
-910142962 920269957
-841937407 -426831008
208975647 389203816
453019400 42821095
-32981303 -677483688
-66735055 -587678469
-326151447 266166148
187680554 414617816
288657194 986296578
241533399 906509160
706773840 937393308
858957479 -473093051
-530377841 -772143215
680506447 41930568
-924562388 -595166773
543595068 830819175
74886512 408336760
553419688 253836209
-446722381 908841944
629859318 837868248
-429582616 528627376
-312152533 -757387612
-984423826 40614540
-171377425 -40650983
330798139 -954751957
938884304 226587593
190232192 404047379
92262652 262226487
-397918628 280891738
241895527 123356236
13003397 227113752
884023465 225544403
397767699 -116240073
-606374989 312553659
930632707 -931578266
-688135895 752934213
930184070 966363600
-590623831 -261009336
547127285 -374886311
-75853498 153528006
-2760182 -739889514
928539135 -493204122
43130978 357783024
699681289 366988752
368029012 555837194
916666377 -624054212
-218055838 -808807694
322177463 -767882331
935898831 882218896
-507175534 717367178
-929634592 -865124142
176227822 862330332
62364867 -689792128
-766756122 -770046435
216954393 174880772
490226308 -68842547
119448505 -212281177
985283333 518070208
338032532 -890267690
-596639572 -306227574
-540085933 545073371
504526783 -208788832
834563776 503648432
-584111655 -820504897
854861564 374831285
360565190 -308916715
262320816 30015489
-844134045 -974731770
407300753 360610173
-89038029 686060301
-639461708 940942222
599356804 -523572873
433956825 -947619511
895129387 -549902031
-30662854 958291423
62249905 -214611314
210371198 -74253690
346006829 242633373
73286542 -384827823
618725685 554941244
-961346351 142434740
783501753 893381073
-891261603 894776068
741905654 364588408
461925876 284997301
748743959 -155966158
518669723 -913268013
-754855730 -383524357
166988813 276913329
-327649567 -998741968
-600383862 -88354531
694882312 -451970694
611229858 186077862
562326744 773971767
551671469 143968373
375639781 486344884
730682391 649664307
506470382 -556400226
-848308569 56652679
-932108990 -127836968
903217437 -260072051
856938727 674108431
-333668897 147287818
-74911054 653150650
-233384554 18580508
-398981261 816256915
-555199950 -873444429
-378941368 332305940
-503785890 885218358
754629890 -872942326
-605091818 -115091624
732673854 586756033
275760939 775196839
-890170062 110462705
445397413 193983342
894318378 -738426196
-554917299 -654082241
394919350 -734721428
-194306671 230358978
597018961 148526113
-334593712 -700444917
-784023052 -445255787
-155912012 737733745
-619146369 476969785
71656999 846892959
836908799 830267644
-102996974 151265372
636495990 -988761570
47621596 -264591975
-214269586 -176522913
-508292793 -34185790
-623941283 -60222639
-704378917 -429861540
-401140746 -604274540
756590698 324590290
-634208880 -536073364
-879469357 -679204610
169150763 17263096
-474331022 655414842
-482808330 -613328596
-92429909 -711196944
-392566915 202538838
-976175564 -263677130
436478162 -135765968
-953040862 -821916585
-609013567 -256835154
624326273 -97917940
-421229963 752739120
24677756 174801914
-481765639 590564532
-537517447 -844423418
574052909 637067722
734597034 -703508055
-379388715 176145140
581131870 -126065732
199535741 427626698
-260382738 -743463119
-487364309 119707029
-636211822 -697599747
-927789695 935446961
-290020948 121751167
-271410411 -879018384
583005790 -447236674
-317210795 647815068
395557128 672435556
173791867 654781411
-776170630 -375180912
-823173745 719249932
-714573747 -121775964
-746644500 -915709492
622671299 -784521559
673404981 -673043892
196533452 774532453
938419440 -971685887
-473753113 531327559
488612015 -733680419
-960663271 -838137079
999524748 -580522970
-157886667 -368078505
852887315 747475344
-379466317 -752422855
499653763 -796037340
240134106 -30900758
-351999713 -439244496
-540829225 885006745
-17084890 -773821053
828850509 -662573715
-274621539 926035049
671967438 -712360335
-898820092 -7940173
-252564447 -516090135
973123089 -190366473
310393314 -941749498
247337694 -228793041
-903133921 -419229967
-378399933 652605567
924432189 611309447
198097303 501831786
-729776567 -486146504
-305778490 -965712187
696551412 867989978
656658594 361269581
445138632 278958366
-509704505 646710815
424228940 -887551127
873031563 377198094
-34539136 596614997
340279175 203643894
384523182 667849531
-884811592 810863144
415376773 931716624
957677821 893174030
618473893 -651328715
939015409 602260670
-720328907 -188932546
-613014342 -536712721
-758779289 -328606937
567431732 -5732464
-165625758 900967699
450739930 -673069885
-424390034 312884497
-82445412 -744055814
-228911860 -806054625
757351108 -986071669
922399725 453427556
807085038 -185338710
-439559407 1602496
476848653 -267898398
787241363 -771438806
-587935306 -915889742
-988788589 201876832
-369061003 -896221483
-923127140 70324067
-333592173 -962545885
-576389344 -845128894
-58989644 336718889
-604755488 305366979
-8416839 53888905
555253806 -748122429
-444610690 -535170239
400501968 -132489117
-436341686 -674441522
-34154942 12504059
-263127406 -725251258
-287936134 746776034
-506077028 -852442484
-139811760 719467662
-129979106 -868928302
412570453 -159772612
-329974197 -964696942
557716817 871604757
-604311494 900644875
-980745930 -287024858
754397800 -157051312
-548248866 -485305107
862629647 438978789
-397252605 -645487281
-582579212 -178666464
648206485 809442610
685793868 -601991845
590257185 -764844731
-925744526 589738337
142894199 -15792042
405165972 -136569233
925630488 -506603966
-56335294 314050742
-666811877 -10151458
-580305612 -864812405
97611234 879131474
409038204 -64689626
841278732 -431357813
758623896 -599085351
-682985620 417010124
514895406 637905601
-427407279 -589344827
420205582 810735794
992056844 580189263
-488133845 -287595451
-27042256 -526686012
-406327937 889023125
-661285217 -215855260
636445930 -681420510
-857705363 200900360
-896056181 -524255066
105107117 -23688088
941762129 991007097
591675333 632288513
-178464525 -156108016
-132654833 -900520758
-447425636 86218624
-259425735 -816048142
-177905849 505897139
256824731 -477211678
-958054472 299788557
588986112 -780140366
-284325319 -844903878
685854756 -964242039
787734411 454813052
-933389059 -548178871
573666178 -967521016
190235826 482752553
94813436 -412334950
654014894 -378802477
561469009 -769426833
-899384213 -478785463
-11537545 501764459
499728191 617523566
845286671 360205002
-270531107 -327246347
921254153 798199567
-593615074 -617838579
-214738603 -453245260
763822456 655295490
288178549 -402298141
-50169660 -185672852
365321577 397354114
662558667 -814284624
304592865 -687762320
376105751 19288194
-483413059 805809341
-751931142 -661393837
586511176 -324839014
10046563 -642448678
-440143919 -51822271
138641381 -242407007
-164828544 -679274063
336739546 250375047
-244752832 157133163
-480400589 -450381367
-182723756 964825375
-777981972 752348856
-201792177 -5490162
250072498 97496113
-233150553 321766767
-38178687 553816123
136596988 -422806137
-632746054 696557010
69282558 908246946
487470505 -787238385
769916965 -570704181
-933055106 -796569500
60079206 723058014
210584421 -493927355
51661592 -828467827
525527475 93564176
422836851 -850391504
11940695 810903329
99581265 -677453464
-437282779 923151687
-251783895 575569722
-147838996 101262213
300876716 -669837557
33448987 633790486
-621064344 245978969
999272999 -367380002
-953888428 -488075026
116808908 -178953329
397856126 343250635
587839669 518992456
-153363459 -668287654
-317748222 -27090987
-433313461 620398774
439406861 267993998
312717607 21290333
665596441 515056881
-790550479 -718620035
690682425 767789445
-609164353 579011536
-170500117 304669094
939829338 239640277
-28155169 -444040131
-664191895 151841705
392008187 -812878310
-525410953 -195247099
-482645650 -23103037
474738325 517639986
-394068836 -113484321
-106461243 -888261421
-239778756 -278915054
-401109349 746232955
944518923 -580085845
600055999 -477460788
-997431614 -319972477
-901947846 285304086
-190214310 429522711
354636096 133990170
-246842012 715839303
607532991 421524371
469749579 546184189
-124051632 -480327672
843446771 312567557
167555125 537992101
-655141395 649267612
-139534681 172206899
-505874614 554468169
-516233207 79693542
946946750 112063468
795103876 -837459414
629968901 50235195
-112037766 62029754
348308606 471019020
831050405 -264692743
500113426 824210601
995157777 -235244436
-721895554 -954565610
-279880646 889375900
-186310743 -756133884
-432449152 737339022
39218914 -416450988
150727567 -55605329
-678611943 385743524
-604917735 -307540177
-686269617 -466576545
-859341850 -489947846
-882111309 848792178
-931749766 -67366940
619766882 566037055
-924555560 -944692499
114124080 -924144182
905888839 122324632
781414196 -485785545
-370567391 580199890
-568730551 -615611700
-970628367 -267199005
939506643 872200190
400995265 245497989
229991218 -904453674
878149936 -27719913
894666529 929539573
-589603931 147087982
-601928759 -766699179
740064365 198291373
-263796311 621923478
783058763 983164193
-473302729 -926541481
-907366641 899908789
831074162 -944805749
-827807608 -937926028
-574021124 487260075
-26390132 -153881486
-952100629 769179003
434644510 -240465653
375564219 651820461
-573379401 93311750
-887538703 -653233079
663258353 841670058
53380278 -471417229
-171188928 -332306326
-71455490 209506236
-613520653 255853539
-139404163 695469045
931091968 773572947
-164730155 -979741723
950886937 -86626088
-668318293 -371456337
798208030 907737345
-345618851 -825041187
-663738162 -361989060
205239706 -877500484
-444676641 440470492
-738416143 -920690485
-284592305 136004233
-87009893 542536852
566340817 -671483700
246003018 -834930552
-433596152 -275516386
483433745 475601467
824230738 -536811279
-553585936 829143453
-410908389 944893148
946740804 -252366695
-308180953 666911481
-488618647 917776500
-900271680 121337156
171749430 389048706
-290836925 572298994
-302717337 35511254
-4339935 47807292
-730289621 410300331
-37930592 118442816
777164908 469918606
-274061516 -646771365
-537076747 49339372
189313574 597274360
-665254990 -314078577
-977954108 620303126
942343660 664982370
-594859528 -685720088
-361314643 -66031347
-700413122 -423445874
-550284849 -893089207
207055612 418963333
-504600570 -313603372
215372884 391983387
487402785 892017184
536432404 -631774237
-904026461 125193757
318664480 812137734
402497574 213063963
664595829 114497270
244927658 98656809
62207400 -389339147
-703945252 -398077262
169343541 64124343
-309630791 -817104153
-340543863 -893668337
-492931227 -698477325
967435675 6921348
-318946009 196265700
-494993288 219941930
-452705517 -30749162
-740512619 -441333693
-551211957 357660201
-330733688 -648935675
87503518 -412762287
-517100300 769217755
-461824872 356328845
277735263 557269151
197885062 -168111351
588083314 -912399379
-485486104 644982726
427
178112243
789529441
551734727
636063985
396807873
71740930
293002162
447895216
869234797
708977004
249814343
720582266
391520941
525101968
505124995
984080658
345089944
507303085
951295696
975079034
676777669
919444143
347843946
979779666
444233049
677573458
900555542
80186757
300470895
23604600
357118201
973368472
179685587
565918097
543422354
658740282
498866372
60499061
631465859
537247196
553768523
584140189
949342197
822211174
465664307
454875925
940622996
113606547
36395394
313462802
967334905
780692286
607029728
698041028
433166187
370582300
569548598
435053704
130858012
437780502
258095416
642399428
481398910
815723914
780890077
722496548
848940762
453907440
641199297
508914104
829717768
632808501
245887594
150393933
452359234
745033355
692824454
851481583
387273283
717533027
931968320
535708065
70488006
506653939
314153716
164318179
368333774
211035686
665638673
679461789
386218867
133398840
358713880
746873633
234286272
574462274
874030358
95431251
355076247
149141633
113466720
117482979
694808958
130266223
727920768
715496091
873251077
862618448
580218007
3946152
181682933
600740398
411423364
773442174
610710023
162183752
725947692
989323026
691788935
279059355
848200977
426691050
51093155
82107773
959994214
659576484
30602305
449504806
633302935
187434595
628561156
246655123
807598549
634368485
24268944
969410224
573114348
108629880
10188229
701380624
585188345
628295804
112184775
568192283
27526501
344691761
283320467
132090053
626905073
826764528
407879183
303914724
730862855
733701810
940555378
214682751
562422272
983808385
805300835
196728570
12551448
228737188
523745160
98924061
780298752
30343937
212634496
317443288
846331294
628588161
41222400
350011389
831438969
614496346
194136086
755238684
917930223
179048057
505102419
76478780
636232982
279014595
291756412
243078835
737507771
848533364
587233882
547036345
413533164
259482768
688636423
444272321
492389673
259212852
955851488
859425072
3466468
306062876
723278316
170287458
881787473
282817838
333537905
636248817
779680540
353165606
272592629
176849032
730406826
13482919
685938199
249303157
740330185
327923860
141068630
508581416
331948236
253224887
296062499
538757640
625987744
907158371
921652135
956640998
778957960
121832191
700708379
175049406
477692135
518914787
594449147
308647669
907999642
779214491
104058156
181474649
399238737
698164023
207778286
659867959
435788424
467541149
532943105
265758472
812355716
485596742
249105223
546365150
374323188
643835067
907196114
931565080
485611533
194415912
343384862
529561194
824931334
552966076
859990872
291648182
98593969
235688699
982499583
419005850
772244276
439756236
837607122
575719234
352232934
9408395
175383225
659344969
170683283
836260835
18961036
711801070
696823695
833976348
791664646
794469039
728322172
15470051
369267525
825511123
715003747
159115281
737744136
11115236
73949618
654529692
158981045
599088927
886865386
625339847
661649099
868207509
8435094
714208272
101449296
528960421
677623925
296982400
544289714
107399412
74262041
254539794
661971598
908125532
832242942
230645804
883072747
937082187
481666617
306473221
81622695
315305516
975147888
101394771
158708004
399602482
565924075
52390610
789738735
145629105
689651590
549316172
445510480
677791527
508304855
533781619
980441553
633176010
650299138
921533790
343017952
878756935
636181722
321518687
764910069
131454008
633829133
258132521
983400132
609983230
539861108
483989160
574656076
476353447
943795908
494767863
725082729
663570894
270459915
698438400
3026883
334911030
940462148
18975868
843355485
986369709
544840668
49525338
591680908
6727867
758831624
995268924
493396820
761230865
770318227
112150584
241782806
937646620
25615565
772818754
791201333
765862390
941394493
490252928
399565966
748251388
336211155
143766273
598972530
579730440
829657743
999395628
472668161
269312625
164042156
187782709
441002234
532344586
723071553
911226386
774570521
242948868
237956101
222563943
166509075
581689601
279787153
872068637
258481948
778258877
158085451
258759336
742635456
732678451
985496316
444609367
653311409
190790905
714022168
876197932
749646727
324467307
749157993
431964834
869176088
65846908
60513101
82431944
509717726
527904501
12608975
784589184
581320237
