16
302
158
197
77
3
49
105
365
244
37
248
73
140
132
474
60
132
440
463
220
409
60
467
101
222
388
3
49
0
62
461
17
164
154
207
128
3
194
147
159
172
438
319
113
107
432
4
1
52
455
297
183
237
95
67
166
96
9
96
38
200
119
316
297
249
349
107
198
132
330
196
37
10
105
265
235
353
73
247
420
145
3
132
52
12
67
24
210
225
73
9
62
265
33
167
370
3
61
10
4
6
235
9
252
246
369
364
168
0
18
181
80
290
186
12
252
477
233
47
347
93
2
3
450
207
0
105
196
22
194
37
311
196
0
458
167
4
0
240
172
194
4
166
0
60
48
9
193
326
79
50
254
257
432
25
161
474
310
23
0
32
140
3
295
0
24
54
345
194
1
61
334
186
23
274
408
16
132
3
197
47
49
36
262
347
174
157
80
38
233
101
123
38
446
360
0
51
249
13
378
48
57
197
294
61
44
16
254
0
232
37
264
57
9
132
57
38
49
148
191
393
411
447
294
7
239
14
119
138
178
51
394
294
3
18
78
237
24
207
96
114
144
41
315
120
37
156
68
201
393
419
120
23
60
144
323
159
360
49
3
33
471
85
290
97
337
168
61
0
14
207
13
337
0
245
237
336
303
304
253
0
67
324
246
11
262
0
3
204
11
181
379
190
208
365
0
246
3
144
222
49
155
3
3
38
208
394
335
32
378
426
119
51
3
53
463
3
11
78
164
2
302
10
233
157
103
222
132
144
468
196
202
411
60
375
197
56
283
9
196
38
472
186
151
120
168
119
434
124
250
209
43
237
0
57
432
0
345
476
155
2
176
0
280
484
123
280
286
4
35
426
0
290
303
283
434
122
78
265
57
10
181
168
330
486
117
43
12
22
97
144
249
401
291
36
35
28
12
170
48
366
38
293
11
38
264
255
476
102
203
22
246
370
267
57
266
95
365
3
3
3
133
144
0
301
170
