500 500 377
334 171
5 31
440 422
134 225
275 110
381 363
496 402
465 388
42 467
133 413
491 38
3 473
484 15
280 432
41 118
353 80
221 331
234 270
302 367
109 203
167 308
431 44
172 500
316 252
204 370
495 41
427 268
415 490
329 109
214 280
460 480
159 300
487 43
8 315
46 445
398 459
40 403
390 44
104 240
375 420
497 66
16 495
432 11
484 361
83 266
307 459
42 144
413 248
57 130
44 202
492 14
220 395
479 272
474 105
9 211
129 24
11 241
17 129
314 290
391 164
329 491
313 271
226 101
46 125
333 32
277 183
107 28
446 293
163 187
16 229
72 246
80 322
459 111
110 266
419 44
163 205
357 467
174 326
429 30
422 7
186 311
141 469
54 131
139 458
60 190
173 403
178 204
269 227
185 134
464 187
240 250
267 469
243 394
67 209
73 390
1 460
2 498
444 375
383 112
59 390
390 3
450 464
304 138
352 13
19 386
256 136
140 271
482 18
227 372
436 10
490 69
456 118
175 192
45 464
43 449
420 185
281 8
170 17
59 472
389 84
374 103
163 358
433 58
323 464
48 263
220 95
488 311
375 58
201 153
167 122
419 294
13 384
31 490
402 183
93 73
118 398
314 456
28 59
55 186
85 70
308 466
27 483
70 458
11 489
67 205
131 383
209 245
345 1
219 316
37 285
50 490
3 268
130 395
37 494
36 204
43 175
117 51
358 467
36 170
356 39
5 476
310 418
162 482
419 401
139 464
452 458
363 29
394 297
101 42
450 203
96 422
495 268
295 315
12 486
62 220
101 468
132 12
499 3
387 48
44 23
63 448
270 51
33 112
284 393
258 13
458 33
282 391
260 418
470 1
461 46
403 167
404 160
15 166
23 431
453 123
23 389
82 345
269 142
458 78
476 217
463 340
434 484
365 69
334 134
195 424
4 378
11 445
86 413
461 350
453 100
394 414
100 456
471 81
314 426
258 485
24 480
447 202
357 328
94 321
487 198
179 453
64 230
326 90
387 123
6 498
128 154
18 248
243 344
1 499
486 2
191 471
127 249
35 410
56 307
431 386
443 56
99 82
283 139
189 67
6 467
67 88
70 392
54 374
68 399
65 334
299 125
9 434
459 15
1 500
240 81
483 224
54 164
172 266
412 83
370 163
46 453
8 428
450 287
78 498
186 261
87 352
202 151
214 351
365 245
423 471
87 350
91 340
244 382
148 362
358 185
479 190
375 230
275 405
41 205
23 305
192 433
347 11
213 6
171 345
272 498
4 168
84 277
51 381
131 1
424 434
428 33
345 14
31 482
209 371
445 114
250 26
91 309
100 328
102 469
456 499
130 440
390 143
387 213
458 399
12 479
16 469
195 166
7 477
24 437
487 354
199 148
107 201
95 305
301 390
474 263
124 486
205 280
280 463
85 40
379 43
109 126
262 112
345 266
66 500
468 134
157 410
220 421
353 89
463 415
89 47
366 308
333 458
425 166
311 148
119 255
327 111
411 21
435 16
244 417
345 166
341 168
272 47
258 249
266 61
446 65
500 22
170 490
393 329
313 268
482 214
26 273
27 389
172 393
478 45
310 386
67 492
24 156
480 124
365 110
334 89
321 369
116 446
81 244
12 209
313 255
22 496
253 482
254 496
393 18
45 66
340 161
54 9
373 4
28 415
314 148
491 223
416 17
138 261
398 153
59 104
238 9
300 150
