500 500 481
488 67
258 117
143 385
480 70
423 263
8 456
27 420
205 349
140 131
189 31
294 387
234 270
94 287
276 486
265 338
402 116
337 307
476 176
258 372
205 380
307 393
149 419
99 31
154 485
256 222
316 433
55 49
134 245
196 368
4 397
500 5
468 475
58 347
124 405
6 495
159 412
458 8
46 363
336 252
55 385
281 245
2 494
48 216
410 38
12 500
54 311
309 193
224 70
169 383
470 25
40 492
77 497
271 445
406 72
41 115
149 242
385 363
33 53
195 108
226 319
8 414
273 186
174 482
24 318
479 392
119 221
279 213
93 493
116 358
89 225
352 94
18 84
422 133
376 84
181 281
486 41
248 499
118 237
325 24
49 343
13 500
203 12
401 452
36 480
94 63
204 451
98 135
28 466
152 233
39 437
318 79
428 174
21 495
9 431
16 490
319 476
21 457
136 414
89 27
25 475
53 496
366 145
224 448
486 296
1 493
483 471
72 169
500 7
21 292
310 103
272 433
99 441
292 104
6 493
271 164
315 191
456 401
462 139
426 267
405 214
90 352
95 197
34 299
171 355
227 432
436 178
473 2
58 399
459 423
456 248
170 363
104 354
480 50
479 26
416 11
176 84
18 500
406 84
408 7
23 459
484 274
3 468
183 297
251 39
384 48
493 39
449 385
493 65
490 69
384 378
101 429
443 36
94 324
424 165
170 380
140 296
373 341
318 96
266 74
468 2
397 58
493 6
493 469
35 441
143 394
461 17
176 22
201 318
36 377
438 61
138 116
479 8
91 347
380 22
440 346
17 472
381 23
281 265
4 363
175 438
113 448
379 204
265 41
155 267
137 369
266 343
234 150
156 268
367 271
63 221
446 352
477 254
226 138
477 1
454 13
311 396
393 453
480 438
443 14
473 82
7 499
347 17
457 25
432 329
285 169
142 135
1 484
87 500
497 3
417 60
396 323
287 106
90 434
256 27
470 59
344 229
344 313
419 8
365 64
343 75
154 318
498 3
416 46
240 482
254 139
286 252
89 303
454 17
469 39
81 369
246 290
466 12
406 109
203 361
466 433
27 464
324 394
479 70
415 9
496 22
54 319
161 449
453 3
115 474
6 468
500 200
383 3
485 87
96 445
491 313
266 450
477 81
437 27
356 232
430 217
218 201
203 346
339 161
395 74
415 328
470 183
357 335
433 80
311 19
337 71
110 115
164 273
257 211
464 78
478 82
391 104
81 305
500 155
419 113
291 37
188 126
12 498
493 231
425 171
84 497
12 456
31 444
161 53
387 79
274 64
427 36
286 96
455 166
371 442
363 60
357 14
207 410
317 230
312 147
334 42
437 128
321 55
281 121
255 209
472 14
463 189
234 59
480 266
410 43
321 41
33 426
71 125
335 208
263 65
126 419
110 486
24 260
475 39
380 172
8 496
445 133
176 369
488 35
316 382
403 186
100 164
1 466
239 29
430 79
352 279
243 117
74 103
26 194
97 69
488 4
50 443
1 305
280 36
96 294
370 189
376 472
47 467
331 146
486 218
14 264
277 21
399 55
67 397
441 306
400 438
456 348
161 187
473 172
288 241
9 496
367 358
436 425
244 356
203 77
460 32
221 137
29 457
114 378
247 35
438 489
497 45
252 39
453 233
461 25
341 418
193 456
157 183
40 273
128 64
495 45
477 286
137 413
185 302
423 401
474 198
484 10
131 249
309 474
31 371
462 396
12 491
84 165
357 65
358 141
6 465
20 367
301 192
91 219
204 474
466 334
419 97
416 109
34 446
1 175
232 478
378 94
429 72
213 491
149 102
446 281
373 141
344 209
458 121
330 54
99 440
488 376
83 477
411 111
467 334
444 8
464 257
334 58
7 496
498 259
79 482
12 352
499 12
306 44
436 290
104 265
495 38
478 280
447 10
16 82
60 325
411 487
277 6
326 136
465 92
276 450
422 234
391 24
370 110
36 208
382 479
457 81
7 337
404 229
475 34
455 162
467 8
379 250
310 27
312 389
61 416
39 441
495 295
88 22
313 307
36 378
35 265
1 489
44 457
402 11
452 1
298 412
470 191
210 86
300 212
256 135
117 451
21 222
164 410
24 227
401 56
73 49
234 122
197 315
480 29
247 440
446 224
75 363
377 43
155 443
121 196
489 5
26 311
454 266
420 398
126 136
193 116
