500 500 779
381 93
485 5
40 22
165 466
351 143
21 419
422 451
480 70
50 84
374 222
230 371
20 246
488 172
210 431
425 53
33 343
309 246
25 313
474 72
101 185
144 32
56 494
34 462
23 248
363 83
416 125
173 34
347 379
463 148
34 424
466 465
348 8
471 259
28 493
491 82
36 486
120 498
30 419
266 111
326 340
58 4
41 452
53 423
46 104
10 479
159 262
25 16
117 79
102 413
34 350
399 1
107 416
366 460
486 34
475 388
12 272
106 439
293 419
258 71
40 397
221 82
295 314
256 244
38 203
33 271
132 432
13 358
51 364
20 424
423 86
206 169
466 117
427 19
353 128
229 383
440 349
213 192
322 425
79 195
74 211
55 471
241 244
66 352
180 359
40 328
400 213
240 335
12 426
358 300
69 392
396 232
498 247
299 357
352 217
448 110
142 153
376 419
236 382
222 484
431 270
188 332
127 125
331 497
322 390
17 444
125 212
432 93
148 480
415 172
286 241
425 331
31 226
386 206
123 445
5 464
144 420
273 372
412 335
49 144
338 267
350 396
448 27
458 231
335 67
417 49
88 260
498 7
438 36
227 18
297 401
44 471
190 288
10 369
76 397
174 452
153 293
61 30
270 376
18 497
490 21
5 320
335 336
471 295
186 300
151 388
439 403
69 388
40 354
483 20
89 352
130 22
142 282
462 163
204 170
169 472
250 140
448 129
100 71
187 449
58 372
41 458
289 83
273 332
149 12
468 15
301 74
24 299
62 141
492 296
42 182
493 1
480 310
305 262
291 375
484 143
201 41
428 83
12 274
337 245
346 49
114 329
376 277
473 23
138 456
247 499
12 481
180 440
423 237
261 210
149 351
498 19
310 252
415 62
46 276
332 41
428 22
478 24
7 180
95 267
324 71
17 467
153 75
132 208
8 478
224 395
224 48
494 1
366 76
40 487
405 101
495 4
347 31
383 318
342 437
248 19
498 86
2 498
321 58
367 62
474 406
366 152
63 492
17 434
408 361
379 33
241 137
77 216
361 463
478 3
85 481
262 279
196 406
129 380
231 368
48 143
57 483
87 173
332 296
2 467
411 18
73 310
497 321
462 27
137 381
495 114
165 105
371 250
178 305
170 338
472 441
412 199
192 8
469 461
244 411
445 38
30 104
287 433
480 5
38 24
378 106
62 446
295 424
28 499
318 428
27 59
404 323
486 1
165 455
73 363
74 123
423 127
15 498
257 124
499 1
27 252
454 112
45 245
226 122
151 493
264 259
8 493
60 491
425 34
243 4
145 383
490 405
29 204
500 206
349 104
451 397
473 398
254 447
170 314
198 59
135 86
298 168
51 489
329 411
434 108
450 178
424 417
465 97
479 113
236 197
136 466
453 373
262 113
455 8
59 470
350 315
371 159
161 437
63 8
67 374
408 28
300 474
195 180
447 12
80 405
491 46
288 201
113 45
444 103
460 342
111 250
123 125
124 357
40 376
443 85
357 203
352 51
171 476
172 486
421 77
52 480
62 369
463 61
333 82
317 163
63 500
249 213
472 43
46 404
1 414
248 437
87 466
184 479
263 78
374 86
225 247
434 91
62 189
476 47
123 433
463 456
493 285
205 350
219 287
376 107
216 481
285 442
24 426
26 475
481 13
428 89
321 325
302 366
496 57
26 495
186 373
398 209
167 97
466 216
411 306
28 86
79 385
186 351
312 195
412 90
327 470
279 251
141 127
83 490
23 365
465 15
469 174
246 30
41 352
332 148
84 484
18 493
343 106
40 471
361 482
230 125
220 279
202 208
386 372
377 78
462 96
337 377
40 358
225 460
27 216
431 42
255 58
443 208
337 309
359 350
40 402
477 227
169 486
100 288
244 184
468 11
7 478
410 107
118 490
2 477
424 119
340 43
453 216
478 107
195 457
124 481
276 124
411 62
327 11
142 130
490 95
62 332
179 425
11 491
82 345
449 153
2 116
213 67
144 352
152 87
67 477
117 459
306 169
148 461
491 10
395 433
265 78
104 162
100 275
446 17
349 130
292 308
189 5
7 2
432 103
126 460
91 314
21 335
224 340
211 378
173 357
411 45
379 170
498 6
126 351
112 256
392 487
393 222
417 157
431 151
393 303
111 313
357 135
16 476
25 391
285 289
444 2
54 466
297 350
406 104
41 484
60 320
242 146
376 321
185 296
368 179
402 65
26 473
355 399
320 54
90 494
175 248
196 326
106 196
185 274
4 496
182 434
106 238
34 76
44 139
213 107
311 486
31 415
498 1
336 428
232 385
53 444
465 107
4 292
286 406
206 44
12 477
237 457
466 10
445 28
448 352
110 222
23 476
194 40
143 158
383 4
56 357
257 420
43 90
198 34
133 431
472 21
1 500
335 354
476 311
407 285
33 389
283 106
239 104
355 58
45 479
175 186
392 356
116 333
475 347
129 473
156 483
254 124
154 72
479 56
467 332
166 493
50 10
125 497
389 234
283 242
293 270
59 391
420 118
41 420
392 412
26 324
99 499
259 484
487 23
35 494
322 391
492 91
113 266
381 329
49 193
95 369
341 387
397 433
309 319
22 210
338 51
323 105
1 266
490 43
282 33
234 455
409 460
3 469
378 318
232 60
99 369
420 125
496 6
284 94
499 19
148 386
354 53
12 492
498 4
17 436
100 464
477 22
351 322
131 39
190 68
494 40
326 336
274 311
345 157
280 487
124 61
468 309
13 293
446 445
212 32
421 14
333 19
478 190
222 153
442 102
5 482
38 400
59 310
334 40
393 116
313 301
1 491
300 188
280 456
217 159
47 384
45 144
34 490
75 317
467 15
487 249
460 241
420 54
466 8
481 32
303 293
6 465
312 275
491 139
201 500
216 71
362 83
338 250
56 452
103 177
479 309
105 326
347 182
140 469
500 26
424 3
417 278
63 210
499 7
430 25
366 248
326 158
14 492
70 249
445 162
35 497
471 327
314 377
34 378
355 2
152 477
33 471
429 48
53 99
77 411
488 443
98 391
452 202
91 410
490 456
234 43
102 380
114 142
496 1
78 33
321 83
64 394
489 127
466 498
190 121
89 438
232 378
18 449
292 138
499 50
446 160
325 299
418 328
184 452
23 492
424 197
163 389
103 320
256 175
462 147
27 339
312 484
149 255
497 35
9 95
211 203
383 362
434 97
335 76
100 125
70 334
104 461
429 110
307 112
132 463
323 385
313 268
370 346
339 418
173 242
78 288
454 16
125 272
163 47
491 7
369 265
314 65
246 150
414 67
76 186
78 339
495 21
96 300
456 9
394 443
292 67
193 395
26 463
198 328
177 397
405 14
382 335
307 486
167 236
22 496
361 73
18 348
448 118
6 489
476 255
495 248
19 486
177 458
8 425
9 317
202 142
169 454
265 441
212 475
17 19
36 198
480 79
500 2
375 40
457 202
8 30
54 210
292 482
330 189
471 36
438 226
16 484
44 365
2 306
46 94
416 237
238 379
29 460
308 444
105 299
384 298
38 237
183 301
455 226
