500 500 635
203 336
59 411
485 5
500 9
474 4
39 471
426 40
481 48
118 211
106 61
299 486
110 214
404 464
46 464
417 204
245 91
3 141
384 186
354 94
149 253
430 283
373 484
251 458
474 229
496 58
276 486
165 22
298 60
499 158
495 184
216 18
499 61
319 145
470 51
446 179
402 40
39 349
424 69
385 127
490 30
125 415
61 138
123 294
483 53
12 159
355 105
430 78
369 142
92 395
498 59
294 277
139 250
447 249
263 310
9 486
148 473
157 498
396 45
237 314
350 311
90 229
21 490
267 344
43 217
455 64
235 130
387 171
493 348
260 471
357 207
35 495
331 471
494 32
401 492
139 266
224 53
405 96
115 103
493 15
317 440
114 138
460 303
89 287
98 370
371 93
37 334
120 493
19 419
1 362
451 304
481 288
180 132
45 254
424 58
45 33
322 220
493 419
478 151
369 276
431 456
150 8
479 281
434 277
406 67
333 247
466 68
137 330
39 496
35 413
493 223
22 318
256 449
370 342
266 402
172 389
307 364
90 299
309 300
87 312
6 464
458 188
423 40
322 326
327 96
462 158
313 63
462 103
124 374
338 388
455 281
292 428
453 85
208 185
145 326
45 333
202 433
402 226
80 351
31 179
279 432
46 306
108 261
26 72
97 467
274 435
158 467
149 486
223 84
287 415
137 45
282 180
377 114
33 464
55 463
87 123
330 438
276 17
283 76
434 379
400 124
375 14
17 408
301 317
71 3
96 472
13 474
265 105
472 79
126 170
133 59
43 345
481 21
493 13
217 388
21 475
322 370
488 417
357 403
493 39
207 104
494 256
160 127
480 100
482 12
50 28
442 70
352 200
14 471
500 315
185 105
4 500
21 431
434 197
397 463
480 467
121 487
1 360
72 370
86 42
401 475
490 9
202 486
334 7
440 101
353 114
267 122
297 254
126 272
387 124
283 195
467 85
473 106
400 106
346 52
333 282
123 486
444 355
372 39
64 272
37 373
452 477
71 483
458 299
92 476
489 29
285 5
56 188
468 120
437 29
380 89
39 354
425 154
180 442
421 68
137 317
314 421
423 197
216 343
287 409
424 48
300 232
205 150
350 111
491 131
469 426
322 5
444 103
303 369
13 109
196 454
356 80
467 175
451 297
50 478
116 343
465 124
22 397
40 65
215 72
212 62
198 436
325 249
64 464
373 330
41 383
391 214
495 15
306 97
24 426
81 445
266 464
2 459
72 287
249 365
27 497
216 319
32 187
165 429
62 459
444 469
198 258
403 119
254 109
31 449
162 400
39 142
171 30
409 134
169 425
179 494
21 482
385 453
491 151
10 417
309 336
366 340
377 297
366 168
433 18
314 160
479 229
96 498
243 325
278 103
437 38
496 236
34 489
457 419
469 183
164 411
85 233
1 307
343 454
37 264
471 4
486 36
201 45
464 49
377 306
494 78
18 434
486 16
474 58
135 481
388 50
204 359
366 4
113 157
470 453
127 209
395 32
399 284
371 399
18 479
359 267
451 58
7 348
142 343
495 26
479 188
461 86
383 8
134 390
424 126
207 413
212 5
29 366
310 191
335 90
430 202
324 178
112 30
482 107
408 484
27 71
258 320
22 253
55 216
476 51
345 124
423 262
266 275
121 302
471 26
10 346
131 358
61 420
346 15
28 11
213 349
159 332
14 475
193 102
125 141
372 264
494 66
459 108
89 444
475 182
223 70
484 124
2 402
4 292
130 468
367 336
194 391
29 477
397 173
12 428
471 9
362 85
482 3
465 57
325 2
141 470
215 235
13 218
228 302
291 148
106 120
476 1
259 102
76 214
234 95
330 8
343 158
290 262
436 254
452 48
120 428
481 29
105 184
466 331
17 264
322 6
465 169
396 411
15 473
360 385
319 69
292 196
24 463
287 337
262 500
27 382
83 269
75 344
74 451
33 414
230 357
486 260
391 33
460 108
491 246
31 237
156 46
342 348
76 264
346 24
401 72
89 459
46 490
87 293
454 61
125 371
138 62
29 457
52 21
339 59
35 427
121 269
77 359
457 369
447 153
449 231
250 19
41 429
216 435
367 34
41 439
192 17
186 459
300 62
363 469
294 12
386 293
257 30
166 112
286 102
419 12
72 343
435 349
29 424
250 378
20 489
369 57
62 441
450 273
152 137
466 160
114 335
299 360
319 174
334 466
1 497
442 293
450 25
149 498
209 422
120 38
120 475
88 443
336 61
440 142
335 230
96 31
7 362
493 137
112 487
185 11
219 270
37 103
474 98
393 125
317 300
389 276
39 254
373 6
387 46
421 222
12 482
13 492
443 212
196 484
115 440
65 434
59 497
372 293
485 278
28 71
488 6
30 312
381 17
257 409
122 436
413 115
236 91
18 206
65 462
190 43
33 229
484 56
233 473
224 23
484 6
12 409
151 480
418 217
256 228
440 182
141 266
64 416
365 13
144 159
374 216
185 351
461 82
6 312
482 57
398 21
290 197
383 447
229 125
320 289
324 138
110 331
72 236
264 459
116 256
37 398
297 490
159 428
359 156
157 260
329 390
153 407
385 258
127 252
427 231
500 22
214 433
129 142
389 56
24 484
25 282
111 486
421 335
243 490
488 26
437 248
495 47
17 486
375 112
31 329
493 142
37 294
22 90
93 490
395 9
389 83
91 196
235 258
126 477
412 277
95 347
124 98
444 193
442 49
107 341
476 6
466 119
250 250
43 479
460 243
481 38
32 490
382 5
102 488
49 363
313 38
231 440
468 103
446 115
418 71
333 364
62 335
375 284
103 443
324 420
253 10
121 474
428 17
364 41
88 426
379 343
269 460
141 76
101 275
206 411
489 285
428 402
64 496
23 463
12 445
436 14
