500 32 86
381 18
295 26
153 5
356 4
204 11
178 18
100 1
61 19
225 4
2 27
210 26
2 32
360 8
465 3
374 8
459 24
486 16
174 20
484 31
26 24
409 12
359 19
189 5
7 2
499 28
180 20
377 32
498 6
477 24
8 6
406 28
236 15
245 6
333 11
8 13
125 18
157 9
210 17
256 7
458 24
406 9
89 14
5 23
196 29
49 7
500 1
423 29
264 15
487 13
280 24
100 3
57 15
471 12
145 4
386 7
473 19
155 7
346 17
274 15
64 12
356 13
116 9
6 24
186 19
3 14
131 24
33 26
454 20
116 19
259 6
462 3
486 19
367 24
45 3
157 30
105 30
113 8
177 10
114 15
241 32
47 10
98 1
73 17
29 24
481 11
191 10
