10000 1000000000 425
6939 175522369
9681 453716883
3509 776646600
9748 519454922
8715 744570849
8528 207166490
4747 955435288
8398 190551331
602 542092434
1353 656827303
1023 516961250
4462 7942627
9872 263218286
8130 74038254
3136 633053116
1677 985744481
4132 256113191
8128 574424406
594 173877603
5847 263123592
4647 920274546
9676 13731108
5789 306930434
6934 228917096
9814 197980727
5919 867130962
7843 457876850
550 686150466
3295 920273194
2662 69097223
362 433961318
7831 800940552
5938 582241907
7075 542098907
1560 800934281
4299 930226018
8340 432779763
3572 8158137
3710 811176291
7813 843064428
6069 99485879
5059 44171233
3340 202155340
9746 245788817
2845 509930379
9625 918539969
1519 627337225
3473 449625168
1155 140926490
5691 843062306
7743 850232221
9166 825693273
2424 768884343
5816 888542047
3095 959001988
8899 925231075
6157 975434467
8175 4050901
5268 15529108
3134 900538429
5842 683656794
450 900535745
4297 521407845
9811 827153684
7715 949712727
72 328689610
6484 231466886
3800 850228278
3190 161107668
6193 890354133
8619 951543
8762 924940168
8698 206051563
6513 192062134
5865 802657739
683 110886223
6052 558242676
5673 698551244
4431 920274330
6585 609759722
9630 606433627
1206 601556085
5755 433966711
7278 919347620
6855 554435858
7521 256116580
4177 519397270
6772 44172946
8359 810555702
3712 643460552
9313 274741053
8713 935566105
7498 761823714
261 844239390
5939 28739778
8854 698540267
858 440204615
5220 606429217
1566 165573575
7804 969982419
4712 114996919
6469 236325351
7732 908062089
5521 153208964
9287 99489097
7240 545558455
5416 247905514
6613 414268030
2793 788586238
1021 935558413
3379 900239680
9331 504416225
1435 352909655
1883 740805761
7861 192063482
2642 2828601
4616 236965473
5150 138108457
2510 286933894
4741 977183183
7794 167572476
9209 186050172
6723 227828056
4485 15528325
1140 457870147
1551 811174132
6455 918728160
196 56783225
3387 892498946
7409 401635460
1705 394408576
9664 334162624
8773 992687947
4668 698784860
3059 758889883
5478 13726910
5282 44171456
596 478133542
8234 608811520
781 170549377
2042 296504993
5978 779375863
5275 721743091
5264 732671991
4194 788587639
3590 910688580
8785 688624927
6704 596782107
2185 975318334
2549 140927884
8131 161520026
8247 359917863
4697 796952988
7774 393328475
6214 402820715
3681 643460521
8169 302991192
5813 69972046
4403 686154319
5712 628550297
5991 575597910
4531 686222442
8388 606432385
6690 304983780
6655 549233120
7195 553784451
4805 157922211
5438 433579258
3252 247903350
2453 532682619
910 181626401
929 8155494
7609 478863329
4119 766940338
8198 955018195
8592 744570726
231 955010228
1495 889351984
4490 453439085
2097 955432638
2285 69968518
743 393321444
5552 133578944
4049 520934191
4438 274881659
6965 653667527
1577 3367372
464 535502123
6033 802657907
1552 28735391
5971 47043975
6834 409173649
9170 432780593
8393 247908491
8619 719586996
2494 263178335
1309 754897709
9892 150168857
3024 664103117
7163 899436573
1585 231461987
3202 370179738
6587 341876852
7925 512786586
7124 292732387
1730 488943410
2740 753138143
1541 867126584
3626 439629874
2970 571611784
6261 501532932
5866 207163828
6222 8552489
9651 203635540
3975 710154903
687 899430097
289 15904603
7240 574423518
8198 395994328
3048 49267697
1486 768388617
4367 875454021
4122 69970355
5481 542602311
8279 253498398
9776 561970846
7694 549234159
6609 126535858
9244 928376964
3984 698535397
1246 376057748
4170 796952461
747 910685737
7618 744569752
5340 352913560
6688 698786880
1390 744563524
2688 510078318
3087 433964043
7433 578258577
793 35555875
6374 47044378
5021 920274920
9378 710160306
2400 740806278
61 695631074
3955 69970188
4035 492433934
9575 88772896
2730 888538961
3921 574420199
4618 389074461
9506 958702523
5189 29748584
7719 197819017
942 354074666
5430 711604374
2447 293499905
2799 182125894
2500 279732300
292 788583737
1080 253491199
660 992679834
7843 512300866
3375 542600205
5104 324383871
1025 709309946
5782 133579174
1917 921189519
3638 880046590
9328 892504887
5160 925227336
6779 900243080
8239 203634128
4143 203630032
9029 892504588
1912 969976527
2604 174016274
313 44531437
6202 547581214
382 717991583
6069 285288293
1492 159266737
1344 328690882
7283 250499125
5371 658897172
337 122302045
57 518305710
6024 520936166
3146 177364936
7929 519401022
9997 178208590
8951 574866394
4927 732671654
3594 899433004
1235 484711227
8304 880511520
6920 56789949
6013 867131056
6617 549260618
8549 69974782
1542 569334950
5507 91486880
8961 795890225
8413 186049376
143 880503359
8356 933642060
7987 370184523
92 92111837
6373 710157301
4170 614424648
2357 768884276
6859 487735176
1090 686151006
5046 964404943
5989 880509205
5214 734626866
539 933634243
7863 274885084
6978 207164940
8930 686226841
8581 875458235
7517 793668166
8017 277835240
7562 401635613
4651 569338059
2997 185401910
3689 503979286
9139 306933784
8037 265305498
9523 755305388
6973 478139919
3257 956092759
4012 574420290
5989 418782407
2551 920162240
7539 582243508
3402 755424831
5078 765708057
2481 608805767
2339 892497898
2962 245672548
9810 341880075
6484 526943619
3937 753139340
5469 354079193
6184 520936326
5990 793666639
6747 498493884
9251 138112558
7841 190550774
7463 862042753
5326 132190478
6908 754903308
6821 542603651
5633 810617723
3095 46233399
7683 439633931
3426 449625121
2328 109752547
5523 844244652
3036 512296059
3783 285286007
2169 283028202
7881 609761018
1316 695157640
2618 744564752
3403 768390534
9423 159274668
3883 686153799
298 399557662
7717 918729422
3115 955013112
6659 140931994
240 985348676
2671 285284895
9022 580638683
9555 15913869
9219 626617157
4414 800937135
9644 899439054
7712 88771033
753 705735211
470 889350959
2413 286933797
1302 992680476
272 126529521
831 91482204
5927 597268219
7003 114612844
701 977179143
2896 755424325
8896 900245197
4392 440208149
8682 552595250
4162 190547095
2271 69096832
6391 274738131
1137 790583975
6715 44537839
9511 876875219
6965 790589803
6358 734628010
8731 402823232
8287 700436552
2641 457516380
5622 161517517
7502 492437401
8624 245678210
9287 236328169
2318 899431728
2817 730900749
2643 433576463
3603 277830826
5230 919147528
1799 776644890
7874 880511090
579 488595051
4639 503980236
3540 578254684
9602 835968822
131 796948422
3971 955013968
9287 847499574
1454 49266103
