1000
62711
64035
32298
23885
31220
21381
76649
95855
62517
917
35600
92469
69911
90021
41947
78615
39386
37109
19899
21838
54842
54595
48441
89871
3218
49871
95120
28346
88983
60605
59398
3722
2534
95843
99216
72124
99601
79371
27916
2511
83707
94734
72659
73347
38518
76335
12137
52605
13931
7114
96512
2543
69113
87881
31179
42220
88197
9636
30741
35937
98469
88260
34727
67550
9891
93050
9842
20635
85685
66305
40648
64423
82970
38058
41433
4014
38609
35637
68216
32412
14901
36141
42378
88855
10574
7654
52234
2413
95017
13830
31444
18842
78368
67966
17145
24416
9437
3645
57325
28825
92549
64594
63979
26691
38702
5493
22878
58251
71032
65360
64435
28864
97339
44980
24180
7989
46551
68244
39538
8427
38668
71305
91770
67994
42881
31515
14901
79968
95341
66443
81119
96286
73676
28800
68665
42395
50382
67316
46050
42554
74816
89822
53980
69654
1067
94850
53827
26579
30287
19346
55147
62985
14477
578
48880
23318
49561
86133
45193
77253
65995
29116
79910
48330
9636
98436
77526
25417
79637
21919
69870
35347
43786
17472
26778
3612
73331
60748
36110
7962
79963
57578
79081
38852
46369
11530
20790
13294
19963
70770
55989
14799
5241
53664
96898
28526
96034
52085
13916
56750
73466
46170
90411
70853
38880
12463
21954
70632
96579
89744
58165
44626
53488
54568
43409
63533
77749
83648
65714
67454
51291
60216
13177
29502
20972
3682
62100
39553
62760
47782
81232
16871
96280
93158
82974
75873
28978
75136
18363
85865
64562
85160
74576
12442
99009
13183
63042
64705
58335
80697
86581
53507
78970
19377
45969
56866
74431
59001
40378
89443
71967
82011
24804
21539
65018
23064
90639
50443
33440
92662
56571
88487
41991
23851
96934
83297
45028
9614
63452
16793
21244
33718
18231
30581
18201
90943
18451
99548
81885
75384
97349
97194
84367
7612
98132
63680
36886
14683
52535
11181
4409
98629
60738
19127
47970
8260
67196
12430
67943
63249
20639
81003
11530
11413
66565
6563
31586
92121
74833
83513
80925
34623
44809
47506
86530
66511
59199
79194
41447
93962
4873
59785
97400
31669
7882
79761
38994
27511
21315
63747
53219
63266
2963
44775
45338
40974
62688
93441
73115
71228
63874
21056
26791
11969
48119
69627
60246
88920
50216
21955
3222
9047
14734
99975
47677
45736
34266
37355
20844
11728
64122
38467
30516
44667
64394
42222
7360
1122
72251
7502
88470
15024
52510
9185
61107
19955
7195
98850
71837
66200
85970
7362
92242
1132
12272
83033
21701
2846
33597
30522
18917
83583
39048
2787
19460
84615
27125
78322
42077
78316
11387
29454
54401
40040
83378
38980
9315
64585
53666
75347
93169
96564
80018
49924
23406
56007
46143
97367
84550
6937
62419
28515
47050
92306
28820
82807
44474
83330
41561
56691
33685
46913
10192
62233
83083
38100
94736
85902
93455
27079
93425
69379
22548
44468
8533
23755
11335
29418
47649
97638
70579
98433
49694
73164
5750
85383
2843
43144
60537
92524
82054
95220
45697
11407
25249
88872
48438
1214
88045
66177
38014
9119
31311
31889
40841
7908
49005
45525
14768
31051
2464
11210
48173
69351
75136
96164
9668
90310
41860
54529
50014
95787
54161
49806
84437
66836
17019
39545
23775
83454
38062
28934
62381
19125
66037
50230
60119
60295
54188
61070
77587
322
13574
76759
15821
68161
10753
254
39294
86585
80582
95745
34451
47699
31888
69888
1998
6508
37625
76273
37140
3967
50183
59749
9318
22498
44830
47785
42847
51923
79521
79899
20994
91
93176
64844
64799
5518
91251
48223
57422
73831
92768
43598
79725
25855
22013
47740
21373
84178
91371
68801
69964
22365
94881
38902
17918
67066
72611
30051
77174
77674
55873
92488
92985
12307
64568
38882
72958
42439
94701
22108
71449
22216
87931
85976
80977
27788
53118
35700
88645
98059
97061
52515
22243
53689
10383
7598
88953
15927
29523
59301
91799
53899
54651
33288
71956
63858
95379
90313
24978
91298
47641
38344
52292
65035
49716
7466
37229
53952
26333
16548
3731
39110
47716
56342
80814
44280
56562
17705
19062
56228
88720
24016
64091
15278
89059
32445
38026
1819
15808
21340
53401
6484
85501
339
63988
19186
55784
86166
42614
18765
98319
31520
83514
77422
13159
13499
34062
89412
14080
32053
1525
62633
99220
1028
44452
28493
75414
77765
61656
15572
28162
40061
90434
64650
40005
39162
73274
7629
49563
57428
50929
7115
2915
29960
76011
42878
76002
17769
62226
73421
17799
43706
96462
68787
85281
10477
21887
44298
18222
40117
71978
53238
85876
47487
17091
22465
6000
1749
10875
49874
31554
51312
94134
93472
76615
4873
36957
38378
54477
54619
69657
47852
75377
51565
22448
83751
90708
46169
2164
47459
71296
80838
20453
58363
70667
16125
37689
81684
39299
35651
84589
27096
21880
88921
60873
41601
82273
35562
52788
11278
75796
68279
56691
20032
64603
7979
84578
17307
46427
25899
79244
94404
89667
80250
68991
19565
72339
55166
92967
34272
27330
63251
75068
49478
22025
84769
71581
90195
35868
66000
89426
72973
98877
34831
68766
97695
72443
56137
13301
58247
29830
24145
73263
34584
39953
463
46472
30673
63561
75820
35043
93984
9867
20608
39354
93422
33925
53730
87388
45226
59398
3666
39001
86779
14191
53592
79281
34828
75378
38023
7735
94385
20260
44338
51857
75778
35706
83305
31648
12086
39810
39438
36299
51676
39299
65638
28367
88686
88645
61856
66795
9551
54153
99537
76221
33183
18621
72870
31649
68663
28108
44407
89179
53876
64137
75345
68590
10984
47031
41273
43792
95182
921
67485
41964
76973
66801
38223
68927
84017
21206
68240
68105
65726
96107
68401
85279
59144
11677
38522
82434
47769
71231
33803
33301
49618
89892
46215
54344
81597
80963
88138
46520
88822
78726
74079
67143
97392
91070
56548
60531
88826
94873
63615
97225
54591
68995
84094
11525
74328
72740
14418
34098
86299
43153
88536
25761
84137
23385
51872
77020
28181
12906
82589
9691
35237
42360
93553
50560
85536
2063
97878
45929
12890
14222
94784
6009
73420
32096
48888
16196
72100
60216
38235
21993
68770
76319
76055
9420
33211
14979
43871
68198
18947
70791
86045
39945
72949
73997
69428
21196
41445
38926
34074
68473
49220
78846
26162
36274
13649
50414
50420
82786
10183
71123
82091
98777
8367
32317
38331
45807
78488
61613
11482
32430
91163
20875
46237
