1000
18838
97859
41130
75659
32957
18455
60180
8979
70611
66478
77498
43743
72180
17864
97944
34579
59313
36987
76820
80328
99745
88089
80548
67696
19812
37411
87972
97088
88223
85862
72948
5414
69809
1224
77349
95170
90068
27304
28469
97221
87441
41279
87898
80843
75916
23714
78931
49593
80725
65881
30237
68915
28199
82917
54645
84907
57411
17780
59644
50692
18812
76192
18263
17651
13070
40827
29067
92991
20640
80083
5000
6592
39251
31166
30480
10609
78315
68383
14985
28683
36575
22397
5224
73843
7478
41797
87346
87544
11565
36330
49263
6255
89213
83165
77908
33185
9213
73213
50997
4271
99134
45178
85083
83120
19194
12493
18802
57395
12747
22225
75610
44365
68283
49209
59159
3650
87643
55759
55539
17991
24332
33612
75188
38275
46281
20980
5911
69451
50730
26175
95977
11735
79925
33384
22734
65832
47128
44261
98032
84074
95891
85409
29068
2816
71440
95740
52395
14981
20858
93188
2658
83419
94866
56575
51570
9276
21273
9230
7797
53730
97115
53123
86278
2634
65537
7285
97432
69541
5052
24413
38292
27299
86432
21855
17351
11040
30000
30274
51386
6831
49999
68394
67182
97372
96827
63677
66983
39360
98556
98629
84613
21495
38036
5147
18817
95062
32549
97832
61811
43293
4505
76993
11505
78807
75112
24590
15571
3316
71278
38856
64832
95928
58141
54519
52243
36158
9466
27230
17445
83478
49825
41993
96340
96139
99995
67284
72753
40943
72318
39791
71345
31806
29265
69052
94775
49844
94134
86668
79565
98051
7197
77142
74351
98824
84281
86860
96796
65324
73701
39102
89973
33086
97638
2413
50123
27549
18001
73085
20408
91580
37480
63449
76631
24199
93025
76009
46557
67967
53297
4273
28145
77163
74234
24654
66626
10624
73959
603
64990
40103
41794
14530
30880
57931
44674
90698
77895
27206
92788
45539
678
88302
39468
77803
32860
31208
66799
49008
97413
10010
57050
53554
7437
69838
34296
76235
98367
64257
47976
1350
27850
87777
65614
72076
34009
64201
48720
55321
24184
8424
769
5622
7620
59755
88415
69592
93699
16957
56933
56982
71009
26849
97380
70886
64715
92302
21199
69552
99638
88788
70414
39743
44507
71870
48621
38255
95897
89563
55095
77868
79120
39708
4930
37639
51471
72854
25074
72230
25293
64957
43768
34234
36010
69359
21079
12436
74961
39023
9866
12303
32667
51734
51411
40241
8418
97554
57340
25135
98324
92486
53047
78854
27206
86756
93568
4648
13834
45700
86073
46058
3452
25593
3291
82960
6984
6660
28831
163
35666
61722
22643
679
87373
19803
92050
13779
70750
5758
14225
14352
46662
90784
10807
66705
90857
22420
25914
62026
18293
35338
24368
34051
71377
80578
78329
64014
38628
41703
28888
39918
15443
82378
39871
20339
76060
49258
39333
74217
27638
94826
72644
74994
80946
30260
61789
21281
6832
34124
9849
32298
45525
5686
26903
98096
11052
89445
39013
76253
33613
32249
66647
4436
37120
34258
72304
88234
7182
21059
65078
62156
29667
25629
77126
89190
31382
20454
37394
36373
62328
74501
14336
28982
3076
97934
90758
45818
10942
9177
49346
9420
93107
61673
47158
68082
95976
16910
11710
78991
14937
77221
52180
673
91371
41278
22470
90438
14707
31842
83720
13168
92608
37217
79079
54673
61053
60499
82726
20464
34906
4232
56889
79398
4119
68907
525
57065
87617
68572
31700
53357
88075
69111
26991
98786
92860
48938
44849
55604
11072
42664
27207
52652
61169
88767
98330
44683
16273
91584
22312
44523
58421
32268
42615
16933
92566
37117
17052
10194
79454
72929
43021
96867
69944
79903
52327
36348
16220
42416
69831
38774
1749
88650
24642
59123
22856
58842
38057
51436
68758
31211
6772
80492
81812
56406
38482
56349
30806
91246
11989
39567
35863
19909
32355
58038
3760
37203
96377
48928
2316
81555
67632
43732
95816
15536
49391
55460
33925
7604
71073
86229
37773
49165
35879
53622
49795
80287
27062
77583
54055
42541
90779
48499
37052
29305
19221
30745
13871
18599
52741
1225
68715
47832
62907
44915
89745
38627
52267
42312
70041
77906
36761
42571
64071
74244
36803
17658
95812
16671
44067
16144
59911
30928
24345
87643
99717
84370
29459
30996
71910
26411
88911
45325
58882
8440
15629
22641
18464
87014
53442
32751
25293
64012
46770
98791
46475
15397
8998
54389
27099
59910
44417
19816
64457
62244
4904
44927
46428
5116
11932
17288
48075
28574
91647
17527
55086
23851
96379
24388
45627
47012
51868
69310
98308
27192
93631
89806
38799
71546
63109
71939
71272
77624
83722
42886
64343
48784
33472
79719
72691
83266
82825
73291
18445
51196
26940
59954
74990
43417
47218
23450
49628
88439
54957
89305
68107
3526
98232
16585
70880
94203
6135
90190
94410
62644
6960
13525
46594
48029
4050
37287
21695
84359
53675
54476
88027
75497
82442
8803
16175
87988
14756
85907
32522
75730
61356
5015
76440
66829
51769
35850
38123
32405
7542
16377
63753
80224
35574
36918
58971
31719
88575
5745
48464
56213
99366
24823
9016
14063
50092
2834
65626
38155
90830
88605
98506
66520
52550
93634
33685
66578
80888
81576
98243
32362
71992
93467
66651
13070
68477
69799
30752
52079
95821
48453
63626
25065
36902
74053
66308
80673
89665
61339
8020
31093
45836
16323
89098
79522
89548
89139
34736
98557
5273
19952
70347
25521
91670
15699
99601
61318
65035
86426
22935
18444
41565
36769
78962
39404
81854
60369
24407
49609
21167
3116
25491
32660
15434
46135
62327
69185
33104
81666
9481
70508
94024
62927
76940
87361
84807
47829
13437
44035
77887
31462
50837
84468
86930
85729
314
75115
96566
61205
53940
92344
37696
83896
394
40435
72521
70753
25620
23243
36310
30829
27390
11545
34269
79475
41782
1524
29170
21667
91055
7395
10603
46526
91463
71846
17400
19211
60290
15354
39291
40101
75949
48602
18280
34075
25145
66625
64993
84407
75139
47099
12630
17073
78605
67315
72716
57802
62974
81395
58187
22639
67784
65899
51614
57485
1855
32654
55731
66507
71370
81180
69904
44405
26933
69552
44737
72366
13113
10802
11852
4130
72018
38098
8855
64470
39264
54945
41721
42240
86077
28056
11055
74312
44882
35914
76524
91168
55047
69668
35277
31391
72138
41272
22608
23375
55172
30874
70461
38895
70781
89840
52039
45774
81990
68169
54457
37258
34368
127
73107
53989
30541
35124
39699
30292
79994
38444
