1000
8993
91488
47519
34697
74700
35059
8855
65754
46917
21867
98033
97673
64385
99046
49795
21871
47555
23225
16977
46038
25306
73050
28142
96340
49040
67734
66470
47437
30924
38100
51893
42847
76776
82177
8955
47308
12724
52254
72272
46404
4242
51944
86245
10883
37930
98404
6371
92886
31403
51860
53587
61190
16921
79175
15963
33118
77800
14097
80845
21645
57411
97946
52332
65783
42090
57683
37950
3938
3768
74268
31579
21334
21631
97846
62527
4465
89464
50231
47796
47386
41994
84695
58521
36932
54665
47375
57214
85130
3442
90974
20209
41177
81762
98410
15330
56275
15992
7807
76612
33324
38582
24635
92404
15040
92143
96974
96438
26509
75003
98326
87111
44107
19864
34339
44161
53132
33038
71222
15430
62958
28648
5884
59028
70016
19781
74064
76983
83502
27767
77303
12091
43353
65191
49674
86631
80475
62741
3851
22082
12696
25799
94471
66771
19407
55997
85924
96361
82548
8579
66598
99295
24038
9548
49566
37260
92274
97901
65567
82090
37605
92965
22619
29871
82979
66928
34772
71798
98261
46460
78727
91934
26970
69978
53187
42672
98557
38169
11577
85573
15509
87118
63344
91367
86821
24205
7800
50445
33327
7998
11606
57244
25938
5901
49621
4508
28118
5285
75908
70537
55801
37421
59287
38737
27011
5939
80934
79774
20212
49932
82515
1298
51240
41371
26062
808
4393
69110
24231
84773
28326
49907
97591
62080
27971
29681
47454
61874
89602
89140
37629
84209
72879
96311
75032
26367
98606
93868
6261
40870
50190
3512
95014
78479
5932
69563
1217
62802
87597
3404
11866
18678
76455
43188
31583
96461
99838
34377
20327
57038
46422
71299
92034
65164
66175
17474
82606
84759
5436
21712
14551
57358
84225
45923
37027
25668
12036
77643
8728
65170
16109
74073
56672
48604
35965
68467
23360
99688
25850
88524
13132
84808
56677
96763
39375
97120
29552
41289
3236
71498
92081
99847
3208
76578
53819
8736
22002
19643
72492
72452
77156
91897
72142
48204
34962
80678
55204
37446
53713
68204
98422
48752
60758
13106
43374
55134
51328
12803
8220
91591
55164
993
60295
80730
96880
61073
60922
64785
57170
83742
59014
8761
10324
98897
13646
39877
18724
48029
64284
85455
36888
25565
22849
69064
17693
53202
91444
60124
25433
14083
67965
74172
58564
2117
63122
77941
14925
56861
81829
87568
16976
34995
71788
91739
83081
45804
31020
99699
27098
48794
4576
95659
26059
64671
68581
17217
5567
24533
39135
55517
3675
7565
96855
37789
14734
24358
95038
53327
92553
99115
45172
71480
95581
7282
11058
41276
16243
68531
11657
84101
71334
16242
35539
2863
54822
89170
57506
54595
15877
36559
7523
67258
22123
39322
48859
64985
99004
78120
67100
77496
20147
497
38368
67781
61409
48288
34687
23308
60093
4942
59878
75729
88175
78654
61916
34651
78168
8414
15981
26326
40789
34659
97507
47075
98485
55301
44383
81305
89971
92184
4900
78175
59857
36259
35382
50998
67531
43250
10985
58374
47148
13537
26467
24606
92360
49823
40467
24153
82200
30579
95748
61136
33131
98676
1487
19067
52371
19587
77215
40469
36193
9493
66775
89911
6975
93736
776
6202
16733
7294
61148
98954
6965
51353
39229
97935
87460
95430
32393
15665
20821
88773
99078
41291
21025
78324
224
67664
21217
52045
41037
31654
46197
64849
9895
34460
46727
70654
10313
27691
72988
74025
27441
28471
98486
41636
50593
31524
3247
70171
7083
8022
68058
99327
10749
1106
555
44036
5228
21435
70437
60285
13843
71201
57416
3830
73762
29794
79617
90751
2830
46365
57808
23314
37455
69714
2214
57307
58939
42549
17279
34751
90203
7824
52248
40217
98048
64563
45598
5443
23378
53531
92371
40780
18750
41696
82404
85364
58045
80544
25891
25866
79659
92313
6225
82311
33926
18142
37101
52405
99813
10524
50018
67385
96395
23570
27284
40304
3957
93234
88641
81867
61776
74462
53066
49606
60391
50829
80423
44639
29701
25009
85130
33180
9330
41042
32616
84039
47503
42331
70216
20942
34406
77738
85003
22127
30310
897
39811
22445
78046
52502
67968
57905
71906
73649
61579
15516
23451
10566
96561
7397
25844
2751
43559
58485
80101
28321
69293
63237
96166
90451
33935
23485
53839
36335
55139
60480
54119
60805
44909
24472
88422
48433
67341
40242
50341
12709
8609
48447
50514
92285
87458
27442
84282
62532
30223
13983
15964
2960
56784
72390
39379
77288
85851
31024
71309
47266
75997
33250
27013
23154
51009
37405
68476
30909
759
56909
45109
83002
59125
45325
24267
93746
14828
2653
95064
45468
92672
78117
84056
74860
88738
29870
35996
25714
46703
55968
3547
12376
96583
23525
47444
95088
55118
77409
89576
62887
64712
2823
63884
7362
50374
86645
74501
86656
10952
43411
4756
69820
67137
27841
15545
13165
285
93667
36351
8792
51817
83964
42170
54514
38356
71602
98246
4063
20521
33654
95422
1456
47070
81419
4940
58985
73266
59430
68329
32153
4327
84452
14250
80478
53372
75002
98991
66226
19090
25355
55998
7368
65737
11340
53813
13021
87188
50593
98765
37029
3072
82289
75231
1938
27092
70649
72185
93809
89556
88164
40834
69928
9154
33444
15429
38520
63788
10898
8043
87105
13750
32989
95739
92725
11215
71762
44111
62589
28556
28586
18423
51916
42062
21624
71984
19092
72000
76492
12827
69419
39343
57235
59435
39623
73076
54248
72367
29988
81515
99780
65074
98679
12503
19075
75482
91051
62132
92730
12820
70190
94108
43548
81846
17031
2811
58836
94844
13347
77431
9897
59094
98834
67696
46350
16704
70744
95530
91742
56135
86839
7967
67392
91723
47034
1192
84358
94329
16116
75547
46759
25286
19389
33807
94810
61327
72147
17880
71240
22022
38142
9788
79265
98993
7062
58883
39849
25825
54660
2721
96209
22978
19019
35689
36911
9001
75485
6530
49525
89178
88115
70186
40862
37481
71710
3172
170
88967
78453
18526
52653
4362
51472
87586
29459
48449
19850
98761
61058
84400
22762
1413
848
17334
38869
71285
4262
78580
83187
97773
42890
15261
39795
88584
25470
48230
98559
63976
82987
72274
14900
99624
32757
94320
94953
31247
33998
77446
96812
63061
33955
98650
35394
82030
74470
45683
79020
2044
66007
40881
81454
2107
806
9552
44958
45516
1576
70952
67943
75331
28966
48245
29294
1705
46243
47258
25823
29758
85852
14136
18491
85970
27200
17899
