1000
60908
26086
80954
15182
34658
67723
23534
54309
25828
41168
80825
68982
37093
94940
10709
63294
37669
43200
8393
74259
47612
63075
93758
88728
46459
83274
81561
51871
88623
97982
71540
48386
97924
20883
22754
7969
36770
50398
57741
82381
48343
90816
35812
40977
87133
67848
76359
74962
64540
80797
48503
16981
59846
98653
9496
46655
35743
11243
39555
96091
82171
41914
54056
53671
88084
4305
24744
6848
77450
21769
76994
37310
42361
29233
82138
3329
54492
79188
59693
12991
5292
8369
84076
33009
11834
71729
28637
11417
49647
3371
49777
38224
17303
23162
71174
5443
96339
19744
97944
91264
63169
42002
88329
41335
40306
15479
55503
67521
48275
9410
31871
89287
70535
24240
67367
54904
85516
89046
22365
84626
68191
42536
42651
45643
10735
46741
36792
67743
95179
15390
26413
49209
95503
12043
8589
78121
53524
59485
90793
14770
60204
64276
82523
90956
16142
98017
16801
97711
89625
9609
31778
56017
35452
71466
46857
73682
65269
77835
2428
95815
25628
78968
99318
21809
46070
94669
65461
20414
8157
63919
1974
65238
33287
66080
385
49289
81131
13528
62366
87448
55359
65807
88395
86258
40270
63237
11579
99942
75383
119
41561
46857
56676
35746
94675
43803
69877
23919
81278
90487
63819
6024
2067
55060
75794
30981
10472
57597
35058
32633
92114
69048
44407
7057
15897
74676
30105
62646
59491
55439
83659
35027
14547
77660
54488
98940
89486
56433
4918
99930
96964
58344
12322
10050
75298
48458
11021
5554
19378
81233
8260
25309
27387
82496
5940
73129
57208
67473
36924
28762
33248
76349
98368
62422
65808
84247
7805
98990
75400
54217
16002
35799
70877
45853
52791
49051
26807
63812
80419
88594
32097
5257
22212
35852
77654
33309
27847
5574
91791
49516
52424
2680
62328
89983
56759
25041
880
83570
56367
73846
81912
42194
91120
57435
51807
15862
48180
13353
55950
58461
73077
21387
6305
16716
82679
26706
84040
21284
49384
91368
45864
89723
76685
30577
57539
39079
39349
73274
81610
48701
49147
97580
18800
14012
96224
95132
44857
24107
53258
33389
19880
61399
93020
78857
78737
25725
62399
60222
93565
29356
89924
13008
31398
96213
22560
7522
94452
23367
28012
48398
42790
52335
85640
23572
1726
66470
38205
1542
51241
35701
61906
4617
92386
85549
12659
98000
21533
5895
37767
21082
95402
51025
58889
51017
54035
2268
839
11688
21806
51658
72036
94829
44232
41184
45338
86710
81259
56171
76919
91282
2624
30340
47623
59732
75024
66780
60592
63923
41908
87542
48627
56122
38173
28976
75068
24157
33814
64437
3672
81229
72553
90652
45905
211
98863
54558
95196
94062
73436
32978
87618
54452
97398
90339
43580
1880
35448
8504
15396
30287
64947
42629
53080
16742
14880
67392
47628
27802
78053
68103
43288
29272
27223
80679
30341
20581
67588
74080
44173
63034
19516
54386
2810
32190
8603
86412
77728
53422
35798
36596
70709
5521
71603
19431
74074
48839
52881
56528
19351
7992
73639
89229
12271
60506
17542
99372
2931
70856
15307
82469
41462
23985
26703
63586
60447
21314
34763
95396
18000
90405
30544
34878
90004
16196
96297
66183
4132
99377
97707
2341
27526
28287
80406
95125
5317
21168
96724
89724
94451
32639
67954
6655
58326
34875
70254
65453
69944
63919
48935
90442
43748
97583
38711
47354
76527
83551
42369
12382
63633
41560
46143
75423
29214
92093
62034
48010
15281
94780
30169
70474
11873
24956
21102
87078
42190
64641
68726
80761
31267
49874
48778
50750
10380
80264
19663
62150
79561
41401
14329
79936
20901
57395
5333
1952
97187
56511
88232
20214
499
20668
2184
42111
46618
7549
40952
22830
6648
10609
67169
66721
30199
15128
42865
71767
17960
67774
28794
19043
71175
10737
99372
98965
13324
69767
99756
37508
70130
14134
70848
91993
13011
22519
2273
1698
90415
83299
74859
420
20351
5464
38395
38325
66300
35304
87847
39293
31206
86484
33105
99112
55742
72612
70290
8425
9055
62935
8212
80549
50500
5226
26467
16454
19855
56688
48110
63424
38805
62746
27034
59275
91182
92457
26292
89351
10244
96618
37672
80494
13039
1676
23375
20379
49131
99144
37023
38038
33109
67614
91727
62498
44863
77287
2635
99689
48432
98696
75409
83565
11420
51320
63892
81776
5393
18243
97677
82246
58240
76233
79860
10185
6168
78550
24157
27946
28703
92324
62570
61429
6786
36642
79511
81966
27635
10037
68804
85073
87997
84235
49987
58598
38524
90681
85755
86
75294
25188
63776
11284
75915
46491
40454
57713
96163
55055
14600
2871
86563
89998
11774
43933
50812
44136
71372
10994
15258
88568
71364
91319
86470
7816
70536
55333
53898
11021
74987
19707
38268
81259
7780
24341
47037
68490
18288
41380
18134
55334
46073
96525
66926
88088
38793
54080
36525
32798
25732
63136
67269
31032
27731
93108
6491
76329
28400
5007
73964
62567
91773
61402
22181
24798
92060
24814
91052
78358
91094
58394
43958
54014
91483
92869
95243
48049
27013
96751
11488
78767
76847
68935
55204
3348
30119
30158
80845
85167
68797
24903
87620
92070
75106
66070
1245
12957
75284
32667
95593
82510
50114
22998
21541
65212
42517
39577
71184
70873
32953
4908
65380
94347
56124
13702
25842
1632
66814
39298
37846
50601
12141
94635
50990
6020
28644
89248
85265
51729
41323
89128
9244
66681
30430
5995
90790
23798
85265
24483
85609
9053
42753
46953
90029
44532
77980
63075
68781
62530
33463
67769
41858
57905
75134
37306
72411
4110
95132
2774
92496
33604
69535
49616
21416
66555
63883
82371
58755
95334
79083
77064
26294
4348
46243
33745
42914
17807
83657
34548
36123
5148
57027
15017
8531
52686
8735
56259
34649
92731
46846
2078
74235
99812
63424
11549
71205
70123
87486
15226
83378
91366
27358
76808
53153
82435
42602
92698
78976
76288
40903
53162
61446
5355
83201
69328
93362
98898
11522
14337
5666
61417
57202
88506
46362
96997
35613
32186
49794
81607
51431
43986
25168
98020
19486
63069
66063
85204
53180
48528
26781
83985
89977
61365
4489
10507
73131
55761
72376
81390
34470
75747
97565
7021
11194
19250
77880
65472
10754
24655
11632
19587
93595
42425
45667
72696
87420
750
51828
56029
34579
316
37235
17757
47958
38241
8565
61504
42588
42010
33940
74661
67424
52343
37006
5587
95876
75304
20653
99631
71590
13170
98148
11905
76256
99198
