1000
44174
44177
17870
66797
84941
14888
49234
20867
41144
79672
80168
62831
54246
28335
12408
65696
69472
45724
72259
96046
28424
56925
40539
73048
85841
86863
42875
23731
36052
95415
87689
14768
97336
7568
63841
90730
63407
88067
20376
27581
606
70011
66603
33474
10922
81941
20885
64904
27579
24815
30851
28545
82373
91656
94419
77933
12826
80582
8098
86084
85343
25061
41164
72368
42614
22614
41102
95484
45505
11728
67354
78204
43373
85443
16679
61570
29850
84294
65508
54255
25498
52320
77736
45709
40124
46615
44974
29364
27500
23454
90323
64073
63364
57827
77041
79539
35997
80727
77844
87698
24664
29913
95459
506
17074
28809
36607
21807
44282
80026
40085
98035
88144
15907
91407
42488
91932
25501
5553
52885
95922
70753
34973
43928
8932
38021
3737
95107
50898
28641
28167
71289
47614
43165
56021
42266
33392
26200
70436
35064
8039
5708
29378
21135
14239
76732
66033
36459
61123
83300
27963
30738
54069
15392
82418
18006
50398
21097
79019
66380
20203
26302
76197
43295
89867
91885
7523
25836
58135
55097
13599
46907
13998
24218
26490
42959
73800
55383
77480
11283
74601
97016
95989
94643
97119
99729
34153
53337
79998
22115
48823
88310
59659
67010
74747
58142
29000
19655
68819
12616
82006
363
26805
31370
84753
3668
70650
82161
26025
63612
44562
35284
23405
99556
55179
8078
71309
60481
47434
85087
83651
27117
67128
74391
85826
32836
30570
90962
72002
88825
22360
80553
18863
89419
11003
16317
93393
30437
50742
90784
12867
9077
35351
51914
97086
14824
96325
11549
21934
31014
49959
97630
18545
54963
55266
28249
6496
52224
29135
71679
32031
47997
5576
32526
64567
50513
54414
79607
97675
64035
19340
48799
12408
83255
3828
92381
8269
10871
45980
32242
29033
11379
8237
68426
95937
62479
78821
82172
53665
77095
62152
92958
5210
14022
61166
74252
1972
61555
29985
65816
79882
5480
92731
72657
34114
29011
24621
22682
84381
4119
28801
24423
17408
84114
28418
20109
84654
36195
22085
49530
15292
41073
79021
45825
72579
33439
45748
93136
23534
84930
7258
24372
63294
51952
53513
50376
79961
20116
40323
48616
8920
85748
76538
54084
86290
48076
17660
8794
55323
11193
32647
81676
23108
2960
97203
60251
97484
29898
42676
70189
45739
16056
71496
93566
18279
58253
26335
57985
36832
45435
73603
49486
76276
49158
95905
1421
33282
30007
90301
75956
47065
40667
98680
15932
82652
52159
72728
93169
54847
14425
14509
47050
30837
6711
6439
51314
14367
76342
93074
57704
369
88413
10873
1890
40175
36061
17548
58425
42071
51613
10934
53874
36817
83586
74691
37239
81182
60225
85067
7726
61313
57773
87055
6847
50320
81449
19484
10297
65312
95844
64193
11673
77057
53906
88657
64896
6759
17525
45984
44764
84724
44079
22594
50420
99757
54134
97644
41278
29562
98117
18545
10735
97044
6191
74020
49157
94449
67009
45263
3786
97862
18044
67156
38622
40909
95945
25244
54156
97138
40300
73865
38783
17366
70962
16593
70027
44162
12534
44864
42929
30860
33609
60695
79069
43174
33993
8902
61175
96949
15431
90527
85965
2515
50022
67787
79574
71474
31455
43951
31370
13418
70920
25964
61505
9059
86747
60274
20390
34491
86683
58862
39117
25719
79925
61377
83305
89957
11532
89680
1538
41185
22723
17143
49463
58865
28438
84946
91670
77978
94943
14741
27022
34556
44029
4107
43656
8777
22818
79094
21513
24145
16335
37091
64793
59803
84329
73973
54800
81264
18417
80665
24776
54475
74907
89749
2324
44613
55308
75481
83117
12567
18468
94312
75519
58959
78421
18065
16460
55239
30067
60122
57786
43105
51475
58037
42324
2406
61901
8190
62397
61176
51727
87725
39569
37159
82626
48092
20588
49900
76008
93336
62770
53678
39385
80811
24972
96612
60522
17334
28869
51344
7739
52970
86319
32127
14033
14985
74418
66863
3005
47522
7931
50997
3684
40502
74048
7818
88559
47826
36455
51033
83577
82564
52381
89293
58828
43998
91910
54183
61051
62023
90119
83128
99084
26320
26654
61883
68196
76267
38019
50935
3384
71811
21186
92885
15074
96621
94318
85737
28457
43057
44784
46173
24751
44
86985
59140
60427
63460
78232
35531
63112
63471
41820
68404
87735
78201
10317
93907
47164
72731
36552
42340
79580
92993
74727
74157
65980
331
83073
7685
3379
83200
17785
40952
62034
95160
25353
27724
26632
29620
89586
72896
1227
97364
99274
27600
82105
62410
89240
64727
18210
73217
92760
73965
40175
8547
24584
76860
46540
5289
15812
51233
2505
76377
10642
94784
2347
69903
86399
29658
10561
50058
20278
96035
93795
43690
84248
97119
42129
55025
95633
72071
47128
13894
82734
41946
54942
30010
12314
33344
68876
43356
40721
62304
60438
65816
42697
38813
59911
84973
10709
10015
99319
1063
99825
26916
42238
45474
64916
60071
46120
94220
26714
50091
39348
4123
39719
79689
55756
59941
2823
23601
79691
83920
65274
12236
80731
6539
28152
51542
99702
23615
8324
38670
50226
50381
76907
82071
12190
24710
90469
79235
24134
70479
8580
69570
84391
18087
22038
91496
64490
8215
75717
30513
95533
14791
92087
44913
62287
25671
75372
12679
45561
11362
21482
91411
71364
14969
3566
56786
29723
45300
83376
85458
91860
99397
59197
72085
57781
1897
10376
22477
36903
26232
25497
56416
93585
3648
19872
27121
82330
48256
7193
63555
86872
47746
21687
83104
28420
23268
510
52098
65739
61458
54033
99326
13637
97754
71448
19056
66487
1848
78839
96188
39792
21433
97534
11561
84211
24347
56548
11583
13812
90678
73978
93560
22327
54237
99864
74610
13208
39420
33009
61095
22535
88753
46289
45873
9367
84633
71519
3327
99640
58128
44056
16901
54390
86518
11361
38501
36767
32134
38483
36550
52136
54773
71118
69583
63965
47261
81390
59581
60615
63936
30312
94029
28077
29636
98938
73775
65090
90389
84831
7495
12500
78643
13053
65211
93135
30055
30030
86338
63439
30840
72399
54801
4617
74102
94336
17488
48794
23475
5746
45668
87691
64255
32832
49075
8359
8146
1715
73835
86402
4369
63790
46666
43658
11751
266
25823
57944
66177
19996
16018
4969
37226
17772
69274
27401
43887
66022
9597
10136
24523
9615
33495
90769
84300
36942
10250
57575
12660
27430
4402
21159
29864
51568
55069
16530
34178
77566
42851
31306
87797
54091
77633
58698
78218
48613
