1000
24039
84445
83979
12282
62424
59922
29362
82446
73174
66704
21551
17301
55585
29057
5824
52251
26338
6910
85504
35706
34459
36806
40966
87188
60344
12047
84210
86637
23580
31891
59419
64138
39001
91617
76500
23454
59173
70907
24313
99767
40689
80015
75020
81257
42075
81827
7130
18543
1883
42614
80280
33683
68909
56826
8348
95684
15752
51038
16935
28376
10563
57609
32513
96603
85024
23911
46117
87380
69655
47325
2664
19714
64818
93927
1389
97667
65741
22041
34087
36837
94512
79823
62979
57504
59514
67712
99444
87011
92189
72105
61695
57116
93596
68128
52979
696
94102
58932
38310
50507
81702
31579
14714
50957
3059
10588
81657
84267
3748
47931
6840
76945
47117
51170
98082
78505
31825
56806
48689
72881
53400
81031
45298
9576
85422
83429
1946
23668
28160
38389
59016
72964
25560
1104
98852
13515
37941
90950
1637
14009
14317
81866
58609
8791
84014
61737
60828
8402
49904
60007
60068
14266
56451
3707
20136
49054
94231
38088
43995
71599
73846
85412
33877
19791
17546
75454
70187
9285
43607
9358
3625
13828
84971
81199
80453
53997
2352
61741
77079
77659
52162
53023
17053
37211
69604
6300
8666
87524
67915
84566
94182
36615
96231
52591
77866
19056
45471
26417
91315
2102
57850
80064
69900
39274
29636
50544
18891
36814
55831
46858
23733
9124
96147
67129
47202
57275
66850
59172
54888
26792
78108
21395
37138
6322
83738
73924
59140
44290
66984
22047
88626
10640
42365
67101
52601
1845
23103
79545
57246
28350
2030
43640
37903
93526
86194
24265
83959
49181
19888
17863
35150
35332
49587
2573
67608
66298
2540
63084
97829
36148
95639
59999
91863
5266
70695
1836
49917
60750
94407
9847
11715
75280
13841
20163
98767
27742
97856
30261
57728
71850
89532
76105
27039
62176
45837
41696
56495
36868
84073
58878
27468
8602
39092
24307
84394
50739
92336
45761
14290
82427
46139
72641
19567
86933
12634
54062
6793
98931
74530
79194
37518
17442
19093
70218
77610
45100
45394
93155
85508
74282
41943
72680
16304
57951
95372
81374
44522
71920
44111
36464
25988
6173
39702
42558
8748
52633
34110
27059
57573
78671
26862
3078
74960
48431
62267
54460
96803
98490
19945
23753
15526
44536
22470
47287
6731
26667
72152
69751
10235
90800
31309
58655
73880
897
245
23701
24644
21035
99243
66450
14239
1942
80167
33756
86417
50913
23317
86967
25426
7025
34246
51855
61324
54881
1807
67303
26602
70664
32220
80339
98399
29655
3031
8017
99542
2256
21947
66502
39842
13005
57180
33890
70143
18112
51859
13553
33638
1640
57846
58155
75701
65685
90119
39074
48227
1012
38271
52104
86895
73651
32564
32025
33321
48979
98719
52649
3345
23006
56240
2639
72265
62981
12383
70325
68677
4405
89582
20749
20807
22744
5989
98269
93002
26464
20406
76185
52111
64745
79384
35929
3322
62889
51440
28818
83559
54504
25657
60133
70571
53975
67363
12765
92932
67495
61299
42552
61754
38185
95600
53507
45146
34906
12081
44759
3019
99533
43378
41428
24317
29892
95282
44284
8608
55388
50627
19441
62862
82336
68843
90031
39587
77016
84303
81045
55568
44832
35131
37291
49988
42563
56050
84902
5803
67885
78613
24780
62981
84614
90633
40499
95362
59311
10610
44153
49450
86450
60692
25229
6484
63813
43928
31196
99321
50424
22073
6752
89925
68635
46152
35795
59704
87249
12408
49079
96522
59358
13323
9359
3543
27285
47653
66459
97388
97091
44677
49106
15644
3020
11701
4376
15846
18512
87911
84350
38332
16560
61241
5836
49896
21431
10704
32163
29964
9099
44472
5747
18253
2650
37059
69318
67184
12999
57944
94049
33892
1649
28150
94151
84567
2414
36616
64580
14678
28833
97034
32887
66599
8014
37346
65516
6888
20912
87153
12944
56398
3187
93761
2467
10894
42223
33192
57070
99964
14351
27610
18830
66840
52195
37285
20065
40741
68778
59443
41716
39976
3440
83951
74568
12598
24626
60110
44083
33266
32953
33775
42207
97749
11416
42973
18027
46421
45889
57504
34147
3332
68673
97845
99823
87661
57848
58433
61610
99704
98183
97933
5480
33417
12887
94908
6996
41428
3535
76129
27786
68609
83753
5087
81817
51160
74084
75217
21915
428
22117
96398
20212
96421
31176
31745
17153
24199
24595
85575
66707
70711
72840
12429
67769
84126
97008
51963
71783
56378
65535
86490
19012
14863
97070
79276
24910
9669
35538
39200
55273
30097
59174
38832
20070
3106
51870
99052
23394
9381
11427
88035
11783
21432
26333
63568
13522
72145
55868
82626
74021
66116
22993
80615
54954
63415
37515
77930
12450
90495
45150
16013
95375
16296
19865
48088
56900
79287
77582
58429
85925
74853
96655
71613
85097
72925
61113
52163
71672
34151
92423
58685
62114
99968
42907
97039
49776
59842
13816
45754
27571
66164
61616
6088
45018
72157
92332
68995
47600
8441
22594
82666
44170
27079
19603
17358
59007
37117
40639
45075
95869
15213
57640
21896
31515
11230
32120
51398
55843
16764
13179
42617
89328
54054
76297
45278
6928
17329
12611
27149
40631
11447
59810
26194
14427
75363
69914
83309
75427
15923
40343
94028
56944
49069
65811
59260
993
49772
93341
96327
66492
52632
83851
95806
40210
40802
17763
18672
70588
50190
74342
18008
67831
32163
34381
93463
69335
33756
50940
92188
74216
52236
93143
57398
44558
18144
12981
93354
87232
1116
14179
13832
34149
72069
47023
17409
68677
3193
52899
568
17655
55200
21500
30338
29825
34375
65953
23012
44473
21321
97219
50508
3518
73134
89765
54240
31948
14683
85283
4948
517
68548
30
31080
15602
23540
81187
66826
53520
58992
79091
81073
74279
2885
26010
39896
71215
79608
17893
88618
67539
64587
6781
81344
26414
46752
29513
49923
77795
47252
64226
25913
53168
52404
22760
2146
23744
46779
22260
31659
55619
81266
11747
99705
6070
1890
31483
3921
6188
28348
2721
39864
17133
86410
52631
28494
66293
9193
33475
11958
97549
31142
57572
14354
46642
72593
98604
2583
26394
41355
87401
51797
33776
47960
91704
67260
3453
81840
49298
19135
82192
70777
78038
72594
26389
85825
62163
30169
21367
28547
9910
96514
5352
65826
89561
96139
8489
89138
39583
57647
96807
46978
34358
30761
88018
59117
71011
54848
70978
82732
9751
40241
58916
27815
60244
83060
58581
69613
75436
64065
58152
482
44305
17171
29904
85135
38504
