1
2
3
1
1
1
2
1
1
1
6
2
1
1
3
1
1
2
4
1
8
1
1
2
1
4
1
1
2
1
4
5
1
2
1
2
3
1
1
3
4
1
1
3
4
7
1
2
1
1
20
1
2
1
3
1
2
1
2
3
1
1
2
1
2
1
1
2
1
3
1
2
2
3
1
1
1
4
1
1
1
1
1
1
1
3
2
1
1
2
1
4
1
2
9
1
5
1
1
2
1
1
2
1
2
1
1
1
3
8
1
1
1
1
3
1
2
1
1
3
17
1
2
1
4
5
1
2
6
18
1
2
1
1
1
1
2
1
6
2
1
2
5
1
7
1
1
1
1
1
4
1
1
1
1
1
3
2
31
1
1
1
1
1
2
2
1
1
1
2
3
3
1
1
1
1
2
1
1
1
3
4
1
1
1
3
1
1
2
1
1
1
2
2
6
1
2
1
1
3
1
3
1
1
1
2
1
1
13
4
1
1
1
3
1
1
1
1
3
1
5
6
1
2
6
1
1
1
1
1
1
4
1
1
1
1
1
3
1
1
1
3
1
2
1
1
2
1
1
1
1
4
1
1
1
3
4
2
1
1
1
1
1
2
1
1
2
1
6
1
1
1
2
4
1
1
1
1
2
1
2
9
1
2
1
3
4
5
1
10
8
1
21
1
1
1
1
1
2
1
1
2
1
1
1
3
1
1
1
2
1
3
4
2
3
1
2
1
1
2
1
1
1
2
2
4
1
2
1
8
1
1
3
1
1
5
1
1
2
1
2
1
1
1
1
4
1
6
9
1
1
2
1
1
5
1
1
1
2
7
1
1
8
1
1
1
2
1
1
1
1
1
1
2
1
2
3
1
1
1
2
3
4
6
1
11
1
1
1
1
1
3
1
2
4
16
1
1
1
3
1
1
2
1
2
3
2
1
1
2
1
4
5
1
1
1
3
1
4
1
9
2
1
1
2
1
2
1
1
3
8
1
9
1
2
3
1
5
1
1
16
8
1
1
1
2
3
5
1
1
1
2
1
2
1
1
3
1
6
1
1
2
1
1
2
1
2
1
1
1
1
1
4
1
1
1
1
2
1
6
1
1
2
3
1
1
1
1
1
2
3
1
1
3
1
2
3
10
1
2
1
2
3
3
1
1
11
1
1
2
1
2
1
1
2
1
4
1
1
1
4
1
2
1
1
2
9
3
1
1
1
1
1
1
1
3
1
1
1
2
5
9
1
11
16
1
1
1
1
2
1
1
1
2
3
1
2
1
2
1
2
1
1
1
2
1
1
2
1
4
1
1
14
1
1
1
2
1
2
1
1
2
3
1
1
6
1
1
1
1
9
1
1
1
3
1
1
2
1
2
4
3
1
2
3
4
1
1
3
4
1
1
1
2
2
1
2
1
4
1
1
9
13
1
1
3
1
1
2
1
8
1
1
1
1
1
1
2
1
4
3
1
1
1
2
1
2
1
7
8
1
1
1
3
39
1
2
1
1
1
1
3
1
1
1
1
3
4
1
1
11
1
2
3
1
1
1
1
2
2
1
1
1
2
1
4
1
2
1
5
1
8
2
1
1
3
1
1
1
2
1
1
2
2
9
1
1
1
1
2
1
1
3
4
1
1
2
6
1
2
1
1
3
29
1
1
1
2
1
4
1
1
2
1
1
2
1
1
1
1
2
1
2
1
11
1
1
2
1
4
6
1
18
1
2
1
4
5
1
1
2
1
8
1
1
1
10
1
1
1
1
2
2
3
1
2
1
4
1
1
1
1
2
3
4
1
1
5
1
1
3
6
1
1
2
1
1
1
4
1
2
7
1
1
2
1
1
2
1
1
4
1
6
1
1
3
1
1
1
2
24
1
1
1
2
2
1
2
1
2
1
1
2
3
1
1
2
2
4
1
2
1
1
2
1
1
3
10
1
1
3
1
2
1
1
1
2
3
1
5
6
1
9
2
1
2
1
6
1
8
1
9
1
2
1
2
3
1
1
1
2
2
3
1
1
4
1
2
1
4
9
1
13
1
2
1
1
3
36
3
1
1
1
2
3
1
5
3
1
1
2
4
1
6
1
7
4
1
1
1
1
2
1
2
1
1
1
6
1
9
1
11
1
3
1
4
1
1
1
4
1
1
3
4
1
2
7
5
35
1
2
1
1
1
1
1
2
3
1
1
1
1
6
1
1
1
1
2
3
1
1
2
1
1
1
2
3
1
1
2
3
1
7
7
1
1
1
1
1
1
3
1
5
1
7
45
1
1
1
48
