1
1
1
2
2
2
1
3
1
4
4
4
1
1
1
1
2
2
1
1
1
1
1
1
4
1
1
1
2
6
1
1
1
2
1
1
1
1
1
1
1
1
2
2
1
8
4
2
1
5
1
1
1
5
2
1
1
4
13
1
1
1
1
1
2
3
2
1
1
1
4
6
1
1
1
2
14
1
2
1
1
4
1
3
1
1
7
1
2
1
2
1
1
1
2
1
1
1
1
1
2
1
2
4
1
4
1
1
1
20
2
1
1
1
9
1
1
1
3
1
1
1
3
1
1
1
3
3
1
1
1
1
1
1
1
1
1
3
2
3
1
1
1
5
4
1
11
5
1
1
8
3
1
9
1
1
4
2
4
10
3
1
1
1
1
1
10
1
2
1
3
1
1
4
1
1
1
1
1
2
2
1
1
2
1
2
1
1
9
4
3
1
5
1
1
1
1
1
1
2
10
1
1
1
2
1
1
3
3
1
1
1
2
1
2
1
1
1
3
3
1
1
1
3
1
5
1
2
8
7
6
12
8
7
1
1
1
1
1
1
1
2
8
1
1
12
1
1
1
1
1
1
1
2
1
1
1
1
3
1
1
1
4
2
1
1
1
2
2
2
1
1
5
4
1
6
5
4
7
1
1
1
1
1
2
1
1
1
1
2
10
4
1
1
6
2
1
1
1
3
1
1
1
1
7
2
3
4
1
9
1
4
1
1
1
1
1
1
1
2
3
1
1
1
1
2
1
2
1
1
1
2
2
1
1
1
2
1
2
3
1
3
3
1
1
1
1
1
1
2
2
3
1
3
7
5
5
8
2
1
1
1
3
1
1
1
2
3
1
1
1
2
1
2
1
1
1
2
2
6
5
1
1
1
2
2
6
3
1
1
1
2
1
2
1
3
1
1
1
4
3
2
1
5
1
1
6
4
1
10
1
1
1
1
3
2
2
4
1
1
1
1
4
2
1
5
1
2
1
14
1
1
1
1
10
1
1
1
1
17
7
1
1
1
2
1
1
1
2
1
4
1
1
4
1
8
1
1
1
1
4
2
1
1
1
2
1
1
1
1
2
1
2
1
1
1
2
1
4
5
2
1
1
1
2
1
1
1
2
1
2
3
1
3
10
1
4
1
6
1
1
2
1
3
16
2
1
1
3
1
1
1
1
1
5
1
1
1
12
1
1
13
3
9
1
1
1
5
1
1
4
2
1
1
1
4
2
1
1
1
1
7
1
6
33
1
1
1
1
1
1
2
1
1
1
3
1
1
1
1
2
2
1
1
1
1
3
1
2
1
2
1
1
1
1
2
1
1
2
2
2
3
2
1
1
11
5
5
1
1
1
2
2
2
1
3
1
1
6
1
1
2
2
1
1
1
1
1
2
1
1
1
1
2
1
2
5
2
1
1
3
1
1
1
14
1
8
2
3
1
1
1
10
1
7
8
2
1
1
1
1
2
1
2
1
2
1
1
1
3
1
1
2
2
3
1
1
1
2
1
6
1
1
1
8
1
2
2
1
1
1
4
7
2
1
2
1
1
1
4
2
2
1
9
3
1
1
1
2
2
3
5
1
1
1
1
1
1
1
2
2
3
4
1
1
5
1
1
1
2
2
1
3
3
2
7
1
4
1
1
5
2
1
11
1
2
1
2
1
4
5
1
1
13
3
2
1
1
1
1
2
1
1
3
5
2
4
1
4
2
1
1
1
1
1
2
1
3
3
4
1
1
1
1
1
2
1
1
3
1
2
1
1
1
1
2
1
1
1
2
1
2
5
1
1
2
3
5
1
6
1
2
1
2
1
1
1
4
1
1
1
1
2
2
3
5
7
1
1
1
4
1
1
1
1
2
2
10
4
1
1
1
1
1
1
1
1
2
17
3
1
1
1
1
1
1
3
2
1
1
1
1
1
1
1
2
5
2
1
1
1
5
2
4
11
3
12
1
1
1
5
1
2
1
2
1
1
1
1
3
1
5
1
4
6
1
1
1
2
1
8
2
10
1
1
1
9
2
1
1
1
1
1
2
2
1
3
1
1
1
4
2
10
7
1
8
1
1
1
2
6
1
1
1
2
1
1
1
3
1
1
1
1
3
1
3
1
2
2
1
4
7
1
1
1
2
1
1
4
1
3
1
1
8
1
2
1
1
4
2
1
1
1
1
1
2
3
1
1
1
2
1
6
2
3
1
8
1
2
6
1
9
1
2
2
5
25
17
1
14
1
1
1
7
1
3
