1
1
1
2
1
1
3
1
3
1
2
4
1
1
1
1
1
1
1
1
1
2
1
4
5
1
1
6
2
2
1
1
1
1
1
2
1
1
5
2
2
1
1
2
6
3
4
1
1
1
1
1
1
3
1
1
4
3
2
1
1
1
2
1
2
3
2
1
1
1
2
5
2
3
6
1
1
1
1
1
1
5
1
1
7
1
1
1
3
1
1
1
1
1
1
1
3
1
1
2
1
1
1
1
1
1
2
1
1
2
3
1
2
1
4
1
2
1
1
6
1
1
8
12
1
9
1
1
1
1
1
1
1
1
1
1
3
3
1
4
1
3
1
1
4
2
1
2
6
2
3
2
1
1
1
2
1
2
1
2
14
1
3
2
7
5
1
1
1
2
1
1
3
1
12
1
3
1
1
1
1
2
2
1
3
18
1
1
1
1
1
1
3
1
2
1
4
1
1
1
2
2
12
1
1
1
1
4
1
1
2
1
4
1
1
3
2
1
1
3
3
1
1
1
1
1
1
2
1
2
1
1
1
3
1
1
1
1
3
1
1
1
1
2
1
24
5
1
1
1
2
2
1
1
1
1
2
2
4
1
1
1
4
6
6
5
1
1
1
1
2
1
2
1
2
1
1
3
2
1
5
1
1
1
4
1
1
1
1
11
2
1
1
1
3
2
4
1
3
1
2
1
6
12
1
11
1
1
1
1
3
2
1
1
3
1
1
1
1
1
1
3
1
2
1
3
1
1
1
2
1
4
3
7
5
2
1
1
3
1
1
1
2
18
1
1
1
1
3
1
4
1
2
12
2
1
1
1
1
31
1
2
1
1
1
1
1
1
1
2
2
2
3
1
1
4
1
1
8
1
3
1
3
1
1
1
2
1
1
1
1
2
1
1
4
1
2
1
1
1
1
1
2
2
1
1
1
1
2
1
2
1
1
3
1
3
1
2
1
2
5
6
3
6
1
1
1
1
1
1
3
1
1
4
6
1
18
1
3
3
2
1
1
12
2
1
1
1
1
2
2
2
1
3
3
2
6
5
1
1
1
2
2
1
5
10
2
1
5
1
7
25
1
1
1
4
2
2
1
1
3
1
2
1
1
1
30
1
1
1
1
1
1
3
1
2
2
1
1
1
1
1
1
1
1
1
5
1
1
8
1
2
1
1
1
1
4
1
9
1
2
1
2
1
13
7
2
1
1
1
1
1
1
1
1
3
1
4
1
1
5
2
1
1
3
1
1
1
1
1
5
4
1
1
1
3
1
1
9
2
2
11
1
4
1
2
1
1
1
1
1
2
1
2
3
3
14
1
4
1
1
1
1
2
1
2
1
2
1
1
4
1
9
1
1
1
6
1
1
1
2
1
2
1
1
1
1
1
1
3
1
4
3
2
1
5
1
7
1
11
7
2
1
1
1
1
1
1
3
2
2
1
1
1
1
2
4
3
1
11
4
2
1
1
5
2
1
1
1
1
2
3
5
1
4
1
4
1
2
1
1
1
2
1
2
1
1
1
2
3
1
1
2
2
4
2
2
5
3
1
12
4
5
1
5
1
1
1
1
13
1
2
1
1
1
2
3
2
1
4
1
1
1
7
1
5
1
2
1
1
1
2
1
1
1
1
2
1
2
1
1
1
1
2
6
1
1
1
5
3
20
2
1
1
1
6
1
1
1
1
2
18
1
1
1
1
1
2
1
1
1
2
3
2
1
1
1
1
1
1
2
1
4
3
1
1
1
2
2
2
1
1
1
6
9
2
1
1
3
1
2
1
3
1
1
14
1
3
1
5
1
1
15
1
2
1
4
1
1
1
1
3
6
1
1
3
1
16
4
2
1
5
6
2
1
1
1
1
1
2
1
1
3
1
1
3
2
1
1
3
2
5
4
5
1
1
1
2
1
1
1
7
2
4
1
1
6
1
1
1
2
1
2
1
1
1
4
5
1
12
1
3
2
1
1
1
3
10
1
4
1
12
1
2
1
12
1
5
3
2
1
1
3
2
2
4
1
1
3
1
2
1
5
1
1
1
4
6
1
3
1
2
1
1
1
2
1
3
1
2
6
6
1
1
7
4
1
1
5
1
1
7
3
1
1
7
1
1
1
1
2
1
1
3
1
1
1
1
3
2
2
1
1
22
2
1
1
5
3
1
1
20
3
14
55
1
18
45
1
