1
1
1
2
3
1
4
1
5
2
1
3
1
1
1
2
2
1
1
1
1
1
2
1
1
1
3
10
2
1
1
1
1
1
3
3
1
1
2
1
1
2
1
1
1
1
1
1
1
4
8
1
1
2
1
7
3
1
4
2
1
9
1
1
1
2
3
3
1
1
1
5
2
1
7
7
1
1
2
2
1
10
2
11
1
11
12
1
2
1
1
3
1
1
1
12
3
1
1
1
1
2
1
3
3
1
1
1
2
2
4
1
2
1
1
4
1
1
4
1
1
2
2
1
3
5
1
1
1
7
3
1
1
1
1
1
1
1
1
10
1
1
1
1
2
2
1
1
2
2
4
1
1
3
5
5
1
1
2
1
1
6
2
1
3
1
1
2
1
3
1
5
2
11
1
12
1
1
1
1
1
2
1
1
4
1
1
1
2
1
10
1
1
2
1
1
2
1
4
1
1
2
1
1
2
3
1
1
2
2
3
2
1
4
1
1
1
1
1
1
1
2
1
1
1
4
3
2
1
1
1
2
1
1
1
1
1
2
1
1
1
2
1
1
1
1
1
1
2
1
1
2
1
1
1
4
2
5
5
2
1
1
5
1
1
1
1
4
2
5
1
1
1
2
2
3
4
12
4
1
1
1
1
1
1
1
1
1
1
3
4
1
1
2
2
4
1
1
1
18
2
1
3
1
1
1
1
1
1
2
1
3
1
7
1
1
2
1
1
1
1
2
3
1
13
1
6
2
1
1
7
1
1
3
1
1
1
1
2
1
9
2
1
1
1
6
1
1
3
1
1
1
6
1
7
1
1
2
1
1
2
2
1
1
4
1
8
8
1
1
1
1
1
1
1
2
1
4
1
1
2
21
1
1
4
1
1
2
1
1
2
1
3
1
1
25
1
1
9
1
1
2
1
1
12
2
1
5
1
1
3
6
1
1
1
1
2
1
6
2
1
1
1
2
1
3
13
3
2
1
3
1
2
1
10
3
1
1
2
1
3
3
1
1
1
1
3
1
14
1
11
2
1
1
1
2
2
1
3
1
1
3
5
1
6
1
1
3
1
1
2
1
3
1
2
1
1
4
1
1
2
1
1
2
1
4
2
1
3
2
1
1
2
1
3
1
4
2
3
3
14
2
9
1
1
1
2
1
1
2
1
5
2
1
1
1
1
1
2
4
2
5
3
8
1
1
1
1
1
2
1
1
3
1
1
1
5
4
7
1
1
1
1
2
8
7
9
1
1
1
1
10
2
1
3
2
4
21
5
1
1
1
6
1
1
1
1
3
2
1
1
1
1
3
1
1
1
4
1
1
4
1
5
1
1
1
1
2
3
1
7
8
1
1
1
9
2
1
1
1
1
5
2
1
1
1
4
2
5
3
1
4
2
1
3
3
1
6
1
1
2
1
3
1
1
1
6
1
1
1
1
1
1
3
1
1
1
2
2
1
4
1
1
1
1
1
1
2
8
3
1
5
1
1
1
1
2
1
3
1
1
2
1
3
2
2
4
7
17
1
1
2
1
1
3
1
1
2
5
3
1
1
1
1
1
2
1
1
3
3
1
1
8
1
1
1
2
2
1
3
9
2
10
1
1
1
2
2
29
1
1
1
1
3
1
17
2
1
1
5
1
4
2
1
1
1
2
1
3
1
2
2
3
1
1
1
1
4
7
5
1
1
2
2
3
1
1
1
1
2
2
1
3
4
2
5
4
1
1
1
5
1
1
1
2
1
8
2
8
5
1
1
1
1
1
2
2
1
3
1
1
1
2
1
1
2
34
1
1
1
2
1
1
2
1
1
3
2
1
1
2
5
1
1
2
1
1
1
1
2
1
2
3
1
2
1
3
2
1
3
2
1
1
6
1
1
1
3
2
6
4
1
6
1
7
2
8
1
35
4
1
1
1
1
2
2
1
2
2
1
1
2
6
3
1
5
1
1
1
1
1
2
2
1
1
2
2
1
1
3
1
1
1
2
1
7
1
1
2
1
1
1
4
3
1
1
2
1
1
1
2
1
1
1
7
1
1
5
2
1
11
3
2
5
1
1
1
1
1
1
16
1
1
2
1
1
1
1
1
4
1
1
3
1
1
1
2
2
1
1
3
1
1
6
1
2
3
1
1
2
1
1
1
8
6
11
1
3
1
1
1
1
1
3
1
1
1
1
1
1
3
1
4
3
2
1
3
5
1
6
6
1
7
1
2
1
1
1
4
1
1
1
1
1
1
1
1
1
1
1
1
3
2
4
1
1
4
41
4
1
