1
1
2
1
2
1
3
1
1
2
1
3
4
1
1
3
8
1
1
1
4
1
1
1
1
1
2
1
4
1
1
2
3
5
1
1
2
1
1
2
3
1
5
6
1
1
1
1
1
2
1
1
4
1
1
1
1
1
1
3
4
1
5
1
1
4
5
1
1
1
3
1
1
1
1
3
1
5
1
6
1
8
10
2
5
1
2
1
1
1
4
1
1
1
1
5
1
1
2
4
5
1
2
3
6
1
2
1
3
1
1
2
4
1
20
1
1
1
1
4
1
1
2
1
5
1
1
21
1
1
1
1
2
1
1
1
1
2
3
1
5
1
1
3
6
2
1
1
1
25
1
6
1
2
3
1
1
1
1
3
6
1
1
2
1
4
1
1
1
1
2
1
4
6
1
1
1
3
1
7
2
1
1
1
1
1
1
4
1
1
2
1
2
5
7
1
1
2
1
4
8
1
1
1
1
1
1
1
2
1
2
7
7
1
1
2
1
2
1
2
5
1
1
3
13
1
2
3
1
5
1
1
2
1
2
1
1
3
1
1
1
1
4
1
1
2
1
10
1
1
1
1
2
1
1
14
1
1
1
2
5
1
1
1
2
1
1
4
1
1
7
8
28
1
1
1
2
1
1
3
1
2
1
1
1
2
1
4
1
1
2
1
1
4
1
1
2
3
4
1
1
1
3
1
2
1
2
5
6
8
1
1
2
1
12
1
2
29
1
2
1
1
1
2
3
1
2
3
1
1
2
2
1
35
1
1
3
1
1
1
2
5
1
1
1
2
3
1
2
1
2
1
3
1
1
1
4
1
1
3
1
8
1
10
1
1
1
1
2
2
1
1
6
1
1
2
1
4
1
1
2
3
4
1
1
3
1
5
5
9
1
1
1
1
1
1
2
1
2
3
1
2
4
2
1
4
1
1
2
2
1
1
7
1
1
1
1
1
1
1
1
1
1
2
3
5
1
2
1
2
1
1
1
1
4
1
2
1
2
11
37
1
1
2
1
1
1
2
1
1
4
1
2
7
1
2
3
4
1
1
3
1
8
16
1
1
2
1
2
1
1
1
6
1
2
1
4
1
2
7
1
2
1
16
20
21
1
1
2
1
1
26
1
1
2
1
4
1
1
1
2
3
5
1
1
1
2
1
1
2
1
5
1
2
1
4
1
6
1
3
1
6
1
1
2
3
4
1
1
2
3
5
1
6
1
1
1
2
3
2
1
4
1
1
3
4
1
1
1
3
1
1
1
2
3
1
3
4
5
1
2
1
1
1
3
1
1
1
2
1
17
1
5
27
1
1
1
1
3
1
4
1
2
3
5
1
1
3
1
1
1
2
4
5
6
1
1
3
4
1
1
2
3
1
1
4
5
1
1
1
1
2
1
10
1
1
2
1
1
1
1
3
1
1
2
4
1
2
3
1
1
3
1
1
8
1
2
9
1
2
9
1
1
1
1
1
3
1
2
3
1
2
1
2
3
1
1
4
7
14
1
1
1
2
1
2
3
1
1
1
2
2
3
1
1
3
1
1
2
1
1
2
1
2
1
2
1
2
3
1
5
1
7
1
3
1
4
1
2
1
1
4
1
1
9
18
2
1
1
1
1
3
1
1
1
2
5
1
2
3
1
1
2
3
1
2
1
1
2
3
8
1
2
1
1
1
11
1
2
1
1
5
1
1
1
1
2
1
2
1
3
1
6
2
1
1
2
6
1
2
1
4
1
5
1
1
2
1
2
3
1
1
2
1
7
2
1
1
3
1
1
6
18
1
1
1
1
2
4
1
1
1
1
6
1
25
1
1
2
1
1
1
1
1
1
1
1
2
3
2
1
1
2
3
1
1
2
1
4
5
1
1
1
1
7
1
2
10
11
2
6
2
1
1
2
3
1
1
1
2
1
2
2
1
2
1
1
1
3
2
1
2
3
1
4
1
2
1
1
8
1
1
4
1
1
1
1
2
1
4
6
1
9
1
1
3
1
1
2
3
1
1
4
1
1
1
1
1
1
1
4
5
4
14
1
2
3
1
1
1
2
1
3
2
1
1
2
3
1
2
5
1
1
1
7
1
1
19
1
1
1
3
5
1
2
1
2
3
1
1
1
1
1
2
6
1
1
2
1
2
1
2
1
2
1
6
86
