14 62 0
9665 9608 6271 874 5593 5057 7665 2367 1782 9732 4090 8415 9086 5842
1 2 7552
1 3 9174
1 4 277
1 5 4481
1 6 800
1 8 5407
1 10 4557
1 12 6920
1 14 8360
2 3 8981
2 5 3137
2 7 7157
2 8 2170
2 10 5996
2 11 9070
2 13 1027
3 4 5661
3 5 3051
3 6 3254
3 7 1553
3 8 6461
3 9 3865
3 10 7223
3 13 1144
3 14 3877
4 5 4879
4 6 9104
4 7 1958
4 8 9649
4 9 6902
4 11 9990
4 13 5645
4 14 4016
5 6 131
5 9 1466
5 10 3817
5 11 3336
5 12 1243
5 14 6364
6 7 6990
6 10 6367
6 12 8362
6 13 1868
6 14 6248
7 8 1847
7 9 8196
7 10 444
7 11 8541
8 9 7663
8 10 322
8 11 206
8 12 2870
8 13 7865
9 10 205
9 11 3491
9 12 6575
10 12 6751
10 14 5236
11 12 5806
11 14 8111
12 13 1153
13 14 2463
