197 190 50
178 180 64 127
166 171 90 164
38 44 82 93
141 146 82 83
185 186 13 14
18 40 74 80
1 2 23 64
21 35 45 46
6 25 160 161
42 92 131 132
107 114 94 95
158 165 44 96
24 67 15 16
157 159 122 126
82 126 156 158
91 96 20 37
19 47 165 187
100 102 31 122
189 190 78 88
29 54 96 112
140 160 32 37
99 100 123 125
18 33 188 189
113 122 123 148
125 143 4 10
165 166 179 184
72 86 175 180
108 109 129 130
131 172 12 14
116 118 169 170
147 161 175 178
12 33 20 34
102 152 152 155
182 194 161 170
62 68 71 118
0 46 151 153
176 183 52 53
45 50 35 36
47 51 158 161
144 153 97 100
178 182 176 181
173 175 103 181
60 108 166 167
26 28 99 111
25 26 115 149
64 66 140 142
138 142 125 136
140 154 185 187
103 124 178 179
97 98 28 139
