199 200 50
19 169 108 161
20 75 181 187
87 92 166 175
154 161 53 60
118 119 167 179
192 193 147 149
45 115 46 63
45 81 199 200
34 35 79 90
194 196 147 185
103 110 174 175
80 94 96 97
39 71 69 73
180 191 180 194
100 110 179 180
185 187 99 108
141 142 59 61
139 140 13 58
8 19 42 67
32 40 22 25
186 193 5 38
139 140 182 197
163 170 187 191
100 136 97 102
176 181 110 120
68 79 32 39
167 169 45 47
117 127 12 71
149 176 87 94
189 190 108 110
154 158 10 44
70 134 191 193
25 38 168 173
54 58 169 171
30 31 199 200
186 192 70 95
108 109 23 28
37 38 195 196
121 131 174 179
97 106 30 34
62 63 77 78
196 197 51 85
159 162 46 47
160 165 180 182
17 18 127 199
54 64 105 106
168 183 75 81
130 133 17 37
197 198 190 195
198 199 134 140
