200 197 50
134 160 151 153
128 129 47 86
30 38 66 72
187 190 149 155
161 173 196 197
76 98 193 196
28 36 140 141
192 196 90 99
120 176 185 186
8 130 120 133
116 117 140 194
169 170 120 121
153 165 29 55
148 150 53 113
94 117 14 25
84 117 77 83
44 74 27 28
40 43 155 195
42 147 98 105
13 73 196 197
193 197 152 156
162 193 183 184
125 149 159 160
84 85 150 164
137 138 193 194
40 44 146 148
20 22 14 58
133 136 41 76
194 197 191 195
177 178 46 85
41 81 70 74
192 194 25 33
198 199 120 186
177 178 116 147
132 170 190 192
74 98 139 145
188 189 41 44
125 127 76 90
168 169 2 13
116 124 46 53
197 198 13 28
191 194 132 133
191 193 117 128
177 190 8 11
169 170 84 112
170 186 165 167
133 139 165 175
143 165 118 123
147 148 34 43
146 147 162 169
