5 998
23602
04517
51730
26705
11803
33910
37294
26602
61905
30781
14643
80246
26807
93348
24391
68089
38969
46137
44696
15711
41798
19204
14980
04411
69395
39781
47925
37305
93412
90226
38363
02812
24612
24491
45393
03230
22576
02199
33257
77116
04101
80189
87957
43157
04412
05507
33124
23044
23283
88737
03099
54826
01306
33978
53722
95316
24522
39578
52739
79006
14908
47305
06622
13910
58487
39295
76939
04480
13913
25521
51739
34988
26996
16815
72342
31614
44237
45293
12139
34718
36602
11604
30579
24810
07449
24586
40998
11867
33792
87429
46026
23586
68295
39780
15970
36795
35598
02380
78859
86930
41788
12603
22020
96316
63820
15017
04311
80216
84051
45506
46069
18304
63050
86820
58089
03073
03692
45595
80219
15980
16805
68285
21622
26806
14663
34820
34088
52025
79906
44797
41787
74252
77957
33602
80316
16724
90216
13592
57105
63950
33088
35718
03198
24512
46236
85415
33158
12120
50385
14632
64152
77958
00496
40263
89117
59008
46046
23223
95216
20604
25822
08245
45593
04525
42611
24596
31692
34602
44147
67859
41898
46036
22703
70106
23014
15061
57195
14604
85822
47205
03921
13601
14073
89209
35122
33011
04201
03340
24643
58195
38960
23946
70196
18115
49588
14653
32515
24653
79917
24602
51777
35292
09204
91216
16624
31785
14642
79218
04390
58989
42738
14542
31777
19215
15562
05943
35158
70006
16714
34029
90496
21867
94405
15552
33391
24505
24314
36125
14701
23914
62555
59487
03512
23910
30514
88439
64252
40373
61814
16834
72644
48008
90117
41263
14008
24613
89119
36705
84942
62352
72734
24701
58098
34125
45796
53820
43926
14007
04911
23349
52915
27106
80209
06623
95217
14516
30777
42039
43026
59384
03008
64161
34020
14526
35698
23612
69285
15853
27115
33881
15063
57215
04526
34057
04001
23603
53777
23902
33901
03380
26541
53341
91306
05045
43073
23012
32576
16705
52729
31767
36115
42621
15007
45059
16824
03240
91407
84439
19214
23811
03349
16614
23213
80198
31781
33882
46136
14080
23810
13192
15810
15870
03348
35918
32702
60006
34058
34982
04414
37295
68959
76930
33982
26916
68958
25812
30580
68136
69385
13903
33970
70209
42073
37969
80315
33586
46169
53712
24711
13692
54241
37116
43711
33056
11767
22602
14491
52838
32502
87439
35392
32956
43826
23046
33900
13014
02189
84415
58908
03702
14601
91226
24989
36796
02008
95822
22001
57205
34056
58988
33988
08235
05017
53732
27531
04380
52026
89289
33711
03802
15879
21604
16623
33039
35601
77136
20504
25511
05117
04415
24642
15822
32611
21603
35058
31775
72455
13008
08215
58486
13902
26612
62655
23692
24214
42721
80208
52925
35069
63251
08205
23001
34039
59195
04391
03412
23224
02480
30515
91307
33502
32711
91316
34391
13044
23282
38285
24532
85315
93359
93512
05217
05944
87837
19304
35125
24926
49487
34697
52815
24929
38275
18215
23945
64260
69295
15516
12380
36726
33601
14060
04405
52538
42263
13011
23992
24919
53787
21767
23613
69485
67926
15541
38961
31601
42638
13283
80289
42838
30480
49383
22213
16734
36916
44506
13702
31514
79116
33101
35222
86821
03108
64151
24390
30692
83051
88747
79208
63732
05953
13502
35159
57926
34981
23082
44137
38274
12008
31622
14973
34618
23691
33801
88917
80336
78116
16825
05853
32621
13691
91497
35121
15811
22502
04381
14702
23092
70289
23701
78958
15642
23091
16541
37205
58485
13813
33675
15622
45596
80119
79196
85429
80346
83339
34021
62452
45493
45137
89208
41730
67927
38273
31592
63352
39579
34665
05822
15073
22920
68949
63940
87857
35697
73342
93339
73060
05517
13001
24313
24191
13603
24008
36969
64261
13012
23258
22223
36069
62454
23622
11703
36612
53026
34926
26906
52777
55393
27116
25879
51006
93349
22992
23601
98847
16816
35606
64241
15044
13923
79005
33001
84429
14532
33665
32601
38061
49488
83061
59098
33701
61804
64042
00117
03350
13112
52639
03480
45696
32602
32946
37115
03390
23702
98439
93073
26896
13193
13183
42273
15507
89299
40383
64942
79916
08105
45797
26907
25531
24223
03910
25918
31776
89118
42973
23982
23903
35507
13349
31686
59385
58998
04921
44826
33010
84941
53151
21775
35501
51005
22603
79318
80326
24091
19115
78136
80299
13013
04973
31782
38262
14505
38161
95315
35212
96215
42938
52914
27541
14070
81216
49908
85951
90116
35511
23281
21602
68487
89108
13982
32101
02099
31792
13293
61904
18314
59295
40363
41720
86920
14853
23045
77126
13973
22120
63341
23711
40898
86429
53241
30504
13023
08246
98837
03920
30479
72555
33979
13600
34826
14044
64251
11603
23502
52814
63744
30877
53930
27105
13092
31791
02289
70016
42720
79217
43916
74251
45069
88017
36898
70299
34124
33892
53920
41687
34989
46926
12813
53940
62552
62654
23703
23592
36716
08204
59485
96216
52539
02250
77927
58205
04491
84425
34882
32992
33291
63151
14810
68859
13980
03239
60016
73061
88847
33046
02350
03339
49384
89219
23114
35706
24928
31586
63734
31604
33281
42038
24927
38295
13348
43712
87927
31515
33576
23956
03199
15045
25869
24652
04425
83439
94822
79015
31602
34607
85941
03973
13983
30680
43638
64820
88857
33956
23259
59908
22622
31682
35597
31685
43147
35602
98205
15869
20867
27530
15060
33258
16622
15542
99246
12703
25989
31693
13010
32622
44596
34872
03502
33946
89246
22910
13073
35607
51814
94415
14541
45159
35202
44820
45303
36601
79295
38263
04424
30693
85051
67949
62453
13102
62455
15632
36897
14753
51925
13359
08449
15217
89017
13992
14504
15652
35818
22956
95215
12992
08314
25889
13914
32575
33157
43538
32001
54797
33224
24506
45392
63342
63742
03602
64160
26917
24918
58099
78858
05034
63743
93973
05044
73734
23348
98246
12130
04507
32039
13803
02280
42173
08225
41738
05035
76949
80108
17115
23600
14612
23214
79016
31702
64142
37215
37106
08315
91496
52904
89189
04291
24622
30780
49578
78917
41638
15517
30470
47926
45594
46059
73050
25612
03812
67136
26531
33971
72744
15062
04301
24909
24820
13259
02198
33981
02240
04011
98737
72654
79216
84405
58215
51915
33872
67958
85821
33702
80215
98449
61005
87937
20877
25711
31694
19314
33992
54787
48908
36896
79296
36816
04822
88837
54707
13604
16826
54820
13002
74942
22604
34121
25712
41686
34972
24213
42538
35716
41777
77949
12812
34517
33575
40908
38261
42711
34617
