5 1000
03371
88497
00615
63163
18922
69904
57900
94443
63060
92347
01505
90727
24909
90728
63077
81281
06982
43708
24808
11527
46071
12633
10606
86990
83055
76828
72170
15616
90983
97997
12629
08880
70018
12938
73040
82061
02733
77990
07696
73728
99795
53414
87497
70928
91629
02347
66827
64718
20544
72029
53477
72036
66633
20617
77890
04871
09913
00930
19635
08922
78918
78914
53977
64828
96738
86625
82564
27242
84175
99707
87612
28911
99597
76534
33616
32726
12807
85954
52425
22828
95973
85625
02505
01627
10444
07803
68928
12662
45071
65911
83061
08889
97496
66488
57910
52877
74949
75643
73163
21716
74071
94075
77928
57082
02639
32227
80973
99913
01695
94074
01616
05981
54726
73061
53488
01436
91462
99715
98795
84531
95962
19823
28011
54071
12907
98848
53718
24347
96739
66928
89338
06696
65981
54171
83071
98807
63525
23781
80564
66911
83073
72038
02630
55938
73063
62425
64536
23808
97497
81007
01639
91662
74535
16823
78908
31618
75706
44079
12761
89348
97807
09725
11608
12334
70017
09606
05923
92629
23716
10706
13808
87827
98727
90448
20518
91913
31707
20618
34148
11424
09617
83072
12347
09628
34237
06616
99828
86611
90738
64719
98716
53077
58903
31627
77869
08090
98496
80983
02842
96597
77859
19608
21434
09726
05125
63177
91416
86612
58992
78938
84525
10608
76635
53189
42217
66534
08980
92446
71280
94981
63515
72037
63070
09796
74707
73949
46073
87826
76738
17933
28923
63413
53645
98815
90973
22732
91903
84401
14938
97696
85963
71281
91347
26823
89538
99987
10762
80018
53179
74719
68737
75707
65812
31517
80464
88928
64827
12928
85401
64070
11772
27153
13938
13917
09717
79883
08898
21444
70918
84541
01595
63179
91317
10607
83081
92727
86712
79904
52666
32604
00662
24248
71380
09618
02664
83065
71398
37062
07506
00629
90447
80738
65982
81181
53487
10730
20534
99448
09813
01607
97739
76734
62737
11739
90518
07880
98090
74935
74936
64729
33937
81529
12728
07997
76606
28133
78919
17922
76497
63187
99706
97597
79983
80008
89448
98717
80873
19718
97697
52646
66813
84511
19552
86606
99815
73050
74055
72071
19551
86954
10830
66893
77828
28933
84075
16813
14334
83935
00616
53187
14937
72072
92664
65488
89438
71007
12828
95862
00639
18823
77889
27243
05606
16833
28033
19707
63636
21507
29635
36062
07893
55982
63415
85934
84534
97712
82071
05616
98996
54488
90438
41618
28021
64728
23606
90538
99618
84935
85525
83080
06872
42618
03832
10617
19716
76543
72198
17702
91316
19253
54526
69837
08888
64981
92662
99986
86725
87716
90617
09987
91620
82574
72082
67928
06981
01730
10772
77397
07713
52645
33217
12628
52326
91471
94881
19618
00931
31617
46064
09797
91461
45971
43718
29535
24900
13927
75606
95616
69914
32716
29243
34217
52777
52776
96507
08605
81528
05235
87712
99728
80628
96607
76724
06606
71389
09561
07703
63172
90528
98705
96080
53171
96862
99717
87717
31607
70929
23928
24247
87817
40316
84940
32603
98838
87397
64707
21697
09697
02732
96090
32613
24937
98715
78837
99738
92572
12562
05024
63646
53415
11444
73042
84411
01739
10823
73717
90697
08606
72936
22733
16713
33927
73052
82729
90913
59903
94544
20444
67911
79984
52656
84941
98597
01628
84544
00762
12505
46063
95174
13506
84542
33613
73051
71198
86501
73055
88848
99807
02572
91418
23771
71107
29923
66803
77838
09696
33603
43079
28922
91993
22227
19813
27253
51316
80529
65011
13334
86738
63717
85949
81464
99983
67950
32627
72039
32217
06516
05124
73039
81082
72070
21226
91437
01471
00939
73060
10618
76725
19617
32703
84521
01606
66920
74536
02472
86944
11518
93727
91564
79928
98587
32216
20697
84543
82572
13807
84443
90418
94534
32722
85935
99996
24791
74054
91447
13926
97607
58902
41628
19452
80638
87726
10707
17923
68904
67901
99628
85953
54827
13347
07881
84049
01832
53413
47062
82573
80518
13771
03620
64488
05335
66532
09887
82082
47072
91327
98826
71298
76634
82727
05823
80528
42718
10718
27143
42216
87990
09571
04771
92447
79814
28022
97749
85634
02832
54070
26833
65811
09897
08881
21528
83070
60737
77891
72108
77927
73940
86728
98497
09661
56938
84054
96872
77880
92472
88838
66533
91438
59902
52413
73152
68903
13907
11434
63063
12472
32616
22226
54626
19717
19913
68914
91730
80618
54536
73071
09787
90618
77881
67859
98738
84951
05334
66930
12772
02371
98695
73935
88826
64708
79914
24799
23705
05023
46072
44488
19923
63170
19697
09735
56928
78939
72107
85049
31706
30517
98596
01571
99587
34138
22217
17802
74534
73153
02620
32723
73636
61737
07793
32617
13606
78838
63707
64039
84734
91436
02471
74163
84063
74049
91720
51326
68938
99796
41316
10697
98828
62736
34227
80538
62646
84062
71499
78929
00832
04881
90607
09635
80883
08990
91562
75644
21527
56910
71498
19912
75634
22716
52618
11334
08797
15823
96606
97716
24781
92437
07792
97713
56828
81081
52325
27133
86934
18912
76633
19353
17713
99797
08997
83051
76496
31608
12572
68837
10344
06882
74940
07693
75949
23927
43089
32823
32727
98825
91417
98806
24790
03771
97806
00831
76397
00605
71399
67900
66910
95981
11730
02629
09627
97907
02610
94543
55928
53877
87849
86601
29353
32226
95974
65983
17703
74063
42613
99716
15334
07802
78928
83717
82629
86980
54727
66940
01629
09898
53387
31507
11618
09605
65993
67940
79915
93620
08996
92436
98928
67904
10930
82728
69737
63072
53170
19706
63718
32618
28243
12733
77879
92663
24899
10518
92639
10797
73718
66927
53287
87749
31226
14347
95963
62636
55893
05225
73079
29253
46062
11609
32713
00030
23715
67959
87727
73029
97612
94175
62525
77849
97090
06506
88837
91337
32732
84053
76728
83062
74039
23605
73936
90687
19352
84953
11627
21517
81564
67903
13505
73070
21506
09551
21706
12762
20517
33604
18911
11528
64709
20627
84051
21516
09662
79913
16933
58982
68838
53089
91664
52676
57982
34238
17813
73072
66497
92337
63728
83075
55071
84535
01696
76643
66828
66498
93347
96497
95074
72171
74981
90628
63173
21796
79994
73073
53618
84634
67849
09716
74081
91464
92620
65893
41216
70883
85501
99695
88849
91727
32813
84963
21696
52387
24809
66812
00696
90993
96980
56893
44070
47082
98728
53646
31717
73173
34248
01572
52513
93717
80007
94634
52613
99687
17823
10454
23937
29534
