5 9999
89100
56051
73285
41780
48447
01614
53144
66812
92723
35341
96308
19527
41992
08883
09627
46348
56919
64517
16712
34453
91091
21017
35070
44813
14501
12637
64312
99567
03661
50036
68936
00825
98304
28888
09839
65871
19680
30256
99678
54732
52654
77887
84687
57435
01712
78522
81269
13591
44965
61148
01745
96413
53054
66940
59568
97553
57798
25532
93926
24006
40064
36266
86769
90966
79272
94084
29800
98308
21509
98676
60092
56392
14629
48781
52111
88217
78012
66569
95699
88038
69567
25470
67194
81812
98898
49599
64532
47739
51103
39376
71831
08872
49706
94579
33723
85908
59382
68642
54925
12225
54560
59728
06303
97617
08125
81996
97102
56217
72324
34257
33340
31611
63202
58874
46334
73816
16785
67832
43873
52236
44034
68143
71366
15802
23253
40892
90271
40736
58491
12983
46319
37430
85134
60923
26156
47688
75959
92884
04172
24193
00220
66830
91419
32883
02090
29179
75907
70309
75058
83189
20234
11079
31001
53244
82005
91894
09574
87856
04280
56356
28800
55085
54722
49224
86542
14276
70346
65661
08692
75437
07402
00016
87922
18608
88753
88540
05878
83925
84403
04525
83010
49667
21195
54067
66109
09364
68558
95352
30898
77467
05521
73617
89461
85968
60824
69091
56921
10232
98516
28591
33082
50461
90179
35195
72584
39336
18833
64278
98553
78593
24093
37183
55377
44341
97399
63249
45319
10850
50222
73575
19755
37638
60195
40656
39497
19731
83567
32255
77710
76394
55835
41622
41946
82437
86728
90195
76743
26235
10381
05580
93461
89008
95685
78933
98376
61385
27810
20685
58215
90882
61428
56209
96876
84487
37439
92435
83212
63333
79993
05710
19939
44537
39892
48174
63462
28645
41750
71439
20736
35167
74413
65669
56531
29333
85419
98705
25167
94772
35428
09919
33722
07553
72865
91434
82217
16064
22946
10242
06771
39586
66732
58893
64694
27340
06686
38277
87743
43074
79239
15731
18205
55542
45136
61538
36571
77675
49146
97867
52730
92939
64445
18971
03698
54327
93383
07458
06424
63456
51483
13058
84652
96714
50977
10077
24505
48223
91592
74752
25518
97214
49589
06261
82466
39787
05132
15894
09823
86232
72426
00378
64066
74019
97290
78777
68336
98411
27617
31392
00147
07363
80100
95400
83774
96746
98947
21519
33951
52361
91439
37064
90169
52685
08630
07332
63619
46658
19739
68001
06356
46648
37671
85288
95163
96587
04708
61678
15612
73141
52652
44973
73058
53351
11552
80121
28152
91022
21425
39941
32167
95763
27438
52486
16369
31654
30792
40490
24344
09205
36068
61781
12859
16379
48540
98101
11586
33926
71637
35459
69115
56491
97548
46277
74594
09784
52544
76377
43974
67932
05876
93443
73743
46509
06534
15390
92438
65761
22235
16686
29667
96513
62963
50025
48701
38490
95800
75103
83414
45543
54754
47892
90932
83403
07622
86826
50205
39846
66831
75743
98800
82950
58023
18844
50037
70278
44804
81320
58102
07202
94166
61238
67628
74021
63171
54527
85002
10073
76561
06712
56596
04496
87234
04977
35196
10486
01148
17923
87727
14451
25038
70123
94686
97499
30354
14531
54433
06746
45572
74342
09327
75495
75613
87968
46903
07302
39276
63167
35351
84894
58001
00964
07114
34960
31144
41781
18196
68887
34902
74606
85367
37193
95045
73452
78893
42626
41899
94413
27785
39192
80109
87020
01325
98610
94282
57797
36105
76191
50083
01863
49144
95850
09853
76076
72437
09094
92373
34341
35344
60734
57749
50667
11142
96713
42514
05993
97390
56332
03974
16381
58866
53433
17016
17709
45581
32855
71276
72228
55491
26569
95288
98314
56239
21027
18029
82476
47072
93419
90158
16696
45220
07752
85463
01041
98206
32543
39706
94777
03915
86854
24751
51196
76049
31012
43519
75288
07333
36833
15966
84397
36673
72317
07715
69759
60083
15798
47090
30505
51912
16188
74430
82285
08464
75905
14373
99880
78153
11045
99279
80477
99316
80568
62067
19187
67347
32780
04798
19641
19993
61036
98630
21085
97392
14038
06563
39641
00906
55735
40984
61952
11847
32381
65660
76681
61092
99243
09507
77381
75513
01196
47218
60744
37103
15272
29930
40981
95063
41008
52281
65132
73004
46804
41642
50558
56169
63012
09168
24096
05988
44334
07996
07166
70419
07291
97514
61044
06401
06359
21920
61275
64005
04788
84276
18376
45872
37628
19445
94103
50578
52371
16876
90838
51441
99828
44332
05045
86949
16894
68173
38837
10558
82560
52279
69559
04511
19215
12222
47458
82354
36921
25219
76680
73375
11069
28644
82639
00146
27330
25480
81676
02165
01140
71758
28429
53012
82443
08428
71746
18743
26711
85178
14280
63816
49587
12355
64542
96826
02094
18274
76608
51275
96716
07354
35033
82171
85380
47189
43214
98243
70520
80702
44139
57462
88213
97264
98072
85041
38868
43653
74010
12701
86558
45740
39335
37823
45471
53134
35500
80750
48982
93664
31105
20137
12030
83666
84477
75448
71326
08547
27469
13471
45548
72131
48801
77932
91890
77719
06458
69331
75020
47103
83329
29187
29687
58204
06565
17652
29079
40136
61941
89302
30865
13490
23086
69328
93775
84850
53925
76219
33257
25782
32870
88648
13954
06465
13555
29709
84688
06244
53725
32341
37508
49048
27244
44755
36187
80523
15951
64953
89079
17239
59669
00806
37530
01954
16964
07391
62275
69521
77301
02623
80648
50591
44362
14628
38078
20016
08055
30145
13509
37462
06591
77628
51386
66579
01322
87955
25479
23332
91148
31720
52132
75956
76208
79330
50989
32155
61945
32880
40145
22463
35546
51183
29785
52838
80910
27277
19172
44561
35931
51377
66087
15695
46203
41531
93329
38882
27266
88522
58335
51144
32079
74658
45347
19486
54168
99180
24755
76986
63364
75806
70160
25895
99270
54267
61136
10963
94313
64460
96545
65913
23254
68672
89630
64141
11501
04415
47914
88275
07514
76508
36801
87191
31355
53278
96719
14281
96290
00015
21194
40982
30008
75659
09710
43200
83639
09069
52912
46011
73584
40827
97726
98668
44405
53934
99757
14996
40646
45239
06384
91258
62634
36066
66119
94561
42776
91986
65961
48852
66691
80168
94988
29736
53245
21372
00245
01005
72368
01813
08507
17447
88898
87483
25738
53076
18437
17186
99778
05700
23343
52918
28635
31894
81056
87493
58078
23037
65392
89212
92744
90960
73382
15740
48014
03733
88607
16085
10974
10230
23137
95113
35831
09682
42906
00780
84463
32640
57078
45772
16203
06264
30512
99630
41193
50505
99749
16585
91058
97541
32896
46429
54922
51139
58182
56831
42828
44823
35097
70568
11766
96599
08062
64598
32650
85800
37278
63707
18373
72560
63303
26370
38730
65023
97996
89667
85884
10959
70145
84843
31623
51298
67810
61524
73057
04281
82676
98102
95895
40313
91101
57788
74742
80398
09083
11011
59336
61276
53476
75327
09833
16266
69213
05892
07640
97372
19089
53935
70179
37249
90869
58729
58024
83319
50925
43364
79963
51195
46033
10749
60831
86899
93499
83462
91915
09355
17649
85377
99355
48074
45030
38531
88333
60559
10083
73171
76519
20560
68011
71862
80488
84173
53142
47609
47078
83800
87889
59346
72668
88853
77010
31268
96402
88799
05893
10161
56500
71524
88669
91997
91248
76918
00823
17295
22926
42541
87297
23987
89144
24997
89121
39092
77685
54747
31896
54924
53745
21501
00696
75102
92996
37294
90638
58691
32951
54740
70369
77519
20552
87296
13145
60715
94163
83528
35002
56951
27528
47971
26810
60687
09068
23601
12254
50876
72280
27347
66202
88579
51331
93687
31984
11557
83764
35194
39182
00279
50639
03074
69334
51406
98554
62151
58829
43875
24641
37330
94593
59612
14085
32243
91171
95282
41804
20200
84877
83667
90702
58952
74559
67447
75329
62394
21126
87383
88004
54831
78687
29355
15850
50768
00343
87616
58214
06166
14299
92004
74220
26178
34876
81810
00796
76513
46841
08937
24451
38521
06736
93429
59123
71559
97949
20561
92064
77619
98412
06896
75117
06766
22705
62025
81200
60368
92754
23053
56608
34903
68658
74795
06715
73565
73745
09748
86566
95719
02382
07062
50877
43926
58821
99204
78883
57434
88879
62538
13608
84995
15712
61216
88613
65953
88914
38214
02656
45327
99507
89038
52928
04182
33845
57912
60123
07121
37730
33966
75529
92428
58801
55238
09654
41997
22319
03146
94795
83477
07275
88655
20487
72574
17393
11567
84530
98507
36794
80498
46020
75304
10146
56256
78578
06983
08545
17394
97801
33254
85383
01039
07656
36177
92074
29778
70559
33280
49882
19488
94478
58628
88743
55239
16178
47266
18051
44896
81841
41573
77317
91903
27254
79333
07392
26804
96578
23945
81767
60925
48078
67477
80459
20226
61153
96529
83924
80419
62358
17680
05124
06513
24830
95710
74805
17094
87933
85714
68204
15930
23184
90993
44646
61183
78216
23352
19266
71566
33055
77580
62754
64249
05615
81711
49782
48446
35135
32781
42873
55267
81495
93470
57538
93615
17996
94906
81329
80009
78047
90362
78143
01092
81034
82628
38872
71014
39877
31250
80268
64033
77220
18752
75918
86433
46382
13381
36267
63166
51048
12973
71444
38812
23663
86500
34352
14983
50223
37079
87989
41137
17697
83579
60386
73742
80760
95884
55008
92930
76403
93453
02194
71539
50686
14865
06691
42874
87925
84784
65292
98655
52442
85806
73068
67732
60520
13491
33281
43704
93352
46849
27339
60815
66110
21473
23612
18231
54251
74228
81354
90121
46811
40014
97513
35206
32752
18061
86727
20885
85232
71289
48688
35955
34633
85500
49147
73050
04672
70308
43528
28595
27530
39266
14786
21069
68047
67711
14350
65393
06144
16965
34344
19920
52160
35060
05496
05409
39181
72417
85266
26910
82131
19989
84578
40650
21463
77642
09941
49082
33975
05463
82595
75998
09177
40783
81408
34459
75503
46104
51767
17330
38702
68559
53216
69272
93104
35176
39734
65732
81577
85304
40745
00873
00065
51292
96644
09634
46347
64737
11701
92928
93755
54643
72966
64167
80909
70993
91928
97156
25543
54645
80295
27052
85570
12935
62805
25382
07541
88934
92784
84013
07102
96456
24796
61278
79382
55561
06416
15373
32165
34830
89712
28824
43915
17558
16164
33246
04425
20495
65758
35346
37194
10781
82210
66576
96747
12194
02435
89272
03650
64443
42160
60517
91119
30984
37723
33970
76562
11106
25522
34961
75292
45551
65436
85996
71114
96609
42073
18275
78063
74558
90432
13164
79116
11132
06855
58014
64346
98172
72805
21500
48872
15892
59622
52906
88549
76613
98208
88507
78882
34875
50748
99758
82490
38638
50685
59421
53246
54363
76619
31112
30355
12057
44551
09025
06484
05767
62615
15585
12600
58921
66433
61487
02175
08495
32441
98254
15936
56429
14783
91792
99942
78799
91591
90192
81800
88703
24200
69739
88462
37571
19171
94498
12568
95489
34579
42252
66883
10594
93765
89809
09911
92842
88677
70748
06897
32886
21200
48213
48792
37724
72564
50014
09610
78655
64843
15790
62237
65342
85977
56765
20482
39051
82031
73567
63542
54122
50576
57219
25729
59248
05452
40050
79676
05482
41293
15777
06846
35945
46608
61518
87769
39532
95263
46328
70944
89312
92189
69598
87901
55840
78689
54356
18828
07666
48780
19088
92449
58876
72624
32364
20899
41283
74588
95402
59378
17187
64337
66570
55201
99711
29656
38846
17551
11116
42168
62249
21640
38081
33876
93577
06996
39875
62624
96519
21248
87216
00243
91424
18283
53342
51432
57265
09277
23791
64603
41902
75853
87116
06974
82300
45251
71279
81043
37038
34479
44340
97484
58791
25245
70617
19737
91960
19489
81873
65971
48441
54523
63648
36945
35862
78302
59567
45328
79381
35585
05253
00037
12089
39435
06483
42766
48600
88316
35923
08214
51903
94123
45861
30245
87868
29841
15376
84994
06304
17357
83565
34362
46220
87623
37293
58810
03370
46913
42730
91581
88417
81736
63416
08643
88191
52734
54054
60014
96424
69659
56813
36733
07748
21720
31840
45841
98392
16728
05479
68549
33068
82649
44975
03641
25905
31002
58749
48736
71582
27448
85268
04477
19930
85652
34092
96710
98545
50133
11238
54033
89317
16054
21026
52677
45196
99196
26823
82951
38973
40250
93004
40059
88723
30827
86411
15595
44656
54736
91039
58803
89274
25456
56458
24901
07096
21116
15883
27571
37680
72831
58382
65907
65175
94387
72336
12873
68370
88342
55301
18998
38650
19965
29078
37393
75176
28244
20543
36103
75449
26852
76916
39487
42645
38528
25730
35961
76373
28279
89877
40213
51216
08655
78793
32967
65813
85850
82858
97735
44218
54158
63334
97384
39082
34895
65294
31466
24776
97044
45033
36831
87115
06524
55996
96412
76975
59001
41657
66918
34518
53825
03148
79309
22795
56504
62065
91891
16657
05809
09265
61927
51524
62804
69457
94894
34094
44803
20383
01873
96709
40227
59779
78104
13470
92478
62327
71238
63527
78599
92250
64754
50377
33771
64372
07465
04289
16361
42421
87979
83675
41749
12158
65931
08845
69893
16382
11235
58699
60346
90261
08206
97974
16278
99637
48891
20343
87617
59991
94442
36431
41619
70299
35993
75032
79655
54693
47179
89669
78238
85650
12156
35935
20384
08785
06714
64847
53171
87001
73480
76487
50561
73753
39746
55367
74371
41362
59270
36969
71356
48677
54191
84683
35023
70356
66399
29488
28137
29627
31964
97576
57733
52359
19940
02286
63076
47033
25830
56561
82294
57591
91034
70459
34922
62941
59531
23193
06293
62966
37139
12501
60063
57618
24085
17303
86849
17167
12883
42677
27177
93644
90102
62785
91150
98192
44633
72369
35219
95551
16299
75123
86458
00358
64077
90457
44637
01766
83858
64320
91726
55831
72585
80104
65202
53545
76488
47501
98653
96735
54188
27447
99189
71041
48580
56522
04553
62285
99748
60429
93744
10715
53352
26696
60932
09738
24907
64151
98242
49211
12040
24403
56247
32955
56108
12736
42532
89350
12835
48630
27540
91345
47141
87775
22681
05243
40234
30709
86543
99698
41125
51485
99227
81480
35043
58549
97374
42624
30255
41908
86767
59712
29175
24851
28303
43210
72066
06619
57599
06775
98672
35270
20220
30346
40817
85869
70444
01427
05289
58891
55555
06123
88593
02040
49783
50758
69022
33861
73166
45341
75009
54416
40659
85102
72190
15799
98596
42764
98201
59144
28233
87253
98303
31243
81582
11711
51516
10694
10054
00610
35479
75906
85998
69305
65021
69327
28706
70195
73818
84673
96577
59370
27759
14155
46030
52768
96900
46832
43835
64291
06493
35753
98615
05836
97124
97575
12700
47228
66194
64058
52276
12634
20346
54804
31879
00136
89457
99148
62469
76002
21205
30051
41629
41472
87958
06626
15730
10636
45267
36961
08907
51116
07054
78165
66206
10240
95390
06668
65176
03656
55136
09039
53462
74332
92577
39078
76744
33145
75744
73783
84846
81302
42805
45257
53133
09626
76413
29888
91182
39232
86014
96699
27424
39256
22156
31362
19841
25404
64594
94003
00066
96910
47730
39974
90225
35136
19369
81400
91261
89561
53837
38824
17275
73569
58750
73150
48659
36695
39083
81783
45934
59549
01344
37945
09027
80860
41250
97313
14056
20326
98363
14555
94487
48115
47801
17436
30730
25813
26741
33155
23692
03470
90408
08037
10653
32957
36256
48777
74472
85898
02896
33873
06805
07044
96292
12382
63025
79657
76717
90212
98178
56001
38630
58248
21930
01964
96610
99131
04282
83851
97954
07204
94794
08792
48244
00728
71278
09164
29083
04272
61827
80735
47428
46620
33856
62762
20042
47699
79934
19666
11867
81712
61787
67247
54346
81469
76612
37538
31888
14390
34246
94842
74595
45972
83819
30466
43527
96757
22888
48820
56804
93561
06162
79008
80040
51276
94762
67183
16984
38873
76755
51322
98513
20671
62035
00241
66631
79559
61628
76997
68294
28151
42524
73185
00983
87613
83951
71491
44923
47680
93263
55266
53243
20985
69223
69520
19647
24149
86996
45731
91940
86718
72614
17444
05787
18049
76001
98677
07414
68541
07353
84752
74757
92383
90215
84795
65327
46663
53946
99333
48974
34334
83499
54439
94588
24005
36357
62374
95409
66216
27313
04515
19163
18845
44363
56731
64915
38695
85950
26969
99216
73781
05982
55075
28384
57247
06456
27430
95936
04929
85014
67627
55821
16265
45120
96864
54914
64338
18989
49984
04888
60788
05939
96356
97700
63634
75413
09554
60012
96986
65142
67119
03599
38110
03666
54210
44066
93377
65005
98648
59277
32144
71044
22870
07617
47540
65095
00706
99756
98213
92812
90361
36050
89154
35807
37203
07949
50477
47493
96232
87710
02646
02514
43814
74898
58527
48521
58528
80660
74814
04898
22852
57708
02084
23902
38177
90194
57688
10557
85047
22381
36330
06292
83480
92253
45448
47041
71429
53131
27549
95989
57572
49509
77183
63460
82276
08716
89282
53279
25710
20227
98818
81683
11002
57500
48581
34552
84753
20336
59874
21802
25930
12232
56901
47283
81883
76494
08196
77743
31901
62292
17904
15290
27360
43754
36072
17254
74327
09573
71966
05389
09163
58568
12609
84184
92040
25790
95766
37283
02884
95552
44022
87473
90893
94864
46130
74996
62191
85659
53938
99677
41881
07065
74587
07344
75158
46177
47247
68102
27414
51332
98772
39214
10825
15476
48640
89333
72300
27439
30064
25752
64302
91777
67887
35446
63172
18030
37328
05983
80722
94925
95478
98515
47504
82128
16165
46801
98718
23532
73333
29383
61958
27440
19077
54623
63819
93666
65316
39459
07819
21984
48845
29174
40760
29686
46064
56572
50914
41213
64954
12947
36028
56399
04410
65246
62384
32841
74818
42777
10586
42763
72762
94451
73362
22084
25335
29840
85400
73413
06124
37955
75003
00916
63624
24226
21234
64065
58728
41965
14084
40619
72402
77327
93290
91966
48059
25995
29332
17264
29446
92354
69533
59766
46802
46013
16289
62765
82561
19427
42876
99326
55096
11121
96774
47749
83570
12558
97002
46570
09684
87311
59222
15788
38936
26166
23192
00839
19558
69092
32269
81735
21799
07162
50057
28118
31965
46247
16997
94499
80811
61387
17696
98491
91014
42752
80048
06767
36176
99271
01922
72094
39355
60924
99369
42715
35907
80534
84663
87767
45732
59279
46464
07564
41245
39224
77609
54735
05877
05131
16000
77495
74597
44249
95767
91120
54377
60305
75828
91225
35458
86410
66041
66086
30739
76949
03645
75077
34643
12125
04877
08191
02637
36711
64345
34867
91677
66995
79656
91338
32784
00048
74758
39132
25884
03699
28855
36955
32157
77496
71347
25901
32945
85673
75076
71043
47465
33840
25541
93754
72041
24247
62428
59599
23781
37448
19867
98373
93733
28607
07214
28331
21214
61738
83864
84352
56570
52259
81058
29545
68883
67265
12567
75472
92646
90057
14575
34359
13886
54164
05054
74217
76003
81489
32965
44014
05046
97312
51760
19630
76985
63684
31705
63752
96605
92439
48776
30907
01610
48283
52422
58672
58759
24629
97363
45034
68194
85278
36440
75943
75342
70983
64371
42653
77371
89240
24643
04542
06878
68391
97854
10335
00727
34457
83940
49313
87548
07615
12895
17114
55841
13835
90806
19271
33967
47178
61507
52965
09832
38024
24452
42357
28490
68202
73704
63543
50568
68498
12315
25482
68335
16557
94806
86562
31803
44875
20788
51959
34463
07548
46558
49597
59628
77949
50902
36911
87801
87764
18997
14882
39469
63927
95612
66941
05505
88253
70083
72386
98448
24209
77393
26803
41195
08749
64277
23043
28530
27551
36531
49781
15575
30244
30336
32183
10833
73067
93774
30135
16855
05404
68104
09810
39729
86571
93289
86864
45359
29180
86419
86719
01004
79159
05930
94874
24483
78945
51631
76964
49212
88120
38149
73568
31017
51239
82568
75442
99712
74959
85699
42112
29074
87314
98511
44333
94400
10435
33766
90320
12149
04985
19957
98538
53976
44972
89116
46502
19446
38233
64658
17339
07326
84273
08383
78565
51349
56673
50004
40225
10034
74602
01444
30237
02895
42014
40805
69304
95370
42153
99669
41986
79498
10343
46800
89244
59322
13245
06350
28596
85600
43914
97760
66930
48958
05616
86102
56292
25802
08772
87624
60832
91328
96618
52332
05919
52248
37377
02052
85902
89639
25850
20472
73628
47462
20473
92929
05208
47203
96372
06262
63356
23055
60272
71068
81217
41985
10750
20753
42804
99162
48511
57340
62326
06360
11092
91913
32632
82200
97868
58493
77843
46219
57217
06680
12136
45573
17085
38924
11425
87114
85914
31612
58436
39594
82527
30753
24822
64837
79062
82394
48851
74002
80589
12139
87677
45094
32838
56428
48077
89549
55481
00924
01732
47089
40888
15370
30247
77539
95998
83405
44458
95997
63314
80024
27357
83518
31830
12279
69667
75440
36428
95036
68172
90529
74753
43543
92811
43352
52524
95806
18649
45453
46077
07910
75570
38836
01539
90189
10049
47249
05997
30553
78282
20327
54555
22117
17027
89168
87935
94776
11046
76318
97202
25722
92649
27063
52830
53736
92104
25690
47091
75116
09413
19620
00244
69498
32839
32970
64964
08027
77849
15203
09819
57562
04642
74377
83253
56631
90184
22957
63955
48183
17430
73176
53875
98942
33144
28355
89532
56002
56510
78002
95914
05346
29366
31804
00368
55256
95784
93252
13902
54417
11702
72275
05343
95775
07334
36457
49791
75400
06676
04939
67246
96403
08691
22382
04389
87294
60011
06915
83578
99172
67911
95309
74442
55229
51249
63622
41918
05542
96342
01791
54166
37177
46266
24489
82286
53364
98576
40590
14500
07444
24541
96645
19426
75438
48811
22035
25969
12035
08698
91930
51205
01800
25842
48333
45176
19469
06667
16350
07849
63576
92343
08640
64352
11746
89530
24902
61635
98143
01241
06998
41353
15477
40237
39187
75845
14403
37037
55911
48391
05650
65112
76414
43443
17006
87879
55921
29364
86209
84906
60381
81031
18907
30807
89778
21131
64588
01804
25494
54658
37140
38287
45228
68551
51391
47475
51504
37240
37711
69344
71390
65835
15382
77303
53752
39091
22834
22502
32354
89993
14511
91776
12215
48512
42067
94904
35034
40980
99483
72413
24686
38738
63944
18426
55906
10739
19865
17362
28634
77413
51514
06193
10940
91629
38937
97542
96697
92958
28138
81359
04698
09506
88495
00493
54229
50313
34627
80383
95979
76478
86916
15036
72781
94299
56484
32904
36932
62348
07049
47991
64252
54172
93864
04399
65394
96712
68627
06294
58051
82353
98506
48802
02733
38133
37220
56269
63011
75953
81611
44220
06776
85854
82040
69617
94183
05791
92243
02383
99869
22612
74276
51204
33236
41002
74808
84643
10855
05511
36671
93279
57447
54167
48973
53835
56347
98432
82467
84977
50338
04452
79786
35627
53348
99327
49745
84022
52360
29799
40510
37714
66905
10561
50991
94184
36439
36156
96736
67204
22824
54755
46042
95245
35528
56216
92844
07254
43164
62694
64202
26203
57911
28609
55642
41029
10770
43831
43372
95166
91060
25500
54556
90310
63673
99011
90023
92407
63162
61788
35782
78393
99104
77497
92182
45437
63140
33985
18718
78217
17015
22232
16697
42124
63735
71144
81929
63604
76618
19799
93694
68577
71668
39687
16897
64015
60102
44775
52635
11032
80900
18717
92329
50233
49883
37052
62454
45130
73648
44364
25595
12122
81114
14471
63795
08653
58379
52232
37681
47831
33146
61224
58820
24969
29788
51083
57303
27018
77618
20494
55237
71077
93189
17917
49610
52391
23934
57012
74429
39952
85187
51759
45935
80210
19908
80227
10684
68124
18277
22602
50221
10714
43805
01588
47002
60082
16757
32816
36178
75714
01781
28590
94582
85063
39650
73828
92932
84852
86466
28038
53326
11112
56591
44886
69431
23342
97242
83704
89522
77594
89148
34838
24103
95389
21510
53926
00242
22896
24235
61398
81840
73576
88878
63486
10064
05095
82025
12147
24084
65317
32244
90279
37531
10737
81589
83430
27065
09840
25372
96767
73405
76115
63589
56146
05712
86868
12824
64171
76876
66813
78589
39876
46840
09910
08573
96462
90780
99186
89230
81637
38447
05280
28219
51341
29535
23705
06084
09516
99112
74084
65495
69294
51077
91804
20916
19569
04500
29144
11124
61063
31619
45901
87215
79304
77549
43367
25272
40622
06657
80993
97292
60724
89550
47447
61476
90534
27952
95674
94182
63477
73012
08783
67931
69114
92834
51538
68092
05373
90996
89120
39114
18083
85670
74302
46911
57689
94594
27230
41354
42635
47035
38496
63294
19676
06527
83479
12953
95670
07292
50964
29382
30545
77607
35334
99472
01832
84430
91815
37428
37511
79891
85049
55934
97525
43969
49559
41113
34249
71935
51049
09849
67549
95379
95064
91324
93529
09692
92733
89471
38279
10250
45939
80359
38184
63599
23273
96914
52171
06762
99215
15983
76148
63451
53248
61467
53916
43874
96214
46438
64635
53016
77002
88294
90942
17375
65542
14138
31622
19610
54539
01231
38324
81649
05889
46428
92639
12790
54367
97448
18652
59891
40621
71391
09093
09105
54068
48327
90182
20855
60911
46630
46969
59890
53011
05620
03471
14380
36082
26661
27740
30258
09169
91114
33319
88503
82675
17382
22056
63623
83490
54024
09054
46475
27314
50781
98404
91001
57203
19855
51964
85828
08972
02790
26469
09643
08061
97233
61014
24632
65543
54437
40705
41909
56729
28376
43134
32935
47931
24389
99459
74896
66102
45940
34247
19499
92084
06786
87448
95876
82629
97800
19864
78579
29396
43639
82295
55196
08641
93452
33168
04181
13056
92477
18680
88407
11248
74102
40685
48841
65560
66146
51149
42353
21082
57959
91210
40350
22069
43366
80520
64456
91029
66586
80094
53210
25565
51539
24994
96156
49327
62385
36731
46257
83950
89589
10333
36429
76317
06460
60567
75168
43357
96124
83404
31909
45860
57820
00137
94663
67245
48133
64584
52149
64561
44905
23976
72427
79179
62445
99308
20064
53836
20333
76984
08865
91716
45602
91414
76745
30606
88676
51179
97403
62439
20142
49974
72745
10587
81369
72517
37049
61298
05293
96079
64317
35763
44064
85809
10652
85767
57240
41355
63250
71469
95232
54351
27348
92344
18138
55043
36696
55006
13644
71288
64736
45177
90346
53274
94213
16591
97213
39133
63374
38359
05309
52841
98401
42640
41758
94266
46032
16819
00739
39659
86468
86573
15899
53826
36823
28109
19082
48972
33958
64746
35006
35024
28465
29568
21117
46484
16802
95726
25907
60294
14265
59739
82627
27232
54136
09373
84342
99176
05520
60316
27194
85689
69568
35064
15685
58173
66204
42066
31919
12245
67493
67843
59591
43739
74184
30446
66822
24252
05701
63617
76655
84381
28846
53443
81005
37959
92278
15411
98505
83837
02825
99666
52386
48551
42704
41882
65108
32268
50666
23935
52818
94577
73140
23236
93604
37185
71533
49429
85133
96646
37357
41572
86914
37156
86308
07649
24563
97526
33463
24351
28175
36539
85342
56961
89679
17004
41996
99654
71569
63532
15280
09608
81677
22510
67192
44543
53733
50544
10736
59074
05361
13987
12846
26851
34452
87156
46001
70274
17157
96527
64057
64343
23148
77789
17548
71617
94607
54023
99644
11042
71944
51997
47721
95391
92886
20500
38532
06622
58370
98669
94194
47821
10553
75439
96886
31117
51486
17865
36638
97296
73487
44985
03895
43112
25434
29170
20151
09563
87454
05529
81748
16685
28313
51160
53125
34605
97901
71419
46309
97935
15884
93483
40450
95924
41054
77680
61418
10683
81811
60577
22846
18377
96726
28667
53367
71854
09653
81015
46052
25268
50064
56950
12952
68911
50213
52235
39538
59022
73528
11192
36560
06095
40137
00363
59884
53064
38963
49891
01801
07094
26292
57330
85743
96383
46960
71953
94113
10124
44861
95381
65131
03996
23926
33032
71627
18160
92843
37695
63632
26892
05462
85478
45006
20653
15965
99495
89179
48876
48451
71768
35772
39196
86111
09271
85976
58094
81491
39749
43804
24083
43865
43124
54333
65930
61575
85411
81289
68046
22045
48588
70852
60560
63746
72734
77479
38167
86298
62460
12134
38893
00644
02723
66717
23893
18446
91219
81014
10044
39899
35903
36018
95103
96704
76433
14096
69082
09940
42366
62455
24605
16865
27539
71834
58175
10651
73385
75436
35565
83994
42634
95377
98529
38522
69081
75494
53586
73613
08392
73557
76329
02075
05123
60915
56803
88054
63517
73127
29964
71076
25270
73352
19646
30754
12244
97394
09651
55459
72950
49779
41680
44740
82227
56208
64022
71936
66248
90883
09864
18841
84864
52124
60477
99969
47248
71865
03136
56219
50903
59436
05413
95768
64166
25290
85519
87999
93339
65958
01767
94280
49145
71995
87302
62162
72043
92470
71517
43956
50248
06366
47722
07785
63806
57831
01586
10551
07986
05382
11940
26729
93442
21325
31085
81259
98273
12326
16288
11077
98572
84094
76320
22501
17655
19003
09818
87980
81402
50680
96215
62250
35854
29746
41422
38100
08773
40644
19917
10046
15728
29855
33839
37444
38798
57148
31553
89083
79282
97655
53327
85924
05525
27616
13390
28998
97021
77302
99462
07031
56802
93925
73078
34505
16775
67146
86529
05515
25611
62068
77665
80320
49793
68182
99667
84570
87016
57501
53034
91702
11721
11258
81396
67041
09811
47064
18549
52392
09493
54034
96878
03499
06747
29232
37539
99083
43122
64503
73167
85907
31532
93886
11569
63916
74403
13154
97736
65299
53635
50273
59178
93379
01081
22046
71852
09124
21730
34824
37617
95697
12989
85552
54853
05719
36293
46810
40235
29786
64600
77001
42539
06548
29634
45461
68811
78582
50427
78693
07104
48343
54926
99002
51968
42641
38892
57921
99494
10873
51058
17708
25218
27741
81627
29544
13645
56618
13558
21192
28426
51431
88234
78588
62539
69429
62150
51878
83289
85864
26802
97489
99506
96085
25005
72634
61286
86650
05245
19820
06374
52767
12879
13924
74488
20244
51832
06254
70549
59649
80299
29542
65442
35457
86532
09618
45500
84543
23262
92508
11130
51642
01903
14036
34753
88317
98715
69249
13355
80736
43163
83379
98667
77649
82597
23662
53143
02599
77589
88530
82254
05378
39786
09681
81095
44552
34236
19381
46012
95031
90222
89275
68633
09028
97114
36444
63476
90221
25259
63407
57739
80023
09841
71389
03380
16898
41532
35480
83566
47512
28735
92755
60329
32614
05399
32048
09363
83937
95412
87301
94678
25882
77780
62239
93605
08697
82186
67819
35921
47945
05356
46103
71767
44876
15245
01965
77064
80199
68165
57728
85580
53374
45427
16458
93460
63375
44149
33944
80828
87970
29482
44907
48164
96629
47052
23563
17984
30350
52348
71649
59666
85163
06644
11225
99318
25580
49744
54594
23235
39242
20610
05294
87756
64194
68983
90941
34559
10241
15865
95542
70174
35682
49844
09181
44024
28949
99143
90079
84084
63580
73653
43685
22079
58079
16383
29075
54438
12610
12344
44327
46812
63338
84003
26560
48681
16293
32716
37912
57813
34755
22794
07244
85468
44006
11730
08074
53831
36824
10494
64294
83560
20243
37070
45241
09749
97552
08511
81490
44319
04442
71290
36759
50220
95079
78479
68295
83450
15557
30705
89054
62745
40556
39569
58650
00047
40245
42967
65343
46066
69523
51186
10332
71266
15836
58658
95562
03555
40989
49221
41954
83629
95299
90860
01114
75332
81640
08684
71085
68164
98616
11790
67733
88394
19025
87120
25622
67487
81327
63327
09812
01940
56893
34964
70658
11610
07373
83483
19918
68041
21112
50280
09666
40092
34933
81338
24442
71328
56268
10215
66921
60878
86208
11344
11928
59092
64327
04890
08364
66873
46003
50270
26751
45229
69014
74397
52504
09912
16812
34970
56367
98342
06133
26544
49324
51378
72276
42642
95451
98719
88667
68617
12083
89393
65141
26549
28100
66529
18054
84937
39634
40780
80274
25236
75268
34462
92112
95500
51387
31844
54066
46712
07691
81044
31699
59115
44469
81523
22057
10074
53966
10358
56102
01102
56594
59828
33713
11652
61625
94697
16294
06324
99105
11918
91958
95346
38801
35906
36895
24390
19495
98859
75773
31258
02996
94876
16292
23163
57971
64560
64472
02483
57821
30941
34868
62486
08546
86432
50278
80059
34353
36832
17809
64191
00966
34093
60758
68192
29178
99360
41748
94023
71514
19581
37438
02722
36611
72171
07296
19461
25282
32704
27175
25742
17437
50238
09596
74495
06291
58124
89299
48920
49736
36194
07623
27166
98619
71190
96647
48064
26749
15851
65760
53356
34478
46329
46805
26018
34143
99911
56202
17439
18161
11481
37059
80521
49490
64624
98869
81358
16195
60315
89559
11131
02732
85378
12235
48114
74140
93229
95046
82612
48278
08124
41644
27062
11735
86624
07800
84380
93378
12979
81702
47687
72236
76715
58194
80994
52249
60789
41103
22192
26524
96478
45807
45238
10924
99739
52976
01514
44860
96611
23432
09798
52444
23145
20785
27758
67559
90015
94562
21224
88880
92339
68499
32958
00457
89149
49855
84478
72231
28260
71523
21074
82498
76393
81243
74191
25368
13255
68205
05730
06761
28636
11030
66209
75177
55392
56508
77681
58179
66478
88979
05121
27716
01435
34357
14255
49892
59711
18653
41110
30144
95290
81258
00547
59429
55602
57638
51027
07376
20334
95380
91113
63643
50381
97910
21083
46500
77877
23751
45480
29231
75409
17740
05380
11359
65012
79877
47711
04510
50559
18015
27049
26861
33960
86383
52876
07265
45574
93914
62135
83568
21110
82035
09837
63579
40146
52432
03784
01645
83463
05729
42652
93842
47149
35074
63722
42253
82289
53683
05846
64864
83487
02278
26710
24850
65699
48935
27806
38029
36672
35124
06752
25909
12825
81928
91783
99482
79181
01702
24225
30576
41123
64835
19627
51956
35236
96514
34444
74141
60781
62781
43859
59428
76493
56259
96698
75862
31542
98309
97717
84606
58326
82338
58185
41085
20588
48846
99941
26380
70215
50272
88713
93493
92345
87404
10258
86011
84976
25235
10395
07551
53116
92711
39964
52762
06558
52076
98649
30901
62248
85341
29134
05709
99680
65472
88668
27852
18003
83313
68024
72180
33992
95300
54332
09266
91577
11958
65249
19866
37149
72951
38215
16899
34351
26176
58279
62467
43730
21125
16799
91644
69330
34469
11236
54352
40746
10849
74477
87411
02099
95996
05886
87309
83958
62476
53543
30506
60922
54814
58935
29346
11259
90180
60528
32642
14055
00833
08104
91866
75006
17997
54746
93562
49500
88170
55732
18917
44434
94886
61151
07384
31573
60532
07112
52829
04988
23509
97900
62683
76974
71348
16902
63275
83470
62974
49876
57129
52377
54832
56293
74598
64627
66002
57002
49729
37529
36811
47912
44021
08718
66811
76615
06544
45871
32169
41244
75608
00714
58391
10036
37689
60023
50194
66919
21985
35683
93380
05272
42630
92735
62042
61150
88889
85381
10682
18293
78152
90120
73403
94094
48035
97434
44443
75863
56971
95709
75048
03896
53043
31391
31476
18546
66208
42714
53044
60144
04490
60002
98678
13734
88270
64452
39587
98431
57192
61192
47913
85698
12278
72224
45474
94878
21957
33253
25920
26399
53486
87514
87022
34885
64457
26277
57204
54178
25511
08054
98799
62418
28377
66249
63337
32851
07716
27441
08957
76514
32070
90278
23164
42535
09365
60164
82395
69734
28666
53732
48864
36456
05402
06402
16189
61394
78011
30659
88059
08271
09730
06263
42264
32319
11234
42051
75997
40792
48274
25728
10646
97085
95785
63674
46822
63719
35902
97314
32874
38205
97860
83473
43390
80310
77292
12869
00914
21084
32463
59091
35559
25823
45296
36220
89131
69878
31913
03925
60459
90178
46318
22048
39265
16586
72042
59769
46504
24333
05625
64959
63125
28231
60979
07095
73552
66434
59431
42831
71327
33041
62236
41643
61477
18999
52375
16996
38788
66394
99653
25741
06945
60576
00519
71031
52804
47950
16291
97701
54861
61963
97555
04095
37138
91905
90634
57931
58813
40729
29885
46721
60676
07286
53742
12079
94889
40719
43959
09757
52935
68682
64558
40645
95133
58381
10315
24554
07021
36184
94281
58680
00954
79319
91005
11683
62295
46128
28836
73537
54310
21612
83012
43966
33893
64846
54277
86414
98191
86922
65959
04982
90105
72757
97516
70434
95342
43705
74157
97964
82379
23084
43362
86297
77493
79982
91628
08105
00344
16384
04124
47383
88192
75298
69877
45329
37176
66432
71280
66567
85669
90183
95978
65076
59527
51787
66566
90168
17340
09581
96915
44558
54064
38596
63156
02104
99277
36104
50611
80489
78701
04983
95640
61290
21233
86755
31892
45501
47521
67337
47788
92417
84743
64316
27541
61052
84975
46522
12234
84796
63549
54753
47811
55935
71565
29657
44895
84588
32791
48029
73184
41630
95689
23351
51137
50739
07565
09427
07823
18438
48356
51277
34569
28181
91994
03984
28665
04984
66632
47393
24249
46357
59638
47277
30652
44442
78702
20144
32859
04794
48060
89279
75303
50979
94346
15374
21130
33562
75394
74149
60115
07563
79238
09726
35038
89290
20799
69323
91057
28142
37341
98489
18809
67893
33849
49769
37937
60958
29151
71094
94410
27038
21381
46002
92638
89206
30738
01332
52505
67224
21016
03890
85949
15876
72615
99408
01342
99737
43113
77074
55559
44914
29637
75031
49049
48065
71762
27458
15369
51544
64023
14303
40899
81512
62560
64626
64426
31135
02164
96206
66733
81418
52035
49133
94025
20662
83390
75208
98313
43014
51841
42632
46327
34379
74420
26245
39545
36441
25591
99054
61043
36885
47689
58129
21910
19830
59324
03481
38105
55632
92549
89909
82344
79131
63683
18499
57014
73499
54252
06361
73624
32813
95867
56865
10973
80298
40144
17445
95413
11544
91402
84950
96542
15359
31841
94835
12157
98575
25383
95477
84783
33851
27260
18264
40641
63006
94976
35939
59381
29596
01147
28290
94477
28765
51659
00651
39191
09518
56432
89414
05379
62136
92093
21573
34281
56571
55775
63706
26758
08083
11559
29532
23702
66168
49784
95776
05391
73156
87944
35444
14376
81319
17374
24555
07848
55458
41654
49137
72279
78699
98769
25712
61173
94685
36935
68923
97710
46859
05612
25380
28446
92677
50346
77567
74603
16074
86997
16261
61627
10481
74320
76497
97866
68193
85300
47051
04784
73918
94862
54552
00965
74907
15483
39669
32893
93479
08791
90812
23045
50406
15882
31805
77742
31754
01066
51306
18384
09403
42866
41013
02184
34405
80292
96558
59392
81158
52640
50804
69368
71256
37639
55944
08332
94605
08965
37067
16095
56248
98907
09469
52663
61386
56501
55447
23983
93538
01822
45865
21100
90880
75919
22691
84940
92245
70289
81254
66219
71407
75019
48892
39597
28455
24237
48346
80374
14576
65845
07682
29055
30817
63615
15511
69149
69655
38341
03906
29577
71056
18105
58292
06369
32051
73076
74905
95764
43866
56918
15350
91094
47039
19265
34025
30042
18933
99304
18840
81568
48443
72487
77091
41539
14351
17347
24628
41964
89462
77283
12746
85999
23519
64328
99960
98710
75187
02074
83775
80840
09462
30706
09582
33761
44230
42283
03660
14708
40576
96614
29737
90447
06102
34319
72747
32881
60889
73860
55731
94303
06876
17541
33143
34855
75600
13048
72586
18025
44963
95403
19741
71338
65303
79561
56502
01493
28594
39874
09984
65166
02638
49223
32351
53735
11006
58567
61122
05263
59004
17204
47503
04876
12724
89702
52831
46638
15687
92774
47330
01530
94382
86049
10024
53156
36092
99343
75976
82439
41183
04509
42956
65830
35218
77116
87059
38949
50447
18818
08529
82253
43825
81782
56908
45348
46326
66467
42865
57428
71504
85123
48749
48969
21111
82518
11125
24693
25168
44556
53693
95937
50450
68548
53906
16084
62752
45195
81743
94937
09830
71433
20587
99190
42282
65399
78665
71934
63614
23652
29668
50875
27156
82596
66616
84705
71658
35924
49081
73094
06523
65109
76572
29610
50610
35368
99116
97855
34378
51842
24732
26838
69933
21343
99012
44658
39505
90983
46723
10142
87678
15366
64253
24729
07233
96253
40716
49585
92352
48550
20789
25807
07213
60271
65122
99111
02042
95462
99178
18064
65031
64064
85372
75601
91822
82712
77477
10350
42760
90792
77489
28190
22074
91996
91050
62468
58692
99102
36584
06713
01735
05374
33826
00782
36549
02212
06796
32534
80850
36168
07464
25390
31372
37759
92335
31350
13786
88603
81983
75309
17547
68486
53343
53741
65963
61624
33705
62235
73782
93262
43643
31642
07276
24741
73372
70326
54236
76877
12946
70093
87593
58002
48862
70678
88230
02122
17249
30532
01002
02515
56586
57699
54075
69557
88854
73332
17287
28277
04808
09680
90489
76765
72418
50696
93745
63452
63425
24432
70561
90997
36341
33824
27914
59391
71519
55844
66012
36064
01428
81668
66022
96835
58052
46294
80327
38538
81401
77063
06468
34240
95736
93478
11802
15620
36059
57730
95570
67191
94905
62964
08393
47802
05403
87800
25713
37284
94290
45339
71844
77627
84840
60547
80479
94482
72765
66294
32533
12569
71319
63736
05055
32535
63443
78677
69576
48204
45643
63406
09737
51461
19231
52941
81984
24528
26270
20325
09696
17458
42152
08438
18332
44915
33165
24754
35478
72744
05998
58050
98154
01150
52131
93703
80478
31118
05371
24353
47217
23602
90629
77403
28436
98209
01515
86986
58693
24786
99838
66466
48711
92636
79152
44239
06413
38244
06815
74601
47429
61407
81244
48366
28374
46594
12052
12902
87583
86655
48768
86765
08823
26177
69923
69934
38334
39243
97565
19083
06580
06895
32804
82243
64063
51556
22781
91082
67922
84488
30136
91271
34954
57628
82339
30799
44638
25090
64276
50904
61484
58758
20134
68002
68072
47042
97473
02185
35960
65858
23992
08631
80838
64660
17005
59084
07463
61429
67830
55532
42155
20830
56560
75999
38823
91354
06722
00713
74229
81882
11122
15688
49890
42951
49755
39350
00095
06699
87954
00005
48224
96553
02713
32876
17785
62744
64397
63246
43905
61736
64303
86619
89270
18744
42685
71318
83564
72058
52292
77974
03998
46510
18735
64157
69381
30487
58953
50599
81279
02811
41894
64336
48680
43361
01186
10867
13183
80792
64645
21682
01744
41064
50437
80367
22947
00141
86561
36561
32626
55765
09362
20545
52664
18490
06403
06623
35944
25731
21590
08574
30896
47670
58114
86764
74176
67195
85752
33256
72454
72527
93743
46869
08818
51213
96256
50306
01104
84694
37068
99262
25334
56333
80467
81300
34944
16075
89394
94403
74137
06507
41649
10918
24055
01106
43562
66731
90828
71224
90262
35871
57740
50312
65256
73212
65302
44627
26738
74427
22878
48882
86524
61728
06658
99617
65905
17749
99616
18014
09547
94984
28385
91502
63496
82279
50560
56329
77616
17698
54219
91858
76095
99702
65063
84653
58799
23155
95025
98393
28736
99404
34356
00963
08855
22883
95424
19530
36065
78292
12805
63807
90793
44924
53937
95078
94836
92371
89495
78202
99154
36053
91727
83346
96666
50779
99192
54288
26900
39963
48791
02974
47961
52376
26875
90190
94694
34913
97404
99719
55574
35553
62294
40521
88293
60618
79392
58591
21012
24869
11001
84163
85424
53288
78963
56821
95660
85807
55108
48558
04171
07011
17914
38694
82567
87256
95599
24334
99345
42946
29362
24967
84390
96302
59075
12354
46139
72486
51206
39255
80025
72565
73005
86912
84442
74743
30806
52916
95178
06407
85889
40238
73558
23605
62965
84924
05044
33976
80638
33058
73665
46560
11222
20242
62386
19055
34822
60951
64616
52735
24354
26671
24352
48177
71228
32371
22519
75807
22419
36270
42064
11791
84654
99516
46118
12591
83576
75167
87396
89898
24484
82127
59334
02711
16279
61638
40706
62584
69532
91024
76218
95376
82313
42654
73467
76580
17240
47014
30892
89059
25822
78499
53372
73374
44164
11644
42354
04596
72412
60369
30830
55901
67381
88302
89548
66476
46392
62337
91848
88955
29979
18129
70893
77509
95891
66961
99860
55533
60274
90280
80812
26038
89159
80358
69577
06454
30456
49790
09718
95750
73594
81502
24885
97865
68344
19983
05261
37348
42072
91701
34955
90112
05204
18526
87642
74372
79063
59327
25237
89668
23344
33866
98682
99383
62654
18005
17798
99078
61968
43845
97174
65921
97373
37952
35107
30609
63966
91337
73904
83022
66711
73559
13138
83628
40557
34346
19064
70330
78555
53576
74806
11381
93654
71734
43936
97206
46451
21344
58336
84706
17049
68371
19857
89360
82408
86309
98548
80058
19188
82638
43256
94995
28185
29473
95054
31008
25998
33043
41255
95896
16362
97566
91791
90965
31730
51931
95836
76101
95313
75559
81896
32283
15208
12868
80128
94370
71549
20436
61041
85773
08645
05271
99079
34813
11682
70934
80302
56368
06913
36758
31870
99877
39951
06414
97869
24532
98760
06704
31798
62192
85868
31013
75367
24463
15500
68163
54655
05442
22851
46399
06379
41149
65022
02824
64550
33034
70946
62190
78243
08618
65642
63528
71042
80712
24003
44427
63450
25581
93933
90115
08506
86666
08564
97667
85483
09171
44636
10983
89314
80296
62131
09172
59539
01221
72035
98807
58169
66095
22806
05477
16798
85048
37342
53737
54133
08205
59744
07974
96996
06819
76383
07324
63918
67182
27460
55804
49047
64853
41650
13744
53722
62247
08373
40889
55202
37611
43114
80205
06975
74548
29830
88548
85814
22945
38430
02874
10654
46921
06192
64356
97756
73342
20233
49866
96095
54353
52161
09402
72025
79081
11558
62945
72658
33904
30265
44468
24441
90644
68643
15281
18276
30864
51037
88489
90116
56512
43013
63509
97393
31878
05478
92964
21217
48269
80748
45194
24840
02417
03985
86968
43304
42255
02589
71527
71895
62234
91748
73623
64854
10495
00628
16885
60941
60879
33252
66821
95980
39559
74503
24531
84837
17084
84002
72031
12836
98343
95509
37902
54436
48165
64528
51978
39868
35913
62635
74022
79791
09857
74346
18151
91649
89579
45993
20143
31233
91129
37024
29462
50738
39785
00148
44305
35454
74612
50527
45020
19903
53346
96544
13083
47448
77337
06564
27270
38530
36340
63785
63194
85912
61648
87002
86940
43803
13824
23252
45039
60617
11638
09544
23047
92927
18098
28200
73578
92896
97864
25399
98808
57729
34144
09713
09644
71035
84263
50277
29352
43964
85510
58911
48691
66333
81470
19847
86754
28332
24903
97001
24663
05122
25208
18949
84902
26202
50539
25908
99158
54731
48317
09369
21740
50567
84860
54022
96309
80384
13380
76229
97925
26761
37949
50506
46574
17313
09154
33031
39898
19651
75913
90418
73016
43785
91816
37184
79404
12735
42813
59276
12803
70077
54427
28110
39286
31511
88678
49746
84387
09863
30805
77608
12969
19746
66077
28018
11609
00614
04700
26065
63569
55033
41631
16360
75429
30964
51159
90713
53645
60698
51531
04554
89189
57608
61053
92635
78792
51505
01286
89094
26965
25796
65066
28806
54915
47972
44643
15611
95866
26541
18303
85188
39124
39901
51768
85660
80049
95399
53685
72576
86356
94342
29589
43946
97676
76509
78892
10906
27750
16900
08291
30138
58811
06354
31957
24219
93014
14541
31143
39744
41689
31381
24419
48277
97512
45481
37457
63945
15475
55675
73022
84553
47240
62349
67002
93704
38183
01222
15993
65348
39841
72507
04123
10137
04346
43290
37039
08192
10151
23562
61486
07312
28608
42530
90928
20210
32713
97175
07766
04409
77585
63754
57750
63709
46458
48334
29676
09464
03014
76308
23174
40657
56574
52514
26167
15713
51078
95605
59323
86519
09842
79669
58083
43354
09939
65943
17800
95744
50084
48868
44444
76781
64653
69749
37518
77020
33157
05406
95298
51927
04661
36852
31125
11614
94104
85808
78045
77617
04925
70063
17462
18114
88482
63677
18681
54542
96562
56266
08342
83494
82385
12179
30885
87295
32651
11325
50760
94189
09326
25751
36060
21294
50744
76875
97826
35208
75520
24095
27429
24832
77529
93638
39642
43906
98879
06845
10427
40882
48601
61048
85267
03545
05480
91645
31740
05819
53033
75372
23611
38813
40875
86653
30137
33841
06279
71748
86774
51831
03908
11129
75814
43965
98183
49595
83467
76020
63453
58959
98539
59023
44741
05383
33361
65733
00039
17384
32041
98055
01984
73548
21849
59377
12135
27816
94122
67345
54635
93403
46821
63732
42841
89498
64458
37175
76616
10949
55556
41890
41047
31554
00036
14554
98577
18203
44140
31738
25465
22805
64310
48326
46039
35600
92933
05740
06692
96453
76702
62684
76116
04451
53945
52625
40244
46865
75699
27328
83638
92743
25762
92094
57393
70676
48234
56507
23173
28232
86766
55601
46461
18137
98611
08064
53238
75602
59734
42169
47148
63412
38899
58369
27462
93564
63414
87867
36723
12636
93413
87011
60022
85298
68487
75377
35673
32834
59749
21324
46551
11076
96314
75341
91923
25629
77165
54841
86855
14798
96888
91112
95877
11012
48658
42687
51591
36518
85784
91327
94774
52240
67255
76602
99432
51066
29065
42762
02813
58538
17385
34951
19436
32340
81994
63238
98810
26299
85276
09182
53135
23993
95990
20141
60859
88101
24518
64416
92507
90712
44922
35549
60281
91922
74860
60921
04543
09932
48260
21149
73906
47841
11145
97989
92644
22066
08615
75013
35731
28898
50778
12345
82507
07336
08947
25542
63676
97538
65347
30246
15610
79882
32844
10243
01220
17383
43156
42859
68326
71124
29376
07323
76718
80122
87403
70115
52172
83926
87091
97302
88933
63552
05489
96796
92587
54442
65199
08682
32850
93603
83453
92823
92372
56249
46901
93705
50537
91812
58551
68036
28531
65561
74463
05629
75856
87914
35157
19063
24148
67912
52439
51169
57720
44754
73131
69669
32058
52485
16166
88622
42167
88231
88954
91896
28788
44130
91224
89648
79923
72768
41144
31849
49569
55247
96924
22868
01425
13654
03907
18382
67718
60064
61102
12325
81522
93587
25883
59922
82317
19161
90378
13656
01803
30250
21788
36902
31513
56691
70189
38446
51290
40915
01439
48450
22879
79318
99878
74426
09463
47935
08809
81682
11731
51918
32012
15796
95663
75975
30985
97945
31893
70945
47077
80204
40816
88244
55871
23381
52445
38185
59521
78303
52385
85744
63559
24753
71845
54633
98956
75702
67295
41037
59756
25528
25190
61288
75441
05600
12058
78755
66906
14399
95589
49702
25180
96086
09702
63586
97764
68051
09957
98578
04521
52269
10482
44240
59680
70199
92645
67577
16955
19963
16691
80915
87765
55208
98798
25955
71864
06791
75594
95132
96619
91833
89106
99169
53609
16762
53544
31799
32794
51198
97515
51193
11509
15690
25585
62161
43462
38640
31255
54622
54533
82959
18119
12958
05262
99168
40885
50249
35044
73462
03460
95035
24976
61485
88479
50348
85860
71667
83413
52460
95886
22836
50644
07540
16295
61163
48237
25354
05610
14784
58346
63584
96528
10048
73518
04356
58115
34839
82327
29279
15465
83784
93371
54822
50460
71086
11128
75614
41050
39081
78382
75067
01587
84903
97362
95773
49982
11149
27064
86101
09015
79430
51088
31854
66343
98153
34023
06417
79149
73476
26628
76304
81419
74171
60216
71736
11767
44030
01711
22055
61349
30951
50538
38140
08114
43955
18972
67923
77933
29233
05887
63413
80290
20110
02148
38595
30513
94452
24236
10229
65863
54171
12734
94687
53936
88410
26728
72635
01022
95995
86889
76845
48874
49064
96561
98332
16156
04499
48945
93494
58593
96390
97825
19637
53912
33965
47591
10063
82426
74277
50048
25885
35930
48279
18708
45334
40815
30476
27649
44906
49845
52072
72444
16366
92379
43813
45277
16167
38792
63134
57255
46076
89459
84346
55581
31638
59328
50279
37528
52135
39991
24642
52875
07709
56168
15697
20571
17549
47003
64353
06997
64966
75917
17194
20865
03075
99830
11229
72337
15885
26759
81084
67129
05736
13156
95362
09112
52653
37077
16065
12925
42210
92363
95587
29064
61528
33310
37903
01138
53006
41757
75148
91122
95650
58894
99639
84777
14266
34994
94592
28845
41124
42614
30715
11083
45337
02990
64122
53249
28029
76495
52787
69522
97391
97453
98108
89318
23419
45659
82576
61022
53122
01701
21249
71466
81581
64229
67434
95411
89678
73371
92244
07655
31897
74487
87012
29354
11115
68081
73249
71952
42965
29356
95553
82343
16448
82438
88045
46269
32616
36484
55248
36942
04023
36842
20682
97491
13568
89954
56675
49237
86494
99879
13254
99767
06785
47618
94896
52624
47529
20600
16638
37105
21543
65216
96313
99857
55560
17156
44966
32926
95499
30577
81722
07167
43764
00824
09146
89213
05375
24464
53830
51484
64076
51578
54134
71122
52678
25727
61845
76976
26293
55004
51059
88243
19065
56393
91800
61449
11651
08608
47800
32705
76977
73015
44165
91767
66893
48865
67478
88079
40806
45561
10246
37124
94033
74916
98979
65448
62775
07335
22752
81993
95487
35170
93370
73381
74906
18040
09332
04998
22047
24281
74117
79419
41461
25695
16797
11221
23792
93404
83745
69887
33169
70952
82369
05570
45351
13541
98957
86659
44365
96353
10725
37266
41386
75300
17294
88044
90292
18028
38724
01082
60696
51416
97716
74167
60449
23826
49669
90832
73746
18824
49952
19272
74192
44731
48264
80293
89190
96626
90782
59213
74249
92483
35156
98955
54043
50421
96845
04576
47812
79933
72068
16192
55094
32770
66076
08395
66303
47138
85415
38124
15998
38459
52642
67371
36662
05722
27428
97342
77378
16985
12159
45945
29685
46432
92286
93554
36585
03145
64757
33940
26561
41685
88623
93553
30132
21010
77595
84876
98274
01101
18765
17026
37072
21204
34924
06886
93958
57269
52934
21232
38802
53785
53310
61508
85031
81439
91929
94606
27457
78162
63463
09628
86955
91020
40770
55659
31128
93477
41529
22184
98582
21511
19382
20576
13391
09196
48215
31706
94672
91081
07055
31019
91181
44007
24519
83530
29587
29678
91040
76529
66268
41321
12608
56506
61466
22934
31794
17241
57436
96324
92150
69499
94553
55338
97666
98930
34219
59094
66519
82427
65304
43985
70194
11138
09698
36903
11799
68243
19745
67391
42651
92822
87058
42531
20652
46584
08971
84896
97309
64758
35445
75057
55501
55448
09918
42785
31714
51966
73503
86256
72268
61565
06792
25594
86710
67833
43663
43518
81094
17765
37277
35481
14148
11126
61649
02093
36704
26757
37178
83850
15919
45840
98283
27444
94978
20577
44025
15399
05640
73513
05929
46209
96896
09527
45093
06385
67567
64533
07124
08030
60476
32774
39535
55016
96705
52964
58270
55543
57833
42364
69883
46609
33854
28420
47630
44626
09078
14037
00014
75595
35359
28885
61844
21939
06266
36069
60598
65332
19462
41105
13934
86743
30356
92353
81389
25575
47558
08651
44822
66568
09137
13735
10740
13834
88809
32714
66863
58701
70449
06709
76303
85876
75316
00195
45854
41009
97454
92408
08663
19287
39595
54336
54151
81057
19749
05711
69281
82499
69271
35575
14687
35168
32013
88131
85414
42164
99700
11026
78116
40610
15600
39250
98482
67919
99015
26848
64442
58075
26712
66122
04800
97494
95145
00984
87774
10225
44934
62425
86040
49059
27527
11803
75317
71036
58790
44527
39585
47076
81910
18940
82345
95382
09178
72746
85368
61944
76816
68542
87414
46519
04501
26540
13754
63302
45247
77579
68345
98658
99738
61837
75056
41892
12025
61042
84378
43638
63426
66716
57698
05896
16796
49213
80015
50322
13557
08402
06450
12957
35727
41794
86366
70046
81742
78587
35039
31609
63346
64814
55438
77377
50978
28709
29789
89313
94888
04366
02588
76248
88138
52366
31903
58059
91638
41392
09276
48051
82585
37685
42724
45864
59249
95442
17752
25831
00102
40476
53806
18655
09553
23691
82958
80914
68293
49588
31371
98767
53734
87393
92833
87899
48790
08377
97022
05995
25249
43011
35207
73390
25851
89009
07212
80369
99688
75615
15381
17196
39878
10552
64158
16264
68195
08628
85754
90345
73580
65426
08404
83575
75414
14693
59952
93915
52071
15985
40914
46720
03646
94263
65413
94013
39296
48205
35453
23994
25590
23986
90703
07364
32066
86016
58392
53585
59133
50065
04299
05721
05270
52349
28365
58082
77508
68587
12045
59710
65600
04975
92212
91984
41147
48173
57493
41760
05975
79457
59538
94497
90711
51286
52381
35970
64587
87214
65853
34034
67202
85769
76573
64549
98402
55348
32357
32913
82363
62376
45473
76528
05209
20798
39550
96674
96563
78880
97204
59656
64444
30897
70209
10221
80195
42347
94661
32903
42441
44432
48179
37618
25455
64075
06121
71058
95999
65843
06514
22543
64747
15698
64307
76594
91221
34854
43067
37961
15967
62276
22847
11515
71268
11846
79686
09792
60825
46531
42111
69656
73228
48266
16090
67486
46238
01122
62246
33945
98413
22791
81395
78983
11587
64523
50577
98333
96512
60821
77293
05492
19781
67719
37704
59784
94679
98054
36738
59292
01538
65075
64860
53619
80368
92362
96213
42110
49234
10451
36805
68381
66963
97254
11538
33855
81612
90727
98214
00221
46194
07684
25468
94677
41019
74057
04303
46694
91200
63150
30638
21830
21105
78787
06085
70668
34082
97164
05996
25464
93964
12077
35852
09964
49640
85132
53740
23766
25861
46711
74494
15819
42348
79787
24453
25293
91711
10259
63033
28431
61826
41018
75430
60697
98495
58651
29082
11941
11028
62604
61034
35539
03381
21075
98605
10325
74616
69657
09064
19947
24293
49594
29489
31456
64650
69194
61504
78654
89828
87652
54528
40577
07193
46722
45023
82564
09727
67165
29110
66816
72390
01327
81792
91811
07985
48758
80661
19640
92378
17065
00124
06781
13854
91793
65208
33263
57248
13515
99839
11246
47328
18645
39792
96166
90347
41421
21848
41431
41956
16290
99607
07446
30908
97011
82244
00606
05720
64861
18834
28491
41556
38333
99870
95452
73684
54624
75023
13148
86583
13280
91884
57950
02427
68185
72895
58828
69181
01091
51238
78138
87014
56177
43733
15875
58060
34002
95123
88411
97554
08649
08629
88332
63336
80083
06557
95673
83664
61326
46228
33290
91222
85760
83127
28472
34934
90624
34985
72403
72050
76995
04976
92578
19709
08857
05304
06464
50878
11577
60688
65652
62426
51561
69787
45219
87669
40337
30142
00054
16711
96597
50522
92994
53164
03553
70162
07676
01076
24683
84704
29749
53634
15787
66907
19178
11025
56674
79892
19628
83213
83910
39197
80279
91876
96208
62569
38497
81295
19281
79414
79824
35082
89199
94004
53362
68073
19225
98645
31138
91015
64604
40660
47080
10305
07749
77214
47581
25454
50026
06836
18287
08528
48730
27338
12236
89112
24290
60527
95266
49884
71067
67811
86643
86818
80004
37447
00530
95889
29137
07626
63538
16809
29646
82508
98629
43314
07680
18004
39542
27119
32814
74291
81479
98131
64623
21681
91794
05145
94662
51958
80532
50803
95213
63304
01644
90628
66205
58572
08930
24349
73427
70320
75950
95032
72314
91215
13136
06083
73177
64176
16204
63034
73527
05405
17927
99183
27561
74292
63427
62477
81210
34722
49792
16359
99681
43064
73494
78607
18928
74473
39855
96552
95276
24996
94289
54157
78889
43252
80294
62043
05888
60858
07627
61578
55904
81741
48069
49092
23771
60518
29436
23840
00863
48866
24766
94587
25821
62364
20132
07454
30522
36054
48739
76220
52250
10670
97863
48836
57829
41639
82228
34860
18383
61058
24137
95887
03477
97474
42013
26514
51104
03390
09461
04096
13532
08596
10359
01123
73137
48690
07913
23814
14532
40226
62066
35379
70150
91832
48345
42838
63348
06302
38465
25628
70161
10220
40639
81317
22135
98047
52820
78131
51291
49265
98691
02174
19984
97677
65247
32184
64067
96518
42791
39396
05552
34869
47038
41991
56911
20180
10245
03383
21148
63938
19652
21244
27800
47118
48667
80140
95890
71985
20394
13173
02493
92722
31119
28141
62224
41791
10136
88800
26534
89304
26357
70302
07263
08394
17274
40715
60273
97727
24867
41641
60557
35974
79216
62137
06719
99898
29706
79924
44023
19181
51098
73806
73795
66486
97012
48491
61068
39143
42829
72313
96920
70657
75002
56246
69378
40897
42814
41645
17448
08819
50532
50115
05416
07663
48893
89205
96612
12148
99226
08784
00518
26103
27467
32806
68699
43652
93319
96885
09965
35964
13480
60508
48978
07923
66023
83460
23263
05977
46991
99811
28119
74904
83495
46333
60467
41659
80150
60194
18099
08949
79139
01326
65844
11249
22967
19770
72040
71057
26894
18536
02799
51506
99276
78371
36785
58073
24381
99484
83648
78592
98617
05500
12002
13609
56672
24795
61577
89808
02380
33619
81128
46731
92824
95401
76319
40640
56960
17913
72518
64304
25483
83464
72213
64412
87044
11781
46900
88978
44011
60447
83852
08840
40804
63324
44807
61399
98698
60913
50879
46794
68733
09192
93764
93795
06163
07223
38082
28184
14683
95885
73784
75021
25812
90419
47712
03391
29472
26876
69508
47570
22326
69404
75898
00151
54576
36712
89170
61527
38288
06885
95774
12896
06491
40037
48265
45582
29496
24895
97253
07641
85382
97757
67214
41462
20435
28681
00483
52630
92140
91191
78316
50622
00145
63537
78566
94914
77765
32738
09942
60269
92005
10916
81068
97528
25489
08326
26695
19546
54342
29588
08553
31760
63005
64413
84836
19028
63609
68935
07313
80005
61083
74147
76828
49749
96867
47511
64539
16776
46673
42422
88472
29644
43427
62238
47403
40997
12515
52687
65291
81957
97216
48105
44219
60376
94852
65006
27524
40135
48160
55600
85524
64944
56720
86553
11139
59223
35773
83094
53226
37649
89806
96945
84616
42125
11230
52322
99094
15380
41891
05660
27749
28746
93677
12557
23153
69430
32619
53132
19681
90532
60320
78791
81639
18889
80925
91032
71418
06914
82275
63642
19839
75618
68582
14271
27751
90519
36167
55021
25871
03554
83630
86510
31083
32805
73916
02890
56294
41640
60578
84842
30552
00057
51194
31898
92459
23138
70347
12094
86572
28180
92171
43960
25820
97413
70193
03515
79215
63928
24156
54291
19800
33033
14374
29141
25457
61576
40081
89908
60278
46803
89048
26824
81539
41210
83561
11146
42851
45600
05144
88047
91083
78370
75855
38350
87866
72407
35096
78392
79162
22226
58269
03541
52668
40531
99413
29666
00702
33341
97444
60952
98233
49770
91492
66908
03490
69744
99710
78855
14290
59078
84483
00192
80522
00792
28430
83529
90986
97075
39144
99777
82743
74227
76473
06143
59177
22174
19964
25702
79302
92514
10671
34925
14967
75216
26865
92934
51381
48214
37028
05203
75415
24380
19078
20225
97517
31354
25370
75977
77889
02756
37228
28798
66203
60558
46474
22155
74513
76091
99930
94578
24583
89004
85899
35468
01145
22935
09852
92813
48344
19568
31788
60759
15898
09739
91084
01429
50710
15976
14470
55347
44304
88242
30257
76849
50047
17341
40221
11959
35378
10141
60568
05342
98112
74527
41282
18260
22017
78955
10530
23226
70560
91023
71678
28375
86827
51442
84985
06204
71033
94356
14728
73618
44265
33519
38723
71188
35518
80123
83810
37801
09102
08717
14688
48968
10780
87552
10874
80880
37785
50557
70045
05507
13953
31689
36002
42867
05560
32826
73059
13887
31899
38898
30146
89340
77478
03640
45502
15090
01799
82735
57731
54694
44352
18447
39490
52828
24359
40338
72575
71931
46961
78004
44841
48129
99806
70144
46710
09534
40500
53677
60893
61726
64527
69922
72036
12099
96466
51076
98293
89807
50321
42644
33092
43635
80870
51339
20553
48767
80035
36077
98972
10859
74177
15877
25862
99798
38545
12858
47257
29647
27910
99179
19435
65690
89593
05345
38114
34905
29152
28191
84010
17933
43264
87463
98301
21135
96887
04586
50590
84895
42074
18366
26192
18734
56718
81122
00123
57707
34361
88402
19496
49641
71840
18857
35901
46383
41083
12723
78554
71417
85309
95561
26748
38594
63292
33964
30720
51330
31523
08681
77391
23824
50144
98383
47128
31698
72758
46448
90277
51313
72212
16628
91158
52418
15812
44359
91031
37078
57732
51758
30662
94682
81339
85529
46422
89914
00447
02222
97682
55916
74997
96362
25280
51902
78192
31018
14095
52449
28617
40437
88502
49668
35920
06985
70164
61389
31640
96985
00973
64652
09412
26434
00168
41759
24530
56584
30729
51392
48500
74653
66571
29363
35007
82453
00864
57182
77191
80105
60347
09800
07277
61164
87464
42050
64228
91939
65659
48288
27220
85619
98410
21638
17446
48465
43313
61748
15699
13432
62735
70627
12644
06517
08376
42625
85040
87394
11016
37060
89227
06599
00064
97234
88283
97845
54923
99867
25403
74312
40532
50780
80283
25841
22788
15895
25951
87010
72033
31009
56357
93253
70534
35543
19671
91639
54447
14156
46548
19332
01966
75763
01042
08748
87898
89467
95383
45601
73077
98275
72499
25069
33803
73819
83380
66177
01040
86828
01434
59278
79393
90086
21840
57718
92832
44063
99859
