2338 86 60
4 1
13897
13146
5949
23013
17037
10215
24111
12760
19309
19876
14818
25697
1792
18998
18725
35670
3340
7509
3859
10870
27749
29595
36303
37938
36208
2714
14359
23544
22154
35117
36856
24920
6157
41842
33023
29500
37836
15338
39651
28316
10723
16310
21797
21535
13391
7890
4831
13458
15596
17746
22626
36704
36374
24348
30983
2120
39158
21171
10969
13722
8911
33999
18862
20850
29322
35729
18205
20474
21912
1170
26415
8053
27795
18025
41969
36117
38906
21441
3634
19190
11025
25977
2390
37691
3467
26834
31450
2400
23270
6468
26531
21684
7820
38271
7962
14431
12705
8031
10579
12015
16032
1737
13473
4068
13021
10452
40323
33498
7323
19850
18578
19676
31650
32197
40834
345
18100
41480
22518
38702
29465
20647
37127
31911
4808
25699
39412
14750
17598
5083
41473
11012
9711
41189
16964
2661
1530
35508
5130
16972
20459
30383
3291
39888
23492
996
20867
33712
39499
34847
17536
8336
12703
1229
25700
33908
40549
41184
30127
3194
8956
33607
6407
25820
18334
9831
18031
26582
25689
7960
32917
16269
4381
7955
5920
27116
17360
20984
40418
34080
8818
22017
11604
29259
18986
24259
35424
24445
29944
40323
33959
10434
25910
1018
25547
28008
37284
17883
7421
11576
27255
18028
35898
34675
5873
22905
15483
33995
27111
3484
11793
10923
7151
38296
25181
7845
36048
12294
4112
10623
13464
32559
18526
14688
17805
36552
23426
28802
20584
18189
11389
31551
6067
19841
21871
15343
11578
22392
40991
41957
25654
29987
12333
35960
26631
7622
8474
36755
27461
31021
17729
33441
6685
28878
26406
21298
12972
24995
41201
18442
8811
18074
2831
27278
41350
6544
4490
16862
41973
38349
10239
32488
40864
26886
23485
12703
22064
24559
13405
25643
38101
29013
19526
28992
5932
23601
2263
10032
35325
28162
8497
1324
6085
2988
20184
15013
23879
29764
11957
18218
6853
21607
41084
35666
25934
37632
15926
19259
40637
35611
27225
36276
16105
26098
5169
15025
5791
42046
855
34875
26148
7536
11706
7696
28174
25454
4005
35659
28915
26905
29032
12216
25881
30932
5448
29755
8520
28629
24822
21491
39625
33557
17780
32960
5204
41626
39424
38416
37964
1644
1046
38114
22557
29829
33483
24275
15395
34651
29879
24814
26874
7317
22479
14613
33090
29803
19613
2171
32679
25967
19881
13057
40685
22235
22778
29318
32561
31190
24946
9213
13769
30632
17189
17972
6788
4422
1160
2205
27514
34518
16623
20346
40469
24674
22257
1248
40500
24311
40901
22785
27406
36743
7862
34608
12374
13604
24509
22074
39491
32032
6062
33637
33370
29244
16861
16200
19543
31863
22019
22925
38437
26043
37127
20499
162
39475
7096
32469
34635
37505
6922
12854
1420
21086
23779
7780
9889
12924
14633
32496
32813
21169
38236
16923
2660
28221
13264
41667
14093
31164
10409
35315
40756
8937
15845
35483
18647
21298
41350
39617
5642
28892
3602
33915
28295
31230
38175
35725
24573
3325
14065
39363
23753
27189
11230
37003
9521
28388
29072
29642
19229
33191
10663
13612
19682
32259
5705
13693
21886
25119
17476
18678
13341
19955
2069
41261
34753
33084
31033
20835
28743
41737
14139
13487
29246
27516
17095
35135
21858
37861
8004
7304
31945
25185
3366
12645
7159
12217
15397
20907
10535
16865
12540
28445
30224
9205
9594
6061
14113
3868
1198
1398
11350
30933
1877
40725
1718
18485
3680
34772
41073
35895
9261
39670
22946
23680
12308
1164
33498
1397
33885
35484
7836
39926
24551
12373
5050
40770
27644
6585
34909
29680
31724
6166
24849
16816
2306
1427
8684
16371
38998
35746
15137
20001
37724
35522
15407
7156
2984
6680
4522
128
30641
38324
35036
4088
217
7856
20263
25123
6694
13596
9210
11454
25276
25268
2267
32701
42102
21626
24649
3846
23883
40446
9032
14429
21539
32826
37598
29948
41885
41987
29482
32929
6206
23551
24237
6719
20869
4392
37508
1709
31001
8806
37600
16392
41662
31661
10616
5288
27439
40299
40177
29545
1807
7570
37653
36088
18778
17893
28497
8951
29872
9375
40909
262
28108
14250
11095
21579
36165
35361
13724
40631
34152
30801
5680
38377
32214
33330
27573
9024
12439
37334
12731
6584
29391
23599
33459
41479
14773
14698
39816
5677
22151
17440
6342
39361
26464
851
30196
9383
10129
8835
880
23101
33041
25389
21806
13665
23253
41736
10871
32146
34154
36752
20849
18626
18433
27857
14745
17040
25267
23155
35904
8460
15127
38547
33731
32746
7345
15846
9494
41594
36111
19266
33392
39297
32487
31687
37630
37318
34122
29711
28481
22082
40965
10652
5179
12592
12432
11538
8645
15290
12407
14650
20289
25950
10223
27847
38186
8652
5695
12917
307
462
42084
14990
11943
7083
33692
31083
19295
41214
24997
30945
35040
37716
7831
36791
33720
23457
13072
6589
13662
41297
34777
19196
36416
1274
18569
42089
22064
21644
12130
16407
38367
15975
19787
38358
13082
18243
9748
1455
21812
15087
22383
31817
4509
27635
35546
6433
22868
22984
22491
12931
29774
850
22765
29243
36608
13108
18867
26140
41830
9033
4657
33817
35865
36771
31489
10492
7810
36103
28350
39839
7067
18033
42168
16697
16679
21248
8673
13755
22377
5616
4572
17071
37353
23605
41603
21096
38088
23879
7573
14144
36873
14080
21675
28789
30574
4524
9648
30655
37520
1805
39323
20503
41385
29974
35767
31902
10025
16923
21858
34305
7956
38197
19106
28293
5972
11354
26162
17709
33819
796
25578
6106
7187
1572
8403
20032
5186
27545
5193
2939
41154
770
1280
37433
8332
4853
24517
9944
18927
11108
25276
31722
40207
37168
3539
10902
15389
1263
24294
19613
7795
9991
29860
12704
38313
3007
16242
30905
37348
22473
6537
9419
36441
1990
28211
7955
13104
22358
13235
27690
9706
40435
1930
9316
16535
13733
26642
32548
30260
34402
13909
1991
943
22744
7597
3327
27396
38349
28002
18574
10410
23772
7055
2636
1863
18962
30458
5125
37995
27505
38130
29432
14107
34770
11349
20254
40482
28676
29591
14603
40983
19729
3979
23231
37568
20974
32172
16460
26104
37232
41922
2128
38026
26234
33415
5132
627
15290
19933
41879
40382
15003
36428
11086
13500
2535
31801
35430
33348
34838
41754
11090
11151
1081
39269
28879
21340
29229
873
10869
11323
36808
23202
20408
11521
17427
36945
16133
10252
30813
28551
36914
41842
8185
32480
16221
30017
22583
15425
18876
37001
33478
23478
14931
24891
27399
7471
32870
2251
39806
14863
33214
5758
12049
35851
21007
30966
9035
30015
22111
26142
3590
5524
38297
23108
3309
15641
27186
33055
34360
25511
22389
8384
24172
23505
37623
36574
32868
17430
22727
31062
40691
19565
14472
674
36601
25623
35190
25105
9546
10022
32540
42167
31627
38476
13506
12485
32755
37551
24410
12168
29697
11945
41115
3446
26715
33254
18879
36586
26417
23098
561
25156
15247
10097
29063
33211
20388
2578
21386
8989
8794
20410
36920
19330
26191
29280
28869
28982
34157
16166
30493
22360
3421
35872
14740
4223
24243
15370
19860
11190
39231
2998
8434
23203
38876
31781
26310
41430
17520
2946
12284
11143
41351
10101
22766
9811
5082
19897
16184
27348
12260
4583
23551
17650
2779
4885
9664
13346
30591
8329
7520
3304
15245
25582
20744
6514
6810
14253
41232
16835
24333
22364
26516
30558
39482
31028
2344
41818
16841
37268
23452
16935
15014
5396
35474
40715
41708
27058
17258
30939
14020
10330
38575
17202
36285
2006
5639
35216
10986
39668
29769
29671
3039
22363
7469
34461
37721
17061
32159
27318
8776
19036
20142
7163
1564
36265
18734
23761
14635
35418
21818
16975
10391
1973
37924
9233
33244
37565
28740
14149
7920
40989
38274
37297
5333
2518
1508
12944
39842
26063
26605
31911
2907
13781
20699
16352
36531
39415
6964
5727
5916
39839
24850
10188
23
18562
39655
13059
28002
36990
18473
20230
33496
27706
39228
33569
29577
920
28772
22088
21171
29250
13483
2730
39798
22292
20615
31827
36277
12583
4386
12414
25807
17827
13331
17234
3597
31903
10244
24553
3265
2658
41177
18718
40292
1257
42045
14116
23945
33201
33199
26185
4598
25159
11886
32576
27066
18836
25749
26832
1853
5106
29353
36591
33261
21720
23704
20061
15237
31072
8462
19737
9934
5585
9683
14511
13734
28200
16292
21952
5539
36756
24315
15467
11319
8899
13966
23290
15534
10534
6116
25677
22854
38684
30052
8152
24040
10162
29529
34262
24387
30341
15602
31196
13020
23988
36052
5897
37668
23084
13020
30790
22269
24137
27842
25103
1318
13179
35387
23595
26685
9725
35582
11383
27230
40314
8256
33682
15980
25335
13426
32498
25227
41269
37352
32131
4494
41359
18652
5423
7361
16623
20168
12154
21115
35501
8570
15422
12
30777
35178
29683
110
11430
41045
17033
10566
11269
35227
7041
38953
29243
22376
35546
8322
38767
21692
26756
23974
2416
26463
15477
13027
22335
38054
26599
10229
2330
33555
11156
26525
11654
19030
41201
10178
24466
12526
35863
6684
30098
34778
5209
5384
4333
5380
42023
25882
39397
22746
13988
18123
26003
24027
32504
35018
21253
10364
23214
29841
26206
30841
21698
8582
14655
8094
29903
2279
39697
37622
15424
16823
17044
13789
2522
15899
12621
38310
22232
32778
6208
2492
29663
24727
19951
26641
28969
25829
20457
33877
25596
25682
15920
3490
7833
18223
30756
20930
38049
17269
3503
33321
4119
812
17851
40711
2313
29384
23381
6530
6017
22700
14301
42080
28246
27510
9147
18528
21705
17546
20453
37290
22074
38095
27949
28685
30465
8809
31757
27536
12948
26311
19839
37856
35155
9289
9287
37671
31579
2252
7403
8332
6620
22783
29955
20425
18331
16174
3142
32044
8773
11037
11407
12998
2505
38924
3556
21335
5592
1244
23547
26933
15898
2572
36164
13132
40125
30345
22482
4363
6966
17128
39094
3247
13952
15137
34834
6504
7005
11470
17006
36194
6825
33900
21129
35431
18941
16745
3154
20077
30578
32862
29556
2299
12827
38452
4041
15445
10865
37322
8284
37776
33480
2414
38840
14280
11530
41596
17655
24128
15190
1851
25305
13450
18658
31277
33219
23328
4638
13393
10788
22050
22213
2068
21286
13917
29554
29926
23769
3172
37105
41225
30150
8690
15992
36573
30059
20774
11812
23956
24946
4498
39191
745
12484
38700
12867
8127
934
33110
3906
8785
36777
13856
1164
24721
34358
26445
32872
10798
35415
22993
17302
26251
14238
23583
4488
4974
13342
38560
3313
4030
30233
16239
5074
15156
13640
17003
3659
15497
31417
4241
19486
15704
39925
15056
36756
40339
34736
23507
1466
5848
44
27163
26746
6493
14564
31073
7855
10655
14183
3169
20338
15929
26499
18111
27313
29246
40618
191
70
7525
7275
39935
5747
28244
408
2416
4449
37986
2085
10499
8090
8992
8306
11739
16460
14832
27118
16215
41690
35892
3834
726
26208
23132
15484
14348
19633
12586
40571
13962
8476
39378
19909
22477
38165
20586
7001
33327
29642
34814
11077
24285
20662
35993
19513
37431
20969
27241
13656
20604
34837
36151
29853
19753
4795
22117
14373
40844
12900
6383
30286
11605
13101
41166
34903
33245
36873
1285
13364
24795
21316
15103
17194
9762
17301
41165
10584
15341
35066
2854
28746
6731
19061
6871
3216
22874
41555
29171
15494
32115
15105
12742
40888
20536
4500
19027
40602
28514
31942
27431
35908
26226
8942
7993
30902
35308
15135
32746
1017
8178
27381
34604
41766
19833
24144
68
40170
37370
25995
7983
38501
9163
11147
25010
7964
4772
1154
38578
24575
35920
18158
8812
26613
1128
31776
31033
19145
16645
40966
4129
1665
24260
30414
15635
22842
13902
13774
3604
34632
40258
2686
23785
36364
35267
3080
35704
28345
19216
38827
22917
13913
17640
1426
20721
1450
39172
12292
36533
26754
32997
12585
18228
35504
40300
20129
1114
15363
38280
30154
8328
26825
6496
31638
24265
35981
10141
40077
11439
24743
33437
10799
39554
38915
30650
14959
28994
9863
23865
41180
232
25726
32570
28016
37816
14873
41704
34947
13366
16238
30637
41509
19822
15782
34594
39423
31627
30563
15729
7161
3284
17461
40680
5877
27248
20123
39015
39062
35412
850
27684
9764
15696
26599
36529
24768
39184
37960
17201
4469
38666
19427
25458
9410
12362
19979
16938
2097
26920
1122
2837
33905
31437
19238
9071
36596
38540
19854
41598
30760
41614
34708
7781
18940
25889
20926
15666
2335
40078
14537
38804
975
22212
29000
29457
31238
35704
20610
42092
18595
28337
37777
1951
19634
28254
30953
13397
25391
6208
27783
23644
32913
6660
37409
20717
40605
41008
10515
39810
13152
5566
31130
38063
8798
17662
17389
29705
5733
34299
33099
5148
10004
40931
3746
37555
40575
26761
24547
38868
38762
37417
4439
3917
13110
35550
40648
19837
32586
35972
951
457
6242
39497
1584
32741
15803
36698
9978
1623
4269
21662
41261
39533
4624
9319
9120
10620
38668
38587
14755
21121
28131
22679
13946
36107
35007
19810
20698
18752
30402
22554
4986
7347
40554
30861
31751
37876
24679
13725
38488
16942
3268
24782
17467
3778
40261
23440
30058
1392
25877
41499
10641
36169
40725
18735
17655
37509
13845
1179
21031
33663
3988
27483
23945
14806
39488
23651
26357
25234
33263
26797
3496
38812
27666
17664
5229
31283
14110
39659
1208
8311
18421
35335
14916
19986
5334
33661
15014
25289
26920
22164
25719
35583
30875
28233
1115
28140
18
40376
27999
41881
26495
34072
22540
29423
31238
11657
36584
18100
12531
7693
3504
22988
13094
10761
29455
12101
35957
6399
36199
22306
35721
16872
29844
19495
8948
22114
33582
40253
37043
29156
24197
39226
25391
1951
28205
21702
31669
24256
20674
4394
36489
32526
22406
27883
40325
6062
26156
14733
27489
8254
25412
36275
36802
7006
37218
11504
4448
27742
35557
523
40474
18042
36830
21494
30123
190
1635
33619
40601
13613
6770
28130
33056
16732
14656
15172
5025
36314
7528
15922
12681
10541
26702
32714
37253
40703
7733
37468
5479
38768
18259
33740
35499
14143
34605
18161
12579
5745
15570
13538
10673
494
29001
10141
11814
16069
6922
23085
1951
36890
10187
25459
15374
6883
3342
27850
23793
36861
16221
40795
2230
33391
11040
22722
41281
41761
33593
30089
9195
39175
6184
222
35189
7713
18234
19703
20670
16299
28292
21835
6382
4227
22365
17112
11934
31370
14296
14823
34840
27131
40901
21241
4064
26190
40253
1337
14949
2583
6251
29154
9470
5953
445
22011
12392
10389
1830
24922
5494
7303
39661
8230
39238
29430
25630
19129
28496
30886
36268
38550
7201
14229
36822
3339
13031
28324
25585
7149
27354
29026
20397
40980
16118
37922
38775
6061
3206
8451
25213
35715
24650
34324
8159
4021
22840
8593
10962
12658
29740
24238
