1393 433 10
9 2
848
7984
12695
9984
255
4501
25993
19371
7249
21398
5702
14657
32100
11231
1302
31714
38460
24933
41505
39110
31724
21476
21896
21205
14573
37460
27093
35011
4168
4603
24086
20056
15193
33772
38118
15473
31439
30501
8498
4187
21780
37204
13546
29980
29013
33005
30303
28949
34474
31634
30733
8675
24333
41989
19553
17645
30244
17969
28470
16653
8571
25605
39541
36217
34511
29785
25153
13795
958
27312
19220
30991
22985
25265
34277
14911
19331
23717
11666
30589
18629
3075
34712
27528
3218
9356
1183
35107
35931
39355
12429
32789
37677
41380
34250
9356
17392
32792
7785
4671
14386
33962
37203
5739
40142
3543
14808
11728
2092
5759
35156
3677
19923
8466
22461
23012
26386
8023
36638
33630
10893
42038
28489
5182
37783
6168
7733
25213
28030
29837
36823
27742
26018
9678
33414
25937
36343
32047
16888
2823
5375
20730
9618
33299
28234
40549
23793
31825
38618
19341
3671
30593
39412
1214
8769
11736
23472
34006
40639
40539
5875
4019
15012
4441
30497
33697
15399
12724
32077
13938
9763
25323
41005
31308
25362
24945
14094
20570
41699
14826
30528
36630
14861
21788
14028
16316
35147
18138
6043
3009
11437
31300
28070
15097
27196
30865
1829
21989
4665
21219
17626
23933
10900
31489
31422
13855
26083
26322
5335
9236
37259
20477
6182
17528
39645
36105
8837
29588
1956
5384
17970
15668
39897
29205
34581
22380
27003
14065
36502
40022
32452
30983
34798
40618
39725
10379
10727
37295
40254
21365
36901
7298
3067
33388
28327
15167
6273
16545
8694
8666
284
4859
17503
18296
5233
506
7310
25878
24153
18937
20891
23747
4403
9146
24435
37658
31652
10802
22417
2078
14556
22205
20073
7273
11952
4076
28841
30845
32091
11802
20033
17472
38527
26814
24533
33306
38707
40056
37905
13600
24518
26604
29141
14041
15979
39182
21735
37156
13378
36708
24531
16758
13099
483
22089
13179
37977
25108
11162
1822
8646
14669
29827
30967
38172
2283
29254
24075
10281
2074
17377
9497
28976
38296
1795
25021
4048
24863
20455
39352
13722
1265
39283
6466
3334
17370
2581
89
24396
13456
24183
11425
34477
11173
9321
21979
5618
16039
21241
40110
32616
19279
22451
11987
24972
14395
20721
25224
18167
23247
12146
30101
22099
18407
35222
5950
2708
9907
4108
24160
40851
33812
20210
37818
8213
28270
100
27301
24125
6970
7241
3445
1916
18447
36774
13
2849
26807
27372
1279
14871
25695
16145
36858
17335
30014
35142
29249
21633
3015
4856
39942
36635
2710
39790
36647
2903
36183
30160
40230
22248
30876
7766
14739
39831
17414
33226
33483
32056
25839
25193
27200
24459
2295
1368
16979
15340
22031
32087
23639
3368
29565
32340
5399
7133
8485
31512
8698
6009
20562
4338
16550
18034
26246
17151
33808
40312
2476
9545
2874
16428
23452
3095
32571
21293
16043
11086
14299
17433
23303
3049
22976
11577
30092
6383
7491
30686
11937
4630
5596
30316
17361
7467
5202
3355
34921
40178
34
7683
18806
40571
7503
17873
5793
11836
28959
11342
10734
27284
21654
15036
35060
24750
19539
4342
36637
20814
34281
16094
18226
21191
28784
7358
9842
22550
24391
1
24254
16505
41571
31036
1921
18345
5218
11700
40186
36466
28309
24820
16544
10510
26004
30613
33721
6645
40206
6056
491
39023
20817
21596
7582
12674
23927
8519
18522
1170
28197
26229
7739
14972
38822
19257
28563
35789
27320
5671
37377
14270
22173
28692
25598
7612
36923
28095
10693
29679
41624
32999
15345
12081
19034
13286
32109
37559
30031
15355
16292
9412
10187
918
11029
34041
37324
19290
27002
40815
40157
21279
20947
2240
23481
12656
29414
37984
41390
38024
28902
35725
30776
27420
37051
39651
40430
17225
38431
3769
24393
39906
30737
15396
23577
21833
11438
21467
26028
20805
7461
37074
19616
33581
22164
14662
39427
39879
19207
2887
15251
24707
36326
30719
28661
7108
40553
28496
21303
14054
214
38736
36495
7709
25004
6640
29435
6264
8006
9550
38645
4144
16727
29958
1087
7949
35820
16543
6051
8459
293
18881
3201
27615
775
8909
9272
20687
29925
38010
30392
9369
16414
18456
15025
18469
37031
34188
7449
31432
12530
36148
41654
2715
32632
29739
34502
8742
36032
28369
14462
35980
11921
12180
32119
15692
1049
32814
36203
7031
7674
6859
31451
22048
26363
31341
33131
12053
7164
32347
34062
11718
33342
37851
7397
37531
31562
17706
22241
134
17749
25768
32166
18337
36023
35299
41746
11022
15271
2469
16228
14529
27612
2200
27592
6576
29276
7992
25248
4394
5738
11335
12193
15649
35210
4484
5225
10639
14076
29909
2272
29906
36055
17454
15561
10180
25967
25
16824
17940
40934
37119
8958
5986
37985
860
10856
16539
5738
37545
30956
37982
24010
39347
743
25090
17084
10893
25273
1252
34894
7238
40854
38604
35005
12682
1682
40589
9078
33317
36005
8061
22587
38618
31541
31800
10780
41251
37211
11926
19944
12103
36673
36228
6467
17829
16659
35960
19740
9375
13413
16285
35657
2422
22524
8028
22519
20112
40931
41950
39330
39406
31969
36648
5564
16495
829
36294
6567
31902
40986
18
7348
13993
7948
14413
22466
32935
29579
9425
39056
2998
35597
16937
26334
12017
2203
21906
11868
16329
7622
8255
11484
24216
20353
33379
19342
4075
27566
26016
33998
40880
39229
25158
3489
24531
36617
14182
3952
3016
15502
6535
4260
9714
15891
41753
23761
103
16126
26891
8599
40891
7884
29811
23850
37365
27125
38991
18877
25984
2538
2206
26458
7758
34800
12933
17952
28172
16922
22647
9119
4276
24937
34291
34048
41188
15777
10285
19593
21905
39533
5202
35271
34961
38870
31389
38345
34289
27819
10054
37800
20909
24501
42081
35754
22326
26496
29541
33657
10975
16820
2754
28379
14841
34552
40192
37548
33615
29735
15657
27376
4277
27050
15775
2534
7597
10043
3207
23431
2056
37585
39032
28921
10568
6414
41654
16416
29020
41465
2719
4344
17229
5540
5906
19343
21259
5835
20954
21146
3434
24748
24571
9866
35544
39965
37453
11393
23324
12161
9700
4949
5941
34721
39962
10107
19184
19193
39313
20737
3268
19750
26404
36169
30737
36333
32053
36558
10922
41893
17404
21202
8948
6543
20976
9374
12417
19071
31434
34372
834
39103
18481
36133
30819
6568
11603
18184
9780
35415
18858
23307
3254
17105
38203
14013
38698
4468
11314
4418
32922
24201
37943
21850
15072
37397
24593
21358
1101
15138
12356
2018
20469
6631
9850
13343
14470
1881
26637
1093
19156
4171
30812
4006
10303
20181
27824
29763
26790
8389
5461
35339
39177
38283
10750
8025
1333
10791
6486
4071
12856
226
21179
6676
10088
21625
8190
13253
6352
12472
30157
13880
40528
35463
35665
31136
41958
2155
4268
9382
7954
13356
39100
8597
25344
295
19680
17161
22397
9619
4949
9931
11501
41023
12075
9327
27806
19469
201
20461
32090
3975
29479
5376
20127
21822
27879
41368
34816
26849
5300
23451
32529
18872
10001
39069
41167
37474
17549
9936
35755
41044
12561
32771
41542
24004
33353
39967
6992
14415
23988
13027
32699
25715
39531
33927
3474
18092
24753
1546
19723
24570
21308
8206
35283
32686
23299
16833
2013
24724
33279
14215
31619
25117
16278
9373
20765
40409
1435
27909
15354
11792
2369
5999
4274
33416
12476
5889
23734
36166
18268
6518
31496
2787
40755
32856
12931
30837
29097
19534
33359
1991
27761
18807
19282
21096
34534
485
39821
8690
13523
26038
16092
25621
14608
41336
13965
5045
9194
38339
18391
40653
9152
14202
24848
33503
29864
32558
26440
16866
34154
32742
32165
40534
13949
26831
6676
26143
11175
7032
30239
41818
15928
37194
23175
37622
3876
23766
27268
15379
17322
1350
35854
10446
4089
3923
36804
26293
16471
34859
31119
8424
29146
11329
28040
28154
27427
5095
6686
13461
7546
25895
23652
34108
41338
11404
11584
5369
25161
18411
15605
19695
15320
18516
37410
20198
1332
3570
27291
20470
27494
12359
36982
39678
27794
7680
4521
1354
25000
14632
23784
24180
6719
18927
20658
27424
11643
42127
40124
474
774
5209
13662
16571
40605
5489
40802
24725
35194
7667
17792
6584
22963
29240
8986
22682
41870
37234
17314
22468
3121
14176
19782
41329
12423
8422
18620
4463
3150
7998
3611
19924
24697
2444
9278
11173
37411
21244
3790
2966
14300
26634
6653
19953
17555
41728
5201
1056
32984
37128
27346
19546
37178
15458
1813
15860
153
11083
23428
3282
28351
20855
1881
22653
1298
12941
8550
14346
3142
7446
39975
14230
41066
1580
40067
34461
23378
8894
21712
5500
8170
31460
4970
31274
20771
26109
10649
32907
27818
27395
24395
9810
5597
6074
41224
7910
18339
25437
34862
25440
8693
8497
13264
24289
38064
11491
16925
