444 232 39
9 6
8836
14793
33795
19067
808
23515
16558
19443
40968
1931
41965
1100
40787
22919
23497
33091
5593
19772
11685
25695
41107
20388
35805
22472
11797
30494
413
24329
13287
7481
7984
8483
9044
110
8295
23039
32013
23943
20010
14525
20334
10590
24973
31696
13169
33216
29077
1787
37772
38047
21847
21669
9784
12966
2534
36862
7131
40738
31452
37610
12403
27883
18836
36585
13034
35048
40868
23203
24983
4502
31459
23556
21758
24446
28135
20943
2272
787
27271
35444
23389
39633
27299
16068
22755
38121
39645
11609
3863
40040
15907
13802
22863
18147
855
34801
29063
2842
38124
36594
35372
5694
38331
18234
42112
22948
7919
39636
7897
11709
37325
5544
7854
24036
5727
883
18730
10870
39193
13000
22728
25520
25409
28338
16761
18665
11440
10349
27543
39894
19197
10062
9291
18686
28559
40641
585
26327
34622
28603
9246
8869
27680
11750
52
14114
31603
24303
21070
7533
11577
35036
20259
17809
35416
18542
16581
12808
4155
34299
13397
33920
4060
24700
10424
23601
9811
23030
11926
20005
31815
13246
18885
1992
22980
9318
37654
2086
3861
2005
9022
2523
39676
19037
9146
4804
12774
32124
24066
21158
26118
30396
16690
21775
38210
13937
29733
33557
516
4238
9142
28440
32807
31300
39616
20846
27579
11920
27374
23159
32486
28216
26021
8602
20348
1179
1751
2324
22001
609
15451
36753
24837
22457
39003
15259
6577
16666
2130
18314
24352
10134
35603
28755
10020
39791
16347
5691
3727
25381
38749
40903
32708
10715
24140
42187
24853
28525
40170
39484
30965
23818
40700
372
19209
11480
33399
5453
36312
8594
28794
32763
22941
12185
4580
216
10451
29576
19282
40505
34357
19234
32188
25544
25217
16661
6460
22208
15069
12147
1936
35960
40428
31867
16747
39097
10629
41132
4239
8112
9745
5164
26326
41412
4576
34198
26881
32569
17283
30628
24491
36285
26835
13121
40578
20493
33337
4958
3583
19298
40479
31018
8648
9270
10167
10363
41995
22343
6812
40773
14289
41110
9797
27037
13843
19735
12525
40767
22457
23245
7649
7365
14165
37777
35151
1296
18285
4973
33064
28055
26185
2467
19350
8757
30469
10461
34411
32764
39379
41895
32544
11166
18934
27356
40988
11515
25211
4804
7518
35181
37122
9554
27351
2236
24253
29188
7639
2977
411
29082
36984
41712
36337
939
35641
31828
28862
40950
26546
42056
24762
9149
19985
40881
16858
14076
24529
15599
27788
37478
27534
12352
7313
16775
12429
15457
5753
41313
27940
20410
35116
19209
39724
28208
18254
9477
170
11832
3784
15561
3160
31068
26366
3355
29889
12341
9330
39066
40379
11060
10858
14000
11013
14943
8754
5037
13553
16649
22447
33195
26077
36104
32720
5106
19992
41236
19316
36872
4137
14051
18316
4711
11684
2767
