2233 30 70
7 1
16812
15706
4039
2418
10628
41097
24352
34075
36413
12299
40396
6776
6917
26723
17075
20173
20825
20627
33986
26585
39945
17485
26747
41974
41572
205
709
38811
25211
40599
26940
38064
19626
21495
21450
9437
10277
25263
14164
8110
24234
27569
17394
25340
3065
24888
22260
29484
25711
10732
12591
33616
37649
40609
6931
10615
12843
13087
11989
4126
36542
27525
30682
26451
14891
21318
17146
18619
8048
28139
34253
12070
13052
15844
14262
38040
6520
3797
32661
16769
32333
31663
20241
39750
9806
4138
480
6107
26514
3789
3614
10436
4451
31585
8386
22437
16938
4596
36564
42130
18802
7385
9693
2062
32684
34997
16776
20746
31876
11270
34636
29047
39330
3799
2076
9913
12438
22413
29282
1263
40436
6330
21643
20574
11689
36728
20062
22668
22348
39999
34475
11185
13018
39328
2559
39861
25497
4016
27523
1642
36770
19622
27456
4341
6693
4932
4824
21314
14030
3425
9293
38827
20663
19310
29323
8606
13851
28872
11447
27934
36591
2927
12984
36208
7009
34694
20628
21736
32932
27209
24738
24113
17506
8669
18956
14672
37951
33249
33438
23792
9268
3973
28571
30107
14637
26020
26050
30070
581
9826
26672
29416
34653
34596
2371
34576
2011
20210
27941
11517
1194
18741
30130
28861
27454
31909
22340
29602
32785
33362
13774
9945
5458
30484
14892
4618
19410
14934
8310
54
36140
10568
1342
17163
25662
36364
13729
38538
31107
6794
22864
29745
26644
12522
27647
34591
20242
30874
37804
2935
4900
29406
16514
11649
17585
33617
37346
33823
27431
8389
19023
16845
25823
12809
39697
26883
31863
7859
12628
7973
38292
36586
7442
20380
6216
25559
3181
41178
2805
12206
7089
38476
21326
6535
11311
25108
36282
40168
3540
34348
30501
31373
17505
2902
9011
36018
19198
3481
17654
26177
24991
11027
6419
30780
6717
35281
11676
9148
30115
40489
16000
11920
11247
29924
22006
11589
39487
8150
1387
26976
28109
30346
27447
2042
40152
34693
39790
591
2743
25477
597
977
7328
38918
14202
39385
30483
2002
18949
24631
9854
7655
23214
13919
36183
10975
15345
7733
4811
12601
13280
39793
29270
22773
7632
35806
199
5065
20307
17622
16849
27326
9504
12209
32720
1520
19042
38270
35296
39062
9037
34094
1052
4879
9740
24125
18985
41181
40571
2477
29078
41929
17052
19615
28530
18149
6718
31194
12431
40098
14431
21900
19000
40852
41361
20354
13886
22674
41628
8267
7606
26397
20956
18424
31839
25835
23824
24973
35790
40684
29669
11452
25684
7786
23902
40781
32462
890
30449
7029
1940
31350
31324
11451
36034
911
17471
8013
11202
1113
7502
7382
9315
34911
13913
29148
14509
34370
36652
35220
25314
16051
2957
22609
22412
5375
15738
19283
22345
22060
14935
29872
30404
5042
38739
18656
847
28016
8160
22353
24629
32696
41242
11539
29840
16222
18318
31223
2256
29784
11208
10944
4747
28131
12172
27642
14576
16752
3351
26614
15096
2471
7432
13842
25716
18383
26920
37692
28872
40663
21139
29091
33548
19672
23562
1550
1477
8032
19093
41593
33458
10446
19910
36217
19907
19281
17106
27644
23285
34519
30477
14667
9407
32650
7712
6070
15465
39544
25737
21977
9768
32577
33925
4082
501
11999
27987
5100
13209
25029
7526
7853
38347
15878
5146
20094
32516
39522
41721
13574
17488
25206
25866
7947
31563
4005
21192
40844
27135
3072
16110
33317
22788
26495
34499
23300
14100
7328
38094
11462
9665
5991
35629
2024
33690
17648
12534
26442
42069
20369
31055
3885
2170
31647
15411
39463
36138
3881
31826
23599
15579
31289
12048
4096
10247
5874
32785
38080
17760
32959
10695
28948
18101
13308
42160
42068
7981
16300
35401
26834
35528
2573
11607
6775
3831
14567
16852
17683
33895
35679
11075
13222
11644
6120
25680
6697
33018
31320
19680
30299
39539
35303
26099
14940
24290
25656
17840
20593
23045
989
24372
1262
26478
39692
8736
38003
1845
26116
15087
8164
7205
10601
6691
34582
22273
7353
35931
24250
1645
13928
5435
23430
19204
14459
6969
9082
38797
26076
21472
8046
14171
2328
12837
38621
34751
29353
19923
6778
22123
34504
30596
9914
21598
2702
17215
30890
11917
4297
20259
33046
28123
24613
8526
6423
13387
31413
16284
28925
17953
19198
18627
491
37675
16686
19386
27289
14881
19985
16594
985
9369
28786
18292
30740
15019
2055
40606
24144
9923
34236
19490
39961
31501
14913
15380
11008
20797
26920
27955
17315
34942
26624
28099
27894
24883
3769
19171
3226
30816
42141
38879
33540
19211
35316
40844
10019
8308
41366
5424
16519
2538
20868
39919
22584
41202
39918
31471
12836
36836
28379
27395
18610
4731
9528
41441
22997
25152
5768
1470
28422
31454
11893
32371
20682
10695
8128
7462
10858
2911
23221
29667
35153
22090
8001
6645
29537
24555
7990
22324
22477
28355
37365
8954
10767
18177
3717
26605
33522
33197
37956
980
2331
39388
12543
9753
15370
13538
31449
32043
9953
32353
38866
11262
35329
8106
17104
41567
36864
4846
7530
2485
26439
11553
33622
13547
25670
11033
5691
39632
34144
19459
13212
7705
400
41539
25758
38560
34306
31820
36712
32114
14477
39556
4185
8030
21102
2179
26491
7573
3276
12046
33118
8725
33851
5511
42123
19046
17614
28925
5988
34183
20160
944
4979
41573
15260
6941
221
24848
16559
8570
41190
15543
17860
42055
11473
38029
25583
21044
13582
32558
38433
25608
9915
17850
38676
35234
2471
2861
29326
30490
25151
26174
20848
33383
33873
29709
35083
35241
9097
13073
16907
6261
38713
28141
33209
13366
40216
29084
7625
25420
9180
15069
38503
3973
5890
14985
30181
9821
5007
33273
18140
3283
28942
27855
31000
29575
15832
4559
33106
14798
33379
28759
9244
57
25601
7929
41512
3835
21130
24824
1480
42158
6152
22445
41892
17829
18142
3911
21742
40899
15225
14801
24585
40175
4901
7558
445
27921
1517
16071
8006
31971
25027
37298
24797
2325
36196
39521
24410
34524
18567
15459
34581
21332
21571
7079
21064
1922
35481
4967
22740
13817
16237
32555
11634
9332
34559
24785
23371
32035
26913
34751
34064
13233
14229
35582
29082
5645
7577
40896
14210
16834
21985
3511
39368
12717
32077
23035
31262
24424
24348
15466
14718
9627
25037
34116
16287
26382
40370
24574
26325
20477
34340
13412
27741
30893
26626
101
15984
8099
20462
5939
19413
36682
26103
4921
6023
22932
5642
24673
3802
16570
13738
40734
32143
37849
5358
41096
14190
21177
27152
11747
32603
25647
41229
11417
11264
1190
35070
162
39262
6721
24348
29076
18749
10971
12512
12350
6116
36748
12427
23373
29956
33791
28890
29823
34615
15905
2833
40953
1183
26133
27908
8046
29487
18019
24273
31372
34481
30783
39933
26976
28850
36824
25007
27056
40834
5922
22519
4306
40211
5436
20646
25065
35520
5799
24956
37038
29348
26995
8665
27609
19031
11134
35143
15559
21616
32039
28267
40639
7911
11517
38327
35306
7396
13666
41229
37313
27104
27126
12482
30999
34219
9590
3824
24377
7905
28238
36973
7167
36270
6244
28233
2474
30056
42064
15179
3856
1826
6918
30703
28834
25543
38038
30337
8150
10154
14471
6736
11182
38306
21649
31619
24588
29743
41087
33129
16165
38277
2744
801
16014
5773
31477
31118
15193
5832
10771
30717
17142
12697
20969
30772
13911
10813
93
24816
30558
22020
41905
25073
17185
17064
26177
13608
21702
37347
23258
16773
28899
34575
8328
12668
12651
18486
25837
30570
13670
23943
17374
24886
31658
19117
24959
9529
29582
22331
8530
15072
3190
25463
9876
36530
21270
38696
41460
17301
9045
7392
41721
16125
7091
23938
16834
37089
35445
30445
17690
32306
18476
38060
26582
5048
32678
13351
21726
37864
10589
7501
41677
30404
1860
15885
16362
23331
3166
18957
28242
40000
30011
35956
19856
11925
1185
26688
29939
3500
13344
5489
5329
30889
28751
17203
13649
4107
32866
38242
22868
19836
79
30705
17214
13850
32335
25819
38594
30544
7060
13271
38270
8725
24377
8823
715
10713
39245
3781
38147
31573
40225
28071
37265
4336
15113
41508
18410
40893
12401
12780
6294
36764
20188
7283
35013
7275
4808
15877
22514
35682
32209
26044
17077
34141
24849
23412
12630
15923
1439
38191
28095
19140
36763
34840
14328
3923
5446
4217
22677
6794
28501
35551
10618
17347
34467
6460
14390
19966
25619
13947
17896
10490
32917
18730
16829
41147
40288
2550
4468
34358
25225
35769
1646
34256
20597
18159
34973
28336
1395
17919
30127
10585
22208
7142
12708
7586
9601
25446
31765
22631
28153
33478
34508
2451
437
25459
29404
8266
13031
14989
29049
9541
4118
11753
31431
16874
36891
23992
32655
29449
24680
535
4989
39342
1920
7244
30446
37713
8227
17758
14872
11308
24612
3517
15928
10977
14958
25915
14257
7782
38906
34849
15019
19058
18500
5397
21154
34155
5204
12719
35417
9803
32953
27119
19666
29002
23175
2542
11766
18345
29695
6733
3676
38712
8234
17678
27650
5526
20239
16791
36802
41011
6705
21302
19330
23299
31200
6211
15453
41556
29971
12862
16038
17567
23490
26774
6021
9501
39271
13429
34635
38383
29106
26973
20408
24984
31205
3616
13545
16566
11558
1688
39210
38913
11040
32198
23039
38277
17793
11834
18870
23780
16033
33478
31430
41328
18596
32609
33798
18909
4770
35744
23612
2824
14648
14483
36407
20342
10647
28548
1365
35876
27215
32747
35916
23608
25253
14999
20052
13912
30847
22211
8196
20495
2709
25810
6625
10848
21426
192
21904
7708
34213
13591
23712
10720
9864
30536
41749
29003
25228
16662
10203
37812
8281
38413
3185
5719
13529
23104
22369
6931
29160
22379
12179
28252
3307
17824
11230
38674
26907
35818
24510
28064
41519
37581
4330
3473
21462
35804
22069
14582
17952
20856
3258
30993
21407
658
26187
1013
33515
3073
7845
24007
35039
28649
25430
16886
21051
31693
37866
19964
6091
34419
31909
51
6518
21931
23786
14740
29050
27813
4271
40448
26564
23070
21179
17680
9780
37386
31293
26965
30970
6275
3731
13567
22413
38525
10970
29211
15645
28180
3623
2822
27819
17943
34476
29510
24796
37132
37943
37938
29091
10577
40368
18630
7607
3269
32935
6894
23921
29924
13294
21007
32129
8579
7200
19223
3462
12720
41113
1663
13793
28619
23642
38951
30023
23387
26676
31321
22263
36383
39749
29338
36497
22486
414
31523
40991
3635
8154
4010
25339
7125
7202
6974
20434
37102
30140
30099
30481
41711
38262
41267
30347
31144
5942
9002
30846
33741
17786
373
41986
13348
39129
9809
17582
12785
1322
36046
31605
6390
30258
16252
951
32117
21641
18158
15761
41409
26333
41790
21057
12000
28987
4280
30447
11977
11887
19275
28836
18732
14549
10403
34079
27846
33408
21273
9110
25755
21573
9627
6225
27613
29973
12048
15527
34857
37923
34946
39326
15488
42145
25297
36042
23578
8384
3549
34368
3437
4735
27675
27063
9018
25777
31168
15844
24715
18118
23615
31438
9184
36253
2412
35941
20344
14647
6679
4818
21883
21311
25423
13877
15263
15990
14822
20687
11151
40105
26497
3241
22993
4
6139
35246
5566
11856
41310
13121
17377
31783
13356
16010
1178
4801
3097
11022
10537
25884
22318
40918
9595
24577
21786
36061
10388
20008
2027
5265
26162
23196
16050
32847
31945
24382
26656
17101
39351
14873
20823
25938
31524
1649
37950
24215
37172
32354
1433
9847
11968
7060
39588
23783
31087
33095
24757
15090
18801
22275
40272
6642
9166
7954
13908
36998
198
18894
29737
6418
15047
23028
15262
1005
37546
16119
41052
5143
16280
9033
8159
13188
6429
11174
41314
10898
1266
32872
1218
24314
12389
39393
36867
15681
35407
28773
34014
184
13293
24961
2078
4155
32546
33583
26006
20744
29143
30266
9656
17330
16564
9505
5994
39220
13616
8866
9281
17580
20501
16339
20183
19379
5376
36137
32813
28353
27235
21040
25755
37803
36884
6756
5303
19555
25864
11525
22005
19208
8306
8739
38743
24312
19251
19651
11151
19948
6102
27125
32893
37237
16594
36198
9644
24502
9174
5035
33082
7794
32477
33989
10530
14957
33345
38955
36145
38378
13842
23003
27307
28413
17960
33390
31084
40874
29547
13483
3298
41695
16900
13473
21128
39707
13422
38568
8653
14473
23030
19788
22483
32460
1283
41672
21307
23200
37421
28043
200
35045
28174
14374
34696
3501
402
4096
38032
467
19230
38685
14177
41397
11395
40416
3991
8224
7354
19581
10444
18417
10901
12608
8087
6543
38710
775
3589
27990
41271
2403
23899
36802
37689
13202
31983
6361
1732
36690
7644
74
41304
36624
9205
1217
9937
10577
35229
7051
39790
15180
15765
17493
15762
20174
38120
34121
12771
13302
2478
34925
32229
36315
19904
28866
9865
38152
1132
37394
25720
16777
21393
14187
25589
18284
2915
36563
35282
10682
28498
24492
32849
26710
33492
5645
33323
22367
9292
15007
30342
23433
29483
17784
22928
18688
6128
39805
17849
38207
31968
25518
11725
38109
9071
18440
26736
1907
25312
8616
6186
23162
41763
5383
12749
14862
35386
23473
35913
28500
26508
12500
36237
40668
38626
41863
23597
7932
18973
17408
28979
3561
2639
12113
27817
8860
30428
4053
22521
19831
14365
24274
22088
16169
9181
37502
27444
18648
13275
41467
28574
19998
25543
10251
10008
21114
299
15739
10266
28511
12924
35691
7973
1845
3800
36269
33918
41394
23218
38836
9549
8767
23934
28417
5997
3222
15694
33432
40191
39709
799
12378
5589
23419
23443
39384
30270
41200
27383
31970
26103
33035
6604
37230
34235
9747
1333
35936
20159
5681
29178
23524
4589
19033
31682
8835
39585
14697
5784
17808
11970
11595
8359
4450
13245
29767
12251
20901
38104
39424
38
32175
22082
38124
24892
16893
31811
17716
23683
30483
31421
26441
31574
22720
31030
12610
12139
30808
40126
10947
19563
38997
25398
18788
6396
17829
8392
1631
36406
2711
36615
42008
20457
36671
9665
30036
26357
21640
1035
12106
2327
23743
14639
11506
26617
14861
30590
35584
32041
35779
17177
29321
29660
35362
24562
16852
34354
19005
