2500 16 5
5 2
17
34
51
68
85
102
119
136
153
170
187
204
221
238
255
272
289
306
323
340
357
374
391
408
425
442
459
476
493
510
527
544
561
578
595
612
629
646
663
680
697
714
731
748
765
782
799
816
833
850
867
884
901
918
935
952
969
986
1003
1020
1037
1054
1071
1088
1105
1122
1139
1156
1173
1190
1207
1224
1241
1258
1275
1292
1309
1326
1343
1360
1377
1394
1411
1428
1445
1462
1479
1496
1513
1530
1547
1564
1581
1598
1615
1632
1649
1666
1683
1700
1717
1734
1751
1768
1785
1802
1819
1836
1853
1870
1887
1904
1921
1938
1955
1972
1989
2006
2023
2040
2057
2074
2091
2108
2125
2142
2159
2176
2193
2210
2227
2244
2261
2278
2295
2312
2329
2346
2363
2380
2397
2414
2431
2448
2465
2482
2499
2516
2533
2550
2567
2584
2601
2618
2635
2652
2669
2686
2703
2720
2737
2754
2771
2788
2805
2822
2839
2856
2873
2890
2907
2924
2941
2958
2975
2992
3009
3026
3043
3060
3077
3094
3111
3128
3145
3162
3179
3196
3213
3230
3247
3264
3281
3298
3315
3332
3349
3366
3383
3400
3417
3434
3451
3468
3485
3502
3519
3536
3553
3570
3587
3604
3621
3638
3655
3672
3689
3706
3723
3740
3757
3774
3791
3808
3825
3842
3859
3876
3893
3910
3927
3944
3961
3978
3995
4012
4029
4046
4063
4080
4097
4114
4131
4148
4165
4182
4199
4216
4233
4250
4267
4284
4301
4318
4335
4352
4369
4386
4403
4420
4437
4454
4471
4488
4505
4522
4539
4556
4573
4590
4607
4624
4641
4658
4675
4692
4709
4726
4743
4760
4777
4794
4811
4828
4845
4862
4879
4896
4913
4930
4947
4964
4981
4998
5015
5032
5049
5066
5083
5100
5117
5134
5151
5168
5185
5202
5219
5236
5253
5270
5287
5304
5321
5338
5355
5372
5389
5406
5423
5440
5457
5474
5491
5508
5525
5542
5559
5576
5593
5610
5627
5644
5661
5678
5695
5712
5729
5746
5763
5780
5797
5814
5831
5848
5865
5882
5899
5916
5933
5950
5967
5984
6001
6018
6035
6052
6069
6086
6103
6120
6137
6154
6171
6188
6205
6222
6239
6256
6273
6290
6307
6324
6341
6358
6375
6392
6409
6426
6443
6460
6477
6494
6511
6528
6545
6562
6579
6596
6613
6630
6647
6664
6681
6698
6715
6732
6749
6766
6783
6800
6817
6834
6851
6868
6885
6902
6919
6936
6953
6970
6987
7004
7021
7038
7055
7072
7089
7106
7123
7140
7157
7174
7191
7208
7225
7242
7259
7276
7293
7310
7327
7344
7361
7378
7395
7412
7429
7446
7463
7480
7497
7514
7531
7548
7565
7582
7599
7616
7633
7650
7667
7684
7701
7718
7735
7752
7769
7786
7803
7820
7837
7854
7871
7888
7905
7922
7939
7956
7973
7990
8007
8024
8041
8058
8075
8092
8109
8126
8143
8160
8177
8194
8211
8228
8245
8262
8279
8296
8313
8330
8347
8364
8381
8398
8415
8432
8449
8466
8483
8500
8517
8534
8551
8568
8585
8602
8619
8636
8653
8670
8687
8704
8721
8738
8755
8772
8789
8806
8823
8840
8857
8874
8891
8908
8925
8942
8959
8976
8993
9010
9027
9044
9061
9078
9095
9112
9129
9146
9163
9180
9197
9214
9231
9248
9265
9282
9299
9316
9333
9350
9367
9384
9401
9418
9435
9452
9469
9486
9503
9520
9537
9554
9571
9588
9605
9622
9639
9656
9673
9690
9707
9724
9741
9758
9775
9792
9809
9826
9843
9860
9877
9894
9911
9928
9945
9962
9979
9996
10013
10030
10047
10064
10081
10098
10115
10132
10149
10166
10183
10200
10217
10234
10251
10268
10285
10302
10319
10336
10353
10370
10387
10404
10421
10438
10455
10472
10489
10506
10523
10540
10557
10574
10591
10608
10625
10642
10659
10676
10693
10710
10727
10744
10761
10778
10795
10812
10829
10846
10863
10880
10897
10914
10931
10948
10965
10982
10999
11016
11033
11050
11067
11084
11101
11118
11135
11152
11169
11186
11203
11220
11237
11254
11271
11288
11305
11322
11339
11356
11373
11390
11407
11424
11441
11458
11475
11492
11509
11526
11543
11560
11577
11594
11611
11628
11645
11662
11679
11696
11713
11730
11747
11764
11781
11798
11815
11832
11849
11866
11883
11900
11917
11934
11951
11968
11985
12002
12019
12036
12053
12070
12087
12104
12121
12138
12155
12172
12189
12206
12223
12240
12257
12274
12291
12308
12325
12342
12359
12376
12393
12410
12427
12444
12461
12478
12495
12512
12529
12546
12563
12580
12597
12614
12631
12648
12665
12682
12699
12716
12733
12750
12767
12784
12801
12818
12835
12852
12869
12886
12903
12920
12937
12954
12971
12988
13005
13022
13039
13056
13073
13090
13107
13124
13141
13158
13175
13192
13209
13226
13243
13260
13277
13294
13311
13328
13345
13362
13379
13396
13413
13430
13447
13464
13481
13498
13515
13532
13549
13566
13583
13600
13617
13634
13651
13668
13685
13702
13719
13736
13753
13770
13787
13804
13821
13838
13855
13872
13889
13906
13923
13940
13957
13974
13991
14008
14025
14042
14059
14076
14093
14110
14127
14144
14161
14178
14195
14212
14229
14246
14263
14280
14297
14314
14331
14348
14365
14382
14399
14416
14433
14450
14467
14484
14501
14518
14535
14552
14569
14586
14603
14620
14637
14654
14671
14688
14705
14722
14739
14756
14773
14790
14807
14824
14841
14858
14875
14892
14909
14926
14943
14960
14977
14994
15011
15028
15045
15062
15079
15096
15113
15130
15147
15164
15181
15198
15215
15232
15249
15266
15283
15300
15317
15334
15351
15368
15385
15402
15419
15436
15453
15470
15487
15504
15521
15538
15555
15572
15589
15606
15623
15640
15657
15674
15691
15708
15725
15742
15759
15776
15793
15810
15827
15844
15861
15878
15895
15912
15929
15946
15963
15980
15997
16014
16031
16048
16065
16082
16099
16116
16133
16150
16167
16184
16201
16218
16235
16252
16269
16286
16303
16320
16337
16354
16371
16388
16405
16422
16439
16456
16473
16490
16507
16524
16541
16558
16575
16592
16609
16626
16643
16660
16677
16694
16711
16728
16745
16762
16779
16796
16813
16830
16847
16864
16881
16898
16915
16932
16949
16966
16983
17000
17017
17034
17051
17068
17085
17102
17119
17136
17153
17170
17187
17204
17221
17238
17255
17272
17289
17306
17323
17340
17357
17374
17391
17408
17425
17442
17459
17476
17493
17510
17527
17544
17561
17578
17595
17612
17629
17646
17663
17680
17697
17714
17731
17748
17765
17782
17799
17816
17833
17850
17867
17884
17901
17918
17935
17952
17969
17986
18003
18020
18037
18054
18071
18088
18105
18122
18139
18156
18173
18190
18207
18224
18241
18258
18275
18292
18309
18326
18343
18360
18377
18394
18411
18428
18445
18462
18479
18496
18513
18530
18547
18564
18581
18598
18615
18632
18649
18666
18683
18700
18717
18734
18751
18768
18785
18802
18819
18836
18853
18870
18887
18904
18921
18938
18955
18972
18989
19006
19023
19040
19057
19074
19091
19108
19125
19142
19159
19176
19193
19210
19227
19244
19261
19278
19295
19312
19329
19346
19363
19380
19397
19414
19431
19448
19465
19482
19499
19516
19533
19550
19567
19584
19601
19618
19635
19652
19669
19686
19703
19720
19737
19754
19771
19788
19805
19822
19839
19856
19873
19890
19907
19924
19941
19958
19975
19992
20009
20026
20043
20060
20077
20094
20111
20128
20145
20162
20179
20196
20213
20230
20247
20264
20281
20298
20315
20332
20349
20366
20383
20400
20417
20434
20451
20468
20485
20502
20519
20536
20553
20570
20587
20604
20621
20638
20655
20672
20689
20706
20723
20740
20757
20774
20791
20808
20825
20842
20859
20876
20893
20910
20927
20944
20961
20978
20995
21012
21029
21046
21063
21080
21097
21114
21131
21148
21165
21182
21199
21216
21233
21250
21267
21284
21301
21318
21335
21352
21369
21386
21403
21420
21437
21454
21471
21488
21505
21522
21539
21556
21573
21590
21607
21624
21641
21658
21675
21692
21709
21726
21743
21760
21777
21794
21811
21828
21845
21862
21879
21896
21913
21930
21947
21964
21981
21998
22015
22032
22049
22066
22083
22100
22117
22134
22151
22168
22185
22202
22219
22236
22253
22270
22287
22304
22321
22338
22355
22372
22389
22406
22423
22440
22457
22474
22491
22508
22525
22542
22559
22576
22593
22610
22627
22644
22661
22678
22695
22712
22729
22746
22763
22780
22797
22814
22831
22848
22865
22882
22899
22916
22933
22950
22967
22984
23001
23018
23035
23052
23069
23086
23103
23120
23137
23154
23171
23188
23205
23222
23239
23256
23273
23290
23307
23324
23341
23358
23375
23392
23409
23426
23443
23460
23477
23494
23511
23528
23545
23562
23579
23596
23613
23630
23647
23664
23681
23698
23715
23732
23749
23766
23783
23800
23817
23834
23851
23868
23885
23902
23919
23936
23953
23970
23987
24004
24021
24038
24055
24072
24089
24106
24123
24140
24157
24174
24191
24208
24225
24242
24259
24276
24293
24310
24327
24344
24361
24378
24395
24412
24429
24446
24463
24480
24497
24514
24531
24548
24565
24582
24599
24616
24633
24650
24667
24684
24701
24718
24735
24752
24769
24786
24803
24820
24837
24854
24871
24888
24905
24922
24939
24956
24973
24990
25007
25024
25041
25058
25075
25092
25109
25126
25143
25160
25177
25194
25211
25228
25245
25262
25279
25296
25313
25330
25347
25364
25381
25398
25415
25432
25449
25466
25483
25500
25517
25534
25551
25568
25585
25602
25619
25636
25653
25670
25687
25704
25721
25738
25755
25772
25789
25806
25823
25840
25857
25874
25891
25908
25925
25942
25959
25976
25993
26010
26027
26044
26061
26078
26095
26112
26129
26146
26163
26180
26197
26214
26231
26248
26265
26282
26299
26316
26333
26350
26367
26384
26401
26418
26435
26452
26469
26486
26503
26520
26537
26554
26571
26588
26605
26622
26639
26656
26673
26690
26707
26724
26741
26758
26775
26792
26809
26826
26843
26860
26877
26894
26911
26928
26945
26962
26979
26996
27013
27030
27047
27064
27081
27098
27115
27132
27149
27166
27183
27200
27217
27234
27251
27268
27285
27302
27319
27336
27353
27370
27387
27404
27421
27438
27455
27472
27489
27506
27523
27540
27557
27574
27591
27608
27625
27642
27659
27676
27693
27710
27727
27744
27761
27778
27795
27812
27829
27846
27863
27880
27897
27914
27931
27948
27965
27982
27999
28016
28033
28050
28067
28084
28101
28118
28135
28152
28169
28186
28203
28220
28237
28254
28271
28288
28305
28322
28339
28356
28373
28390
28407
28424
28441
28458
28475
28492
28509
28526
28543
28560
28577
28594
28611
28628
28645
28662
28679
28696
28713
28730
28747
28764
28781
28798
28815
28832
28849
28866
28883
28900
28917
28934
28951
28968
28985
29002
29019
29036
29053
29070
29087
29104
29121
29138
29155
29172
29189
29206
29223
29240
29257
29274
29291
29308
29325
29342
29359
29376
29393
29410
29427
29444
29461
29478
29495
29512
29529
29546
29563
29580
29597
29614
29631
29648
29665
29682
29699
29716
29733
29750
29767
29784
29801
29818
29835
29852
29869
29886
29903
29920
29937
29954
29971
29988
30005
30022
30039
30056
30073
30090
30107
30124
30141
30158
30175
30192
30209
30226
30243
30260
30277
30294
30311
30328
30345
30362
30379
30396
30413
30430
30447
30464
30481
30498
30515
30532
30549
30566
30583
30600
30617
30634
30651
30668
30685
30702
30719
30736
30753
30770
30787
30804
30821
30838
30855
30872
30889
30906
30923
30940
30957
30974
30991
31008
31025
31042
31059
31076
31093
31110
31127
31144
31161
31178
31195
31212
31229
31246
31263
31280
31297
31314
31331
31348
31365
31382
31399
31416
31433
31450
31467
31484
31501
31518
31535
31552
31569
31586
31603
31620
31637
31654
31671
31688
31705
31722
31739
31756
31773
31790
31807
31824
31841
31858
31875
31892
31909
31926
31943
31960
31977
31994
32011
32028
32045
32062
32079
32096
32113
32130
32147
32164
32181
32198
32215
32232
32249
32266
32283
32300
32317
32334
32351
32368
32385
32402
32419
32436
32453
32470
32487
32504
32521
32538
32555
32572
32589
32606
32623
32640
32657
32674
32691
32708
32725
32742
32759
32776
32793
32810
32827
32844
32861
32878
32895
32912
32929
32946
32963
32980
32997
33014
33031
33048
33065
33082
33099
33116
33133
33150
33167
33184
33201
33218
33235
33252
33269
33286
33303
33320
33337
33354
33371
33388
33405
33422
33439
33456
33473
33490
33507
33524
33541
33558
33575
33592
33609
33626
33643
33660
33677
33694
33711
33728
33745
33762
33779
33796
33813
33830
33847
33864
33881
33898
33915
33932
33949
33966
33983
34000
34017
34034
34051
34068
34085
34102
34119
34136
34153
34170
34187
34204
34221
34238
34255
34272
34289
34306
34323
34340
34357
34374
34391
34408
34425
34442
34459
34476
34493
34510
34527
34544
34561
34578
34595
34612
34629
34646
34663
34680
34697
34714
34731
34748
34765
34782
34799
34816
34833
34850
34867
34884
34901
34918
34935
34952
34969
34986
35003
35020
35037
35054
35071
35088
35105
35122
35139
35156
35173
35190
35207
35224
35241
35258
35275
35292
35309
35326
35343
35360
35377
35394
35411
35428
35445
35462
35479
35496
35513
35530
35547
35564
35581
35598
35615
35632
35649
35666
35683
35700
35717
35734
35751
35768
35785
35802
35819
35836
35853
35870
35887
35904
35921
35938
35955
35972
35989
36006
36023
36040
36057
36074
36091
36108
36125
36142
36159
36176
36193
36210
36227
36244
36261
36278
36295
36312
36329
36346
36363
36380
36397
36414
36431
36448
36465
36482
36499
36516
36533
36550
36567
36584
36601
36618
36635
36652
36669
36686
36703
36720
36737
36754
36771
36788
36805
36822
36839
36856
36873
36890
36907
36924
36941
36958
36975
36992
37009
37026
37043
37060
37077
37094
37111
37128
37145
37162
37179
37196
37213
37230
37247
37264
37281
37298
37315
37332
37349
37366
37383
37400
37417
37434
37451
37468
37485
37502
37519
37536
37553
37570
37587
37604
37621
37638
37655
37672
37689
37706
37723
37740
37757
37774
37791
37808
37825
37842
37859
37876
37893
37910
37927
37944
37961
37978
37995
38012
38029
38046
38063
38080
38097
38114
38131
38148
38165
38182
38199
38216
38233
38250
38267
38284
38301
38318
38335
38352
38369
38386
38403
38420
38437
38454
38471
38488
38505
38522
38539
38556
38573
38590
38607
38624
38641
38658
38675
38692
38709
38726
38743
38760
38777
38794
38811
38828
38845
38862
38879
38896
38913
38930
38947
38964
38981
38998
39015
39032
39049
39066
39083
39100
39117
39134
39151
39168
39185
39202
39219
39236
39253
39270
39287
39304
39321
39338
39355
39372
39389
39406
39423
39440
39457
39474
39491
39508
39525
39542
39559
39576
39593
39610
39627
39644
39661
39678
39695
39712
39729
39746
39763
39780
39797
39814
39831
39848
39865
39882
39899
39916
39933
39950
39967
39984
40001
40018
40035
40052
40069
40086
40103
40120
40137
40154
40171
40188
40205
40222
40239
40256
40273
40290
40307
40324
40341
40358
40375
40392
40409
40426
40443
40460
40477
40494
40511
40528
40545
40562
40579
40596
40613
40630
40647
40664
40681
40698
40715
40732
40749
40766
40783
40800
40817
40834
40851
40868
40885
40902
40919
40936
40953
40970
40987
41004
41021
41038
41055
41072
41089
41106
41123
41140
41157
41174
41191
41208
41225
41242
41259
41276
41293
41310
41327
41344
41361
41378
41395
41412
41429
41446
41463
41480
41497
41514
41531
41548
41565
41582
41599
41616
41633
41650
41667
41684
41701
41718
41735
41752
41769
41786
41803
41820
41837
41854
41871
41888
41905
41922
41939
41956
41973
41990
42007
42024
42041
42058
42075
42092
42109
42126
42143
42160
42177
42194
15969
15986
16003
16020
16037
16054
16071
16088
16105
16122
16139
16156
16173
16190
16207
16224
16241
16258
