1000 1000
0 649 417
1 852 413
1 326 755
0 803 560
0 480 709
1 839 396
0 239 81
0 874 94
0 953 835
0 126 723
0 335 731
0 139 325
0 767 497
0 390 274
1 877 684
0 701 422
0 987 166
0 394 277
1 860 662
1 519 93
0 480 453
1 593 161
0 727 394
1 782 367
0 190 175
1 968 189
0 885 825
1 762 341
0 141 558
1 350 676
1 294 350
0 549 83
1 58 272
1 968 912
1 434 721
0 983 623
1 530 14
0 348 802
0 397 542
1 124 214
0 741 623
0 367 159
0 684 535
1 187 198
1 143 698
1 351 845
1 445 894
0 323 53
0 264 773
0 196 455
1 363 31
1 151 184
1 418 951
1 217 574
0 876 565
1 841 519
0 128 485
1 573 82
0 763 76
0 279 486
0 568 417
0 724 506
0 589 155
0 176 486
0 435 916
0 28 422
1 143 632
1 50 846
1 250 415
0 49 157
0 329 695
0 413 523
0 195 440
0 638 950
0 303 198
0 410 201
1 191 266
1 381 808
0 680 207
1 608 1
1 590 722
1 608 206
0 509 5
0 949 283
0 863 762
0 839 296
0 334 994
0 348 917
0 313 646
0 841 50
1 309 685
0 78 63
0 563 751
0 936 812
1 799 472
1 646 78
1 718 419
0 311 4
1 620 387
0 903 187
1 793 20
0 509 584
1 642 28
0 509 523
1 185 581
1 738 238
1 421 475
0 106 928
0 517 96
0 88 196
1 954 333
0 616 2
0 266 503
0 683 613
0 416 447
1 63 441
1 130 44
1 443 414
1 994 516
0 796 554
1 461 80
0 832 609
1 550 168
1 888 500
0 928 100
1 194 47
1 885 489
0 937 411
0 590 190
1 219 316
1 55 226
0 813 592
1 432 96
1 907 710
0 239 572
0 497 302
0 929 428
1 302 997
1 28 239
0 166 17
1 311 449
0 277 169
1 889 523
1 54 852
1 143 264
1 772 551
0 859 460
0 837 506
1 343 439
1 569 144
0 796 114
1 877 636
1 924 238
0 750 107
0 25 749
0 534 121
1 171 915
0 440 181
0 683 542
0 808 695
1 384 698
1 448 299
0 790 810
1 36 748
1 578 362
1 730 784
0 463 366
1 20 848
1 814 883
0 11 610
0 701 899
0 814 335
0 371 566
0 903 183
1 336 143
1 461 962
0 367 984
1 71 484
1 117 914
0 490 818
1 856 242
0 296 227
0 796 531
1 978 509
1 617 526
1 368 140
1 886 2
0 59 533
1 673 511
1 764 871
0 37 914
1 434 573
1 560 656
0 875 357
1 223 781
0 109 181
0 1000 300
1 303 426
0 52 367
1 496 426
0 376 386
1 725 773
1 218 625
1 976 203
0 342 375
0 2 258
0 779 894
1 373 403
1 137 696
1 140 371
1 661 190
0 243 532
1 939 382
1 129 820
1 654 978
0 849 475
0 596 530
1 627 596
0 562 259
0 241 754
1 764 307
0 777 156
0 35 490
0 335 733
0 740 652
0 785 446
0 587 147
1 646 982
0 873 804
0 836 856
0 45 294
0 325 313
0 141 680
0 717 381
1 126 311
1 381 839
0 195 839
1 172 659
0 973 76
1 640 352
1 415 242
0 498 70
1 507 214
1 730 408
0 953 787
1 346 897
1 292 364
0 42 467
0 655 110
1 947 665
0 287 739
1 798 20
0 676 38
0 921 316
1 770 371
1 500 716
1 882 368
1 83 648
0 641 101
0 631 38
1 457 725
1 960 503
1 77 832
1 411 613
0 111 45
1 718 2
0 163 420
0 598 689
0 684 342
1 493 609
1 674 475
1 621 753
0 84 868
0 775 305
1 482 459
0 880 420
1 424 127
1 789 646
0 550 290
0 37 372
0 449 477
1 742 480
0 263 442
1 117 357
1 647 93
0 260 999
0 62 575
0 638 570
0 27 43
0 861 647
1 298 535
1 199 452
1 212 83
1 378 955
1 763 81
1 787 143
1 58 610
0 1000 819
1 648 111
0 715 429
0 274 706
1 489 209
0 202 328
1 362 466
0 933 912
1 377 999
0 135 863
1 817 523
0 945 948
0 637 902
0 118 53
1 642 288
0 873 529
0 668 694
1 621 568
1 829 808
0 718 161
1 478 100
0 556 771
0 400 245
0 619 552
0 504 213
1 22 881
0 384 879
1 922 32
1 197 584
1 738 713
1 599 755
0 610 909
0 941 739
1 61 601
1 420 324
0 820 488
1 737 320
1 785 851
1 413 224
1 397 129
1 484 157
0 8 829
1 338 916
1 824 535
0 421 714
0 334 744
1 387 238
1 435 629
0 636 748
1 133 9
0 67 157
0 54 241
1 247 169
0 270 704
1 955 413
1 112 875
1 50 914
1 718 909
0 179 714
0 368 436
1 864 471
0 796 723
1 620 851
1 656 783
0 546 501
1 506 252
1 464 475
1 219 363
1 377 703
1 878 244
0 245 404
1 69 576
0 574 918
1 220 878
0 587 758
0 211 49
1 350 669
1 127 989
1 907 300
0 869 939
0 96 305
1 584 597
0 635 349
0 525 460
0 529 135
0 429 108
0 180 493
1 474 804
0 718 637
0 932 92
1 26 885
0 932 798
0 783 818
1 436 133
1 745 104
0 413 808
0 579 832
0 105 719
0 310 792
0 145 571
1 161 428
1 941 832
1 679 679
0 177 430
0 37 660
1 933 990
1 293 918
0 515 307
0 205 692
0 793 129
0 745 123
0 751 21
0 482 206
0 410 332
1 563 305
0 660 682
0 787 236
0 751 205
0 808 633
1 590 851
0 785 491
0 530 416
0 120 456
0 563 871
0 131 368
1 674 143
0 435 720
1 563 858
1 773 908
0 203 184
1 636 353
1 704 317
1 485 899
1 103 527
1 787 454
1 634 810
1 447 581
0 897 45
0 742 710
1 859 468
1 746 328
0 732 867
0 580 671
0 27 261
1 853 188
1 69 480
1 354 506
1 620 654
0 425 203
1 850 438
0 225 591
1 703 860
0 223 149
0 970 799
0 938 772
0 620 119
1 260 701
1 403 878
0 454 233
1 548 909
0 662 553
1 730 684
1 738 805
1 624 598
1 427 40
1 385 432
1 369 737
0 482 545
0 629 822
0 159 262
0 367 529
0 443 115
1 854 221
1 487 263
1 320 309
1 171 378
0 115 313
1 588 40
0 10 594
0 741 832
0 75 199
0 685 714
0 936 357
1 266 429
1 544 244
1 285 596
1 237 642
1 492 839
0 152 75
1 345 877
0 497 927
0 720 427
1 214 234
0 261 539
0 50 419
1 572 545
0 303 759
0 678 616
0 603 533
1 315 150
1 1000 814
0 482 176
0 510 771
1 899 524
0 238 23
0 807 348
0 257 195
0 474 373
1 850 338
0 353 859
0 643 261
0 968 881
0 657 783
1 515 102
0 786 133
0 141 872
0 734 578
1 790 43
1 832 648
1 920 516
0 479 330
0 102 214
0 448 476
1 846 225
1 662 11
1 237 393
1 293 89
0 530 754
1 322 784
1 252 652
1 214 837
1 498 52
0 795 46
1 258 973
1 556 991
0 477 377
1 78 485
0 462 398
1 724 371
0 215 831
0 921 161
0 812 99
1 439 916
0 484 500
1 553 613
1 759 116
0 900 918
1 2 886
0 989 702
1 964 962
0 309 811
1 147 548
1 213 421
1 727 981
1 152 161
1 337 617
1 788 377
0 833 910
1 474 55
1 842 934
0 264 73
1 213 881
0 106 728
0 212 869
0 635 117
0 487 193
1 386 835
0 296 434
1 243 583
1 399 455
0 354 269
0 767 941
1 162 402
0 16 150
1 725 968
0 182 46
0 216 636
1 493 778
0 340 62
1 883 611
1 108 104
1 100 53
0 856 439
1 809 364
1 496 807
0 976 656
0 119 532
0 995 945
1 240 640
1 361 958
1 763 399
1 183 99
1 204 351
0 868 758
0 54 585
1 918 233
1 283 636
0 528 616
0 133 715
1 639 299
0 101 123
1 972 900
0 263 950
1 917 534
1 410 381
0 52 184
1 739 604
1 889 835
0 618 720
0 96 371
1 634 663
0 644 14
0 596 514
1 70 402
1 66 547
1 474 352
1 285 676
1 658 584
1 756 955
0 448 951
1 792 160
0 105 473
1 282 908
1 681 512
0 279 121
0 969 86
0 464 275
1 553 19
0 667 215
1 821 311
0 706 3
0 57 355
1 826 66
1 595 3
1 972 847
0 508 637
1 286 739
1 949 777
0 191 584
1 697 307
0 418 15
1 411 760
1 451 787
0 974 55
1 99 752
1 138 616
0 600 944
1 321 456
1 342 908
1 201 260
1 28 99
0 553 428
1 183 270
0 527 948
1 846 901
0 589 64
1 841 525
0 830 910
0 41 500
1 764 603
1 990 489
1 533 572
1 451 581
0 44 572
0 815 221
0 202 569
0 264 186
1 680 516
0 922 173
1 308 793
0 80 240
0 283 558
0 270 676
1 31 983
1 384 804
1 727 82
0 242 456
1 384 329
1 590 349
0 22 697
0 336 396
0 679 615
0 32 224
0 338 142
0 957 189
0 105 582
1 747 422
0 206 75
0 652 800
0 617 967
1 952 544
1 771 210
1 837 9
0 583 794
0 674 321
0 607 161
1 175 595
0 678 149
0 119 712
0 833 146
0 38 956
1 137 289
1 440 12
0 532 750
1 54 81
0 731 288
0 271 850
0 765 256
0 719 280
1 60 902
1 572 449
0 507 804
0 409 757
1 356 281
1 205 327
0 34 215
0 952 488
1 592 556
1 97 391
1 88 690
0 710 815
1 131 490
0 828 456
1 607 42
0 904 807
0 63 437
1 970 73
0 898 776
0 200 228
1 498 104
0 171 810
0 454 57
0 758 277
1 168 474
1 864 548
1 663 771
0 880 850
1 36 7
1 337 740
0 613 475
1 130 22
0 133 530
1 274 857
0 333 989
1 310 544
1 317 233
1 206 997
1 790 117
1 969 993
0 441 566
0 423 754
0 110 905
1 177 402
1 126 21
0 720 537
1 772 513
0 208 280
0 477 634
1 211 30
0 216 136
0 623 760
0 8 877
0 383 302
1 399 677
1 81 673
0 185 460
1 819 476
1 610 911
0 490 320
1 118 321
1 598 53
0 383 425
0 455 688
0 296 819
1 123 518
1 840 875
0 881 955
0 187 872
1 975 25
1 76 280
0 681 174
0 910 160
0 17 689
0 959 632
1 974 436
1 98 537
0 31 286
1 882 313
0 635 544
1 43 321
0 85 981
0 799 142
0 225 322
0 720 386
0 641 545
0 664 553
0 750 808
0 859 978
1 717 789
1 619 954
1 214 399
1 886 596
0 214 502
0 293 617
0 382 133
1 650 38
1 745 400
0 860 35
1 619 922
0 115 579
0 493 843
0 738 757
0 412 509
0 435 104
0 93 556
0 345 602
1 802 319
1 928 433
0 464 1000
0 52 936
0 857 866
1 597 208
1 275 678
1 444 236
0 987 384
0 875 755
1 626 417
0 902 536
0 698 765
1 117 668
0 935 304
1 334 228
0 902 143
0 304 328
1 807 264
0 679 818
0 570 878
1 436 807
0 467 724
1 822 129
1 428 601
0 371 503
1 291 767
1 894 794
1 584 645
1 591 792
1 704 910
1 196 607
1 973 852
1 789 61
1 355 396
1 334 318
0 557 357
0 612 359
0 129 727
0 28 700
1 195 330
1 202 846
0 105 859
0 333 822
0 341 831
1 242 332
0 9 120
0 770 279
0 783 583
0 858 266
0 276 288
1 254 731
0 893 636
0 320 560
0 954 25
0 424 6
0 260 79
1 850 716
0 168 850
1 922 841
1 427 968
1 744 899
1 421 797
1 364 111
1 614 409
0 635 371
1 829 380
1 519 547
1 972 124
1 783 671
0 557 69
0 783 124
0 10 609
1 830 817
0 491 985
1 998 75
0 157 566
0 494 323
0 832 416
1 412 117
1 852 185
0 143 522
0 512 130
0 269 206
0 210 709
0 105 403
0 479 217
0 460 988
0 936 411
0 548 300
0 726 381
1 145 437
0 656 848
1 366 547
1 876 940
1 60 71
0 734 498
1 24 695
0 706 420
1 188 634
0 314 774
0 297 781
1 47 364
0 881 976
1 426 441
1 689 612
0 288 768
1 482 799
0 616 898
0 850 973
1 774 487
0 677 256
0 814 535
0 699 502
0 284 311
0 478 731
0 199 28
0 29 438
1 196 300
1 145 600
1 747 885
0 796 613
0 504 362
0 85 354
0 803 265
0 51 999
0 986 515
0 443 431
1 387 264
0 364 449
1 811 839
0 709 999
1 382 287
1 939 525
1 254 635
0 464 697
1 95 246
1 260 936
1 417 268
1 692 925
1 226 825
1 127 826
1 918 804
0 938 226
1 91 291
0 605 824
1 349 233
1 813 373
1 32 110
0 729 912
1 525 701
1 319 718
1 996 446
1 887 430
0 231 80
0 564 568
0 885 466
0 11 939
0 542 565
1 641 885
0 351 206
0 661 214
1 265 789
0 175 904
1 42 146
1 732 980
1 914 734
0 256 62
1 636 105
0 914 896
0 258 299
1 588 353
0 841 837
1 387 932
0 535 955
0 607 204
1 180 89
1 846 825
0 700 424
0 970 64
0 129 861
0 120 829
1 670 235
0 620 921
1 623 947
1 587 743
1 756 261
