500 1000
0 36 212
0 16 399
0 195 444
0 35 404
0 43 131
0 21 269
1 61 16
1 244 99
1 21 313
0 260 307
0 286 405
0 252 409
0 20 450
0 304 337
1 393 236
0 104 151
0 95 125
0 43 271
1 205 458
0 149 164
1 493 244
0 115 181
1 54 394
1 75 387
0 52 394
0 15 369
1 175 74
0 83 187
1 214 101
0 130 245
0 116 331
0 83 333
0 174 325
0 189 191
1 443 124
1 76 194
1 236 242
1 339 379
0 124 388
0 88 335
1 57 408
1 182 73
1 330 450
0 248 427
1 130 202
0 19 315
1 418 44
1 204 31
0 220 280
1 416 270
1 36 407
0 179 367
1 478 388
1 247 415
0 140 373
1 376 170
1 155 239
1 290 9
1 234 295
0 197 457
1 292 173
1 185 53
1 464 294
1 363 118
1 194 447
1 256 4
1 170 38
0 43 432
1 150 38
1 19 245
0 87 382
0 213 472
0 187 196
1 421 252
1 285 215
0 7 360
1 254 338
0 224 493
1 3 416
1 457 119
1 391 96
0 12 367
0 314 405
1 108 172
1 95 134
0 95 333
0 65 291
0 169 355
1 324 142
1 255 118
1 232 373
1 313 357
0 130 358
1 82 230
0 70 66
1 89 386
1 292 288
1 462 49
1 125 319
1 47 397
1 215 388
1 167 131
0 276 375
1 455 217
0 419 498
1 471 456
0 21 498
0 8 140
0 38 180
0 213 325
1 285 320
1 70 314
0 152 256
1 44 439
0 277 344
1 196 148
1 141 40
1 31 396
1 225 145
0 34 323
1 446 303
0 285 477
1 280 324
0 319 303
0 27 492
1 437 143
0 115 258
1 466 369
0 219 325
1 7 24
1 331 257
0 198 266
0 227 496
0 202 492
1 430 476
0 8 33
1 353 407
1 370 282
1 310 141
1 383 477
1 460 57
0 75 367
1 134 342
0 44 201
1 185 19
0 83 460
0 68 361
0 324 374
0 319 356
1 363 224
0 81 448
0 23 429
1 293 65
0 157 236
0 52 392
0 36 131
1 402 13
1 473 487
0 228 338
1 22 416
1 90 202
1 496 72
0 325 368
1 97 357
0 23 409
1 179 217
1 77 130
1 54 492
1 217 219
1 164 325
0 62 296
0 83 409
0 39 139
0 314 418
0 260 479
1 59 331
1 403 403
1 405 444
1 191 11
1 335 70
1 233 346
0 54 412
1 435 440
1 349 359
0 289 364
0 42 277
1 495 285
1 349 32
1 457 202
0 157 139
1 363 368
1 121 194
0 186 236
1 196 186
0 107 411
0 219 407
0 96 167
0 40 85
1 338 171
1 74 117
0 145 336
0 109 460
1 231 409
0 216 244
1 356 135
0 11 2
1 148 317
0 77 119
0 216 251
0 110 342
1 188 415
0 171 230
0 151 467
1 88 113
1 199 355
1 355 407
0 404 425
0 208 231
1 113 119
1 167 74
0 329 486
0 2 447
0 471 440
1 416 318
0 150 291
0 27 238
0 24 72
0 16 450
0 127 480
0 200 315
1 451 362
1 380 5
0 313 354
0 93 154
0 24 238
1 474 275
0 58 291
1 407 212
0 147 477
1 479 344
0 83 266
0 303 435
0 401 476
0 79 105
1 294 487
0 365 379
0 55 191
0 112 264
0 229 242
1 339 402
1 221 406
1 267 213
1 298 119
1 338 225
0 299 280
0 28 461
1 364 373
1 236 303
0 67 496
0 205 313
1 474 306
0 239 256
0 132 465
0 323 370
0 53 199
0 327 364
0 12 472
0 96 493
1 66 106
0 189 327
0 9 264
0 304 484
1 193 206
0 194 288
0 18 482
0 53 451
0 3 289
0 31 237
0 44 228
0 348 456
0 254 303
1 345 497
0 265 472
0 192 461
0 87 325
0 1 416
0 66 448
1 280 237
1 11 67
1 347 474
0 71 148
0 191 399
0 182 326
0 81 474
0 45 386
1 33 108
0 330 369
0 68 443
1 379 142
1 228 377
1 143 78
1 198 122
1 394 366
1 5 445
1 474 95
1 131 331
1 189 243
0 62 288
0 186 263
0 243 395
0 165 423
0 46 282
1 85 141
1 91 209
1 159 338
0 205 410
1 119 126
0 121 466
1 500 211
0 140 372
1 262 452
0 118 187
0 315 315
0 455 494
0 30 41
0 150 240
1 476 488
1 287 219
1 424 243
0 88 452
1 387 438
1 60 278
0 33 421
0 328 338
0 365 466
1 54 17
1 404 14
1 126 129
0 21 304
1 140 127
0 27 310
0 336 476
0 168 234
1 168 54
1 237 375
1 106 439
1 477 307
1 172 294
0 234 397
0 57 367
1 16 481
1 269 344
1 140 67
0 177 367
1 356 376
1 149 286
0 299 338
0 297 330
1 351 395
1 484 462
1 371 273
0 186 346
1 91 474
1 206 62
1 387 414
1 82 372
1 67 312
1 470 280
1 95 285
1 201 369
1 82 154
1 252 436
0 369 387
1 11 491
0 45 343
0 165 307
0 54 357
1 187 285
1 465 59
0 452 482
0 60 297
0 115 236
0 36 400
0 267 336
0 139 234
1 405 75
0 364 419
0 292 391
0 173 480
0 218 468
0 197 225
0 27 253
0 365 431
0 360 390
1 286 325
1 106 430
0 3 419
0 133 319
0 323 473
0 66 435
0 199 403
1 377 107
0 27 83
0 347 428
0 398 362
0 68 195
1 243 46
1 38 292
0 104 265
1 273 95
1 315 351
1 209 333
0 181 377
1 186 2
0 171 242
0 245 326
1 245 371
0 66 444
0 317 439
0 37 447
0 35 278
0 169 217
1 41 222
1 20 342
1 413 247
0 416 402
1 270 17
0 151 218
0 188 219
1 227 24
1 334 380
1 367 278
1 466 437
0 329 408
0 302 472
0 322 447
0 14 41
0 171 269
0 22 450
0 157 390
1 128 277
0 283 461
0 82 494
0 357 454
0 31 1
0 275 467
0 171 439
1 186 289
1 154 217
1 115 168
0 159 421
1 369 294
1 215 478
0 91 115
0 277 355
1 32 163
0 451 489
0 131 170
0 134 383
1 191 93
0 210 302
0 371 415
1 353 443
1 313 167
0 169 317
1 407 153
0 33 217
1 234 499
1 244 111
1 307 125
1 373 447
1 234 236
0 310 425
1 370 81
0 333 421
1 238 237
0 104 146
1 71 369
0 149 164
1 324 375
0 210 415
1 121 42
0 15 444
1 70 345
1 253 499
1 129 166
1 230 336
0 125 231
1 492 239
0 76 295
1 263 370
0 71 400
1 418 398
1 316 115
1 55 53
0 98 230
0 13 251
0 56 427
1 173 438
0 18 287
1 449 178
0 108 274
0 108 245
1 110 64
0 386 440
1 389 131
0 4 294
1 119 82
1 226 467
1 174 392
0 187 414
0 312 490
1 200 270
1 427 282
1 64 113
1 142 164
1 1 363
1 500 115
1 104 283
1 2 203
1 337 430
1 377 416
0 399 434
1 54 432
1 141 72
1 453 211
1 14 201
0 145 464
1 296 98
0 318 496
0 266 405
1 40 125
0 266 329
0 159 265
1 274 377
1 211 432
1 462 408
0 78 191
0 198 401
1 254 467
0 107 272
0 231 487
0 49 459
1 135 466
1 387 443
0 49 182
0 27 400
1 414 226
1 467 266
0 349 404
1 229 391
1 218 13
0 20 299
1 262 469
1 91 396
1 362 33
1 26 82
1 304 270
1 1 65
0 26 264
0 50 118
1 37 155
1 130 28
0 294 443
0 356 497
0 141 349
0 293 344
0 170 337
0 415 479
1 57 377
1 150 91
0 49 88
0 1 15
1 400 456
1 273 106
0 256 340
1 418 304
1 316 145
1 270 123
1 354 162
0 80 334
1 102 155
1 259 292
1 72 154
0 161 223
0 47 431
0 425 461
1 119 359
1 212 206
0 185 340
0 114 269
0 72 422
0 86 418
1 381 126
1 369 151
1 74 202
0 86 111
1 499 90
0 9 195
1 209 284
1 124 412
0 246 479
0 112 333
1 140 204
0 317 491
1 233 238
1 2 383
0 73 150
1 365 205
0 189 457
0 18 131
0 311 406
0 27 139
1 451 468
0 273 438
0 13 495
0 111 153
1 169 488
1 55 253
1 269 28
1 293 459
0 14 188
0 321 483
0 46 244
0 224 401
0 355 484
0 396 436
0 100 276
1 394 225
1 129 133
0 4 131
1 321 232
1 151 400
0 25 434
0 158 376
0 64 310
1 98 181
0 188 422
1 338 128
0 55 275
1 190 170
1 475 206
1 362 421
1 96 147
1 37 240
1 11 177
0 51 486
0 19 246
0 386 429
0 240 490
0 155 286
1 325 263
0 106 442
1 357 326
1 225 359
0 249 324
1 32 209
1 67 468
1 342 417
1 54 369
1 47 434
1 424 323
0 138 311
0 141 468
1 240 230
0 245 415
0 232 251
1 374 429
0 243 302
0 241 461
1 281 394
0 46 309
0 81 113
1 171 94
0 390 450
0 182 284
0 158 380
0 229 300
1 145 457
1 343 158
0 225 309
0 110 415
1 164 469
0 28 455
1 8 263
1 420 251
0 53 322
1 369 73
1 177 351
0 47 450
1 125 14
1 388 378
0 221 209
1 276 352
1 315 343
0 56 267
0 405 445
0 33 158
0 92 477
1 283 391
0 9 107
0 145 255
1 413 421
0 167 210
0 48 430
0 66 128
0 370 399
0 26 358
1 398 148
0 55 322
1 150 177
1 498 6
1 113 105
0 205 299
1 365 173
1 481 23
1 291 206
1 431 260
1 120 451
1 108 328
0 253 378
0 282 342
1 417 388
0 113 283
0 196 476
1 415 310
1 116 207
0 27 218
1 30 80
1 299 85
1 375 336
1 339 180
1 156 331
0 73 378
1 54 117
1 331 193
1 392 407
1 329 415
0 70 448
1 95 349
1 153 196
1 182 445
1 100 166
1 480 375
1 352 356
1 496 43
0 26 219
0 102 220
0 160 412
0 186 330
0 473 473
1 4 1
0 410 468
0 58 347
1 496 417
0 122 213
0 10 487
0 123 257
1 315 217
1 294 47
0 44 366
0 133 261
1 165 289
1 71 30
1 376 226
1 52 345
1 183 157
1 336 104
0 93 408
0 34 441
1 205 491
1 96 351
0 174 204
1 233 312
0 219 438
1 375 381
1 141 71
0 152 171
0 248 401
1 346 162
0 198 215
0 30 337
0 93 315
1 194 127
0 145 471
1 136 118
1 424 140
0 267 405
1 377 269
0 47 163
1 84 50
0 57 393
1 383 17
0 34 99
0 369 385
1 245 351
1 365 29
0 225 271
1 51 416
0 306 459
1 37 182
1 35 37
0 27 187
0 259 364
1 227 61
0 294 464
1 189 81
1 229 254
0 302 493
0 233 343
0 24 2
1 91 397
1 237 474
1 353 165
1 61 3
1 92 467
1 299 446
0 230 227
1 396 259
0 97 275
1 193 25
1 99 338
1 330 145
1 492 253
0 22 72
1 338 177
1 166 321
0 229 394
0 61 173
1 100 244
1 59 178
0 286 462
1 188 404
1 151 330
0 81 345
0 206 467
0 385 473
1 70 413
0 31 218
1 236 405
0 163 287
0 458 445
1 24 164
1 42 496
0 235 345
1 50 156
0 8 393
0 218 500
0 107 126
0 213 386
1 74 284
1 354 433
0 28 320
0 274 252
0 47 224
1 338 207
0 75 296
1 409 474
0 149 357
1 106 316
0 236 359
0 75 393
0 137 305
1 233 222
0 248 408
0 149 385
0 161 228
0 17 435
1 488 115
0 172 236
1 441 380
0 214 346
0 175 320
0 81 378
0 349 438
0 148 273
1 7 149
0 262 329
0 457 479
1 205 480
1 320 440
0 198 172
1 135 452
1 175 411
1 242 491
0 138 424
1 392 383
1 184 445
1 102 239
1 445 394
0 177 439
1 415 25
0 110 307
1 99 237
1 416 400
1 98 317
1 394 418
0 142 455
1 248 186
1 153 299
0 179 367
1 36 364
0 161 413
0 15 123
1 223 166
0 221 373
0 99 253
1 143 199
1 53 425
0 72 151
1 495 462
0 182 460
0 77 372
0 323 384
0 106 180
1 260 442
1 222 295
1 65 276
1 10 130
1 4 129
1 147 280
1 68 6
0 179 230
0 5 61
0 126 165
1 407 289
1 165 3
0 113 434
1 106 131
1 289 35
0 30 328
1 278 343
0 193 384
1 119 420
0 314 412
1 386 348
1 67 170
0 47 150
0 216 491
1 436 349
1 412 250
0 79 223
1 43 147
1 309 149
0 175 462
0 163 372
0 304 446
1 498 414
0 253 321
1 273 206
1 150 325
0 6 329
0 212 439
1 340 240
0 42 367
0 40 461
1 52 478
0 247 263
0 24 320
0 13 456
1 17 31
0 307 452
1 141 474
0 385 382
0 111 362
1 367 194
0 135 488
1 38 4
1 169 308
1 188 421
1 397 379
0 159 208
1 392 66
0 93 325
0 192 350
1 122 408
0 307 438
1 457 287
1 382 420
0 299 483
1 155 84
0 336 368
0 219 388
1 462 41
1 276 235
0 149 277
0 94 452
1 213 452
0 289 492
0 391 380
0 37 375
0 227 206
1 222 471
1 265 448
1 362 406
0 390 408
1 499 448
0 64 201
0 192 402
1 371 201
