500 1000
1 288 222
0 275 344
1 435 216
0 100 153
1 208 87
1 495 205
1 158 355
1 367 68
0 300 272
0 51 405
1 332 456
1 175 224
1 343 402
1 131 400
1 220 369
0 21 281
0 232 475
1 170 114
0 177 478
1 470 254
0 481 361
0 276 373
1 364 26
1 467 427
0 24 372
0 188 126
1 295 388
0 189 119
1 47 101
0 69 307
0 462 435
1 146 87
0 497 446
1 476 330
1 78 263
1 90 169
1 158 243
1 453 190
1 234 424
0 127 250
1 166 135
0 39 448
1 426 290
0 177 66
1 205 18
0 175 379
0 167 167
0 180 319
1 148 439
0 438 434
1 66 325
1 479 461
1 448 379
1 5 238
1 256 37
0 173 434
0 184 435
1 251 320
1 94 324
0 166 325
1 329 281
1 23 194
1 260 99
0 353 399
0 445 443
0 84 326
1 240 458
1 425 125
0 360 423
0 175 479
0 47 384
0 162 368
0 8 347
0 321 457
0 79 376
1 104 422
0 162 76
0 20 253
1 218 351
1 320 379
0 241 236
1 447 63
1 190 261
1 220 454
0 130 452
0 120 3
1 316 486
0 183 30
0 229 23
1 478 160
1 449 191
1 434 436
1 59 82
1 213 141
0 170 387
0 308 475
0 179 461
1 44 132
1 375 130
1 367 294
1 373 124
1 79 201
0 213 279
1 222 294
0 194 245
1 102 115
0 224 351
0 394 321
1 405 23
0 167 106
0 24 453
0 100 483
0 109 178
1 182 279
1 337 172
0 133 425
0 258 440
0 191 391
0 264 346
1 77 423
0 56 428
0 126 15
1 381 463
1 421 500
1 285 120
0 154 281
1 402 498
1 304 224
0 375 414
0 127 216
0 18 464
0 107 480
0 173 201
1 46 5
1 353 101
0 317 421
0 334 406
1 381 120
0 449 319
1 417 288
1 38 382
0 21 331
0 106 187
1 75 410
0 157 269
1 125 308
1 4 300
1 120 313
1 78 293
0 199 22
1 167 77
1 4 226
1 153 137
1 443 305
0 141 416
0 174 127
1 357 1
1 60 105
0 188 44
0 95 494
0 18 169
1 52 7
1 16 198
1 106 272
0 477 313
0 183 483
0 198 453
0 176 492
1 480 150
0 167 160
1 357 197
0 15 438
1 444 187
1 31 469
0 157 291
0 171 462
0 433 409
0 366 269
0 34 354
0 260 330
0 418 263
1 414 418
1 129 315
0 4 413
1 287 364
1 187 136
0 119 140
0 37 205
0 458 446
0 379 493
1 104 262
0 430 253
0 143 81
1 496 258
1 479 28
1 393 237
1 328 411
0 376 435
1 389 170
1 449 114
1 194 387
1 91 268
1 462 469
1 164 477
1 248 342
1 366 281
1 224 439
1 23 286
0 304 494
1 480 348
1 413 354
0 217 457
1 328 301
0 440 413
0 167 456
1 130 273
1 151 114
1 345 361
1 260 361
1 452 474
1 479 209
0 203 459
0 186 476
0 165 409
1 249 91
0 408 447
1 374 248
1 90 144
1 8 73
1 185 42
0 189 395
1 41 421
1 225 166
0 235 300
1 150 448
1 488 350
0 207 326
0 241 317
0 340 452
1 164 304
1 446 2
0 68 253
0 237 414
0 64 4
0 11 256
1 139 398
0 42 186
0 310 420
0 171 453
1 268 463
1 37 115
0 361 355
0 385 460
0 89 14
1 357 4
0 236 310
0 134 235
1 500 59
1 496 92
1 435 407
1 59 1
0 294 285
1 119 226
0 74 199
0 78 389
0 182 341
0 416 394
0 144 273
1 291 383
0 9 150
0 149 450
0 134 255
1 346 224
0 203 428
1 332 305
1 93 235
0 20 227
1 226 190
1 275 491
1 244 25
0 98 305
0 5 428
0 265 323
0 487 367
0 151 473
0 207 237
0 48 325
0 298 355
0 167 251
0 90 315
0 411 269
0 29 4
1 405 270
1 353 132
1 327 337
0 234 477
1 63 477
0 19 292
1 102 343
0 388 476
1 56 135
0 136 377
1 256 55
0 145 436
0 185 408
0 301 333
0 104 441
0 174 324
1 370 434
1 248 206
0 85 332
1 470 449
1 68 139
1 24 455
0 214 399
0 267 447
0 95 416
0 3 398
0 113 327
1 27 159
0 236 357
1 66 296
1 464 338
0 161 233
1 397 89
0 250 497
0 80 418
1 129 363
1 385 484
0 48 293
1 275 326
1 337 249
1 462 298
0 182 492
1 94 446
0 50 180
1 282 438
0 238 442
0 230 364
1 222 73
0 180 396
1 162 409
0 36 459
0 289 372
0 481 265
1 265 288
0 469 334
1 339 315
1 131 394
1 295 450
1 4 107
0 1 396
1 338 154
1 284 394
1 424 102
1 423 269
1 285 454
0 63 140
1 498 499
1 69 436
0 379 328
1 67 473
0 70 25
0 489 253
0 187 201
1 146 468
0 215 364
0 472 479
1 453 485
0 189 57
0 24 158
1 487 285
0 293 444
0 267 361
1 333 145
1 428 230
0 172 303
0 41 158
0 149 301
1 345 398
1 64 130
0 430 312
1 286 76
1 500 165
1 342 484
1 457 64
1 443 80
0 189 447
1 171 332
0 120 409
0 155 474
0 243 247
1 148 27
1 230 416
1 490 22
0 30 49
1 483 439
1 179 407
0 108 485
0 214 315
1 177 30
0 243 282
1 421 57
0 68 461
1 232 74
0 44 31
0 318 438
0 87 390
0 309 278
1 427 366
1 118 22
0 182 430
1 322 218
1 63 270
0 417 377
1 472 243
0 434 493
1 83 61
1 350 150
1 368 156
0 222 95
1 275 161
0 398 319
0 418 410
1 364 135
1 140 15
1 246 492
1 1 126
0 200 200
1 387 262
1 182 193
1 215 60
1 441 491
0 395 252
0 225 37
0 107 192
1 403 162
1 108 335
1 60 340
0 262 336
1 171 207
0 241 65
1 470 215
0 204 105
1 75 427
0 31 326
0 239 7
0 78 494
0 221 243
0 120 422
0 38 455
0 174 182
1 207 306
0 177 429
1 46 11
0 138 202
0 390 321
0 27 69
0 178 17
0 30 69
1 235 370
1 207 29
0 118 414
1 127 417
0 177 494
0 249 430
1 93 495
0 150 347
1 202 478
1 18 69
1 283 299
1 469 186
0 364 368
1 90 306
0 397 383
0 244 258
0 137 146
0 105 339
0 212 372
1 58 34
0 103 468
0 121 84
0 146 420
1 371 369
0 343 296
1 62 356
1 18 454
1 309 179
1 395 428
1 410 381
0 155 54
0 108 288
0 146 40
1 231 481
0 309 409
0 138 458
1 183 54
0 15 457
1 433 50
0 314 254
1 233 302
1 97 498
0 123 474
0 266 352
1 201 396
0 109 252
1 315 111
1 51 160
0 131 457
0 170 493
1 490 124
0 260 332
1 234 94
1 99 353
1 489 75
0 168 471
0 324 434
0 176 358
0 432 377
0 91 372
1 4 212
1 155 305
1 215 68
1 205 473
0 216 277
1 86 77
0 397 418
1 302 166
1 95 19
0 9 4
0 42 20
1 234 205
1 170 434
0 28 250
0 230 334
1 395 267
1 348 220
1 79 312
0 137 347
0 90 336
0 60 418
0 173 166
1 27 458
1 377 442
1 198 344
1 242 281
1 344 263
1 176 225
0 169 47
1 345 241
1 451 461
0 117 316
1 159 302
1 241 202
0 244 348
0 283 488
0 6 381
1 94 43
0 7 361
0 103 265
0 237 231
0 253 447
0 156 324
1 341 422
0 476 282
1 336 8
0 154 291
0 495 342
0 452 324
1 436 178
1 44 64
0 21 306
1 204 370
1 371 231
1 146 233
0 161 116
1 440 83
1 447 337
1 296 32
1 213 131
0 148 431
0 24 156
1 473 274
1 189 163
0 229 258
0 20 496
0 36 274
1 88 116
0 244 380
1 480 303
0 22 52
1 330 228
0 228 314
1 324 211
0 100 320
0 457 368
0 370 437
1 88 132
1 384 213
1 89 369
1 247 499
0 111 282
0 58 399
0 431 445
1 489 196
0 196 355
0 441 354
1 422 358
1 277 490
1 238 18
1 275 16
0 230 463
1 250 264
1 292 109
1 219 472
0 2 321
0 29 384
0 212 416
0 173 293
1 458 404
0 367 367
1 388 159
0 16 199
0 365 279
1 300 489
1 300 97
0 97 407
0 326 421
0 174 131
1 236 395
0 168 149
1 400 260
0 85 232
0 229 33
0 85 438
1 286 355
0 306 306
0 150 293
0 7 328
0 426 344
1 378 448
1 82 41
0 130 3
0 74 112
1 229 137
0 326 479
0 188 59
0 101 406
1 224 436
1 191 107
0 150 8
1 115 492
1 144 335
1 444 292
1 104 430
0 402 484
0 218 287
0 205 328
1 3 422
0 173 271
1 158 447
0 346 462
0 160 401
0 244 260
1 414 240
1 7 153
1 272 269
1 329 380
0 86 334
0 344 447
1 401 469
1 80 193
0 425 347
0 231 342
0 251 360
0 13 323
0 194 341
1 296 201
0 211 465
1 174 354
0 226 359
1 168 121
0 321 384
0 201 105
0 313 451
1 479 79
0 320 382
0 296 405
0 108 272
0 193 180
0 365 363
1 262 366
1 294 392
1 359 174
1 126 319
0 212 109
1 402 139
0 77 345
0 361 362
1 83 133
0 245 197
0 212 282
1 259 335
1 440 152
1 10 472
1 219 347
1 6 248
1 109 195
1 178 234
0 2 82
0 301 334
1 348 445
0 154 91
1 450 299
0 32 310
1 302 282
0 125 470
1 423 449
1 118 337
0 241 292
0 271 392
1 445 300
1 76 193
1 294 291
1 39 321
1 359 365
1 261 128
1 232 489
1 169 462
0 265 385
1 473 281
1 323 361
0 455 360
1 445 198
1 201 406
0 139 372
1 329 61
1 117 203
0 397 332
1 490 63
1 347 60
1 157 468
0 44 380
1 449 466
1 500 330
1 261 335
0 398 250
0 225 241
0 220 110
1 51 259
0 290 256
1 218 118
0 71 252
1 406 41
1 306 202
1 88 448
1 332 165
0 117 281
0 453 409
0 169 270
1 195 419
0 252 263
1 95 74
0 14 101
1 89 2
1 191 331
0 203 343
1 44 441
0 110 489
1 464 495
1 323 297
1 254 306
1 220 112
0 32 126
1 89 153
0 93 464
0 329 272
1 158 355
1 186 205
1 209 352
0 13 265
1 346 387
0 139 413
1 338 73
1 124 366
1 280 130
1 282 235
0 242 450
0 227 392
0 315 415
1 122 242
1 81 42
0 362 445
1 361 299
0 439 312
1 298 408
0 53 490
0 254 441
0 391 462
1 375 297
1 22 106
1 179 433
1 254 438
0 73 176
0 266 337
1 353 293
0 35 494
1 479 359
0 480 423
0 167 105
1 454 212
0 65 135
1 438 261
0 124 349
0 431 318
1 229 489
1 61 296
1 457 293
1 467 351
1 48 210
0 289 378
0 226 206
0 109 265
0 147 493
1 232 213
0 199 167
1 432 322
0 297 418
1 32 209
1 409 309
1 313 51
0 287 316
0 368 315
0 237 151
0 243 23
0 200 359
0 17 498
1 281 78
1 200 283
0 477 467
0 56 377
0 130 302
0 115 486
0 251 413
0 66 108
0 203 409
1 481 160
0 226 368
1 454 130
1 274 104
1 395 349
0 120 478
1 441 475
1 295 446
1 472 155
1 336 464
1 18 360
1 457 392
0 217 433
1 120 449
0 305 270
0 475 269
1 42 181
0 329 372
0 77 291
1 10 45
0 443 431
0 61 36
1 45 431
1 334 226
1 465 280
1 297 227
1 362 77
0 313 381
1 290 201
0 141 214
1 367 383
0 73 374
1 264 324
1 154 245
1 225 92
0 247 274
1 374 362
0 83 257
1 186 382
1 230 3
1 10 436
1 371 56
0 485 254
0 20 487
1 325 409
0 105 206
1 319 408
1 235 119
0 98 456
0 178 244
1 243 280
1 45 491
0 278 405
0 401 479
0 209 167
0 264 260
0 81 22
1 212 23
1 337 422
0 360 271
1 183 126
0 122 28
0 173 484
0 119 430
1 251 246
0 90 356
0 151 278
1 452 457
1 476 315
0 69 476
1 183 75
0 249 475
0 284 375
0 139 81
0 17 426
1 256 4
1 419 188
1 256 289
0 229 305
1 94 164
0 139 322
0 125 323
0 38 376
1 500 126
0 219 291
1 383 350
1 12 6
0 462 443
0 158 206
1 487 90
1 290 71
0 221 402
0 349 439
0 40 46
0 78 320
1 90 475
1 169 182
1 281 19
0 268 431
0 261 264
1 139 449
1 307 416
0 81 493
1 17 338
0 76 200
1 481 4
1 271 329
1 330 5
1 123 90
0 14 85
1 35 171
0 129 77
1 408 97
1 426 364
0 274 294
1 299 204
1 366 22
1 490 252
0 5 163
0 486 473
1 4 131
1 281 48
0 366 319
1 377 191
1 156 482
0 3 76
0 45 130
1 178 415
1 207 423
0 21 46
0 261 499
0 419 401
1 29 322
0 71 404
0 359 263
1 317 285
0 90 372
0 342 435
0 84 497
0 127 103
0 105 350
1 353 253
1 292 179
1 22 380
0 33 341
1 481 220
0 122 236
0 378 368
0 490 474
0 132 492
1 43 483
0 115 302
0 241 242
1 331 238
