927 688
609 521781
253 456783
343 924799
508 151326
668 152216
187 419008
479 809223
449 590640
159 942129
487 875192
128 305680
594 890777
370 649504
483 715817
582 886385
313 411553
174 748801
96 981959
168 548905
150 537205
101 490761
176 106870
302 54434
206 864923
283 966466
582 793537
330 425391
624 669100
419 926474
66 849209
514 700776
615 230222
376 632309
250 470432
148 564831
280 579231
179 915328
382 226587
593 443128
258 787377
550 833668
192 245647
518 305450
406 217953
361 622189
687 524702
500 467013
355 224758
220 839226
297 549468
527 191879
494 18200
446 375428
501 388176
86 447221
257 318464
455 295485
295 354494
38 86781
272 665673
411 914685
291 234042
248 929247
225 824064
338 741359
171 265918
526 70596
659 443976
89 494490
164 988568
307 339807
505 569650
488 330147
414 110286
180 54797
319 167836
50 16230
254 569289
129 487002
593 2422
306 789372
371 335491
113 72202
541 882746
485 620328
144 434563
683 745758
275 327987
404 970040
195 490053
374 771283
464 112341
313 698242
622 249012
136 734129
657 769050
681 85812
677 96082
492 219348
228 680955
309 823642
136 491147
508 539163
178 312475
633 61955
460 474271
94 598575
73 617428
389 101890
94 640877
4 630527
374 431839
571 197157
109 41028
148 897335
328 769588
61 57164
520 248550
192 514173
632 640591
196 439370
637 335714
289 983555
141 479426
74 621637
121 609257
272 695978
409 312662
542 646304
23 383685
175 890405
374 139697
303 926179
219 120463
416 774387
304 714713
457 14162
402 84478
155 979458
626 219414
184 35444
300 642956
101 922902
413 302775
262 300758
19 880200
391 842883
113 816642
651 872857
497 521715
112 531172
620 627172
345 156479
20 852842
670 658690
121 841971
583 245628
88 433659
224 986062
182 830719
518 54056
8 515199
182 437782
548 965709
293 985199
302 600101
540 949577
169 504619
355 224013
141 581246
277 367394
516 627297
269 817912
551 76000
63 409988
672 703638
669 943231
296 203377
84 359556
46 590107
11 584693
125 909044
459 276046
587 323924
569 492215
41 532062
591 773606
2 412079
287 722837
338 900896
583 160484
657 526043
664 174426
455 691751
390 940436
386 54093
415 939482
579 919564
680 596601
24 506493
627 891068
219 176729
104 915692
652 319965
598 890977
638 486284
241 681167
597 547596
418 744531
562 597130
42 87777
94 552504
633 423209
355 873287
243 211089
253 407542
55 743983
599 666711
16 4141
350 933701
34 981206
443 934320
640 211629
522 456532
559 721374
342 980250
449 690333
669 814685
292 123167
645 634417
42 238487
215 453705
192 796016
270 391363
500 762570
12 668161
608 238106
617 283983
471 156656
260 804785
447 601121
662 887932
69 179881
222 549518
322 910359
11 3004
507 436891
623 773130
196 220174
438 107069
360 759607
528 309546
667 490208
74 4829
29 277211
73 218467
163 972298
162 790726
186 646844
305 734015
592 675614
267 588010
207 335946
287 994334
269 197136
462 542355
433 30803
673 535571
437 280109
170 385874
533 579535
173 726154
305 497492
53 243039
508 712221
148 735268
95 322574
335 563952
382 382663
418 501120
340 282763
5 197458
110 970721
91 480304
216 184571
674 966055
581 357846
445 134222
174 16262
503 441236
264 981183
160 49778
156 588095
47 708501
688 79917
171 19048
593 628734
291 788465
127 132245
674 597927
419 927776
214 136092
29 770342
119 891646
616 24315
516 957321
283 759454
263 105215
471 291669
15 325020
437 753950
187 408678
21 433560
252 488019
140 865113
502 19082
330 405221
653 577861
351 965775
146 872073
434 709015
324 302439
467 425635
189 846024
505 268703
311 495727
230 850129
654 978700
320 400100
195 590363
178 293759
304 495110
200 18622
36 253280
447 158912
496 227659
609 356218
518 667967
266 516411
653 97409
51 299084
184 805057
666 731865
111 575935
337 174404
227 612426
537 392110
206 177906
188 993048
115 334178
204 785013
607 739863
612 982334
76 691497
626 890705
137 122596
660 108482
86 580383
186 914137
352 710404
268 695509
301 848165
582 127150
36 599970
481 516188
674 920716
572 900053
527 495775
634 187471
550 219548
630 949669
381 699935
639 694334
22 747123
428 726734
489 777216
388 564939
241 159435
628 711265
620 765505
501 50868
587 451694
113 348640
271 533547
269 216093
517 172317
417 152604
69 362240
437 849683
625 25557
544 978411
463 404553
52 612837
539 332744
540 349640
549 492622
609 686948
470 630047
306 414583
299 648498
427 296123
192 496996
68 925439
275 514788
143 426741
200 957369
31 181066
524 974944
39 537094
65 36876
505 777188
316 530728
348 807007
418 769563
324 638622
303 663025
528 397936
109 800003
46 633286
374 529490
229 436462
569 245811
147 216703
603 169905
308 438325
499 337535
395 171782
680 109801
311 549441
556 901962
516 448587
345 69870
152 575017
525 741916
638 287221
112 372800
114 904958
188 708357
322 201995
563 365700
623 888974
436 431368
531 97362
420 218943
196 106340
565 338878
8 853342
202 166479
96 90538
72 549827
628 163587
102 627185
684 581906
547 135987
514 231670
600 104227
628 348384
168 349821
106 52701
412 349377
28 256083
22 456131
170 118967
621 903523
466 218152
502 739206
371 543372
122 797467
55 286701
357 825456
263 526897
564 207696
537 34918
524 38998
136 279600
46 940182
86 693987
206 389071
619 611041
291 849053
499 552589
98 889708
38 346696
77 613125
8 618431
69 699991
468 693272
279 635939
173 954233
257 847619
543 94710
580 560190
579 666506
611 927881
526 741722
358 243512
393 377894
99 563409
246 417464
339 586391
536 853294
495 573682
413 954318
377 866482
217 364065
467 476617
470 910661
51 843240
32 338213
269 898510
15 209548
24 624235
1 385393
228 828823
541 914884
638 907372
82 676591
372 991968
534 329441
522 180075
406 278166
64 914233
391 231660
577 778114
167 723007
388 859572
280 610283
265 551832
279 311990
411 787640
407 571656
423 471699
614 887504
432 854085
146 686465
576 665102
442 35449
7 875610
3 981922
677 155782
109 718962
638 548911
157 201991
445 218528
95 364510
78 273527
407 81149
107 554046
312 483726
418 441344
143 608359
72 398107
25 300063
461 340580
34 150705
92 276479
545 502749
24 562653
208 690083
574 212424
565 998938
657 244902
296 306083
553 453544
274 813737
131 325346
483 394891
97 369215
682 13467
557 822526
172 295389
484 395193
396 421872
292 316616
186 965079
73 264243
94 48698
428 168485
43 723133
582 978281
315 363530
466 297504
25 893351
640 713391
448 74111
641 839507
592 118030
530 951666
160 691084
238 721653
671 334497
61 204118
548 2382
587 192659
312 561022
168 690578
95 669210
597 312983
488 316542
563 203448
67 518244
498 842859
270 852101
548 961325
505 999499
443 557540
262 81268
674 448140
279 329068
665 468646
207 517081
382 360550
128 155729
673 414927
248 615939
231 344338
62 788824
630 903527
541 42996
373 821960
338 71512
372 877367
363 272008
669 636422
372 631768
269 823140
400 683167
490 759992
281 632305
495 224686
685 392557
581 53568
465 773265
183 180318
199 8268
4 561758
519 156915
143 507963
316 52147
331 437186
241 351150
152 321487
442 277375
295 7059
249 118549
547 65407
276 534226
411 595607
305 114599
609 389706
31 374700
604 156429
349 777917
48 993507
33 111721
30 294566
309 754584
226 531473
582 920173
298 814953
641 533706
650 722857
58 314037
43 168449
367 409712
652 312952
419 985195
328 24215
461 533142
42 427085
233 546878
485 387410
114 920568
13 491762
610 620746
73 712573
229 447814
629 110741
610 118699
472 532359
276 891447
119 653754
671 979940
194 368279
271 24590
449 445021
248 795948
460 880115
572 58647
111 773713
654 863131
180 802253
232 970845
228 632261
496 459332
183 309988
499 161736
384 711449
501 401682
623 689345
22 519005
135 843330
655 382540
297 411957
185 520723
472 541225
545 222983
5 645054
582 667431
403 341218
205 854209
342 792784
377 764021
416 72490
613 891935
1 738503
92 210213
560 173313
236 26033
318 865354
232 404677
344 467259
474 893268
200 682627
29 471742
448 386656
444 810488
390 253668
270 40928
673 279241
134 350845
265 753555
635 717387
469 171931
414 677677
617 366280
386 555013
74 563503
391 390020
529 894408
336 824683
367 389510
436 714223
656 428951
533 950707
627 306936
11 901240
490 765159
33 587999
645 156078
26 96951
469 794407
535 967392
548 634942
438 620635
557 859654
130 548544
153 972056
257 113964
60 199736
372 454948
126 166628
340 230111
404 145963
343 183286
56 766213
10 826604
436 14676
493 726610
17 935896
33 854140
102 736775
49 349934
577 330055
236 537698
494 335577
524 840082
440 19668
180 848910
1 334333
577 119739
376 406261
268 239925
569 471754
111 546226
409 280617
609 242934
316 122413
650 880979
528 677337
152 219944
486 302695
337 406927
53 919983
532 738937
18 70159
204 491434
343 770062
656 98023
218 411234
454 941598
322 638241
400 937008
682 385176
615 989314
274 312425
584 78457
177 834858
453 416458
90 578011
353 267678
663 274471
275 815343
107 612723
181 718889
541 431576
367 783174
639 747613
395 12454
223 850604
24 535138
594 9868
68 374720
225 64283
80 715611
5 753342
590 360300
328 403464
216 798893
566 32338
500 39755
618 759282
163 533846
618 216864
97 584193
406 434232
512 536406
396 577562
40 105529
456 888753
326 265200
485 163076
645 366082
90 868943
136 179724
32 815285
267 148850
326 362115
131 931523
289 185432
411 91613
618 666958
458 965256
610 363031
322 496989
64 663590
502 451379
563 818356
72 429182
562 36925
208 212778
41 51038
50 553434
685 486361
3 428391
345 481762
366 767383
218 43372
485 921688
514 358875
566 517668
168 536170
198 616097
114 385404
509 276433
334 615743
399 692785
429 130650
425 50197
173 974589
546 64288
635 38784
371 194740
296 473259
127 127148
439 525138
610 889163
112 999772
51 187697
122 781387
562 458170
583 52353
54 418793
575 605011
600 613169
569 667008
425 657606
351 86663
34 604110
38 783384
356 495574
425 875855
450 238466
275 88001
533 540458
398 284561
245 309153
460 697581
142 734200
373 454790
284 676834
110 172171
540 739383
192 226520
638 476457
651 400903
496 91996
2 295944
501 316757
268 399577
548 416311
643 978156
605 909570
596 236170
310 425863
492 747809
95 482174
