288 682
520 922937
668 772682
449 799189
156 80990
489 567359
63 190478
312 633249
607 569938
62 68579
20 247533
37 577995
290 802318
21 602731
413 140962
631 575719
198 912931
74 436308
664 995169
314 332960
277 631928
300 106342
260 981938
438 717044
42 114606
214 128406
108 471138
280 122759
600 184668
636 443640
18 428577
449 194289
599 354104
472 347182
11 379007
364 142278
607 563737
71 521301
9 997590
274 662639
117 413999
591 163792
41 1081
256 822836
119 772056
447 707933
190 828665
328 326241
287 483950
531 458522
296 557614
262 191254
471 552894
112 593763
476 444676
156 261697
252 670026
198 742868
575 73183
673 382421
674 113895
204 240947
468 174041
450 161073
75 820420
539 813034
677 447892
580 602002
520 848661
459 992575
473 437066
382 265442
520 566030
237 650021
558 435871
70 246345
486 677040
622 178364
454 97556
265 500138
352 725930
542 244275
84 523725
550 421284
197 918094
57 320364
358 591785
636 607205
535 738590
506 278848
228 73158
473 925212
389 738654
166 297
472 515386
198 854835
170 389107
674 613207
554 724871
75 370927
131 8102
332 610508
109 770378
243 741432
614 693621
348 477302
548 563402
90 344884
357 571881
598 41517
536 594112
322 435256
191 270983
434 309760
166 737089
409 111670
144 528497
142 734560
370 520654
666 351093
576 52834
449 369163
291 864947
669 499323
405 215800
272 816880
390 963521
359 371775
178 471878
471 650285
592 655758
45 29011
472 457733
615 443346
558 466179
544 803430
500 262031
636 385414
397 539805
79 895335
220 495245
301 112663
377 369271
201 486399
522 56577
660 967346
114 480509
517 412728
9 929633
642 684919
61 275263
480 178789
632 944924
294 563300
1 585325
356 707458
338 817780
161 200328
399 370501
567 541178
511 485468
475 158232
441 886970
622 408985
256 353084
643 996441
129 996203
531 659933
104 122215
340 54836
404 534007
517 255699
193 477107
294 29948
457 402628
133 964288
386 276333
216 820000
191 178338
507 112282
137 215386
123 68868
334 373746
434 451847
190 801839
191 160067
229 238379
377 466053
399 693345
402 826721
620 917213
19 881411
359 164041
82 382938
518 596308
661 917262
544 263897
396 318302
108 786931
425 105811
605 327727
655 90193
114 928211
174 623081
319 722364
511 904385
493 524134
511 93190
664 364247
595 938391
499 398938
112 681815
645 390621
298 94589
672 829618
206 795305
34 26726
289 938968
112 958978
154 888169
451 739349
264 200038
27 654374
241 335658
62 367052
149 513298
165 605652
623 381990
561 867981
74 189060
265 992701
226 117863
660 53417
16 85476
230 319337
482 365333
525 925091
515 792651
190 620284
604 724010
484 417230
524 967567
343 800965
105 165711
450 752863
475 377122
497 833914
490 309997
632 49815
643 90035
422 182768
242 902271
485 456561
527 394060
292 211461
515 306772
243 322192
656 126972
416 155675
576 85991
589 152200
186 270500
56 755682
506 57734
91 363445
232 308336
56 98734
449 417263
523 928221
540 794829
7 213283
564 942790
299 80546
377 616216
394 684546
425 48147
210 398723
642 785886
224 486182
87 34790
614 803759
89 729674
565 123467
627 942623
122 251912
336 992295
456 29072
469 431519
335 687381
