821 446
288 425001
117 822155
306 506706
192 967206
399 886319
136 362696
159 984252
213 953536
94 539825
109 891781
144 856978
417 398824
41 702560
361 856274
21 847462
332 344611
246 289732
381 783512
138 369293
162 305929
321 515853
179 923347
19 759000
335 844488
199 218234
303 492795
151 246884
103 93735
291 437562
41 995542
254 329245
102 554649
228 726613
72 661466
192 746002
204 304389
25 446614
373 838875
410 132223
161 341606
232 718859
34 154608
245 138232
121 641581
27 832267
439 943129
436 812827
229 609244
321 258510
253 232093
230 369996
370 608211
364 356352
54 990010
121 227336
23 44709
365 505328
212 806889
96 722557
193 557253
303 171475
174 875886
242 949174
150 918948
394 338132
103 301169
83 373907
298 827584
260 699040
213 125298
46 699149
382 5174
76 317662
158 481732
424 502984
377 124480
219 238523
208 463855
136 810637
299 336532
269 876081
397 51170
59 842693
316 767475
428 293264
36 470478
145 801484
384 791390
140 157964
445 762916
422 714035
80 330822
114 538345
328 829641
316 523120
381 872588
60 188460
383 563737
240 8362
190 844593
385 567843
377 872988
93 18024
43 505951
327 722691
128 541922
223 254014
329 362095
97 341019
413 337437
41 209232
371 789359
387 208116
119 392332
365 371226
266 421126
75 692622
286 132970
90 505112
285 916292
304 512168
173 196315
368 348725
245 616358
363 383955
421 504608
28 877466
347 503795
212 33430
288 78875
113 723512
204 482741
36 220040
166 216330
49 350939
441 993434
435 154575
377 377742
206 704638
316 29995
23 73744
382 109101
229 568879
385 670548
256 819886
445 394646
112 930286
182 186497
436 349596
10 796004
59 439446
22 450327
164 47276
326 748372
134 104455
233 183006
334 935600
139 291882
164 187107
196 382487
346 605541
236 604717
243 178733
289 121926
111 651373
212 790905
218 830773
413 961983
34 223860
190 351360
34 415892
298 222374
337 541397
441 403363
128 446992
63 476413
254 510418
135 360134
72 548494
74 592498
431 506460
430 755985
393 922402
15 206953
68 728902
218 44707
198 561733
359 583215
362 817144
178 89591
93 226081
6 125466
431 50036
274 66417
69 527537
33 819664
374 768024
377 822468
381 57443
308 645582
236 610840
369 709663
93 547855
61 188637
162 355153
4 250092
165 416218
76 997477
201 18209
421 840232
296 315432
112 378227
112 370019
426 383938
66 54434
8 275235
25 733861
70 295037
175 508661
63 305261
377 486355
275 73591
407 270540
156 453021
27 581930
274 339784
427 540575
200 130043
275 924159
372 251876
390 175386
363 575635
258 65013
57 836865
54 274250
95 878581
310 839498
148 600867
255 85171
9 370819
439 215741
390 301196
206 804506
12 443249
260 426747
48 764243
358 953697
189 655855
113 961740
430 534406
333 138106
34 548144
56 60063
272 120761
328 787851
44 946206
98 869332
156 832226
258 410604
29 833096
417 607532
371 165917
378 326401
294 418983
48 375102
376 627805
112 417587
143 739927
374 308392
335 244119
434 587345
156 304476
335 308900
388 460623
193 717291
307 94427
326 244656
399 712708
166 110024
270 301514
353 442902
222 803029
270 124257
398 703306
62 161917
325 925159
366 652726
117 446417
351 994867
121 502698
264 158183
59 252659
341 98415
174 697488
315 83901
260 197538
230 21462
118 472019
163 272312
445 814876
374 638823
312 610289
370 358400
247 365922
414 446201
220 807422
339 158370
70 963447
279 857292
287 892525
79 475721
97 13825
446 475877
377 579441
351 123573
95 225639
242 684417
356 984578
374 433965
117 293004
293 806577
196 238208
96 900120
168 43487
82 737668
381 717884
61 273749
402 219948
265 731080
396 899481
404 487126
397 258186
96 972200
281 125935
356 623547
137 70131
16 639616
429 844154
16 812604
170 560319
435 790974
209 853885
89 348390
361 955532
37 700809
205 109776
48 41549
263 856908
415 383001
87 660873
383 677792
9 279240
391 11084
137 463591
233 635671
197 985978
445 345573
422 369781
432 1211
15 215350
133 599360
146 147671
416 848081
363 350334
103 243886
23 603063
56 149867
283 354139
340 651033
111 708913
341 620884
417 137949
179 28107
399 15906
400 356248
397 823459
233 790113
348 517162
81 889366
58 499546
206 993766
445 541584
161 65765
107 955724
440 165594
61 893913
91 350897
384 567562
434 359225
375 2851
306 157453
149 879299
28 258144
297 274704
328 45814
392 49462
106 531207
442 746071
173 53695
427 339960
442 694528
365 294491
430 354355
83 710384
236 158488
415 909540
181 273137
256 60872
292 273359
177 209737
167 455125
66 188324
263 715705
114 254767
255 479858
180 937400
231 392773
118 396892
131 125787
225 794806
418 80212
376 579184
369 704452
221 95859
124 795271
208 684599
347 664887
332 146672
238 591893
398 387519
384 426479
387 490445
45 957746
115 597239
35 815618
261 913936
187 548647
197 537332
193 222353
219 308293
160 945775
296 123803
159 819015
113 486549
139 134462
102 355802
303 408887
434 547256
273 442801
50 693002
12 500699
267 794637
96 162857
24 7185
252 483234
401 173345
336 461623
128 907417
207 332048
45 940207
22 456830
305 562305
258 495871
184 398049
307 584361
302 802614
50 8288
405 75829
273 333141
91 671604
79 917865
413 347689
443 355890
335 780638
124 530790
446 108337
151 128361
268 83051
13 626548
258 572769
238 196177
102 858445
241 581568
284 456160
325 60635
98 23382
271 192300
178 833855
368 537589
239 980517
381 191902
218 144108
17 298140
391 149845
36 315785
224 167124
172 195174
70 466991
90 691091
18 518722
436 750277
229 541081
132 260763
329 548514
322 305278
383 869422
283 772379
86 347569
92 63776
429 470719
146 818318
421 885548
85 697530
216 286070
326 314223
97 884214
170 450389
18 309634
11 989756
99 910476
186 379453
250 775044
135 553450
72 959360
108 551321
131 122272
1 565901
89 17804
158 873347
281 703025
363 852958
438 69591
341 893979
420 673633
255 117227
436 813720
155 857165
2 185620
118 718440
281 557002
429 28743
190 295888
51 333991
328 768566
398 25351
201 578169
86 891828
87 297777
311 443566
87 767849
362 532457
222 157762
42 3983
354 610044
96 406825
268 332860
43 922288
203 833221
43 957693
394 9899
356 156902
53 317797
16 319526
74 954473
89 784334
150 54956
47 916740
35 406183
34 615388
281 34487
67 820247
35 488802
422 438187
408 222424
232 621855
291 456544
378 84214
425 396315
65 291837
206 343000
92 744294
345 796164
39 584182
356 219108
254 100707
87 654808
264 656388
435 659944
330 533926
97 338835
410 516395
217 709343
63 786074
334 291359
437 92570
75 668422
126 453631
60 280048
292 739567
277 581216
83 927929
276 478715
151 458459
439 275546
356 866945
229 25263
46 325389
247 149234
11 166613
327 495541
416 159154
295 432937
348 561651
304 232446
65 957922
225 457545
329 866300
58 942407
379 473519
161 861019
85 598554
370 239182
429 614421
291 999902
325 543495
368 580349
229 573456
271 163270
424 521564
405 390282
377 223318
303 278605
214 385504
84 608901
14 672971
80 240128
224 183257
227 919558
172 785581
158 573498
21 450011
393 866057
269 663316
241 337021
21 791157
326 856263
125 702882
417 964699
187 335119
19 387794
336 525154
2 688903
123 702715
209 741529
236 577954
184 411970
41 428914
423 667354
348 320522
129 224936
187 509555
64 432311
224 507007
117 437083
108 142430
403 331787
100 718283
237 964101
134 207530
365 494947
232 238274
176 879547
314 956939
182 896239
317 633473
409 422371
327 580665
412 465362
105 315899
228 692637
105 496176
312 299858
428 92803
227 551022
207 205536
324 250904
191 538527
363 505973
106 118317
127 902600
254 971476
119 66599
330 641931
150 550466
89 106439
101 720315
214 67252
365 379948
22 309746
159 976186
174 398405
371 991026
105 26627
442 803935
351 370060
375 917840
87 457653
356 96077
140 78431
277 260452
177 951450
402 233147
76 416189
30 31442
156 799638
107 135201
139 338108
222 980663
435 990333
304 981502
380 524598
226 296638
63 481374
439 778227
224 409710
49 79895
53 60115
318 237590
444 568372
10 64412
347 994250
304 347190
411 469475
158 251986
53 66199
76 11860
369 76207
241 605567
300 682179
68 293259
201 168838
41 996624
12 128603
172 253023
69 618386
296 604968
329 928042
30 158043
318 137517
393 869953
286 575537
333 955338
59 184592
432 282782
159 738612
70 632145
366 263826
322 420770
408 566573
286 292885
96 541253
163 777206
365 377592
292 534543
359 522667
430 650925
101 898165
216 8097
87 904612
191 980160
364 766795
366 284476
346 516216
416 470856
215 921942
385 261006
371 199784
399 761328
435 558236
57 244639
238 951126
11 538100
375 516575
23 184822
4 16805
203 684729
47 969360
80 625381
120 8017
219 809040
113 592039
27 978881
110 516311
99 534973
116 706095
189 787256
395 919565
191 824758
111 115137
237 824909
100 691085
378 309399
115 338792
445 49031
84 976595
85 929242
54 752841
366 19447
167 215427
169 275264
232 759622
97 898082
264 645094
306 181938
134 573350
105 952891
184 970041
305 219148
103 879361
115 833372
295 572751
