415 373
263 718425
182 718182
368 197858
208 344782
109 201543
147 794833
40 661429
369 326934
261 691098
303 85718
302 254246
155 198463
41 243472
188 351428
149 323802
264 739210
322 363697
340 31143
63 264586
54 399836
355 695134
62 810756
328 893365
109 192053
124 900144
21 514677
332 763606
104 649272
236 807043
182 992112
206 518200
256 534063
81 958910
61 31842
161 403292
215 818432
177 77696
69 692332
107 521963
90 833228
37 237991
309 351379
351 559198
330 505559
181 928506
86 39980
268 501971
81 680076
361 22251
296 492376
224 434882
86 661443
346 624077
85 856629
289 866824
95 96887
296 443983
238 635485
258 625528
196 285201
355 945894
221 449676
123 808894
58 82950
90 487124
62 33641
42 66826
15 743482
313 889072
84 831607
100 749637
347 316525
360 82396
295 500505
233 941005
178 336502
100 883457
63 129938
276 997692
167 141690
32 4359
219 125993
132 311662
245 652939
131 868637
98 323006
91 311659
129 625509
114 493576
360 859473
181 112132
5 242265
339 200677
128 664540
237 654894
225 659374
335 123331
216 531882
75 489682
204 332040
28 92333
26 985525
68 904982
57 614979
110 75707
306 271252
150 234026
25 619193
250 887576
52 541765
11 962166
344 983943
59 530329
338 804865
238 844095
262 343190
285 676083
331 276659
153 98311
236 146741
284 623440
17 680880
37 161255
226 47478
362 250390
74 378880
120 606373
316 641162
89 661484
54 168450
328 661227
165 609463
185 763639
162 419018
305 524966
335 687583
197 344374
200 232971
140 10864
250 338553
124 974977
239 308861
140 928362
373 941482
356 984106
84 319866
115 622950
196 119906
299 687129
262 13929
265 797697
242 526909
328 390390
196 579543
351 892814
351 845112
313 59089
271 410916
255 869557
312 906266
221 230281
309 109043
129 645809
323 885345
322 727928
72 322878
48 474765
144 54934
21 824745
346 922394
277 682715
281 286220
274 415169
143 457267
66 370579
192 612505
29 973895
174 326857
287 911795
38 347042
160 161310
4 875648
165 391106
359 489055
108 602693
304 504028
78 462802
11 767933
334 802725
79 232136
37 787759
284 881079
272 258048
368 777221
241 231954
70 87326
359 145895
88 301015
240 630945
366 651005
182 873483
192 501652
89 349913
185 139234
366 797195
267 171746
41 750874
252 61463
350 184683
260 23867
268 210503
68 892894
89 910430
85 748474
107 981750
31 263385
183 411964
103 195531
70 217538
29 509735
58 133523
45 431882
119 842309
260 371470
51 881029
215 266930
217 314048
29 131067
146 670028
323 495889
43 60843
339 882949
55 124413
135 290477
118 762179
294 629020
261 782225
272 889803
18 946158
256 45238
117 318455
70 362261
41 599091
359 256508
82 274081
364 927803
45 129181
44 293416
107 330884
130 366602
48 827537
160 842923
166 325115
197 39250
217 329137
71 925974
221 768231
207 553636
275 476084
213 148274
89 554203
76 998399
223 401853
1 976100
329 915826
304 517730
177 56797
224 644308
184 126710
97 165446
66 999358
63 447455
352 181961
170 356828
273 285101
175 980536
70 469318
91 412464
128 86363
145 917637
160 803933
106 907141
191 995459
65 392933
126 227500
212 332260
324 599014
166 168455
148 220164
98 314668
151 51394
178 405301
359 189409
311 82026
136 80454
313 861152
292 972570
254 730899
351 360731
10 114607
149 127908
26 92682
204 600603
81 511575
27 315139
369 275477
108 299592
320 613833
190 364773
363 283919
8 279897
28 991201
100 875079
361 10374
274 552618
272 942319
155 216794
366 605275
222 276527
173 988296
87 72464
291 445774
322 352000
232 547147
66 436244
370 454768
120 33200
288 275962
368 737057
185 764341
65 769654
44 415925
342 242371
199 365083
340 224591
107 903664
220 605008
263 512108
283 431226
83 158590
266 251227
51 992015
30 991485
204 810050
57 521374
108 559228
240 349197
66 706624
127 159370
84 740121
95 590807
107 644120
296 352439
248 172095
67 645618
113 691080
103 836271
87 269794
73 182909
367 924599
20 87042
210 766483
106 543687
161 392250
263 226359
291 564047
301 990229
97 632005
159 35593
349 953729
263 527534
264 51480
306 882097
295 742876
270 692298
260 80688
292 190361
112 120152
258 482837
65 904430
227 558444
226 858594
104 467430
173 377911
14 359958
119 220844
334 533679
299 293369
370 417671
265 11179
168 13690
212 104203
89 993290
315 467895
328 473655
275 804783
356 576943
310 805385
350 767029
134 364058
69 381675
52 621442
104 329876
272 880248
61 987637
219 510564
119 888667
243 821463
348 241704
156 782597
105 759305
124 675176
70 87702
69 590582
143 479530
