379 1
1 535319
1 594658
1 820727
1 874712
1 961781
1 589938
1 302772
1 413163
1 688761
1 425581
1 606390
1 921626
1 848523
1 302374
1 748350
1 150246
1 694513
1 816920
1 648684
1 823182
1 180959
1 892510
1 50864
1 649980
1 761164
1 503207
1 106118
1 435867
1 204281
1 902541
1 358863
1 601373
1 512229
1 701869
1 309220
1 793955
1 730684
1 873523
1 252124
1 139499
1 852564
1 31015
1 954327
1 134848
1 379430
1 780244
1 590246
1 202376
1 823066
1 685983
1 418188
1 412593
1 423210
1 421731
1 487069
1 692251
1 669363
1 655412
1 384044
1 19368
1 800627
1 264194
1 670914
1 75303
1 147533
1 646401
1 242230
1 431826
1 111157
1 824780
1 343947
1 424957
1 707176
1 917263
1 962678
1 676177
1 18680
1 481323
1 870096
1 653621
1 767955
1 927111
1 634497
1 529827
1 470984
1 724475
1 654169
1 546081
1 542602
1 685546
1 567550
1 779396
1 546243
1 434274
1 11080
1 339603
1 121790
1 502444
1 676892
1 525905
1 910342
1 433809
1 213097
1 377965
1 66462
1 267128
1 262287
1 23396
1 581206
1 423738
1 619021
1 844457
1 925591
1 760524
1 827823
1 676798
1 516893
1 414668
1 441576
1 572109
1 520890
1 372291
1 108332
1 648101
1 544261
1 897992
1 488
1 598154
1 412665
1 252474
1 29426
1 155892
1 581591
1 865524
1 978598
1 506616
1 211751
1 630051
1 316177
1 15853
1 820443
1 653977
1 408388
1 325994
1 724382
1 547698
1 419022
1 955769
1 311513
1 342705
1 467785
1 543920
1 44041
1 965488
1 195699
1 88793
1 662237
1 70125
1 728456
1 709578
1 675036
1 459210
1 542877
1 957431
1 46966
1 54578
1 483177
1 63464
1 120690
1 459748
1 422255
1 614169
1 324113
1 774313
1 307245
1 261165
1 862471
1 884797
1 994153
1 948888
1 445409
1 992328
1 48908
1 531763
1 376793
1 300037
1 704585
1 812026
1 225212
1 135316
1 796264
1 140653
1 921655
1 481319
1 113171
1 907220
1 10761
1 515788
1 571679
1 716536
1 283600
1 152210
1 293919
1 150023
1 296201
1 882429
1 393778
1 127962
1 196554
1 869181
1 577951
1 847096
1 34554
1 947068
1 806110
1 693938
1 417001
1 444777
1 951678
1 51522
1 342282
1 669271
1 785167
1 140367
1 974940
1 667143
1 798921
1 29143
1 555039
1 239629
1 490572
1 951916
1 186677
1 694407
1 402702
1 47784
1 122184
1 812610
1 624785
1 890353
1 998393
1 752984
1 756818
1 920778
1 37010
1 565423
1 361539
1 930724
1 792204
1 332298
1 579715
1 448441
1 77113
1 618324
1 14077
1 402484
1 33197
1 97950
1 650455
1 218553
1 967926
1 955203
1 12774
1 378573
1 238324
1 972721
1 159121
1 483118
1 195907
1 943245
1 349026
1 782001
1 307675
1 738030
1 41903
1 981847
1 158362
1 888922
1 8668
1 872922
1 934165
1 226143
1 272554
1 55303
1 37204
1 946060
1 169833
1 174245
1 676430
1 21515
1 807410
1 971794
1 296038
1 324810
1 320843
1 539647
1 872750
1 924736
1 228479
1 657206
1 580016
1 557931
1 11784
1 98879
1 10791
1 871205
1 184408
1 747315
1 448168
1 454797
1 250956
1 256952
1 505132
1 456635
1 912957
1 951603
1 202469
1 644780
1 232222
1 928597
1 603206
1 391905
1 13837
1 179517
1 373808
1 97900
1 801125
1 740683
1 970972
1 295016
1 163122
1 335163
1 158547
1 296471
1 70454
1 996721
1 652924
1 715817
1 339795
1 843870
1 696389
1 911341
1 715898
1 110160
1 925925
1 936318
1 318064
1 123849
1 901172
1 714564
1 801226
1 99459
1 527529
1 984427
1 328402
1 527422
1 683648
1 129284
1 409055
1 43881
1 704660
1 499102
1 118236
1 683357
1 356873
1 40923
1 767866
1 518563
1 590689
1 803215
1 959628
1 236260
1 958523
1 411951
1 580736
1 786181
1 167490
1 719515
1 345756
