236 1
1 865160
1 864023
1 574221
1 860397
1 477605
1 3217
1 824897
1 814308
1 586046
1 651191
1 898811
1 379830
1 512962
1 207803
1 860152
1 476038
1 845765
1 569945
1 387224
1 940267
1 613987
1 993514
1 853099
1 34236
1 108775
1 181005
1 61126
1 33799
1 884970
1 575695
1 537197
1 720901
1 206211
1 848861
1 279306
1 151998
1 295435
1 209315
1 969771
1 452791
1 897506
1 728204
1 226421
1 496223
1 992278
1 222054
1 302988
1 868964
1 504964
1 682847
1 631270
1 559898
1 522744
1 720665
1 916108
1 357606
1 366819
1 218720
1 707472
1 194257
1 855094
1 414901
1 800695
1 672830
1 544101
1 940903
1 687612
1 798443
1 213620
1 496953
1 787971
1 449181
1 330896
1 136699
1 633244
1 981583
1 723725
1 393283
1 877640
1 245808
1 72953
1 299443
1 387739
1 247059
1 355522
1 492649
1 429426
1 373947
1 139168
1 547453
1 956463
1 808974
1 892718
1 173454
1 114406
1 969873
1 342812
1 771060
1 268012
1 943348
1 978628
1 593870
1 50666
1 683445
1 761095
1 968928
1 590947
1 454587
1 560206
1 622174
1 88058
1 507879
1 497916
1 523204
1 830178
1 253154
1 27755
1 744751
1 345582
1 504300
1 509738
1 958067
1 400939
1 55645
1 327371
1 516926
1 677965
1 126802
1 868277
1 651344
1 637415
1 859880
1 833412
1 386390
1 919863
1 255162
1 355150
1 569979
1 902939
1 700352
1 760570
1 756623
1 998976
1 994614
1 80777
1 223236
1 937722
1 462861
1 46645
1 629548
1 302999
1 654952
1 547613
1 455448
1 495625
1 568537
1 125957
1 948580
1 391798
1 903433
1 164520
1 934922
1 288279
1 816112
1 404724
1 487035
1 199273
1 519669
1 475772
1 12821
1 210000
1 881367
1 633228
1 8159
1 544579
1 350145
1 340034
1 357576
1 717425
1 796441
1 229140
1 411237
1 188836
1 238103
1 394472
1 734052
1 94633
1 547042
1 227612
1 358906
1 869147
1 464307
1 203932
1 192922
1 441014
1 356918
1 769421
1 289207
1 718873
1 704200
1 580871
1 69020
1 602863
1 97124
1 951033
1 556907
1 131689
1 248783
1 797970
1 377893
1 750985
1 4810
1 33174
1 848452
1 186836
1 785255
1 762981
1 610737
1 225040
1 391514
1 736333
1 257448
1 474302
1 966702
1 527749
1 660268
1 23147
1 292135
1 503850
1 346734
1 907929
1 322545
1 906074
1 305490
1 853098
1 339290
