534 1
1 548510
1 146559
1 228609
1 115991
1 276889
1 531312
1 442929
1 122379
1 357183
1 648357
1 785893
1 423150
1 451880
1 56133
1 81394
1 234972
1 639898
1 182241
1 446713
1 706428
1 606994
1 583732
1 954433
1 222095
1 498432
1 391965
1 557806
1 948410
1 454300
1 159146
1 416206
1 611431
1 940434
1 616442
1 600404
1 662032
1 707280
1 446004
1 716068
1 710098
1 698674
1 54703
1 67721
1 298957
1 356896
1 964031
1 896742
1 575236
1 387294
1 51596
1 383459
1 138980
1 33273
1 891754
1 117207
1 624072
1 526907
1 737861
1 326528
1 208933
1 76506
1 452123
1 152993
1 861058
1 184749
1 37506
1 748140
1 794859
1 794783
1 519237
1 553283
1 103365
1 309091
1 538807
1 695797
1 469209
1 519757
1 611316
1 501686
1 783317
1 523607
1 380432
1 296339
1 521688
1 139070
1 973785
1 225799
1 898963
1 312130
1 790516
1 905074
1 81971
1 781360
1 197379
1 125434
1 307608
1 964104
1 345012
1 773738
1 567547
1 815999
1 762829
1 889692
1 673949
1 730544
1 127831
1 850188
1 155058
1 817385
1 510094
1 196718
1 897158
1 590707
1 775814
1 497269
1 492175
1 182511
1 500755
1 332741
1 949471
1 394028
1 684039
1 844912
1 146831
1 653418
1 239291
1 544956
1 542756
1 224637
1 444454
1 96221
1 63091
1 688423
1 428060
1 373701
1 948766
1 440501
1 385501
1 187184
1 499856
1 29268
1 492989
1 681155
1 426465
1 54399
1 812818
1 455507
1 815639
1 154890
1 363472
1 348931
1 250638
1 616998
1 102459
1 194914
1 533477
1 481743
1 188229
1 246543
1 431091
1 250262
1 830581
1 719760
1 138067
1 738194
1 506496
1 570395
1 481830
1 482391
1 157676
1 464174
1 1825
1 506189
1 357135
1 678829
1 966394
1 20632
1 717233
1 762798
1 646447
1 705511
1 955949
1 521698
1 603170
1 208001
1 879829
1 553401
1 818549
1 886993
1 587447
1 671405
1 219408
1 831632
1 741392
1 307382
1 161532
1 710540
1 686664
1 584220
1 875530
1 732036
1 375529
1 786449
1 627603
1 322879
1 341783
1 118043
1 213144
1 924540
1 776393
1 691052
1 130477
1 231665
1 611575
1 855574
1 625694
1 16555
1 93057
1 86738
1 584311
1 414919
1 646718
1 210043
1 993713
1 54156
1 74148
1 233259
1 954448
1 439553
1 698182
1 884301
1 936631
1 680126
1 117349
1 367298
1 558871
1 761814
1 316205
1 593411
1 405577
1 137628
1 366020
1 192257
1 306840
1 963617
1 573914
1 608062
1 461380
1 394628
1 240923
1 424755
1 855164
1 334311
1 569720
1 771540
1 181257
1 442854
1 710596
1 6010
1 858965
1 866427
1 477897
1 11752
1 852444
1 862618
1 988031
1 484790
1 251974
1 710749
1 564707
1 982510
1 71609
1 94599
1 976772
1 957935
1 451969
1 563258
1 827514
1 918391
1 699314
1 85456
1 102426
1 462149
1 590114
1 986804
1 904889
1 898660
1 739232
1 263564
1 422687
1 372506
1 128650
1 833150
1 809352
1 153732
1 999005
1 810323
1 417198
1 828002
1 775685
1 471603
1 390152
1 82499
1 491973
1 952704
1 112209
1 905810
1 950309
1 227688
1 602872
1 533840
1 349527
1 570658
1 579899
1 864449
1 993131
1 924949
1 93763
1 835933
1 350605
1 590230
1 288349
1 877105
1 368873
1 573822
1 292031
1 509936
1 154671
1 121637
1 916260
1 632121
1 353424
1 692161
1 905126
1 353443
1 624385
1 839027
1 96600
1 435728
1 810907
1 978648
1 347829
1 999478
1 563256
1 887126
1 367501
1 324023
1 485587
1 817744
1 864854
1 739302
1 203006
1 728044
1 631790
1 607445
1 352058
1 415485
1 622071
1 584399
1 71265
1 457550
1 411560
1 556728
1 522734
1 337253
1 857748
1 82083
1 977872
1 795687
1 163022
1 108767
1 844320
1 726486
1 140041
1 996074
1 553942
1 88922
1 357896
1 916160
1 414131
1 513235
1 280219
1 768963
1 124018
1 34613
1 236209
1 397558
1 128851
1 863715
1 305620
1 590521
1 298614
1 336510
1 241794
1 869031
1 231938
1 469376
1 201415
1 292216
1 104678
1 157747
1 909800
1 20143
1 468068
1 45075
1 422442
1 279417
1 460940
1 849851
1 819607
1 522866
1 624055
1 735308
1 407582
1 294102
1 987720
1 113338
1 430203
1 795810
1 14429
1 509720
1 33070
1 62809
1 189612
1 982081
1 490638
1 3017
1 853937
1 818504
1 374804
1 843449
1 903492
1 623842
1 23967
1 606537
1 810405
1 436534
1 343080
1 24788
1 675424
1 57130
1 268673
1 656490
1 225234
1 53949
1 245679
1 440421
1 793749
1 455838
1 544887
1 681338
1 59006
1 918751
1 524937
1 472196
1 62337
1 144020
1 257705
1 956939
1 768841
1 227615
1 728574
1 617028
1 787478
1 848280
1 23050
1 145983
1 755635
1 830579
1 637472
1 240542
1 775650
1 948400
1 744386
1 263852
1 370371
1 657377
1 846725
1 622160
1 895428
1 620651
1 853646
1 839748
1 164228
1 57678
1 517065
1 20046
1 890597
1 729441
1 4566
1 953452
1 548710
1 558625
1 617041
1 543793
1 479371
1 328312
1 242416
1 719823
1 696441
1 40537
1 749823
1 94862
1 182830
1 259125
1 49989
1 857763
1 488941
1 699481
1 196535
1 365379
1 397479
1 404148
1 620929
1 639223
1 166070
1 907370
1 870091
1 860155
1 254596
1 552096
1 668430
1 242313
1 652914
1 573131
1 557103
1 152964
1 630286
1 76586
1 971310
1 91306
1 83116
1 763368
1 100139
