89 1
1 165146
1 317661
1 703786
1 525769
1 575665
1 494752
1 626795
1 298458
1 497656
1 140243
1 232475
1 726229
1 395923
1 797154
1 500626
1 654413
1 889291
1 886557
1 96767
1 836116
1 385892
1 831324
1 680562
1 363396
1 815302
1 13066
1 921823
1 382010
1 648350
1 331848
1 215239
1 322729
1 921242
1 686029
1 525322
1 397649
1 538583
1 504259
1 944346
1 263590
1 561057
1 189630
1 763320
1 382252
1 307453
1 642135
1 294001
1 354711
1 989088
1 181082
1 3945
1 999680
1 107320
1 27988
1 552519
1 357969
1 980635
1 488986
1 900479
1 20788
1 926931
1 986259
1 876668
1 867772
1 275514
1 970998
1 788755
1 678041
1 141439
1 100823
1 928709
1 98023
1 695589
1 690512
1 111477
1 762858
1 300229
1 55653
1 44017
1 138355
1 167049
1 577672
1 386406
1 452175
1 263661
1 830302
1 108112
1 639360
1 194181
