393 1
1 767668
1 915057
1 199734
1 258682
1 57562
1 752656
1 760603
1 685007
1 389554
1 763108
1 383492
1 417790
1 567050
1 755071
1 802564
1 343463
1 156445
1 522082
1 589062
1 236209
1 408192
1 674924
1 966219
1 598106
1 885630
1 134152
1 890903
1 647023
1 64127
1 713185
1 733477
1 620384
1 152371
1 487619
1 140719
1 803381
1 136189
1 586234
1 866875
1 982860
1 535249
1 499069
1 15859
1 730467
1 411624
1 769079
1 206996
1 669365
1 786625
1 375048
1 144586
1 570203
1 565511
1 137894
1 740770
1 69200
1 598491
1 280317
1 485788
1 572744
1 87246
1 30864
1 76490
1 394637
1 35337
1 454264
1 811729
1 113626
1 915407
1 347873
1 685602
1 861946
1 598873
1 669702
1 408215
1 369964
1 50008
1 594323
1 822410
1 305291
1 856178
1 185079
1 906113
1 583812
1 217858
1 165553
1 631964
1 756655
1 863128
1 533154
1 899744
1 179490
1 818316
1 790213
1 532047
1 529142
1 786442
1 877464
1 469808
1 887645
1 788726
1 837151
1 918525
1 291609
1 751012
1 633927
1 220000
1 80376
1 419703
1 188849
1 697609
1 344226
1 759385
1 374143
1 724700
1 710922
1 902359
1 48024
1 125694
1 531815
1 719797
1 859960
1 816538
1 984435
1 852370
1 935032
1 911720
1 985877
1 418978
1 765889
1 183049
1 664257
1 16202
1 990180
1 347782
1 326095
1 397119
1 769571
1 524748
1 36631
1 771871
1 44168
1 845287
1 309231
1 692091
1 947744
1 732425
1 232863
1 65123
1 850581
1 367214
1 528054
1 394546
1 478546
1 484934
1 161773
1 625607
1 308253
1 420469
1 53125
1 841265
1 408568
1 765353
1 663780
1 305885
1 513380
1 138720
1 264088
1 110803
1 918396
1 814614
1 972266
1 874122
1 254409
1 106531
1 936122
1 864692
1 16787
1 413768
1 12107
1 984199
1 923705
1 768859
1 530858
1 164821
1 31733
1 703940
1 240661
1 530428
1 842041
1 302417
1 161541
1 828113
1 85917
1 339840
1 971241
1 182347
1 255182
1 536563
1 214057
1 31738
1 22902
1 733414
1 316109
1 667579
1 516851
1 504602
1 484301
1 912897
1 720560
1 147023
1 928136
1 101487
1 571985
1 816892
1 837994
1 154529
1 460752
1 809766
1 417805
1 750488
1 788419
1 759476
1 861790
1 664838
1 255962
1 45661
1 284823
1 854924
1 581687
1 689913
1 690911
1 393396
1 16973
1 102947
1 22456
1 213488
1 475857
1 459847
1 301681
1 324649
1 924338
1 871856
1 996049
1 948597
1 680207
1 412606
1 67705
1 205906
1 311417
1 320128
1 734968
1 983366
1 91401
1 878961
1 599249
1 509494
1 374824
1 840867
1 871935
1 52577
1 514325
1 329133
1 423718
1 477911
1 682967
1 707262
1 779384
1 816888
1 418955
1 339083
1 714840
1 542872
1 239011
1 872277
1 345955
1 559175
1 521925
1 628672
1 234631
1 285251
1 913807
1 190766
1 861301
1 317937
1 648671
1 352782
1 131639
1 757656
1 871247
1 942651
1 868985
1 497720
1 886586
1 332067
1 118107
1 431771
1 86382
1 540995
1 725289
1 602610
1 516132
1 367405
1 286833
1 471316
1 181404
1 120985
1 968088
1 164308
1 150850
1 907597
1 361765
1 375402
1 256611
1 936880
1 47184
1 977556
1 665103
1 17601
1 194150
1 855294
1 236467
1 630577
1 96888
1 72719
1 32488
1 678635
1 611157
1 16224
1 913477
1 981843
1 61479
1 663675
1 463077
1 300990
1 41722
1 582068
1 898476
1 113534
1 681683
1 643053
1 770056
1 741522
1 783009
1 927339
1 175982
1 982861
1 713858
1 138208
1 194729
1 987974
1 429043
1 847294
1 722466
1 909999
1 203354
1 165675
1 190056
1 998722
1 965238
1 162077
1 516044
1 279022
1 487356
1 317301
1 360772
1 411469
1 223677
1 426051
1 180445
1 965175
1 789663
1 770574
1 252494
1 641745
1 573967
1 700995
1 230700
1 253530
1 684577
1 625823
1 241414
1 280822
1 575903
1 467148
1 795428
1 112910
1 119098
1 293413
1 297727
1 725275
1 937603
1 546924
