667 538
257 491
808 491
641 491
485 491
291 491
45 491
237 491
857 491
583 491
991 491
854 491
311 491
389 491
797 491
930 491
240 491
292 491
191 491
974 491
346 491
850 491
691 491
595 491
33 491
488 491
943 491
350 491
913 491
73 491
814 491
548 491
88 491
84 491
55 491
42 491
394 491
115 491
210 491
222 491
463 491
684 491
995 491
242 491
192 491
341 491
669 491
357 491
924 491
138 491
498 491
809 491
811 491
129 491
209 491
15 491
205 491
674 491
718 491
339 491
572 491
830 491
377 491
697 491
311 491
555 491
298 491
88 491
692 491
693 491
540 491
588 491
47 491
122 491
63 491
71 491
670 491
522 491
12 491
827 491
766 491
749 491
375 491
27 491
985 491
577 491
320 491
307 491
996 491
651 491
877 491
927 491
386 491
663 491
922 491
88 491
556 491
564 491
74 491
442 491
667 491
326 491
510 491
473 491
323 491
477 491
917 491
629 491
615 491
90 491
475 491
10 491
601 491
859 491
209 491
508 491
198 491
593 491
411 491
880 491
600 491
402 491
389 491
925 491
221 491
981 491
608 491
892 491
601 491
535 491
409 491
151 491
358 491
178 491
858 491
739 491
525 491
668 491
657 491
176 491
741 491
394 491
402 491
836 491
653 491
267 491
544 491
22 491
367 491
261 491
703 491
506 491
596 491
130 491
890 491
178 491
743 491
559 491
157 491
188 491
159 491
262 491
437 491
480 491
995 491
577 491
244 491
458 491
169 491
20 491
818 491
128 491
214 491
947 491
537 491
176 491
871 491
682 491
638 491
902 491
385 491
34 491
758 491
208 491
968 491
158 491
329 491
431 491
304 491
645 491
139 491
422 491
55 491
646 491
408 491
573 491
643 491
401 491
798 491
948 491
348 491
292 491
225 491
483 491
352 491
938 491
941 491
348 491
954 491
83 491
931 491
805 491
747 491
799 491
954 491
950 491
832 491
735 491
847 491
712 491
467 491
312 491
375 491
591 491
768 491
61 491
640 491
907 491
916 491
915 491
392 491
904 491
425 491
842 491
568 491
694 491
605 491
701 491
332 491
505 491
814 491
886 491
118 491
400 491
823 491
695 491
652 491
667 491
870 491
915 491
530 491
281 491
167 491
84 491
60 491
318 491
257 491
535 491
859 491
55 491
847 491
418 491
447 491
915 491
804 491
689 491
733 491
426 491
330 491
411 491
498 491
876 491
568 491
647 491
29 491
582 491
208 491
405 491
99 491
939 491
941 491
425 491
497 491
847 491
622 491
363 491
551 491
145 491
791 491
52 491
434 491
426 491
352 491
534 491
920 491
116 491
884 491
652 491
618 491
373 491
572 491
248 491
992 491
384 491
885 491
276 491
76 491
547 491
825 491
897 491
941 491
55 491
418 491
432 491
985 491
973 491
365 491
116 491
462 491
182 491
128 491
268 491
927 491
515 491
936 491
743 491
110 491
871 491
122 491
711 491
310 491
446 491
926 491
142 491
106 491
638 491
634 491
37 491
724 491
570 491
497 491
918 491
89 491
890 491
349 491
116 491
630 491
658 491
238 491
732 491
626 491
164 491
342 491
246 491
906 491
303 491
198 491
854 491
699 491
96 491
230 491
326 491
326 491
947 491
673 491
763 491
483 491
441 491
306 491
425 491
23 491
440 491
472 491
157 491
506 491
932 491
625 491
206 491
64 491
973 491
505 491
298 491
983 491
634 491
575 491
161 491
303 491
388 491
219 491
615 491
43 491
137 491
943 491
874 491
110 491
720 491
557 491
671 491
25 491
221 491
55 491
697 491
770 491
607 491
648 491
1 491
842 491
43 491
414 491
370 491
718 491
377 491
784 491
173 491
329 491
634 491
295 491
745 491
575 491
136 491
874 491
233 491
695 491
410 491
575 491
33 491
397 491
703 491
952 491
934 491
50 491
647 491
596 491
489 491
952 491
504 491
301 491
551 491
234 491
624 491
160 491
834 491
496 491
145 491
296 491
750 491
693 491
482 491
266 491
613 491
732 491
857 491
579 491
174 491
626 491
736 491
112 491
908 491
692 491
874 491
850 491
689 491
48 491
867 491
836 491
94 491
96 491
757 491
535 491
656 491
494 491
514 491
745 491
5 491
167 491
958 491
42 491
866 491
958 491
341 491
347 491
434 491
90 491
543 491
245 491
953 491
720 491
558 491
289 491
326 491
300 491
594 491
240 491
791 491
386 491
870 491
301 491
769 491
442 491
441 491
661 491
534 491
713 491
358 491
164 491
941 491
83 491
689 491
365 491
602 491
957 491
773 491
968 491
404 491
515 491
502 491
719 491
213 491
212 491
319 491
33 491
872 491
825 491
498 491
268 491
614 491
263 491
879 491
184 491
349 491
252 491
461 491
225 491
106 491
329 491
274 491
773 491
852 491
90 491
782 491
568 491
633 491
405 491
262 491
744 491
669 491
689 491
191 491
762 491
261 491
970 491
780 491
848 491
852 491
820 491
429 491
199 491
893 491
686 491
229 491
188 491
243 491
153 491
248 491
150 491
863 491
152 491
169 491
282 491
132 491
468 491
747 491
924 491
67 491
521 491
426 491
165 491
406 491
251 491
458 491
965 491
264 491
968 491
766 491
152 491
732 491
906 491
319 491
689 491
53 491
353 491
357 491
865 491
780 491
477 491
567 491
137 491
875 491
250 491
333 491
409 491
931 491
93 491
457 491
521 491
448 491
394 491
889 491
69 491
427 491
638 491
214 491
317 491
13 491
775 491
114 491
759 491
979 491
710 491
202 491
618 491
198 491
996 491
285 491
108 491
48 491
512 491
4 491
367 491
674 491
517 491
301 491
383 491
625 491
196 491
12 491
153 491
53 491
624 491
950 491
723 491
470 491
699 491
669 491
767 491
225 491
795 491
733 491
475 491
290 491
797 491
702 491
789 491
997 491
749 491
697 491
302 491
468 491
868 491
301 491
177 491
266 491
618 491
573 491
975 491
488 491
169 491
45 491
