647 881
973 567
796 567
429 567
820 567
178 567
872 567
770 567
932 567
300 567
312 567
88 567
290 567
954 567
597 567
340 567
792 567
471 567
477 567
683 567
890 567
615 567
976 567
171 567
928 567
326 567
728 567
805 567
531 567
789 567
842 567
364 567
657 567
929 567
169 567
943 567
850 567
38 567
702 567
750 567
869 567
534 567
363 567
164 567
716 567
830 567
1 567
861 567
355 567
699 567
472 567
213 567
881 567
219 567
766 567
138 567
405 567
620 567
760 567
291 567
597 567
54 567
507 567
335 567
623 567
608 567
985 567
284 567
928 567
486 567
414 567
448 567
700 567
860 567
523 567
47 567
48 567
382 567
358 567
966 567
1000 567
459 567
125 567
789 567
149 567
214 567
481 567
531 567
442 567
390 567
213 567
966 567
780 567
403 567
225 567
270 567
441 567
332 567
858 567
600 567
397 567
277 567
997 567
766 567
569 567
405 567
429 567
670 567
133 567
171 567
682 567
616 567
521 567
249 567
952 567
260 567
58 567
844 567
599 567
968 567
620 567
414 567
878 567
299 567
945 567
934 567
283 567
210 567
497 567
54 567
292 567
507 567
431 567
483 567
895 567
575 567
392 567
104 567
800 567
273 567
975 567
966 567
387 567
153 567
310 567
701 567
923 567
840 567
914 567
236 567
253 567
131 567
811 567
546 567
20 567
256 567
32 567
574 567
873 567
696 567
296 567
708 567
182 567
797 567
799 567
218 567
161 567
777 567
338 567
259 567
607 567
300 567
998 567
488 567
241 567
252 567
931 567
601 567
433 567
825 567
377 567
146 567
377 567
47 567
994 567
771 567
579 567
339 567
418 567
917 567
117 567
334 567
749 567
613 567
63 567
781 567
117 567
355 567
383 567
830 567
385 567
958 567
197 567
240 567
443 567
9 567
584 567
135 567
396 567
992 567
450 567
859 567
519 567
367 567
579 567
728 567
636 567
48 567
570 567
493 567
629 567
416 567
389 567
364 567
679 567
575 567
815 567
727 567
659 567
402 567
442 567
702 567
781 567
837 567
405 567
945 567
497 567
479 567
748 567
150 567
258 567
313 567
897 567
930 567
38 567
511 567
713 567
539 567
663 567
587 567
332 567
999 567
868 567
367 567
247 567
904 567
832 567
270 567
331 567
938 567
652 567
479 567
805 567
946 567
433 567
113 567
239 567
615 567
668 567
6 567
900 567
153 567
410 567
927 567
885 567
130 567
818 567
729 567
368 567
557 567
774 567
508 567
608 567
810 567
13 567
158 567
792 567
260 567
943 567
717 567
746 567
149 567
283 567
971 567
554 567
10 567
339 567
649 567
272 567
302 567
221 567
221 567
23 567
442 567
320 567
116 567
830 567
635 567
490 567
980 567
618 567
392 567
448 567
594 567
544 567
836 567
579 567
627 567
198 567
166 567
745 567
303 567
701 567
285 567
411 567
327 567
467 567
729 567
962 567
306 567
83 567
561 567
588 567
657 567
650 567
727 567
542 567
659 567
419 567
920 567
77 567
246 567
129 567
908 567
667 567
914 567
952 567
648 567
966 567
166 567
912 567
414 567
67 567
798 567
202 567
29 567
215 567
508 567
198 567
747 567
568 567
559 567
771 567
193 567
181 567
769 567
808 567
1000 567
226 567
120 567
710 567
745 567
756 567
687 567
220 567
10 567
507 567
917 567
704 567
340 567
286 567
978 567
608 567
254 567
536 567
815 567
234 567
51 567
487 567
837 567
928 567
501 567
580 567
876 567
358 567
167 567
89 567
907 567
837 567
302 567
327 567
52 567
173 567
333 567
289 567
50 567
267 567
199 567
113 567
744 567
9 567
691 567
969 567
920 567
605 567
329 567
173 567
525 567
151 567
25 567
886 567
824 567
505 567
153 567
760 567
141 567
600 567
463 567
68 567
280 567
254 567
921 567
287 567
242 567
493 567
147 567
103 567
98 567
537 567
751 567
649 567
52 567
576 567
427 567
673 567
889 567
527 567
750 567
22 567
725 567
513 567
697 567
940 567
967 567
85 567
557 567
221 567
139 567
857 567
872 567
484 567
745 567
298 567
914 567
519 567
462 567
612 567
672 567
984 567
531 567
212 567
602 567
893 567
964 567
794 567
817 567
236 567
452 567
88 567
72 567
971 567
426 567
255 567
860 567
40 567
903 567
48 567
4 567
959 567
212 567
12 567
164 567
994 567
603 567
480 567
465 567
981 567
852 567
361 567
346 567
912 567
617 567
541 567
356 567
33 567
687 567
561 567
256 567
521 567
348 567
128 567
614 567
513 567
256 567
871 567
799 567
406 567
935 567
847 567
61 567
526 567
346 567
318 567
790 567
813 567
816 567
105 567
542 567
464 567
82 567
599 567
368 567
456 567
100 567
821 567
279 567
614 567
385 567
617 567
802 567
570 567
318 567
450 567
109 567
496 567
118 567
816 567
791 567
875 567
947 567
908 567
933 567
125 567
716 567
116 567
15 567
313 567
505 567
80 567
208 567
465 567
775 567
624 567
388 567
603 567
493 567
824 567
146 567
830 567
491 567
623 567
534 567
986 567
86 567
603 567
334 567
250 567
589 567
623 567
411 567
863 567
361 567
899 567
365 567
969 567
438 567
790 567
193 567
31 567
160 567
728 567
216 567
769 567
522 567
723 567
971 567
241 567
8 567
673 567
464 567
727 567
238 567
233 567
950 567
501 567
8 567
238 567
608 567
271 567
955 567
619 567
401 567
802 567
159 567
907 567
341 567
667 567
653 567
619 567
495 567
428 567
507 567
407 567
686 567
182 567
176 567
197 567
11 567
858 567
646 567
798 567
357 567
601 567
552 567
221 567
147 567
637 567
991 567
130 567
72 567
750 567
567 567
228 567
14 567
181 567
74 567
491 567
856 567
