116 399
795 154
840 154
908 154
826 154
183 154
67 154
373 154
533 154
597 154
15 154
677 154
959 154
849 154
465 154
114 154
902 154
17 154
524 154
121 154
331 154
706 154
430 154
605 154
731 154
794 154
975 154
584 154
501 154
385 154
129 154
245 154
501 154
340 154
277 154
966 154
671 154
737 154
164 154
310 154
551 154
709 154
445 154
495 154
780 154
194 154
206 154
409 154
439 154
89 154
765 154
288 154
963 154
662 154
795 154
553 154
973 154
933 154
488 154
705 154
658 154
39 154
394 154
349 154
544 154
732 154
605 154
816 154
127 154
717 154
701 154
434 154
55 154
789 154
636 154
720 154
565 154
815 154
261 154
495 154
502 154
781 154
926 154
401 154
232 154
716 154
838 154
48 154
235 154
937 154
617 154
16 154
550 154
481 154
707 154
557 154
826 154
823 154
156 154
621 154
247 154
861 154
622 154
807 154
127 154
86 154
447 154
223 154
253 154
67 154
498 154
722 154
465 154
351 154
1000 154
157 154
149 154
