396 614
792 172
891 172
395 172
587 172
556 172
469 172
645 172
978 172
746 172
478 172
793 172
353 172
834 172
403 172
224 172
369 172
764 172
923 172
849 172
586 172
642 172
168 172
534 172
173 172
436 172
575 172
82 172
468 172
34 172
117 172
830 172
469 172
382 172
725 172
592 172
208 172
783 172
578 172
940 172
448 172
751 172
301 172
629 172
684 172
231 172
334 172
84 172
528 172
929 172
985 172
277 172
263 172
78 172
475 172
189 172
879 172
807 172
25 172
675 172
91 172
59 172
459 172
953 172
73 172
133 172
30 172
786 172
913 172
297 172
423 172
272 172
516 172
375 172
942 172
599 172
952 172
564 172
132 172
699 172
389 172
715 172
177 172
136 172
271 172
476 172
372 172
390 172
689 172
263 172
64 172
134 172
584 172
235 172
657 172
257 172
969 172
780 172
603 172
603 172
345 172
739 172
415 172
370 172
52 172
449 172
67 172
179 172
629 172
322 172
379 172
510 172
427 172
447 172
392 172
610 172
945 172
461 172
403 172
507 172
950 172
312 172
745 172
879 172
149 172
80 172
523 172
826 172
270 172
70 172
352 172
890 172
556 172
681 172
561 172
684 172
939 172
129 172
853 172
377 172
804 172
728 172
83 172
80 172
34 172
373 172
133 172
925 172
24 172
944 172
498 172
569 172
386 172
702 172
907 172
865 172
548 172
151 172
807 172
787 172
596 172
863 172
160 172
159 172
578 172
346 172
487 172
830 172
451 172
783 172
454 172
640 172
751 172
532 172
697 172
45 172
808 172
758 172
389 172
589 172
76 172
434 172
175 172
764 172
593 172
818 172
767 172
881 172
755 172
824 172
594 172
654 172
662 172
984 172
917 172
200 172
212 172
102 172
589 172
459 172
451 172
138 172
623 172
455 172
155 172
581 172
383 172
975 172
989 172
781 172
987 172
785 172
52 172
992 172
19 172
830 172
682 172
493 172
133 172
984 172
86 172
740 172
764 172
820 172
430 172
526 172
150 172
815 172
263 172
357 172
155 172
134 172
443 172
967 172
448 172
571 172
254 172
140 172
453 172
411 172
466 172
510 172
206 172
485 172
101 172
75 172
97 172
193 172
98 172
597 172
546 172
542 172
519 172
371 172
659 172
87 172
18 172
680 172
889 172
356 172
828 172
368 172
668 172
286 172
494 172
102 172
559 172
86 172
94 172
336 172
216 172
768 172
561 172
177 172
763 172
691 172
496 172
852 172
633 172
657 172
882 172
636 172
359 172
858 172
143 172
274 172
13 172
697 172
577 172
804 172
248 172
332 172
619 172
355 172
518 172
970 172
728 172
988 172
397 172
760 172
448 172
734 172
811 172
766 172
951 172
475 172
75 172
323 172
486 172
377 172
62 172
435 172
448 172
813 172
420 172
435 172
101 172
915 172
27 172
565 172
349 172
189 172
14 172
511 172
928 172
603 172
386 172
487 172
506 172
236 172
970 172
823 172
512 172
564 172
983 172
646 172
349 172
582 172
508 172
604 172
274 172
241 172
991 172
314 172
93 172
378 172
281 172
771 172
542 172
330 172
99 172
663 172
727 172
812 172
636 172
96 172
633 172
693 172
921 172
608 172
899 172
863 172
133 172
581 172
696 172
887 172
287 172
866 172
739 172
680 172
909 172
447 172
443 172
938 172
357 172
574 172
298 172
398 172
248 172
601 172
801 172
801 172
395 172
864 172
153 172
617 172
581 172
120 172
885 172
296 172
815 172
715 172
430 172
32 172
433 172
553 172
14 172
