405 504
724 315
95 315
42 315
493 315
535 315
898 315
857 315
220 315
372 315
95 315
387 315
542 315
245 315
697 315
998 315
995 315
404 315
49 315
674 315
151 315
380 315
964 315
74 315
32 315
779 315
976 315
231 315
263 315
624 315
322 315
233 315
666 315
310 315
233 315
539 315
649 315
501 315
224 315
611 315
321 315
318 315
276 315
42 315
330 315
329 315
328 315
817 315
86 315
931 315
727 315
519 315
835 315
656 315
796 315
526 315
480 315
896 315
928 315
638 315
301 315
609 315
715 315
387 315
252 315
573 315
525 315
645 315
161 315
1 315
364 315
774 315
331 315
178 315
703 315
27 315
834 315
949 315
639 315
293 315
206 315
244 315
112 315
401 315
370 315
765 315
969 315
327 315
833 315
421 315
577 315
80 315
715 315
501 315
799 315
14 315
502 315
755 315
289 315
325 315
898 315
788 315
206 315
623 315
296 315
637 315
897 315
189 315
297 315
143 315
323 315
881 315
728 315
339 315
87 315
344 315
692 315
446 315
232 315
395 315
678 315
761 315
117 315
813 315
328 315
950 315
790 315
697 315
973 315
228 315
811 315
270 315
588 315
72 315
82 315
483 315
596 315
169 315
243 315
307 315
85 315
910 315
481 315
544 315
667 315
866 315
981 315
566 315
481 315
606 315
701 315
46 315
610 315
56 315
140 315
774 315
297 315
917 315
501 315
12 315
496 315
403 315
989 315
221 315
829 315
830 315
378 315
572 315
155 315
658 315
774 315
275 315
661 315
621 315
753 315
906 315
591 315
150 315
403 315
672 315
603 315
201 315
473 315
817 315
286 315
69 315
634 315
512 315
948 315
451 315
68 315
297 315
868 315
843 315
508 315
458 315
182 315
625 315
871 315
342 315
875 315
950 315
840 315
73 315
67 315
367 315
795 315
772 315
412 315
356 315
131 315
846 315
904 315
479 315
91 315
34 315
894 315
797 315
817 315
683 315
481 315
46 315
905 315
539 315
395 315
801 315
763 315
793 315
718 315
681 315
995 315
921 315
996 315
21 315
969 315
711 315
466 315
3 315
845 315
911 315
80 315
636 315
849 315
827 315
321 315
702 315
741 315
619 315
228 315
556 315
300 315
841 315
52 315
937 315
630 315
252 315
221 315
590 315
408 315
156 315
535 315
192 315
119 315
1 315
956 315
454 315
767 315
971 315
722 315
519 315
402 315
747 315
281 315
17 315
10 315
150 315
566 315
580 315
851 315
515 315
966 315
997 315
278 315
672 315
768 315
90 315
382 315
740 315
316 315
252 315
852 315
259 315
172 315
485 315
482 315
256 315
320 315
86 315
956 315
524 315
107 315
679 315
341 315
713 315
610 315
582 315
520 315
368 315
145 315
738 315
161 315
865 315
762 315
671 315
914 315
895 315
154 315
591 315
496 315
508 315
312 315
467 315
810 315
361 315
613 315
663 315
471 315
368 315
39 315
91 315
999 315
973 315
365 315
279 315
551 315
934 315
766 315
583 315
387 315
341 315
894 315
569 315
799 315
141 315
538 315
937 315
800 315
695 315
904 315
830 315
315 315
499 315
838 315
336 315
239 315
314 315
592 315
678 315
129 315
163 315
59 315
336 315
251 315
869 315
939 315
659 315
739 315
675 315
641 315
340 315
167 315
634 315
945 315
520 315
485 315
551 315
3 315
767 315
506 315
787 315
884 315
635 315
574 315
211 315
665 315
243 315
29 315
558 315
272 315
978 315
714 315
718 315
183 315
180 315
227 315
958 315
811 315
257 315
384 315
554 315
754 315
611 315
115 315
625 315
547 315
3 315
