493 311
929 101
227 101
701 101
432 101
860 101
306 101
548 101
661 101
588 101
356 101
233 101
269 101
941 101
227 101
505 101
485 101
505 101
611 101
950 101
608 101
18 101
593 101
921 101
65 101
83 101
313 101
738 101
62 101
276 101
714 101
892 101
194 101
985 101
743 101
311 101
503 101
532 101
639 101
223 101
567 101
973 101
824 101
457 101
886 101
325 101
437 101
259 101
66 101
148 101
46 101
196 101
783 101
7 101
490 101
987 101
91 101
599 101
87 101
102 101
59 101
759 101
138 101
903 101
166 101
448 101
168 101
537 101
746 101
814 101
182 101
716 101
505 101
957 101
849 101
103 101
782 101
393 101
220 101
583 101
68 101
163 101
452 101
957 101
422 101
668 101
85 101
503 101
942 101
130 101
19 101
63 101
402 101
257 101
676 101
861 101
104 101
378 101
198 101
968 101
723 101
905 101
548 101
210 101
20 101
6 101
5 101
67 101
417 101
955 101
754 101
72 101
44 101
413 101
994 101
214 101
303 101
250 101
152 101
510 101
55 101
235 101
825 101
288 101
381 101
858 101
445 101
684 101
217 101
609 101
89 101
450 101
410 101
198 101
373 101
743 101
683 101
809 101
597 101
485 101
508 101
226 101
166 101
110 101
773 101
848 101
112 101
547 101
401 101
295 101
249 101
583 101
54 101
172 101
615 101
216 101
797 101
302 101
36 101
139 101
450 101
528 101
599 101
560 101
253 101
439 101
451 101
6 101
111 101
418 101
347 101
65 101
989 101
282 101
969 101
651 101
323 101
212 101
402 101
952 101
550 101
589 101
531 101
904 101
183 101
814 101
577 101
544 101
285 101
877 101
298 101
963 101
285 101
170 101
117 101
1000 101
724 101
374 101
715 101
544 101
260 101
230 101
530 101
938 101
687 101
313 101
867 101
903 101
553 101
105 101
877 101
95 101
28 101
614 101
294 101
432 101
694 101
711 101
508 101
129 101
618 101
825 101
416 101
980 101
816 101
124 101
291 101
276 101
843 101
568 101
37 101
864 101
87 101
423 101
603 101
673 101
57 101
776 101
810 101
484 101
757 101
941 101
649 101
7 101
710 101
628 101
642 101
202 101
39 101
338 101
423 101
656 101
501 101
107 101
656 101
539 101
409 101
913 101
850 101
474 101
655 101
151 101
283 101
750 101
9 101
913 101
146 101
782 101
957 101
479 101
617 101
666 101
14 101
86 101
545 101
883 101
484 101
710 101
972 101
554 101
717 101
632 101
653 101
907 101
755 101
54 101
463 101
818 101
698 101
311 101
836 101
169 101
680 101
409 101
483 101
514 101
502 101
248 101
884 101
878 101
596 101
356 101
450 101
979 101
937 101
948 101
429 101
141 101
895 101
643 101
604 101
494 101
469 101
401 101
224 101
44 101
973 101
949 101
937 101
903 101
568 101
606 101
334 101
784 101
803 101
241 101
491 101
14 101
623 101
355 101
311 101
745 101
535 101
774 101
757 101
479 101
237 101
88 101
144 101
913 101
896 101
939 101
759 101
943 101
835 101
17 101
967 101
209 101
382 101
685 101
891 101
232 101
969 101
168 101
475 101
2 101
681 101
741 101
792 101
309 101
698 101
913 101
925 101
651 101
471 101
468 101
720 101
178 101
760 101
383 101
750 101
760 101
764 101
251 101
36 101
941 101
238 101
344 101
379 101
892 101
531 101
910 101
359 101
240 101
502 101
233 101
653 101
276 101
207 101
160 101
264 101
991 101
495 101
669 101
773 101
691 101
528 101
670 101
476 101
178 101
340 101
756 101
11 101
689 101
283 101
907 101
840 101
158 101
112 101
247 101
74 101
703 101
825 101
317 101
107 101
358 101
628 101
364 101
721 101
410 101
431 101
390 101
453 101
233 101
841 101
645 101
899 101
118 101
991 101
916 101
274 101
592 101
101 101
865 101
849 101
218 101
7 101
595 101
187 101
243 101
142 101
273 101
58 101
904 101
797 101
722 101
360 101
357 101
700 101
16 101
211 101
830 101
896 101
310 101
472 101
573 101
327 101
722 101
67 101
332 101
999 101
102 101
956 101
956 101
322 101
241 101
166 101
668 101
668 101
517 101
262 101
695 101
790 101
380 101
578 101
516 101
232 101
7 101
976 101
317 101
184 101
665 101
147 101
398 101
55 101
262 101
510 101
460 101
318 101
981 101
259 101
189 101
292 101
905 101
