50 3
842779114 329910846 957197789
794078078 839334044 358132597
692680506 208902932 605219096
417020829 694382759 511640476
863022059 830486256 637617953
404365623 120026117 347970687
607215454 529746661 801511047
951346324 11372464 966346491
412765989 135730704 46812772
382977428 860861049 62337119
273869651 620060750 450740041
723702075 59523578 665333294
854336182 948922419 924093277
729778836 327549797 509034913
499109715 75051301 761450128
546504455 448375691 666629583
835274897 821407659 810681988
623572191 646464273 258092963
31525723 584854147 18057556
263482593 548080932 173868523
52327072 269825523 192117772
274857824 451988095 113959080
340620487 39239160 64203187
893891167 823500511 376950718
475398805 57454898 537099562
721063694 458182328 330312265
496375442 752611801 78982613
411143938 561233483 749903892
874626676 714797006 819587158
227318509 892683184 600861647
55267610 747332726 984316522
973308232 188286600 836915249
494806154 512162675 469480420
438164019 765796227 10230313
532456013 712596791 21693451
647324158 579687800 845050433
597609497 130263699 659242091
521395036 665796184 935842393
502712160 855596326 188413637
635247130 454948242 478540809
615345047 23171720 731966482
281448045 686987885 917462949
515758831 116283706 511436613
789241737 579388737 137463241
90068374 376542594 907800658
684117091 104707146 441430134
976555824 338127384 729488358
565453442 946856712 369536759
740792463 973096959 820652988
802907664 30830650 838985502
