50 3
641045943 785826243 389714966
594039904 9036410 585810288
422202689 175282656 923959487
855214113 398051602 532586312
293180762 261620835 326094107
136449633 343368949 816412467
866897641 386851416 202308003
871478024 956338396 957034062
424623545 265228985 907054887
946690280 147528743 212336514
454188166 466805518 304446003
64388982 123426720 342129959
799540131 720643061 782344250
90807564 306550977 505801332
333525449 748426392 536734960
115920894 988381557 107105357
380522451 742319261 631757090
886313181 172841614 459776863
5734992 546284646 79834392
12843959 333733448 173846719
47003116 427717641 177848825
859456274 545009680 927365088
590015529 911064379 984547131
79161169 905364480 737953694
322506934 820042450 928223371
661824738 731554694 992661391
111665586 547359472 895582774
299850784 479171419 993750749
632551733 257191569 90916087
540661937 74700259 664361120
211903434 685912065 539464619
893877460 52358071 236061383
510250382 252124848 229627963
547443731 322930530 832722674
7480089 569640901 515918168
208828974 914196391 739008628
517345097 475966282 649025621
466107295 227274438 972495284
867421684 128030629 645808939
641735537 189574182 880670386
221440210 92306405 281065764
61017180 418074303 807765867
94135156 796345491 994562582
946853088 324604683 392258426
943584797 960166761 746937371
387841486 525551209 741575939
512644049 504303069 864891424
875011442 27587238 529854438
942355757 767582880 117015621
591755181 135145070 956462720
