50 50
147924272 32602169 185742160 202616437 164157335 694101815 584790241 815269570 699460907 515151745 651775365 790602506 181809892 501125087 845514061 415045685 421973098 908041771 525085324 989887441 7559953 418512890 139885754 202251205 209603214 788806224 308061195 765121689 992028484 971295361 962859704 421631836 783481795 288219421 676819483 300164493 568230007 819796942 627245645 747710251 494324937 715044696 981603729 243773706 465610549 151382014 734109161 14714558 301010465 722423495
646719180 154380965 212748340 314929683 501530530 361360445 261566312 584494622 362270948 508827110 590419017 677091394 85595785 216105548 446812997 842282818 466376497 808382376 339863548 428821307 667909335 182669877 436115269 592751315 679849049 607622687 737657199 896001290 412761063 496732033 313047667 817051039 993809873 652386800 537839848 694310782 399529917 538936871 683102525 564967114 267781245 686212426 527975059 696540721 797117118 851717937 627963645 520031887 397809505 487419079
552068913 784367234 616879405 730159362 408134678 205917816 797179326 180788047 519616482 248603698 17759458 120585315 315653003 864147091 298741365 577638449 540652291 989602393 530525618 449891557 882962903 756829680 895317146 706938906 206048476 41084078 657374055 560467094 736480929 845829597 966139567 789067639 77112679 704552992 756116197 234895976 15204971 981244353 762889245 569955400 890039483 511008306 866414627 217697716 37821560 964240920 782719444 124775850 945702679 158160425
286260341 620288387 748727868 18209242 522522969 573595250 39240199 843876394 734612301 199923999 580887062 208414700 730812555 753269160 710966138 785841880 590332010 380095986 219275221 690538707 819919325 990317940 459151994 211747314 804961583 741049407 524405762 867650573 5147487 361976662 796929481 789604064 743503517 706031909 819827996 173527096 643275917 52136143 420009726 299690359 475988503 782983875 745055153 542448942 530973788 633235020 365041333 690483319 710197202 41229729
533202390 882074211 843272624 196372486 251430325 934556730 219030670 208423277 863134061 56567690 65057464 392699136 635120701 704710801 46832029 593539418 103554706 228877701 660254775 20291042 562556279 653880925 818668648 493845510 371092684 693405040 555348268 872779401 970886272 26627608 126255294 972075533 166362509 624989718 331963406 917865526 554841286 589712466 961576503 44488298 354816438 612552895 412930410 779539332 180781886 475242904 586568911 414028639 325135392 563192309
161416150 162653783 949512617 911526034 10641321 812392222 347267850 234354788 780055168 152885978 973228704 729913156 470959428 181389932 125630877 11327560 170059548 972698741 685768567 517548531 988883873 597276981 698874117 25905092 429451585 203911316 35592544 206078317 471946716 586751128 210780841 980593383 397283140 639965264 622920433 403312210 475295091 735367009 517232760 130298045 336731837 700577202 824154802 775350146 589772423 545348859 953131054 12277303 631850106 383152209
907489152 360403883 202820180 763169221 394820480 66418431 287023053 85375237 242101233 950091526 969665168 562697249 250536 694168096 791720310 73174965 287683645 343904251 289501464 70168608 641721040 619749841 101127937 260431202 965526057 96236307 675870537 400259426 777987217 249463437 931060658 653280480 212884571 267663697 957179328 208951873 23218575 364185371 946536289 303209043 182120979 648755253 439321059 98595742 361919503 278989354 341238764 997575779 813981800 756010026
881591720 523659420 729334000 485142648 54010907 416272882 900950479 407073513 821194951 523037068 793480407 363715206 265865461 419008591 724661971 988498274 753006714 242377761 6822693 353127539 744333299 281152790 156147832 444475742 361344532 273819053 560541833 168258791 29306621 150598119 863017904 69403230 637461144 628155728 779973784 815247985 724066910 854111154 971865936 854422687 422630809 807577273 730081145 290375308 720425836 655071328 671461090 620648041 873602420 654167576
856655500 78967342 308013912 20757801 21256179 900091439 524895270 381635652 201147490 91180888 83587693 263845868 566839284 432055018 228184401 231010864 971797431 291907885 926924600 217013751 485395670 753524864 645401737 755220571 321652654 265563074 618554482 111213321 419057240 568920818 288345150 859306808 913983510 851672551 336371246 805496900 685505834 310092875 125427437 398663205 31850245 787970139 671055200 152610407 751617579 528769386 704150952 458494720 965740753 672995016
974400349 776807806 271765142 665992710 884299239 814532255 468345324 595442329 130535269 446837157 333771500 654016499 533041568 810504459 573991855 299986957 926639346 379144183 819137441 998288981 145218764 197884816 705050504 797211651 339925158 262209163 77621009 627202362 285843431 608653782 15459403 626758122 402781884 440908406 709485965 5672120 937298782 54077013 375582395 758896721 604225963 500958309 769747405 794904795 859378726 7831696 469640204 218915477 431145157 966000589
933237536 683295386 4297472 467017682 681804337 110494329 833781419 312503678 129585278 763405485 389885568 532960796 42371969 645368102 382162404 200215766 673013673 829355152 365298486 203030791 930699733 557888723 797199204 285746726 989962980 371382866 641646505 432964043 955449885 748459869 990175116 557050854 133076658 876236572 296457889 532299494 874205652 685169947 422490608 431973901 586222313 393069657 499247717 460308391 721924922 376493740 635977786 600363656 842975388 807423599
666295723 803501228 483317832 626737390 212270203 521597450 70010498 646088925 581851217 385741595 183076539 146905312 752278666 889836027 345304724 573974138 265065885 735081927 456882629 868816450 149768356 85854105 851757598 475020509 8868516 949668893 999496425 725572220 864997848 468427791 907626584 438454214 295761170 205759163 862784494 514816733 625317339 36218803 781385127 717030046 969646587 187442449 462517013 14941530 251406071 501097449 441642941 314471860 625478926 467387849
235452380 758344235 602834715 631070782 406455570 964596856 698118135 508152621 610236525 680702967 973144522 471507097 928809491 195831663 813946830 954356603 988992983 433392892 541410988 750076512 127531770 568610278 231561249 157989295 607053679 628186612 414452597 936761592 16798671 622089774 497498951 721796815 625888838 27190869 770247335 135330672 53405376 246593633 308294889 433554942 333440995 82751960 95836138 20880566 10885404 939451541 655151425 427118014 114630090 667749948
137368635 122733734 546356894 863956718 849509652 525667476 975012050 534677731 147537864 320300270 669984807 704524138 724066575 201133987 397919687 140363719 380227831 756964013 266407937 254437184 417139026 245665510 441197290 520867016 275480105 818222528 770254385 215589902 961214972 59089893 992041270 3622024 679110883 413900553 333685875 920232710 53011549 246421982 2473747 570286735 756709333 654230951 135041749 904914968 311457039 221370093 41645092 552202019 868062294 425988011
831057166 316212548 559569999 438333098 871996935 956071483 225735032 414737836 470420006 36746561 195143795 603162694 878125964 378873406 169192803 283552184 681987692 831321231 488851476 432611599 717557920 803428611 238208263 175352745 764671361 989968967 662607134 31036605 608844516 85143838 351322697 559858923 334626164 595099728 558101416 648981452 770284666 58121146 127271882 870873640 783438918 620935862 998810059 557028285 594270628 225874478 957014429 345824869 97594385 134986177
352531910 622289601 102645445 342217691 376199594 336255527 867569216 711791053 88879837 353957737 44870633 19489862 42869552 279819646 895827462 286061182 220985045 288549300 803310779 163430032 680275185 276930342 500206182 20853554 171909906 497782792 908628559 706873941 278506944 496763543 350755345 558814296 93353047 773508013 213055619 136191887 999594384 911346893 62822083 404033461 685065081 858251452 762906779 256582384 1870675 335662266 440598115 356893126 749706606 269595883
814462261 111949673 471228259 262440585 110506257 361098270 999250306 581651534 864085265 142877313 486456975 160293629 263491770 32426675 469969429 574090076 796646742 240845094 357526880 763179150 140019268 161673079 855452559 536456718 691327614 441138363 473538593 883197790 121402082 143809374 504988789 134566040 959325661 514604107 507916573 253304844 789406291 92605470 937842603 448303081 410919212 272983812 231513230 597663862 969453763 387183003 162782648 471284770 28116487 419538052
420898023 434202431 719560464 242598306 146185791 204896299 710263605 472594721 241230283 744062916 843836843 715431678 856587024 136377156 963325874 297709217 658152459 422005445 488253399 577976214 484899387 912173442 874079955 612040619 344126159 195148082 106149682 51765925 835290950 220868536 260745488 249374286 979674243 763210528 511314735 380190332 971220688 798067674 636956314 421965819 303438290 435616937 45340905 510255841 134628060 901664652 543624638 652821579 37930006 477798767
323559654 517510917 795736612 652923266 497253469 566603960 522523588 360488874 449432702 254443201 715807512 82830983 684884951 162525350 504231995 237200757 342454214 696270756 934563085 850933759 592679846 871421967 230014525 925627418 620243658 339621711 934063424 336388287 196636449 362157941 262319093 268154188 792729112 187545358 530243106 560514410 555248773 209373214 563911391 371176713 886061145 674122198 613232127 99277521 332810662 488550023 735536706 648773490 633697935 539632096
984735867 756037711 834699913 88813165 771073498 234783474 340092659 447876761 724448969 113582620 386800494 718317413 335823181 828952482 582841908 518791604 760416934 52037905 825803717 234446646 450227956 863061960 247913135 994476072 465505684 440668102 767901655 612901807 349027278 889657866 887167412 875577982 718586625 298749429 788528407 94093751 866635257 596038368 281499418 229041450 821364491 575860652 417822395 778155818 595833339 76727681 992392630 787687278 178838168 979855513
700361325 587630777 368339223 740444084 714030943 834177724 764771044 898570017 544518826 467354850 433007035 219435128 981028836 129287209 317100946 337437747 698761928 441352173 394218988 82311095 414801248 572812860 530570136 123052698 113025264 183713651 996593138 720783864 391596117 811941382 362341179 410371679 144834553 364830474 184099976 806976170 885698897 318060004 934333189 533559435 994707942 823543348 147826353 85295341 245644019 967232998 162924073 467532947 496399633 228710970
977157174 510380989 383017365 962752129 513522931 488116703 423265602 439406588 275439072 270109723 331032453 490500965 176419809 306587050 154464371 302087167 547730587 530585797 210961896 435306730 757573451 372174908 457052153 411210376 165144181 329838247 774116074 568041156 299677699 118287039 790729041 337908867 729697503 80656676 587426979 561682386 500949648 177548913 539069632 360224792 225621053 268627646 323432920 850750103 893466979 65760583 27017194 405569215 582476114 204181281
628281136 704579811 155159316 734030392 786280370 59918426 329835526 149063075 54420075 734476901 40511082 437423872 628344846 920738130 820974234 88858840 422402456 61584697 831011210 828557768 674395281 243178022 581903189 158769403 346770001 168273140 576057193 837085131 186006011 988977098 180058871 896922195 612505673 982294778 178620836 217708406 914317695 916423590 759255323 41210321 395173152 40173271 757035631 370752768 964578273 705176018 235106934 512032770 537559719 814859221
292300199 200314483 137413767 960896643 115596323 169832737 772311372 255065194 276761503 964035065 838489147 704261212 551925951 952934374 425588895 474838783 745042725 24216143 889879811 768401588 594768933 701068655 540629519 121942264 608899006 486461656 37990208 677312979 276554130 529539598 624918014 577793472 119221465 187666774 441624377 850691758 72287302 787150583 469845836 493169390 401395849 97134104 355766690 980676693 472278098 297211245 790395454 374828134 836699346 689939404
124094646 963323756 667626421 518368426 952852932 249500254 317745462 290644212 619575594 144650504 111397299 39943077 568497293 8734751 407994577 481327342 53134467 881512126 66470512 690410918 395389290 524643152 85020829 775675523 819673020 396064010 876571661 168449006 897182834 253910227 231775565 225742303 239846299 113790393 378190056 879011826 312434835 501627253 431567204 125273082 210260314 31482031 562050061 838648985 24362490 178083151 656938561 981188201 690628509 279608926
831338046 788032355 929745211 836840296 843093103 380724166 583765377 97484487 547192198 48210016 258489618 747725165 234132163 82533578 25882875 463852317 304664567 333576555 290281864 747317318 547692960 753779607 854709894 31674675 565105206 204886210 884908346 666975048 635460732 586626759 882836548 613287102 800069718 824753316 868700851 125769392 835237061 32883908 917235413 696288645 881665322 402860812 220405454 261601449 257923274 407658533 917703513 555638671 723503875 934515324
196061640 493455423 665503022 770874099 328840272 607086670 928502013 386565987 376459979 187259311 631982449 843027343 881085867 573956262 385745168 943554577 496253638 677104874 257503456 4137514 960344898 701786468 807097475 253965330 916300933 543987422 715888044 53982403 685306226 680928981 807112410 272759076 625344269 730901475 669451417 915940024 824044985 245486899 262443648 569413710 318325887 984580478 956544297 588782637 736662763 29619674 73928531 447443031 208101577 936250760
651532476 700600464 425333068 407179733 496369113 435325136 672251379 452910336 175547803 14206062 3760263 59812043 607942251 60557789 790798945 334356468 523455778 339768627 120994547 801451474 200535684 578122269 315088195 340154272 48333229 138095370 816901388 327343699 883353459 846751479 415974052 972770484 974280050 274098247 145046335 790699944 637892114 904020346 39861647 840361804 712134558 52534293 126596980 594921530 914321594 421868414 999790618 238643052 904501591 965895930
528639382 362403497 255690842 517703890 920271143 124754020 514725450 140541149 293839108 17927313 256757083 781954314 582975265 204901479 893499931 91760743 104415572 181773493 210829021 127312748 298990872 527031352 521932218 340299255 49558784 602777574 704310030 709952264 267424311 640142873 890234146 927563215 155716605 826642995 177524060 70352289 250953344 862269280 639431502 93504819 869929009 374891670 583632817 958358272 185555965 713317118 665893213 500733392 691050026 331640425
781951816 473929682 663154481 84775872 883991216 286433670 759020989 898584334 215314529 100299668 161260953 474356599 897674933 337256754 554629469 362505063 96622689 662143954 884655297 341759628 303085203 531368893 639913991 627811220 427117120 232045258 646794626 908726169 690767671 246036296 649887649 355214510 299626565 581760620 761387454 275213891 178793793 788685655 587564398 936711532 771103240 285485461 378807981 710686612 821023426 69190826 348422970 560734525 774009562 428757010
491400657 369481365 748765558 142926837 355939511 861528884 85387650 445126790 760855901 807195207 387636716 504369929 344796376 726674714 54274378 23122391 429634137 144701124 234224538 512190839 283600587 354017293 983995632 491426006 293041847 652908062 946375513 694616349 524500834 750816423 927375126 338028280 739222662 857683994 130229247 714799053 445699181 66445189 241579992 634445258 383869175 374323258 324350241 326443244 262130274 678549486 178090413 164914038 263082004 59120980
693751993 478905071 76879848 611610350 811727980 451248143 489621176 129884853 677569100 519262083 521162764 205253783 502097333 466440626 284688175 897813882 752260442 802892152 831320961 687647747 893948036 289638120 877165515 981703414 707740540 848030856 436217258 642130999 504123503 348149118 84285630 12854903 386683917 294907849 207044598 184370814 55438739 357806397 531639142 463255358 474391004 416203849 62349685 485809402 852158354 817941963 813119415 155241606 390708371 493456112
784284229 781329739 163788695 238188617 503161575 171999344 30813119 955003292 928346194 620173847 693598279 322035208 896371575 790135536 11286508 545441414 661089367 210319060 17026197 482775959 919650356 119165906 900949273 480001474 679024501 388315160 4562567 364663303 936152876 981292408 635275164 22861151 996970685 835652222 348859186 671342415 793890028 203506194 305666057 565751931 32166340 788183875 193084691 550147541 828027870 37579202 566502176 261678459 884033930 451944216
37520993 635572656 579144104 570701625 780552695 277757789 781436413 580449 362582530 844225662 261124857 299297935 242315129 636547396 478223616 206045735 73441303 11775711 304164430 336396542 700375583 967449692 783449702 111724238 738400074 521310778 565995422 982597303 412505161 568677355 881319005 169393952 161204491 904149010 610949977 965833474 18499712 82966286 114355944 731192778 109050699 295541580 119266338 196484566 834246200 665126476 20031460 912300618 904523201 400233470
869830786 154332378 95810209 801923311 785247123 9453155 210277883 313669443 201770321 879944546 314795487 948542868 340811097 338292255 750570408 837663969 333589946 29689075 125993910 397055039 116229282 779874563 144862430 858790965 725697343 398523162 212307673 273844902 391345884 833122709 583658888 98392292 752879983 71223548 373432558 744551232 193002414 164873276 339511048 956828370 921127708 434747358 546129894 483113687 552235752 530511275 631050398 28494309 55196662 317419066
709689513 872207714 386436162 960341758 687104982 269641843 873292035 136074658 375926250 729973458 155071922 28038333 117460472 118073866 699902579 974721782 116609410 375112947 300600428 860954089 880238920 261943196 810059656 243360768 347686563 172102163 618256949 441932233 865303932 213626248 956543404 424846586 822953354 421464429 188151102 940641476 999818734 170267340 170789096 600680374 282479759 843117878 935473591 700770347 703855546 605897402 467874430 25877740 157370188 724341603
68661522 257569698 175638458 938121136 860070367 420938604 808570915 221551142 782194375 138498757 314795256 741991499 610661251 685820188 708732191 625791193 725955833 888607174 306826799 942365915 833548597 953208010 599468315 64428607 866353449 133443526 816583913 712092148 867548638 324259262 259379266 66611055 636097494 137183710 670810503 943482278 297289719 620540455 466475805 533602357 77066680 796274401 4515754 30841214 802661910 557315322 56695257 235375250 245310987 799780161
611236517 269138923 504036179 509372303 601348787 804011058 317651785 496772322 2492948 981702444 508179246 124703890 260187076 241518600 495902737 706116815 895738774 707528312 920844198 70624291 249703485 422981286 360717744 687779617 539163374 997829465 98168909 936313328 72674040 16942989 466115038 700841133 654505593 780863137 327732062 531934316 723875759 96392486 71999460 308859268 294572664 862126075 931752766 20118995 554511261 10018747 864832707 837470543 45795532 60012821
935806108 120197656 79685438 166017214 954510783 864071174 925313564 259080939 884065352 870093151 161767935 559021659 707647331 708889434 225401129 878952976 534219157 941370123 289979528 477382820 83838981 213446828 599374718 59930173 278981134 425206283 221891077 418250075 320469557 257554092 176207606 647178586 455993607 428725374 838966449 220346980 981036855 434841247 453541537 693132142 435768548 52490291 597542978 159416285 467875712 451686575 776963442 632962996 476100067 613571568
664250399 808384550 905495126 993177117 623317426 230063421 905387478 486933005 794350461 314363403 423378693 135131737 456383635 255147890 966894424 57328175 125237881 113814729 495125714 551533995 185776035 539540316 810443468 245158591 277264904 348548363 475481765 834464635 454887651 719682639 775904277 816136540 613380874 345317504 895938749 567046045 963113053 248907253 571289788 926901565 465146611 962722754 323077273 168592951 613379582 294708747 993296795 363893359 49526593 957088958
433458790 304068770 68015143 444715009 776506984 602415478 30777054 463805900 572439659 340497515 807534875 425561086 999766268 623941345 350104612 110214030 84384980 247088308 458559063 887645251 13901709 961787525 568571850 828304970 235273111 347372038 616790209 416689339 535283968 783546314 262977034 367705481 205241327 119667402 359353272 102102831 996850442 186571098 184990585 354096918 212357679 937636888 837889253 583587520 18372470 161990649 185911795 257221179 25425912 944417755
257901196 473459166 24536823 14656838 585952134 979372749 398569732 75626416 660515620 429963696 505131067 685449480 187719000 125982116 821683123 934233652 642627513 282529501 284328822 529750868 924680836 441848921 704526530 838581418 615759597 545142443 252403788 569741320 337119366 87620379 165738529 809028039 966111644 263900682 674075319 690042462 403186722 802938010 22257166 171681817 167192744 902336863 453716820 158540280 15745926 117209575 928840317 830960180 140063441 549427517
249633896 972535817 348289973 725398718 653905680 689850844 617740126 913302378 98101861 515307052 959865737 518070206 965461034 820811786 469647737 149183548 587404076 641711075 74039907 50530718 545752727 407123818 478053245 484819793 396351132 650251727 851011904 321271402 519056945 832706046 540479132 335808384 286432043 564288879 900001904 265079920 475974659 80899093 283053264 420751661 723104503 878356317 689240717 788883795 111579698 710412835 886655461 824433588 834071954 872245078
998357159 525487368 898612211 836068518 886391576 87067289 86565033 468134470 925132478 332422126 637152734 237009972 370614196 119318641 168623604 145023361 777089468 461199377 573912849 963881831 3062550 65744692 442958672 512582126 75334147 671192474 955409018 699989928 608822803 189711322 492371316 403248810 96110929 383191786 368005320 893829353 709364335 885202589 768487731 655562623 513808314 126846761 937462661 174011990 200285850 115139071 690090398 117119970 980286217 994941611
548704614 534337474 870123092 530575704 838757029 607491603 466559420 841832783 980803170 589185972 451872176 270924541 637286221 743375863 300222672 767333752 918415215 332695060 534160117 466895948 782368827 588585937 707125526 208497605 735239756 496987170 241946518 199504142 102041150 553519115 163978267 176416573 249916382 452575346 505648807 678708868 356887697 627003583 689151799 884069966 463670234 143063315 756073820 550947822 88589728 517360343 734685330 560640189 331793893 451385688
107050357 321680208 413907877 756506604 631792419 107716394 22516331 439630100 461182581 84479790 237272977 542750769 9402768 787308410 734345866 5988099 687830491 987542830 223631961 539200109 405328505 440840659 29099715 172019316 335596966 217027923 278574338 155958351 760061299 269991721 58183014 41588262 5946032 588482674 94174800 596594856 698791184 954552245 995457318 356354272 831989302 811521617 204537541 885832635 816932527 902149940 609890036 954525357 325215785 701878445
22093136 608768660 644887613 403591063 939535279 444328239 835040129 446817722 420169685 13405655 112224391 553309159 632672988 600714287 841092167 268122634 669705893 296357215 654071309 875135650 518690131 1978495 330682757 186918832 215292923 409379405 890407400 572501793 222180342 366990332 508355666 664912645 733263579 710616211 99471901 517162879 880205201 380887119 852260175 164410723 138682118 590228295 857616866 981064378 320151198 806566314 113513727 712772276 878071399 765444732
642683894 366250900 933560215 542888600 212257567 402176319 487558466 944014373 968017091 913050240 729126773 487115563 64605441 787204225 839413578 160030118 174862471 516769470 356022459 45370171 141040617 926833385 991140576 58358017 588843005 555161186 945198286 595489214 304488176 859034312 192903124 444598897 799512007 748753187 232286150 449311323 163545833 217478087 157370588 990166126 418170701 916276356 713919392 625606184 769614220 878510531 761093109 996383464 914850108 799853289
990908396 178307580 520628668 751874223 635330057 169506403 847697067 52801486 30914926 181324121 463039552 709602483 67233019 978629431 308486917 887606915 637252659 267596668 254630380 18323461 626104794 58855308 106215368 754959216 734361173 438104555 992628868 470366608 261508533 64569299 644192666 274293368 69550920 713760884 763451784 310608171 953163901 32898985 57715264 872504838 723827282 890265676 602104546 821659447 60919815 669102444 166237397 944158145 389422057 107199615
442666502 507477746 188312530 381643788 847877154 731892397 877892076 106289285 939859475 861517159 564893803 355748631 398571690 50297489 260419580 997701573 157656643 123629896 142238953 377918529 105879219 839698668 462350160 68750635 705046976 819707599 661763925 909446799 273823552 128905876 555220321 754957053 306977782 929480194 540443197 35929023 531332525 922218213 661198297 988003310 76949419 427432046 836286595 166960958 741203464 261930443 988647384 444234996 591663444 999652934
