50 50
80 81 82 83 84 85 84 83 82 83 82 81 80 79 78 79 78 79 78 79 80 81 80 81 80 79 80 81 80 79 80 81 80 81 82 81 82 81 82 81 80 81 80 79 78 79 80 79 80 81
79 78 81 84 85 86 83 84 85 86 81 82 79 80 81 80 77 80 79 78 81 80 79 80 79 78 79 80 81 82 81 82 81 82 83 82 81 82 83 82 83 82 79 80 81 80 81 82 79 80
78 77 82 85 86 85 82 85 84 83 80 81 78 79 78 77 76 79 80 77 82 81 78 79 78 77 80 81 80 83 82 81 80 83 84 81 80 79 81 80 81 83 78 81 82 81 82 83 78 77
77 76 83 82 87 86 81 80 79 78 77 82 77 80 81 76 75 77 78 76 83 84 77 78 77 76 78 82 79 84 81 80 79 84 85 80 79 78 82 79 80 79 77 82 83 82 81 80 81 82
78 75 81 80 82 81 82 81 82 83 76 78 76 81 82 75 74 73 75 74 75 74 73 72 75 74 73 74 76 85 82 79 78 77 76 75 74 73 77 76 81 80 76 83 82 81 82 79 78 81
77 74 73 72 83 80 83 80 79 84 75 77 75 74 75 76 75 72 71 70 69 68 74 71 76 77 72 73 72 71 83 78 79 76 77 76 77 72 78 75 82 81 75 74 76 75 83 78 77 82
76 75 74 71 84 79 78 77 78 79 74 76 74 73 76 77 78 79 80 79 80 67 71 70 69 68 67 69 70 69 78 77 80 75 78 75 78 71 73 74 73 72 71 70 69 68 84 85 76 83
77 76 73 70 81 78 77 76 79 78 73 75 73 72 75 78 79 80 79 80 79 66 72 73 74 71 66 70 71 68 79 76 79 74 77 74 79 70 69 68 72 71 70 71 70 67 66 65 64 76
78 77 72 69 68 71 78 75 80 79 72 73 74 71 73 79 80 79 78 77 78 65 64 67 66 72 65 66 69 67 80 75 80 73 78 73 72 73 68 67 68 67 69 70 69 66 65 64 63 69
77 76 75 76 67 72 73 72 81 80 71 70 72 70 69 68 81 82 77 76 77 78 63 62 65 73 64 65 70 66 65 67 70 69 79 72 71 72 71 66 67 66 68 71 72 65 66 63 62 66
78 75 76 75 66 67 70 69 74 78 70 69 70 69 70 67 75 78 76 75 74 79 80 61 62 61 60 66 65 67 64 68 69 68 71 73 70 73 74 65 66 65 67 70 71 64 63 64 61 64
79 74 73 72 65 66 65 64 75 76 69 68 69 68 67 66 65 77 78 74 73 80 81 60 61 60 59 58 57 58 57 69 68 67 66 74 69 68 67 64 67 64 63 69 68 69 62 61 60 61
78 73 72 73 64 67 68 63 76 75 76 67 70 67 68 65 64 67 73 75 72 81 82 59 58 59 60 59 56 55 54 60 59 58 61 75 76 77 69 63 68 66 62 70 67 68 64 65 59 60
79 72 71 70 63 62 69 62 61 67 66 65 71 66 69 64 63 68 74 76 71 70 74 60 57 56 58 60 61 54 53 61 60 57 62 61 77 78 79 62 61 64 61 71 66 67 66 67 58 57
78 79 75 69 66 61 70 61 60 68 69 64 63 65 64 63 62 61 66 77 73 69 68 69 66 55 59 58 57 55 52 51 55 54 63 60 59 73 74 61 60 65 60 72 65 68 67 68 57 56
79 80 76 68 69 60 61 60 59 58 61 65 62 66 63 62 61 60 62 78 72 68 67 66 67 54 55 54 58 57 54 50 56 53 52 61 58 74 73 60 59 62 59 70 64 66 68 67 68 63
78 79 78 67 68 59 62 59 60 57 59 66 61 60 59 58 60 59 58 57 71 69 70 65 66 53 56 53 52 51 50 49 57 52 51 55 54 53 74 59 58 57 56 61 60 59 58 60 59 60
77 78 77 66 69 58 57 56 55 54 55 67 68 59 58 57 58 57 59 56 64 63 62 61 60 52 55 56 51 50 49 48 58 51 50 56 53 52 73 74 73 65 55 56 61 58 57 58 57 59
76 77 76 65 64 65 56 57 54 53 54 53 69 70 71 56 59 56 57 55 54 59 58 62 61 51 50 57 58 59 60 47 46 45 44 43 50 51 74 75 72 73 54 55 57 59 56 55 56 60
77 76 77 68 63 62 55 54 55 52 53 52 58 61 60 55 60 55 58 59 53 55 54 55 62 50 49 51 59 58 59 55 45 44 43 42 51 50 75 76 71 70 53 52 51 60 55 54 57 56
78 75 74 67 66 61 54 53 54 51 50 51 59 58 61 54 61 54 59 58 52 56 53 52 63 49 48 52 57 56 55 56 57 58 59 41 52 49 76 77 78 79 69 70 50 51 54 53 56 55
77 74 75 68 69 62 53 52 55 56 49 50 49 57 58 53 62 53 52 59 51 50 51 50 61 48 47 53 52 57 54 57 56 57 58 40 53 48 54 53 52 63 70 71 49 48 47 46 54 53
78 73 72 67 68 61 62 51 53 54 48 49 48 58 57 52 57 52 51 50 49 48 47 46 47 46 45 54 51 55 53 52 51 55 54 39 38 40 49 51 50 59 61 60 48 47 46 45 49 51
79 72 71 66 65 60 63 50 49 50 47 48 47 59 58 51 58 51 50 51 52 49 48 45 44 45 44 43 44 50 49 53 50 49 55 50 37 36 50 52 49 48 62 63 47 48 45 44 43 42
80 81 70 65 66 59 58 55 48 51 46 45 44 60 61 50 49 52 49 48 49 50 51 44 43 44 45 42 41 46 45 54 55 48 49 51 36 35 36 51 50 47 55 62 46 49 44 43 42 41
81 82 69 64 67 63 57 54 47 52 45 46 43 45 62 49 48 53 48 47 50 51 50 51 42 41 46 43 40 47 44 45 52 47 46 52 53 34 33 40 42 41 51 63 45 44 45 42 43 40
80 79 77 63 68 62 63 64 46 48 44 43 42 41 63 64 47 46 45 44 43 42 41 52 41 40 41 40 39 38 37 43 42 44 43 53 52 53 32 41 40 39 42 41 40 42 44 41 42 43
81 78 76 62 64 61 62 65 45 49 43 42 41 40 41 65 51 52 53 54 42 43 40 39 40 39 38 39 40 39 36 44 41 45 42 54 51 54 31 30 29 28 35 42 39 43 45 40 39 42
82 80 81 61 63 60 59 64 44 47 42 41 42 39 38 40 39 38 54 53 41 44 43 38 37 36 35 40 39 38 35 45 40 39 40 55 50 49 30 29 30 27 36 38 37 36 35 36 35 43
81 79 82 60 62 61 58 65 43 48 47 40 41 40 37 38 37 36 55 52 40 42 44 39 36 37 34 33 32 33 32 46 41 38 41 40 43 46 47 28 27 26 37 39 36 35 34 37 34 39
82 78 77 59 58 59 57 66 42 41 48 39 42 41 36 37 36 35 56 51 39 38 40 38 35 36 37 38 31 32 31 41 40 37 36 35 42 47 46 27 26 25 38 40 35 36 33 35 33 40
83 77 76 58 57 58 56 62 63 40 49 38 37 36 35 38 37 34 33 50 51 37 39 40 34 33 38 39 30 31 30 42 39 40 35 34 43 42 41 42 43 24 23 41 34 33 32 31 30 32
84 85 83 57 56 59 55 54 64 39 43 37 36 37 34 36 38 35 32 34 33 32 40 39 33 32 31 40 29 32 29 43 38 37 36 33 44 45 40 43 44 43 22 26 35 36 37 30 29 31
83 86 87 56 55 54 53 52 51 38 44 43 35 34 33 37 36 34 31 35 32 31 30 29 34 31 30 29 28 27 28 27 31 33 37 32 31 30 39 44 43 44 21 27 26 35 38 37 28 30
84 83 82 55 54 53 52 53 52 37 42 44 34 33 32 35 34 33 30 29 33 32 33 28 27 32 33 34 30 26 25 26 32 31 30 29 28 27 36 35 34 36 20 28 25 29 39 38 27 29
83 84 81 54 55 56 51 52 51 36 35 45 33 32 31 36 33 32 33 28 34 33 32 30 26 29 31 30 29 28 24 23 22 32 31 28 27 26 37 38 33 32 19 18 19 20 19 39 26 25
84 83 84 53 52 53 50 49 48 35 34 46 47 48 30 29 28 29 32 27 32 31 33 32 25 30 29 31 30 27 28 22 21 28 29 30 29 25 38 37 32 31 32 17 20 19 18 17 18 20
85 82 83 52 51 50 49 48 49 50 33 47 46 49 29 30 27 26 29 26 25 27 34 33 24 31 28 30 29 26 27 21 20 19 22 26 27 24 39 38 39 30 31 16 18 17 19 16 15 14
86 81 82 83 70 68 69 47 48 47 32 48 45 50 28 31 26 25 24 25 24 28 29 32 23 22 21 31 30 25 24 25 21 18 17 27 26 23 31 39 38 29 28 15 14 13 12 17 16 15
87 80 81 82 78 79 73 46 45 44 31 38 37 51 27 28 29 27 23 24 23 26 30 31 32 21 20 22 21 22 21 20 19 20 16 28 29 22 29 40 37 28 29 30 31 12 11 18 15 16
88 79 78 79 80 78 72 69 44 45 30 29 34 49 26 25 30 26 22 23 22 25 24 26 25 26 19 21 20 19 20 21 18 21 15 27 30 21 30 29 38 27 30 31 30 14 10 17 14 15
89 90 77 78 79 77 73 68 43 46 29 28 27 46 25 24 28 29 21 22 21 26 23 25 24 27 18 22 19 18 21 22 17 22 14 13 17 20 31 28 39 26 25 32 33 29 9 8 10 9
90 89 76 77 80 76 74 69 42 44 28 27 26 25 24 23 22 30 20 21 20 19 20 24 23 22 17 18 20 17 16 23 16 19 20 12 18 21 20 25 40 25 24 23 34 28 8 7 11 12
89 90 75 74 81 80 73 72 41 45 42 35 34 35 23 22 21 31 19 22 21 18 17 18 22 23 16 19 18 16 15 17 15 18 19 11 19 22 19 18 26 27 28 22 35 33 34 6 9 13
88 91 92 73 82 79 72 73 40 39 43 34 35 34 22 23 20 32 18 23 20 21 16 17 18 22 15 14 19 20 14 13 14 13 12 10 9 8 17 16 27 28 27 21 20 32 31 5 7 8
89 90 89 72 71 70 69 74 75 38 44 33 36 33 21 20 19 33 17 19 18 20 15 16 17 20 21 13 14 21 20 12 13 12 11 9 10 7 10 9 62 29 28 29 19 22 21 4 6 5
88 91 92 93 70 69 68 70 76 37 36 32 33 34 25 23 18 17 16 18 17 21 14 17 16 18 17 12 11 12 18 11 10 13 12 8 7 6 7 6 10 30 27 28 18 21 22 3 2 1
87 89 88 94 95 68 67 66 77 36 37 31 32 33 24 25 26 25 15 14 15 22 13 15 14 13 14 15 10 11 10 12 9 8 7 6 5 4 8 5 6 18 19 29 17 22 23 15 8 4
88 90 87 86 85 74 66 65 69 35 36 30 33 32 23 22 23 26 27 13 14 21 12 13 15 12 13 16 9 10 9 8 7 6 5 7 6 3 9 4 5 19 20 27 16 17 16 14 7 6
87 91 89 85 86 73 67 64 63 34 37 29 28 30 31 21 22 24 25 12 13 12 11 14 16 11 14 13 8 9 10 9 6 5 4 3 7 2 7 3 2 7 21 20 15 18 19 18 6 5
