198 194 1000
134 196 56 87
165 172 51 165
17 27 180 181
123 137 140 165
73 79 63 75
66 83 164 179
178 179 176 181
136 137 93 142
129 153 72 73
188 189 2 4
81 82 152 160
114 117 181 182
114 167 119 124
166 167 53 123
142 167 187 188
123 140 73 80
122 157 183 191
125 126 119 143
106 111 139 174
119 195 174 176
63 83 34 182
192 193 123 131
18 95 183 186
103 168 107 150
84 137 6 192
114 130 67 68
100 103 142 144
148 153 43 137
98 122 139 175
75 104 9 157
9 43 48 135
83 147 191 192
132 195 103 147
73 103 65 133
142 143 180 181
166 192 190 191
159 160 2 97
103 139 46 47
124 146 116 137
62 82 62 68
3 31 2 3
68 89 93 125
177 189 20 29
88 144 127 139
113 117 35 165
27 98 72 96
191 194 118 186
185 186 60 106
145 174 103 113
180 185 36 140
137 183 140 142
146 167 140 167
54 84 120 166
93 108 28 168
141 169 94 174
32 51 6 20
12 129 68 92
152 154 191 192
3 75 186 187
80 116 180 187
30 157 121 137
30 109 51 128
3 164 77 108
114 154 139 149
178 184 88 89
189 191 62 115
75 111 153 181
145 179 147 164
166 182 132 163
118 147 70 119
71 163 135 168
143 166 38 130
100 105 34 57
188 192 134 149
160 168 169 171
156 159 32 168
160 161 72 102
132 163 25 67
106 114 5 30
90 168 74 100
2 65 8 59
64 68 72 125
19 197 88 107
145 174 6 41
153 195 156 174
192 195 90 177
99 124 158 182
66 93 186 193
48 65 13 187
109 147 28 62
174 175 82 94
116 135 3 75
123 187 46 77
149 191 89 190
180 183 182 184
137 193 148 159
105 136 3 190
80 81 174 189
119 120 167 169
48 151 130 179
58 59 148 176
23 54 76 92
106 109 157 159
80 85 157 165
181 186 12 54
37 90 92 168
124 145 131 167
20 46 90 177
31 36 177 182
27 172 52 61
84 108 124 146
0 21 5 19
85 90 59 118
142 150 3 22
159 179 159 187
87 90 69 137
139 159 11 12
36 158 48 163
192 193 165 188
153 164 57 58
89 102 145 148
59 61 11 185
14 165 169 171
59 143 26 133
61 62 121 161
138 142 152 172
152 156 121 134
149 184 81 166
166 195 59 62
74 98 190 191
185 192 47 99
187 193 79 85
120 180 143 144
120 163 160 190
175 185 32 37
131 168 24 41
84 178 117 157
18 37 172 193
86 112 133 164
16 109 105 132
21 137 123 141
34 78 43 116
8 197 105 148
69 133 4 103
166 178 35 38
92 121 132 135
138 140 79 189
57 58 151 158
134 145 134 146
5 25 132 133
59 174 132 177
190 193 169 179
176 194 141 166
125 126 93 113
82 170 105 117
0 83 157 158
102 130 188 191
64 197 149 187
177 190 156 178
55 96 1 3
142 146 8 114
109 113 36 38
19 36 171 172
120 144 104 107
136 137 71 167
167 185 170 172
29 41 54 91
109 110 55 61
83 123 149 180
123 125 130 148
91 101 42 56
125 187 139 140
182 189 164 171
162 195 21 22
184 191 141 149
156 159 115 182
167 168 188 189
149 175 159 162
72 74 82 96
161 182 168 185
143 161 58 156
30 116 49 113
197 198 89 153
81 191 27 159
12 52 144 159
23 24 52 63
45 46 48 73
90 197 177 181
26 172 67 84
33 36 88 159
186 187 162 164
77 147 105 119
183 192 177 189
110 178 28 29
85 86 142 156
17 81 178 179
13 77 110 163
42 79 34 113
57 167 185 186
132 139 171 178
158 160 90 91
57 58 43 69
29 53 47 148
141 163 164 167
180 181 182 185
125 164 130 181
119 175 22 61
8 10 167 176
23 58 179 183
60 197 36 186
16 18 135 185
179 186 178 192
47 49 123 138
159 163 137 143
84 95 186 187
150 155 51 101
178 179 99 132
83 98 27 28
128 132 35 45
74 88 157 158
9 16 38 124
93 170 20 32
67 128 183 185
188 189 43 48
102 145 144 153
28 141 42 43
84 92 162 163
173 181 66 69
73 192 131 147
185 190 72 152
165 172 83 101
29 30 184 192
26 27 132 133
33 46 151 159
180 182 93 117
187 195 146 174
125 179 30 31
138 139 177 178
175 180 48 55
49 93 81 138
135 141 52 135
193 195 150 181
191 193 92 128
42 172 80 81
59 117 122 125
80 84 45 110
44 91 191 192
161 167 46 113
85 108 159 190
79 83 114 166
179 189 50 102
13 16 148 150
188 191 88 102
170 171 144 173
142 143 4 129
0 45 28 44
156 162 132 133
67 68 142 145
10 106 2 7
20 118 154 160
125 150 153 162
152 165 23 134
120 128 126 141
63 68 37 57
172 175 42 81
52 79 180 181
163 191 33 78
176 186 57 182
29 31 123 140
171 184 98 147
182 183 125 186
151 174 150 158
65 72 133 179
44 157 79 80
47 161 21 111
91 109 158 159
22 130 67 71
162 189 88 148
28 41 149 158
22 122 107 108
82 83 57 61
44 62 58 126
61 73 193 194
70 109 33 176
47 145 48 86
164 184 190 193
159 177 116 158
75 194 20 90
65 84 97 125
175 180 52 142
98 101 170 173
115 127 59 79
5 152 37 50
76 82 142 144
90 99 193 194
48 65 130 139
143 144 51 133
83 100 29 178
167 191 114 175
132 140 193 194
127 139 112 138
129 151 48 131
66 69 14 40
49 66 156 176
47 94 80 81
14 17 74 108
100 141 57 128
75 113 175 180
119 120 23 61
126 137 35 172
128 147 162 175
14 15 10 169
22 61 2 82
137 182 53 168
34 125 73 95
162 193 8 53
46 75 57 109
177 184 19 111
7 40 93 173
30 197 85 155
177 197 17 92
126 195 50 64
12 56 76 86
133 142 164 166
154 169 192 193
13 14 62 72
177 186 110 178
49 55 125 143
10 100 101 107
103 121 81 135
134 135 16 160
45 133 190 191
50 88 38 78
90 102 155 159
24 169 106 191
129 181 10 11
91 156 57 58
168 172 175 176
7 101 156 157
50 56 176 184
67 82 166 190
190 191 168 177
1 66 168 169
124 125 59 74
65 69 78 82
30 32 90 115
194 197 104 121
90 93 116 134
94 95 160 172
38 178 101 102
171 190 90 113
189 190 181 192
43 193 146 158
104 122 129 130
90 105 79 137
161 163 74 131
162 173 46 81
179 184 130 164
75 187 171 181
19 21 159 190
118 182 82 180
19 88 92 99
146 162 16 186
141 158 6 73
65 66 37 55
25 110 191 192
149 158 75 76
38 108 125 172
36 124 25 107
107 115 164 187
3 121 81 108
174 175 21 55
194 196 66 156
86 87 22 126
196 197 163 179
12 111 42 88
132 176 62 72
195 197 125 149
119 156 170 171
35 104 128 177
86 189 166 178
173 196 184 185
26 29 120 134
89 104 48 65
64 131 154 156
124 157 130 144
147 149 58 189
59 194 147 161
140 141 180 185
186 195 100 111
69 194 144 151
98 184 165 175
5 126 160 163
173 179 178 184
180 194 170 175
21 63 168 176
87 181 166 192
180 186 107 114
137 184 190 191
81 87 10 31
144 145 127 167
154 181 41 43
97 109 7 9
42 47 171 182
85 86 85 86
181 187 98 114
160 182 6 9
125 180 126 178
1 151 35 50
27 32 47 98
70 77 41 124
101 176 9 128
80 139 59 72
179 188 64 85
162 165 116 118
49 59 115 155
28 85 5 121
75 76 158 167
5 60 18 83
183 185 140 187
22 157 0 44
53 122 177 178
131 181 165 179
131 147 35 109
17 18 63 97
46 159 30 31
59 74 189 190
41 54 15 32
166 167 71 178
183 192 18 44
10 168 30 53
5 197 173 179
196 197 89 124
20 81 37 74
103 174 129 130
32 123 121 172
12 84 173 184
147 150 8 53
83 168 183 187
172 173 79 108
170 179 124 125
61 93 105 106
172 191 159 163
47 167 98 156
174 184 184 190
186 190 13 179
155 156 146 162
59 143 154 159
127 128 20 83
155 167 37 187
191 192 80 124
55 197 31 96
101 104 75 86
116 118 181 190
10 58 74 78
176 193 128 147
188 189 126 131
121 141 65 73
18 26 72 92
83 98 12 24
15 88 3 6
125 144 65 102
124 176 91 191
0 38 84 100
183 184 77 147
38 59 154 173
112 139 132 133
56 82 58 62
130 190 79 159
10 90 156 157
46 58 59 140
132 193 15 135
66 142 167 175
106 173 84 85
35 126 146 152
166 167 132 165
123 188 176 178
17 27 14 35
185 196 0 1
46 103 37 105
50 195 165 178
158 159 32 58
171 180 190 191
58 86 135 155
79 140 101 102
135 176 23 24
31 43 173 174
55 133 13 17
26 173 23 24
155 181 61 156
102 114 144 189
38 169 42 50
62 194 141 186
45 66 74 166
46 155 32 174
131 150 69 85
180 181 190 191
12 34 44 148
112 113 2 3
96 111 77 78
17 115 58 126
6 130 26 27
168 175 10 53
164 184 92 104
34 37 192 193
104 131 59 151
104 117 145 146
125 158 118 119
19 32 149 163
4 65 3 140
28 45 183 185
43 82 151 185
3 46 42 83
166 180 90 91
114 121 78 128
76 89 120 175
114 116 183 184
107 108 13 44
153 171 0 48
42 182 111 150
175 179 120 121
191 197 12 13
26 113 101 137
190 197 145 148
100 176 186 187
144 148 47 82
190 191 172 176
165 173 96 133
125 173 53 165
30 138 154 155
112 118 6 8
182 184 178 188
105 112 120 167
67 84 43 190
33 83 175 188
190 192 102 134
156 159 81 90
36 45 83 156
170 183 80 83
190 192 19 74
69 70 159 162
35 70 63 64
13 18 15 62
40 148 21 50
106 176 17 136
157 190 90 171
180 181 66 166
99 100 133 136
123 162 130 170
30 52 174 175
181 192 4 95
81 170 154 174
7 8 99 120
37 40 40 77
162 172 5 50
57 93 87 154
28 105 152 188
25 54 186 189
47 120 67 108
164 173 48 160
132 134 55 82
163 195 137 145
124 135 84 94
156 157 59 60
144 145 45 69
178 179 36 39
58 112 190 193
7 15 48 167
158 159 155 156
5 72 13 30
93 150 190 191
10 19 20 24
18 86 26 133
41 70 0 8
49 62 63 73
39 78 54 67
106 169 164 167
160 176 80 99
168 169 161 162
45 160 45 76
73 75 145 192
35 52 26 79
68 134 15 17
16 18 192 193
70 104 103 104
96 185 130 186
19 102 28 141
171 186 68 133
18 66 155 185
109 121 74 77
67 68 98 155
140 149 53 60
165 172 25 100
40 90 107 109
183 194 36 67
16 108 61 76
138 175 80 95
68 96 47 70
11 96 179 193
16 50 140 152
36 105 41 154
72 155 59 81
143 169 111 176
87 88 143 154
11 101 186 192
182 183 63 165
152 153 89 115
67 131 38 68
120 143 120 160
189 195 116 120
184 187 157 162
133 156 119 139
82 187 136 142
115 179 116 128
77 152 112 122
41 122 155 172
72 105 33 58
90 91 85 155
50 146 47 97
168 192 117 125
160 195 173 182
49 50 51 160
93 152 57 108
51 82 2 139
36 39 126 130
90 115 0 61
41 43 43 44
191 197 178 187
181 182 14 37
69 86 142 146
151 190 47 172
82 121 108 134
88 171 58 93
99 124 69 73
87 88 101 153
148 149 84 93
194 195 159 162
190 195 187 188
94 120 142 157
117 121 34 46
90 118 115 166
119 120 192 193
158 190 59 64
62 88 158 186
23 148 93 180
61 74 155 157
13 55 104 162
95 134 149 154
137 140 80 150
72 79 154 155
22 50 163 186
90 94 27 117
64 190 35 40
10 23 124 179
84 109 76 146
54 119 157 169
133 137 116 120
11 18 77 113
19 164 126 139
143 158 97 181
68 76 185 186
116 120 170 171
177 182 26 27
100 103 58 101
188 189 181 184
77 79 69 78
127 170 77 102
165 197 17 46
120 185 162 184
13 179 157 179
36 47 100 135
148 173 91 122
147 161 28 81
72 170 114 155
149 167 182 183
123 130 95 178
181 183 124 167
144 175 61 63
116 196 93 130
1 3 66 94
103 188 125 127
124 140 108 110
69 83 31 89
184 193 94 120
139 141 6 96
44 142 62 128
59 68 51 173
8 33 124 140
98 150 4 72
133 141 22 113
123 170 179 184
41 68 190 191
39 189 53 175
168 169 141 145
105 164 21 32
127 128 112 177
41 77 40 46
43 49 142 143
6 53 153 164
61 91 173 176
49 50 66 87
153 169 142 144
37 111 41 170
91 123 113 114
162 164 172 176
137 181 16 17
129 161 60 61
4 45 157 187
106 110 8 77
149 185 15 43
175 178 166 181
4 5 78 141
67 136 34 45
193 194 18 131
132 160 52 147
80 81 53 130
173 177 35 168
100 168 99 104
1 34 124 169
1 10 30 46
164 165 7 143
101 113 148 182
88 91 72 176
100 179 93 180
61 62 154 185
68 121 56 88
51 59 128 191
29 42 91 92
112 123 94 106
183 184 59 169
145 147 149 150
80 98 138 171
34 94 137 156
38 154 160 173
165 179 173 176
68 69 78 80
60 145 46 193
138 152 177 178
30 62 167 168
188 191 27 114
195 196 59 151
189 192 137 138
0 31 9 21
15 16 191 192
170 173 1 146
109 139 180 183
80 81 137 141
87 90 34 35
95 122 7 11
87 97 192 193
143 163 157 158
31 121 172 183
148 158 18 19
58 144 133 173
168 176 20 62
3 109 47 88
126 140 177 188
174 190 33 98
19 179 186 188
59 148 165 172
136 144 26 44
182 183 114 138
7 8 102 114
33 37 36 37
22 167 32 84
180 184 53 87
22 26 100 186
154 163 94 133
179 195 36 97
148 155 88 137
94 183 180 192
90 113 191 192
2 170 63 91
162 174 106 181
31 80 0 129
112 163 6 187
52 106 165 190
8 52 16 62
196 197 116 120
123 124 36 99
168 173 131 173
15 34 176 193
94 139 15 25
160 179 16 27
165 183 54 83
129 133 115 145
47 74 173 174
37 38 157 188
70 164 109 174
46 176 155 156
69 167 185 188
152 154 159 178
43 167 142 143
103 116 159 178
81 117 122 141
192 193 40 185
141 142 90 104
48 59 23 61
149 151 139 141
108 126 19 23
138 176 31 75
96 166 114 164
142 174 3 108
116 156 183 186
178 181 128 174
187 188 51 121
36 50 136 146
163 170 22 24
189 190 127 138
169 170 52 74
104 171 61 64
67 135 57 63
117 151 113 126
176 185 118 121
136 142 9 42
16 24 78 90
190 192 13 17
145 149 8 9
53 191 40 42
165 180 90 97
95 151 26 58
195 196 126 156
21 109 155 156
145 154 157 189
118 120 122 124
131 143 147 173
112 113 121 138
97 98 120 126
19 92 168 184
9 36 33 34
189 190 181 189
194 195 152 153
174 184 16 111
111 126 122 156
145 174 188 192
0 14 160 179
101 136 34 109
133 177 131 184
172 188 16 22
193 194 24 136
60 61 36 51
118 197 156 164
173 189 182 188
101 103 98 123
61 69 120 144
189 194 57 160
142 158 71 72
74 75 9 15
18 196 4 84
185 186 100 101
142 154 120 139
97 145 180 181
56 135 173 182
186 189 108 168
166 167 58 59
80 117 30 33
49 81 142 146
54 69 35 93
180 181 42 56
194 195 179 184
136 139 127 186
22 50 186 187
142 143 192 193
25 67 5 160
16 185 64 65
41 42 8 142
85 106 28 29
86 140 75 76
154 180 92 164
110 140 71 80
138 141 131 157
19 86 152 161
115 179 16 98
155 157 70 159
88 163 113 175
149 159 8 160
49 110 124 145
57 114 77 146
179 181 76 146
176 197 150 157
155 157 137 145
42 97 189 191
48 65 192 193
118 122 73 75
22 23 22 27
162 183 91 95
27 46 93 150
24 184 166 170
135 178 182 183
133 164 89 103
83 84 35 98
42 114 79 168
47 49 15 18
83 101 74 148
147 148 115 189
3 48 155 159
184 196 34 115
93 101 57 59
145 173 33 43
106 109 2 140
22 23 33 100
195 197 51 52
9 21 149 167
36 149 91 92
93 135 48 94
117 153 129 130
43 159 125 152
118 131 83 85
96 102 48 51
19 25 61 106
65 124 101 140
26 197 169 175
108 176 178 179
123 164 65 174
13 79 191 192
112 113 127 136
8 9 31 119
181 193 87 88
187 188 159 163
72 73 37 38
114 117 116 119
193 196 182 185
192 194 190 192
155 185 140 175
8 26 117 127
175 188 107 158
90 106 105 147
139 176 0 35
155 176 101 183
48 98 176 180
9 24 193 194
62 152 74 110
193 194 2 120
183 184 141 180
101 130 35 187
133 192 62 174
177 181 172 180
178 181 28 103
69 181 101 112
154 159 93 97
47 64 105 164
53 103 138 141
101 111 77 84
83 133 190 193
94 151 119 190
110 137 149 150
84 147 17 31
114 131 174 187
141 149 58 91
136 137 174 181
26 123 70 93
116 143 95 176
15 36 67 74
150 180 117 119
78 179 17 42
182 183 118 144
63 90 77 80
81 101 173 191
18 29 46 76
87 137 1 36
66 76 48 50
153 171 11 142
99 100 51 87
50 172 51 53
121 141 85 88
28 95 125 164
128 178 48 160
146 156 55 156
85 164 72 73
17 103 160 161
79 173 128 138
81 121 54 133
104 162 149 163
136 143 95 96
30 34 66 69
144 158 189 193
119 135 94 105
117 154 91 107
9 166 131 155
63 79 150 180
185 195 6 26
107 148 38 88
129 143 100 121
193 194 138 147
91 129 183 184
78 84 187 191
101 130 16 133
179 197 116 192
49 69 143 146
6 8 32 137
70 197 24 78
145 155 161 163
17 40 104 160
119 122 25 33
157 167 101 150
70 123 185 192
193 194 148 149
36 56 9 10
104 105 110 111
57 63 191 192
