13 149 971
4 5 104 145
10 11 142 146
1 5 53 56
0 5 104 107
3 9 49 84
0 2 86 91
9 12 104 118
2 10 86 89
0 5 123 148
12 13 61 110
11 12 109 113
3 4 27 28
0 1 36 37
9 10 94 137
3 4 121 130
12 13 6 10
1 5 94 95
3 12 22 23
11 12 52 55
9 12 117 131
1 2 61 65
10 11 57 64
2 8 105 107
6 10 60 82
8 9 8 24
4 5 27 28
4 7 130 141
2 3 38 50
3 5 61 80
12 13 1 2
4 10 87 90
0 1 114 136
12 13 82 119
4 8 35 73
3 8 103 110
4 8 45 142
8 9 90 132
8 9 53 62
6 7 3 82
2 8 6 90
7 9 40 88
2 3 62 91
6 12 126 132
0 4 96 97
2 3 42 140
6 8 73 140
11 12 88 89
8 10 129 146
5 8 35 64
8 9 110 127
6 7 100 145
4 5 119 121
5 7 98 131
3 4 1 6
7 10 139 140
10 11 39 141
0 3 84 134
5 7 20 91
12 13 144 147
8 10 140 141
6 7 48 148
12 13 139 140
12 13 95 128
5 7 117 118
8 9 30 98
1 12 138 147
8 10 8 103
0 4 59 138
11 12 43 44
7 8 66 101
7 8 53 65
6 10 55 76
3 4 131 143
2 9 34 80
8 9 21 43
3 10 142 143
3 4 29 41
1 9 121 132
11 12 148 149
10 11 80 81
3 5 23 28
2 6 65 93
0 4 45 55
5 7 99 108
9 10 106 107
2 4 23 35
3 12 142 145
8 9 142 143
9 11 36 37
4 10 65 114
0 1 120 121
3 10 75 140
11 12 113 118
9 10 58 77
4 5 41 43
12 13 32 43
10 12 90 92
5 6 110 121
4 7 7 41
4 5 42 113
3 6 110 136
12 13 108 116
12 13 95 109
1 6 13 77
7 8 16 44
9 10 122 134
6 12 134 144
6 8 36 97
6 7 123 144
7 11 140 142
8 10 129 130
9 10 147 148
5 7 44 110
5 6 37 57
7 12 33 34
8 10 92 93
9 10 123 124
11 12 63 126
0 2 42 115
2 3 114 148
10 11 45 67
10 11 33 52
9 11 70 78
7 8 38 147
11 12 110 111
5 8 112 113
2 6 120 129
12 13 128 129
12 13 4 63
0 2 110 123
1 11 16 64
4 12 135 145
2 7 52 57
11 12 81 127
6 8 140 148
5 10 72 132
12 13 143 144
4 12 107 110
2 11 90 91
4 7 68 87
6 9 51 91
1 2 74 83
8 9 54 61
2 11 92 96
9 10 107 121
11 12 36 37
6 11 110 134
12 13 65 100
7 11 82 91
0 5 94 129
12 13 116 117
7 10 99 142
12 13 53 68
0 4 140 148
1 5 114 119
7 11 56 96
5 6 36 50
12 13 138 140
2 3 34 36
2 4 87 111
4 10 101 104
1 3 66 99
10 11 12 68
7 8 115 116
11 12 32 51
11 12 89 96
11 12 58 76
10 11 64 70
1 8 142 146
6 9 132 139
1 4 79 81
0 1 114 130
7 12 125 147
4 12 68 69
8 10 6 86
10 11 94 130
5 6 78 93
9 10 115 119
11 12 28 59
6 9 104 136
5 8 100 103
6 9 29 121
2 3 137 148
5 6 77 93
9 12 65 75
7 9 139 140
1 6 51 63
10 11 1 5
4 5 34 82
10 11 17 131
0 6 5 120
12 13 72 73
6 9 43 143
11 12 18 22
9 10 11 114
2 8 3 39
1 5 20 126
1 5 4 35
3 4 77 116
5 6 109 110
3 5 95 134
1 7 47 145
5 6 78 137
9 10 43 123
5 8 144 145
10 11 37 87
6 7 34 118
5 9 144 145
8 9 20 43
11 12 120 131
0 2 144 146
4 6 2 131
9 10 120 127
0 2 31 56
2 3 112 130
11 12 14 15
2 3 145 148
6 10 91 97
7 8 130 131
12 13 16 17
10 11 1 87
0 1 98 116
9 10 40 68
9 12 103 105
0 11 45 61
3 4 77 82
5 6 69 96
4 5 125 134
11 12 143 145
1 10 23 138
2 3 105 114
10 11 59 109
5 6 58 61
9 11 134 135
10 11 146 147
5 6 51 96
1 7 58 129
4 5 71 109
7 8 119 126
9 12 18 99
7 8 50 143
10 11 11 140
10 12 12 61
9 11 61 80
10 12 144 145
8 12 124 127
3 4 128 131
8 10 3 29
12 13 119 132
5 11 80 114
10 12 146 148
0 5 90 105
12 13 65 81
1 5 95 104
12 13 32 84
12 13 126 136
10 11 46 66
7 8 115 138
12 13 140 146
5 11 148 149
0 1 148 149
10 11 20 93
10 11 139 140
6 7 23 142
8 9 100 101
11 12 113 140
2 5 24 28
9 10 93 97
6 10 129 130
8 9 85 108
2 3 105 123
6 12 33 34
9 11 81 132
10 12 42 141
1 12 95 121
5 7 46 62
8 9 68 71
1 2 39 63
3 5 132 141
3 9 89 120
5 7 112 141
9 11 90 93
2 4 99 110
10 11 34 119
0 6 113 120
3 4 61 62
0 5 66 81
7 11 120 125
1 2 72 81
5 12 106 142
5 7 146 148
4 10 121 130
7 11 116 122
1 2 74 124
5 6 133 137
4 5 67 91
3 8 6 29
6 7 58 128
12 13 116 117
8 9 89 92
9 12 32 71
1 3 42 145
0 9 127 139
10 11 87 88
1 3 3 20
0 9 18 131
6 7 119 128
6 7 114 127
5 7 6 14
12 13 74 131
2 7 52 61
11 12 15 137
9 11 25 69
11 12 6 17
6 7 123 138
3 8 24 26
4 10 35 91
3 6 55 56
6 8 39 65
10 12 129 138
1 9 117 118
2 3 61 117
2 3 140 143
10 11 47 51
6 8 60 125
7 9 102 119
7 8 115 118
8 12 52 102
3 4 76 115
4 9 112 126
0 3 56 88
10 11 63 116
3 7 123 124
12 13 30 90
8 9 92 116
6 7 81 93
1 7 95 128
8 9 49 96
5 6 97 114
3 5 20 22
6 7 5 64
5 10 39 60
9 11 63 138
7 8 18 25
3 9 46 91
11 12 73 75
7 8 49 52
7 11 66 79
11 12 46 92
3 4 86 115
7 9 121 123
11 12 93 104
8 9 124 128
7 8 142 146
0 1 23 24
3 10 130 131
3 12 62 68
7 9 88 115
12 13 140 144
11 12 5 74
3 4 65 82
11 12 58 83
7 8 114 115
11 12 2 103
4 8 34 51
4 5 138 143
3 8 111 125
0 1 106 110
2 3 104 136
5 6 115 123
1 4 36 77
5 6 93 95
7 9 111 112
3 4 108 109
8 10 65 128
0 10 141 142
3 10 110 137
9 10 31 134
6 8 111 140
8 9 87 108
9 10 56 59
8 11 88 112
12 13 140 141
4 5 119 131
0 1 5 7
5 7 114 145
11 12 57 76
11 12 101 127
11 12 67 68
7 8 94 100
7 8 10 22
8 11 121 125
5 6 2 3
5 6 59 61
12 13 46 56
10 12 104 116
11 12 28 148
0 3 97 121
9 10 148 149
8 9 101 133
12 13 112 120
4 8 47 48
9 12 119 121
6 8 119 122
8 10 46 140
9 12 53 57
7 8 119 137
5 10 32 39
8 9 6 94
12 13 18 118
4 5 90 121
3 7 148 149
2 9 49 56
11 12 136 138
2 12 144 145
9 10 57 148
11 12 92 97
10 11 20 22
1 6 75 83
11 12 125 126
6 10 107 144
8 10 55 84
12 13 6 13
5 11 37 74
10 11 74 85
5 6 145 147
10 11 118 119
8 9 44 46
4 7 1 94
9 10 85 142
2 3 20 22
7 11 0 20
2 6 87 115
9 10 76 86
11 12 143 144
8 10 129 138
2 3 29 30
4 5 143 144
9 10 30 115
1 4 74 106
4 11 48 50
5 6 47 48
12 13 64 84
1 2 60 63
12 13 3 14
4 7 141 142
1 3 106 107
3 4 148 149
4 5 60 63
9 10 95 105
10 12 76 94
4 6 97 128
7 10 67 78
11 12 90 102
1 9 124 125
0 5 72 82
0 5 68 131
11 12 17 18
9 10 88 108
8 12 6 9
8 9 39 43
5 10 76 131
4 8 8 27
12 13 29 38
3 12 3 65
2 6 116 124
9 12 91 99
4 6 139 140
6 7 49 63
6 7 127 142
9 12 103 110
8 10 7 8
12 13 51 59
8 12 6 22
5 8 64 71
2 12 139 141
4 6 85 98
5 11 1 25
3 4 42 76
0 3 24 33
8 10 137 144
3 11 101 102
5 7 68 74
12 13 3 16
7 8 2 70
5 6 74 99
5 6 40 41
3 4 84 86
6 8 115 132
11 12 21 34
7 9 98 103
4 8 92 127
1 5 51 52
4 6 96 97
9 11 34 35
9 12 93 148
9 10 43 59
1 2 137 138
3 11 117 123
5 7 124 146
3 5 96 108
12 13 119 121
5 7 56 57
11 12 13 60
10 11 137 140
11 12 103 113
0 4 65 113
11 12 119 131
3 4 128 135
4 10 20 22
12 13 71 84
1 3 102 120
3 4 20 22
3 9 52 142
12 13 101 110
1 4 17 30
7 12 20 23
5 7 94 117
0 1 48 106
8 10 97 99
12 13 59 66
2 11 56 118
6 9 1 36
3 9 66 79
2 5 113 122
3 11 64 104
8 12 105 106
6 11 130 135
6 7 106 120
6 7 10 35
0 10 57 80
11 12 144 145
7 11 77 78
3 9 104 114
12 13 21 116
9 12 57 123
10 11 81 139
6 8 37 59
6 10 5 51
0 6 38 47
0 5 104 139
11 12 7 9
3 7 48 49
9 10 140 143
10 11 61 82
9 11 133 141
4 10 79 80
1 2 25 40
5 9 42 112
11 12 89 143
6 7 67 123
2 3 69 70
7 8 74 109
12 13 41 44
8 9 62 92
5 6 120 122
5 10 148 149
9 10 55 117
3 4 17 25
1 2 45 74
11 12 120 132
4 5 78 91
2 3 66 92
7 12 104 105
10 11 142 144
12 13 115 133
10 11 135 138
7 8 30 131
8 9 85 127
9 10 50 75
6 7 134 136
1 5 107 111
12 13 9 106
11 12 139 141
5 12 75 99
0 2 98 103
0 3 140 141
1 11 72 97
5 9 3 49
10 12 87 91
6 7 128 130
4 5 81 87
4 5 117 119
0 1 35 46
12 13 116 131
8 10 29 38
2 6 74 85
6 8 123 126
0 11 76 96
0 2 111 113
10 12 9 34
4 6 62 67
4 7 78 145
1 3 118 126
6 7 25 38
12 13 57 92
6 8 142 143
4 5 84 95
8 9 120 131
5 6 128 133
2 3 67 77
2 8 44 77
6 7 80 119
11 12 139 141
12 13 130 142
2 3 139 144
6 7 68 100
8 12 77 109
5 12 111 136
4 5 88 104
11 12 24 136
3 6 64 68
7 9 88 144
4 7 96 97
2 3 21 38
2 3 133 138
12 13 117 119
3 6 129 139
9 10 114 145
5 10 132 136
2 3 64 75
2 10 120 125
0 3 33 82
11 12 112 113
1 11 126 127
0 4 18 70
3 9 6 12
2 3 39 135
11 12 10 139
12 13 123 129
11 12 70 71
7 8 19 29
10 11 55 73
4 10 147 148
8 11 131 134
7 8 80 111
10 11 45 89
8 9 144 147
2 9 40 43
0 3 58 83
10 11 100 120
2 5 133 148
0 11 126 127
12 13 21 98
3 6 50 94
9 11 60 63
12 13 101 102
0 3 56 139
9 10 4 59
5 10 60 98
10 12 19 90
3 4 138 140
10 12 49 82
12 13 58 142
11 12 99 120
11 12 3 66
5 6 61 117
6 11 89 90
7 10 11 12
12 13 89 139
5 10 28 30
0 7 137 139
2 4 75 91
1 5 44 82
12 13 73 103
0 7 103 108
11 12 132 134
1 3 70 96
12 13 93 107
9 10 121 122
0 7 62 108
6 10 79 98
2 3 59 85
8 9 0 120
2 3 123 124
0 1 57 58
3 6 69 84
12 13 38 41
2 7 145 147
10 11 25 67
9 12 57 72
8 10 95 108
3 7 104 129
1 2 99 112
1 6 46 100
3 6 115 130
4 5 120 122
9 12 73 78
8 10 23 38
5 8 51 52
3 4 93 106
3 4 66 75
3 7 28 30
8 11 9 44
6 7 78 112
4 6 138 141
9 11 78 93
7 8 23 43
2 4 59 83
11 12 29 59
10 11 110 112
0 10 135 144
0 8 76 92
6 12 38 101
12 13 112 122
7 9 30 57
2 4 39 40
12 13 132 144
12 13 110 126
9 10 58 89
8 10 143 144
8 9 61 104
4 5 91 93
2 3 124 125
12 13 124 137
2 7 15 43
5 10 15 145
10 11 115 119
5 6 49 64
11 12 21 43
6 7 52 53
9 12 74 142
11 12 54 63
7 11 125 127
12 13 17 21
4 12 35 56
2 3 50 114
5 6 140 141
8 9 48 140
7 8 10 84
4 8 108 120
2 3 2 93
8 11 34 125
9 10 27 69
0 7 36 37
7 9 61 66
6 9 105 133
3 8 17 23
10 11 131 138
8 9 21 31
11 12 10 53
10 12 78 86
6 11 102 122
2 5 68 69
2 3 100 105
8 12 111 112
7 10 123 126
11 12 49 113
2 3 50 122
8 12 83 89
4 5 90 138
7 8 112 114
8 12 81 113
9 10 62 122
12 13 61 80
11 12 43 92
12 13 126 136
11 12 55 118
11 12 82 101
5 12 122 139
0 4 30 48
4 12 74 83
5 6 39 98
10 11 109 115
5 6 44 71
9 10 125 133
9 10 74 76
0 3 75 134
10 11 33 126
8 9 85 93
5 6 29 34
3 8 51 137
0 5 78 99
2 3 121 132
3 12 123 146
8 12 90 97
0 8 72 77
6 9 21 115
7 9 85 109
4 10 25 121
7 12 124 144
1 5 59 66
4 5 45 140
7 8 20 69
11 12 94 102
6 7 88 91
12 13 45 46
12 13 59 123
4 5 114 147
9 10 104 148
8 9 88 129
2 4 79 131
12 13 110 111
4 6 15 44
4 5 21 143
7 8 112 128
10 12 101 119
6 7 73 108
9 11 121 124
9 11 27 140
11 12 46 100
4 5 51 72
12 13 140 146
3 5 95 103
1 2 10 13
5 8 83 125
2 9 58 120
8 10 100 147
1 5 51 57
5 10 48 127
1 12 95 97
1 2 97 98
4 8 43 133
1 6 45 49
4 11 18 97
5 8 132 135
2 6 99 132
1 2 140 147
0 1 8 31
3 7 142 143
3 7 119 120
7 11 138 145
6 9 59 78
6 8 56 59
10 12 93 125
5 6 142 148
1 2 122 128
11 12 78 134
9 10 140 142
3 12 81 82
11 12 32 55
4 8 110 113
5 8 21 70
4 8 69 90
9 10 128 129
2 3 122 143
4 9 145 147
8 9 75 76
7 9 69 72
10 12 118 119
0 1 14 15
12 13 75 96
10 11 25 65
4 6 47 113
11 12 98 106
10 12 9 76
4 5 71 103
7 10 59 83
0 9 46 108
3 8 124 125
7 8 8 9
11 12 43 97
9 10 109 116
10 11 130 138
1 8 59 87
2 4 87 90
0 2 47 56
9 12 55 93
10 11 107 135
5 6 89 90
5 7 37 38
9 12 22 122
5 12 55 57
8 11 105 139
5 8 103 118
2 5 5 20
2 4 56 66
5 7 87 94
12 13 6 7
10 12 146 148
10 12 46 47
11 12 79 80
2 8 22 39
2 8 85 102
2 3 123 136
7 8 3 134
0 9 29 30
9 11 85 93
8 9 11 12
9 10 121 131
7 10 59 83
10 11 114 115
10 11 58 113
6 8 85 89
1 2 93 120
7 10 113 122
4 11 30 130
8 9 65 123
3 7 66 80
5 6 147 148
1 11 88 89
5 8 22 23
8 11 9 104
0 1 2 23
4 5 30 32
4 5 75 82
0 1 28 101
0 4 90 110
8 12 17 90
12 13 8 104
6 9 57 66
6 9 12 13
3 11 137 145
3 5 19 44
2 7 141 146
7 8 130 142
2 10 139 143
0 1 123 148
7 9 144 145
6 12 134 137
0 1 138 139
4 10 5 19
5 6 4 14
2 9 18 30
8 10 111 113
5 9 90 141
2 8 43 140
3 7 0 2
12 13 133 143
4 8 140 144
0 6 48 75
12 13 55 64
9 12 21 44
12 13 31 45
6 7 96 135
0 8 38 66
4 7 10 30
10 12 3 59
2 4 147 148
6 7 35 146
6 7 111 126
12 13 20 34
2 4 25 140
11 12 142 146
5 9 111 112
5 7 102 116
9 10 114 128
12 13 6 137
9 11 118 119
5 10 92 120
3 5 46 53
11 12 115 126
0 4 82 140
12 13 22 133
4 5 62 127
5 11 116 130
9 10 61 68
9 10 86 129
3 5 111 147
12 13 93 97
8 10 130 137
11 12 36 37
12 13 37 132
10 11 99 127
0 9 19 21
6 10 134 144
1 2 95 96
6 12 104 140
6 7 118 130
7 8 44 78
12 13 65 80
6 8 94 100
4 5 11 18
7 9 40 72
5 6 123 138
3 5 51 52
7 9 64 65
3 8 38 90
12 13 51 71
12 13 114 147
10 11 23 54
