49 154 963
16 28 152 153
44 45 29 90
35 36 18 44
4 20 47 85
27 33 148 149
27 34 96 100
21 45 67 84
38 46 29 86
38 39 139 143
1 5 108 109
14 21 111 113
43 46 113 115
12 14 58 84
5 9 105 111
14 45 69 98
34 42 115 123
12 13 103 106
43 45 4 15
44 47 105 138
45 46 32 38
11 14 42 61
3 12 4 59
33 39 92 94
35 42 19 118
5 7 22 32
3 30 25 50
34 43 132 141
42 44 4 5
47 48 143 153
18 19 132 133
44 46 69 117
41 42 65 151
24 25 59 70
6 19 58 59
30 47 15 39
27 32 74 96
2 47 88 93
2 8 18 22
44 45 153 154
47 48 28 29
47 48 150 152
23 25 75 79
3 4 40 44
48 49 78 119
31 32 109 110
17 18 91 98
20 46 43 121
11 13 144 147
11 21 146 147
1 12 17 152
42 43 9 28
17 21 102 132
17 35 121 122
39 47 39 42
6 21 28 29
47 48 63 68
46 47 49 53
45 46 23 110
0 28 147 152
25 30 128 131
0 10 46 125
3 15 4 73
4 44 88 123
30 34 50 150
10 23 29 37
35 37 107 116
8 11 55 77
9 21 116 136
16 17 105 113
21 27 80 92
20 27 111 116
32 41 23 75
27 32 21 69
24 45 12 139
11 14 120 125
9 27 23 48
3 22 13 15
41 46 12 13
22 25 64 77
6 30 102 115
8 14 21 86
11 19 82 144
22 30 55 144
5 13 50 133
44 45 121 148
45 47 57 92
30 38 28 29
5 16 36 81
36 37 153 154
16 40 108 110
12 13 70 82
14 15 4 6
31 33 36 147
39 41 76 81
38 39 31 35
12 24 131 148
44 45 111 117
6 17 66 103
18 45 135 137
2 4 123 125
47 48 57 61
12 15 99 102
19 36 11 115
20 25 13 136
2 20 46 76
6 9 84 145
16 37 87 93
16 20 90 125
30 46 31 36
43 45 112 115
14 15 35 81
41 44 132 134
23 41 12 34
1 3 45 46
15 23 46 82
18 20 96 140
25 45 139 144
22 24 22 28
39 43 148 151
38 43 98 99
38 41 101 119
23 24 40 125
8 17 74 123
30 31 65 106
17 34 32 114
8 28 14 123
26 30 50 104
18 20 116 122
25 42 101 103
36 39 59 90
33 41 25 48
45 46 130 145
4 33 110 146
17 47 143 145
22 26 71 76
48 49 22 80
8 25 68 104
16 39 84 85
17 18 145 146
22 34 148 152
44 47 4 17
38 39 117 119
42 46 106 124
14 24 56 137
31 33 36 51
20 22 7 8
5 46 118 122
17 36 139 151
26 36 29 43
9 10 38 51
20 41 0 2
10 37 36 84
15 25 150 151
20 23 47 65
4 5 41 98
1 21 66 70
8 35 81 119
36 44 142 143
17 18 108 140
21 23 60 87
11 12 128 129
16 22 111 113
26 31 139 141
19 21 51 59
30 41 92 96
29 33 49 148
7 8 36 37
14 16 69 82
6 36 14 106
21 40 27 58
34 41 129 143
16 25 96 126
29 45 45 54
46 47 13 16
29 33 125 143
40 46 133 135
11 22 81 141
11 13 9 70
37 40 124 146
29 30 66 111
23 33 21 26
46 47 90 91
29 39 78 151
36 39 5 6
4 31 12 151
2 4 77 97
2 19 27 69
5 46 107 144
35 39 120 131
28 34 9 10
32 36 92 101
47 48 125 144
15 41 138 145
12 13 73 119
42 45 12 153
30 34 54 151
37 38 110 133
10 32 47 140
23 45 63 74
41 43 143 146
21 23 77 117
8 14 30 32
26 36 85 124
13 30 4 16
34 47 150 151
3 6 115 121
8 9 113 122
47 48 106 137
16 38 11 35
34 39 104 123
0 1 26 102
43 47 2 41
10 39 56 127
25 41 52 62
29 46 101 151
10 44 110 142
46 48 2 106
7 35 91 92
4 6 144 148
26 30 92 118
23 24 128 139
13 25 106 138
48 49 59 104
2 3 120 124
48 49 124 128
4 44 71 141
46 47 117 125
44 47 109 140
2 16 88 95
31 35 49 119
29 42 130 132
19 20 68 73
9 10 26 88
7 43 146 149
15 17 11 13
16 40 119 120
14 17 51 102
4 5 10 24
42 43 70 71
44 45 83 92
36 44 153 154
13 14 33 55
39 40 103 115
41 48 38 150
25 26 122 145
31 35 87 92
34 46 70 71
11 14 8 120
5 30 38 86
16 38 69 108
17 18 46 60
17 18 102 121
38 39 64 122
42 45 94 95
46 47 90 95
25 30 105 107
16 26 81 107
9 13 125 151
48 49 67 68
31 38 10 43
29 31 83 96
35 48 92 122
26 46 54 62
34 40 3 117
39 41 72 75
2 15 26 66
18 35 58 73
26 27 146 147
39 43 128 142
19 22 60 145
33 34 138 141
45 46 11 133
18 22 9 34
33 47 107 112
48 49 105 124
48 49 18 104
21 23 17 100
17 19 153 154
20 36 44 59
1 39 70 101
3 10 54 61
23 24 75 84
23 30 30 34
4 45 116 145
29 36 72 80
41 42 25 28
2 18 152 153
21 41 30 43
30 37 41 58
32 38 41 82
46 47 73 107
37 38 136 153
19 39 114 115
32 33 102 114
25 32 151 152
21 23 27 33
4 5 91 98
41 42 87 99
0 1 41 136
2 12 63 103
43 46 104 153
11 13 27 60
17 31 9 61
18 26 81 87
16 17 153 154
30 39 56 110
3 7 102 118
1 9 121 135
6 25 74 120
10 40 25 27
37 40 128 136
20 22 60 67
38 39 8 12
25 32 136 145
41 47 126 127
14 29 121 122
31 32 96 114
29 34 132 135
44 45 37 64
34 35 115 117
34 40 22 25
6 37 79 113
43 44 128 136
39 47 7 17
39 40 67 117
23 28 51 105
19 23 82 102
48 49 93 143
10 27 43 79
3 4 89 93
42 44 18 106
34 35 31 37
28 31 35 47
19 22 140 149
22 24 53 153
27 30 16 136
14 40 54 97
45 46 53 116
3 11 62 145
0 11 15 68
42 44 89 147
34 36 121 141
38 39 108 153
36 37 0 138
23 30 42 43
39 40 68 70
39 40 143 144
41 42 56 92
4 6 58 103
20 26 97 100
16 28 103 106
18 29 73 74
11 16 123 133
47 48 152 153
40 46 126 147
29 39 1 86
28 30 88 123
23 38 143 145
4 8 8 28
4 20 128 129
44 46 97 148
15 19 111 117
30 47 85 103
45 46 138 151
33 34 78 148
10 37 80 95
45 48 4 22
28 29 79 113
21 23 39 116
26 39 5 50
33 34 99 107
24 26 144 150
24 28 84 120
27 33 35 36
41 45 98 108
47 48 51 65
8 29 119 138
32 43 104 130
33 37 3 4
29 41 123 124
2 13 117 118
11 27 47 48
5 38 144 146
46 47 107 108
45 46 53 54
40 41 0 23
45 46 12 136
16 19 94 101
24 28 52 74
43 44 55 140
34 35 116 138
40 43 57 67
30 31 56 104
46 47 73 99
14 21 148 151
37 39 34 141
47 48 86 145
11 21 72 136
14 18 22 134
18 30 12 48
13 14 17 108
38 39 33 62
29 45 114 117
5 10 54 72
33 34 11 143
45 48 115 151
21 23 124 150
13 16 110 144
29 39 12 71
11 21 29 31
15 45 12 124
35 46 95 148
33 34 60 126
1 2 143 151
13 14 144 152
48 49 136 144
41 48 112 114
44 45 8 144
23 48 43 147
17 23 108 110
40 45 106 119
19 27 131 132
34 35 38 59
25 43 101 142
47 48 71 153
22 23 24 75
33 36 44 62
1 18 24 29
24 42 36 74
38 39 58 78
17 27 45 114
1 20 35 59
42 43 37 103
21 31 129 137
45 46 148 149
6 43 116 149
33 35 44 46
33 34 81 87
0 5 59 93
7 12 142 149
4 5 105 111
30 31 42 68
31 45 8 114
9 11 37 79
26 37 61 106
14 17 6 53
43 46 61 107
36 40 13 50
1 25 86 126
42 44 19 29
22 46 64 68
39 41 99 104
41 42 18 59
38 40 153 154
13 38 132 134
35 37 94 121
0 1 9 19
43 48 46 118
41 43 85 86
18 45 148 151
35 44 21 100
0 2 51 52
20 22 75 93
37 46 73 74
35 36 128 132
43 44 120 146
46 47 9 43
32 37 6 11
17 19 81 85
7 36 102 113
26 27 26 30
17 19 19 22
6 13 42 122
14 19 58 114
8 9 77 113
43 47 105 152
11 34 30 113
21 23 16 17
2 3 44 96
45 47 113 151
41 45 65 71
21 34 102 122
4 28 73 126
39 41 149 151
26 43 32 54
8 32 118 121
18 34 78 109
22 37 102 108
5 47 149 150
27 28 78 114
36 37 80 110
46 47 43 57
38 39 85 105
20 27 136 137
3 25 54 55
12 23 135 136
32 33 33 58
8 10 82 140
23 33 97 149
29 35 53 56
16 43 60 94
15 18 119 121
21 23 6 27
37 38 40 41
40 48 112 113
28 40 112 113
36 43 70 137
28 44 76 97
0 2 104 127
3 9 82 83
23 40 119 132
12 28 43 50
26 43 83 92
43 47 103 105
19 37 108 124
1 8 126 145
14 21 127 152
41 46 20 23
7 39 129 149
5 6 112 137
16 17 62 105
28 30 67 69
34 36 48 94
35 43 10 12
6 10 85 121
32 47 25 46
8 13 80 107
37 40 67 69
16 17 91 111
25 34 75 93
5 38 84 138
41 46 138 144
40 45 144 151
30 44 18 57
2 30 79 80
14 48 105 108
2 32 78 134
30 45 90 117
45 48 64 71
12 13 14 60
5 20 125 126
46 48 28 29
0 2 45 114
6 7 150 151
23 45 18 19
20 40 5 41
4 10 58 66
30 31 95 107
38 42 4 151
41 43 44 56
8 22 63 67
14 46 30 68
24 26 34 100
1 2 24 29
34 47 47 90
26 32 108 111
46 47 2 65
33 38 5 7
19 35 71 133
35 44 133 136
27 37 45 51
6 14 35 46
7 24 0 51
26 30 122 126
45 46 17 94
9 21 78 144
37 38 46 48
0 3 104 127
32 35 150 151
22 40 94 98
16 17 129 136
23 34 89 129
37 38 57 126
15 47 65 132
19 24 14 93
37 40 39 94
48 49 59 97
7 14 73 76
12 15 111 120
22 23 35 38
16 21 17 32
2 3 107 114
4 38 110 111
38 39 94 102
18 19 148 152
28 47 113 114
33 36 127 130
22 33 26 30
28 40 97 132
3 5 80 109
11 29 26 85
34 35 44 64
42 44 50 60
37 41 10 57
46 47 33 119
4 5 125 130
3 4 152 153
11 12 88 115
45 46 150 153
46 47 102 133
38 42 102 137
23 35 74 141
33 34 144 146
17 35 120 125
12 16 32 110
9 17 133 152
13 39 136 147
1 34 119 137
20 21 135 137
23 43 102 153
41 48 45 46
24 27 122 129
27 28 121 150
23 24 42 46
28 29 43 47
5 14 23 50
24 38 43 49
16 20 11 29
36 37 122 151
6 7 59 64
26 38 32 139
17 47 80 90
18 28 84 100
2 12 49 52
12 44 25 132
30 31 32 124
47 48 27 59
46 47 12 41
46 48 109 147
16 18 29 75
30 44 73 119
11 40 73 78
25 26 144 145
25 42 73 143
24 47 3 144
23 25 98 123
33 40 45 78
32 36 94 152
41 44 133 134
33 41 92 93
39 43 64 142
10 36 134 135
33 34 56 101
36 37 39 66
30 37 29 110
33 34 122 153
5 20 92 97
36 45 124 130
3 5 22 49
20 29 123 138
11 17 13 71
19 20 67 111
28 32 30 123
9 32 153 154
35 48 32 118
10 13 130 150
36 37 85 97
20 21 101 102
46 47 84 85
19 23 6 75
42 45 87 90
31 42 135 137
24 34 135 136
20 30 42 43
2 14 70 82
44 47 139 149
26 29 36 40
41 45 102 103
32 45 36 101
11 36 73 82
43 45 31 83
19 24 131 133
39 40 100 130
0 9 113 115
11 12 104 146
25 47 26 62
9 31 128 143
25 44 116 121
0 1 71 83
30 36 133 138
15 16 107 117
36 37 134 136
16 42 38 49
6 33 48 80
22 38 6 142
16 30 40 48
33 42 48 59
16 23 153 154
46 47 74 90
21 25 109 137
30 32 27 45
48 49 56 114
15 16 10 106
7 13 3 32
23 24 134 135
41 42 12 23
5 18 143 144
39 41 25 57
37 45 96 135
48 49 80 118
24 27 65 105
47 48 109 119
44 45 33 61
14 43 42 43
30 44 5 85
34 36 110 127
27 32 15 62
34 41 85 86
1 7 89 131
20 22 34 41
48 49 27 37
17 35 10 137
48 49 109 140
45 46 114 115
33 40 152 153
2 21 110 119
37 43 128 153
21 22 59 110
21 26 51 149
3 8 9 129
16 25 91 152
43 44 144 149
12 19 13 40
19 25 5 67
32 33 61 125
10 24 128 135
21 30 55 69
16 17 2 26
13 16 70 76
22 40 82 86
46 47 151 152
2 3 27 57
21 41 128 129
45 46 58 59
16 22 20 88
24 26 17 18
13 17 152 153
42 43 24 43
0 13 141 144
47 48 82 126
16 17 142 143
19 28 78 82
28 43 114 142
34 44 153 154
34 35 50 128
8 10 5 22
28 29 142 146
27 43 106 135
38 46 84 92
42 43 68 149
13 14 33 95
42 45 56 63
11 19 5 6
19 40 118 140
20 48 58 63
2 7 13 109
3 9 117 121
11 17 99 128
18 19 65 142
4 37 22 111
9 10 77 78
3 4 114 146
45 46 134 135
24 40 92 109
10 30 9 11
9 11 89 90
43 47 122 123
4 19 132 140
47 48 85 87
31 32 129 143
23 30 112 116
4 11 2 140
18 35 134 143
24 42 148 149
43 44 106 135
17 44 59 60
26 42 101 104
16 18 109 120
12 13 17 35
8 9 59 131
31 33 105 134
27 29 98 110
42 45 44 67
18 46 24 83
15 17 92 139
26 42 135 140
7 32 147 151
12 19 40 47
31 32 47 51
35 36 44 45
20 21 111 112
9 26 20 22
5 8 55 81
28 30 37 69
10 47 47 88
24 33 115 116
22 30 18 111
8 17 0 49
26 32 129 130
38 39 10 140
14 31 104 127
19 31 44 103
36 38 115 116
1 10 114 115
38 39 104 118
41 43 20 53
17 19 151 152
25 26 136 137
38 39 12 28
9 34 61 64
36 38 28 47
29 35 151 152
24 33 54 134
2 3 35 38
13 43 23 27
5 22 5 34
16 40 152 153
15 16 114 127
2 8 72 151
4 6 68 69
29 32 67 117
34 47 58 59
40 42 21 98
14 25 73 74
6 8 119 123
2 3 149 151
34 35 109 111
9 10 88 96
45 46 101 102
24 25 103 105
34 40 141 144
36 38 67 68
34 39 6 86
21 23 26 30
46 48 76 101
28 45 95 103
44 45 56 129
20 22 100 104
34 36 90 91
9 27 30 32
8 27 135 145
10 20 99 102
42 44 133 135
30 47 53 60
13 14 127 129
43 46 2 53
6 23 15 46
0 20 24 55
24 26 69 114
8 45 27 94
20 21 131 133
32 34 16 55
8 39 100 128
16 30 144 152
44 46 145 150
4 8 45 144
41 45 35 37
21 37 126 128
0 26 26 50
17 22 40 143
37 43 15 20
45 47 6 95
28 29 18 19
18 21 1 2
11 31 94 105
37 44 118 121
34 44 63 78
3 37 50 57
17 33 8 11
17 24 13 72
29 39 16 115
20 34 136 144
7 44 71 77
33 48 152 153
13 36 82 96
5 28 54 55
26 30 129 130
39 43 133 143
2 23 130 146
5 15 39 145
17 18 45 46
40 41 48 124
42 47 42 70
41 47 88 105
20 25 68 140
29 34 148 149
18 45 89 143
40 45 5 84
28 31 61 73
3 35 3 4
3 7 20 39
26 28 4 52
25 26 97 104
0 46 19 37
48 49 0 69
41 48 111 133
37 38 56 101
39 47 25 35
20 22 61 115
4 7 82 88
33 39 52 96
14 16 95 119
5 47 46 48
32 38 73 92
29 33 2 3
0 46 102 107
11 12 18 22
35 43 60 105
19 20 0 28
42 44 52 85
15 34 53 97
26 28 103 104
11 16 133 143
14 15 89 100
0 48 104 137
37 39 68 70
47 48 75 146
27 38 74 81
42 48 108 135
28 30 5 147
36 37 86 90
7 20 49 120
4 26 139 142
27 28 61 122
1 27 98 126
0 1 30 32
32 34 19 86
15 29 93 95
18 23 150 151
28 29 92 129
11 12 90 101
1 2 29 55
34 44 66 146
3 32 32 72
3 13 43 88
24 25 104 112
47 48 142 143
28 38 117 148
29 38 94 113
12 34 5 6
43 44 5 42
26 29 57 127
32 38 33 58
5 15 63 79
39 44 74 75
28 39 10 146
34 43 70 88
14 22 105 128
48 49 21 25
35 47 35 69
26 28 40 46
31 37 43 91
4 24 25 122
5 27 80 126
23 40 36 125
3 31 54 148
41 43 132 142
29 31 35 133
42 46 145 146
41 42 5 58
7 30 114 133
21 24 100 122
4 5 69 113
