420 67
45 196
492 43
451 147
368 187
151 41
98 462
70 485
41 325
35 252
427 15
81 406
241 485
173 170
324 139
340 42
173 458
433 59
29 180
212 306
121 257
83 182
21 480
193 200
440 89
221 219
208 462
170 297
294 349
158 41
321 165
255 389
362 48
413 257
302 372
58 279
242 427
287 416
499 239
303 117
128 342
211 363
300 431
119 252
137 104
377 342
84 370
436 114
355 477
277 411
393 261
230 39
41 464
479 289
366 339
32 231
87 348
263 69
131 49
133 163
48 213
143 375
439 295
403 25
142 192
254 352
106 166
320 265
18 438
47 431
463 410
81 427
423 91
454 290
39 66
450 273
226 234
262 85
108 470
445 425
128 153
98 397
380 29
359 441
350 42
252 103
203 324
103 234
380 401
198 110
186 300
173 170
367 150
227 9
68 190
207 93
379 11
142 194
429 353
424 208
