1 323
293 179
10 449
158 376
7 492
125 112
215 263
355 233
455 423
320 126
156 149
315 201
42 130
146 384
149 133
162 356
219 15
76 66
4 3
163 109
380 183
416 354
472 247
300 481
301 294
19 300
138 308
458 394
148 210
414 456
364 432
52 113
124 170
483 288
300 384
181 288
426 321
303 72
455 312
17 74
317 439
107 334
60 89
93 369
354 148
163 67
182 288
372 224
266 278
455 187
315 338
445 369
165 458
13 46
272 343
179 1
437 294
445 456
342 52
317 90
314 197
149 347
461 76
78 345
352 63
84 305
430 40
131 402
233 145
485 483
401 175
15 170
172 318
276 183
360 83
455 283
128 189
255 232
121 219
59 471
67 485
19 336
195 262
383 258
71 57
433 461
384 303
421 184
117 9
440 452
481 149
225 455
413 236
192 120
489 195
443 190
226 348
247 114
74 179
454 225
