383 83
92 485
34 482
227 290
262 266
482 216
5 399
289 193
143 334
7 355
439 433
318 302
135 301
280 94
40 233
229 259
486 177
262 88
10 52
43 380
130 66
87 398
424 340
366 18
174 98
328 153
496 235
428 253
225 352
375 334
328 269
56 416
49 4
240 349
285 159
116 134
104 189
336 191
170 24
251 5
438 462
128 238
453 424
405 24
111 78
452 285
197 145
190 7
215 30
184 73
6 27
54 105
144 73
256 63
392 271
77 411
103 25
190 121
371 339
408 192
122 466
124 41
466 391
485 281
340 238
114 340
11 41
286 149
169 89
324 293
179 489
350 202
234 394
16 54
242 43
86 88
490 133
436 327
274 304
41 2
145 329
471 449
277 235
307 308
380 17
16 261
435 336
483 228
359 11
62 428
14 319
12 339
215 203
121 171
121 101
135 222
73 63
133 475
184 37
230 131
