500
19 22
16 2 16 3
9 22 8 22
1 22 1 21
16 19 17 19
9 16 9 17
3 8 3 9
9 17 9 16
18 0 18 1
3 5 4 5
7 1 6 1
10 0 11 0
13 10 12 10
14 5 13 5
11 20 10 20
14 14 13 14
4 6 4 5
17 8 17 7
11 11 11 12
17 5 17 6
3 21 3 20
8 0 7 0
12 14 11 14
3 17 2 17
14 9 15 9
7 21 8 21
7 9 8 9
17 4 18 4
4 3 4 2
17 16 17 17
14 20 14 21
0 17 1 17
18 13 18 12
5 5 4 5
12 22 12 21
19 5 18 5
4 2 4 1
17 16 17 15
7 17 7 18
12 17 12 18
10 7 10 8
15 22 15 21
15 1 15 2
2 19 1 19
12 3 13 3
16 3 16 4
2 0 1 0
13 1 14 1
10 6 10 7
1 6 1 7
10 9 10 8
8 22 9 22
12 19 13 19
17 10 16 10
6 17 6 18
12 22 12 21
4 22 4 21
5 17 4 17
7 8 7 9
0 18 1 18
5 15 4 15
10 20 10 21
15 6 15 7
17 19 16 19
14 11 14 12
15 16 15 15
1 12 2 12
7 17 6 17
14 15 13 15
6 3 7 3
1 2 1 1
14 2 14 3
13 21 13 20
10 19 9 19
15 17 15 18
15 3 16 3
10 9 10 8
14 2 13 2
0 16 0 17
3 1 3 0
8 22 8 21
1 9 2 9
8 10 8 9
8 7 9 7
11 22 10 22
6 22 5 22
5 2 5 1
5 5 5 6
12 6 12 5
8 16 8 17
1 15 0 15
9 11 10 11
17 6 16 6
18 15 19 15
15 2 15 3
16 9 17 9
12 3 13 3
9 4 9 5
14 12 14 13
2 18 3 18
8 15 8 16
14 8 13 8
16 7 16 8
0 18 1 18
1 13 2 13
12 10 13 10
16 10 16 11
0 6 0 7
8 9 8 8
9 5 9 6
13 10 14 10
0 4 1 4
15 13 16 13
2 1 1 1
9 3 9 4
1 14 2 14
10 6 10 7
12 13 11 13
15 19 15 18
4 17 4 18
11 18 10 18
2 12 2 11
7 14 8 14
12 8 12 7
16 9 16 8
5 21 5 22
11 20 11 21
8 17 7 17
16 20 17 20
19 10 19 11
10 16 9 16
3 5 3 4
12 9 12 8
15 20 15 21
18 17 18 16
18 8 18 7
4 2 4 1
2 1 2 0
8 16 8 15
16 6 16 5
14 21 14 20
5 3 4 3
16 5 17 5
3 13 2 13
7 22 7 21
10 22 11 22
11 9 11 8
9 13 8 13
11 17 11 18
15 21 15 20
10 3 10 2
16 14 16 13
9 8 9 9
19 19 18 19
17 10 17 9
15 10 16 10
1 19 1 18
3 19 4 19
0 19 1 19
12 3 12 4
18 10 17 10
16 21 17 21
17 12 18 12
17 8 17 9
2 19 2 20
6 7 7 7
11 13 12 13
13 3 13 4
10 10 11 10
13 13 13 14
1 21 0 21
10 16 10 15
10 19 10 20
4 19 3 19
1 8 0 8
18 10 17 10
3 6 2 6
1 10 0 10
5 1 5 0
16 2 15 2
4 5 4 6
0 3 0 4
10 4 10 5
0 15 1 15
1 1 0 1
6 17 6 18
6 12 6 11
5 12 4 12
4 20 3 20
0 8 0 7
13 0 13 1
6 17 7 17
5 14 5 15
16 4 16 3
16 1 16 2
15 4 15 5
4 2 5 2
15 9 14 9
9 6 10 6
5 22 6 22
9 16 8 16
19 6 19 7
3 18 3 19
11 17 10 17
14 8 14 9
9 1 9 0
10 0 10 1
12 22 12 21
18 0 18 1
7 15 6 15
16 6 15 6
5 14 4 14
9 17 8 17
14 17 15 17
18 22 19 22
19 17 18 17
1 11 0 11
11 9 11 8
7 22 7 21
5 16 6 16
11 9 11 10
10 10 10 9
1 1 1 2
0 5 1 5
8 22 8 21
17 22 18 22
14 13 14 14
0 8 0 7
4 15 4 14
19 5 18 5
18 22 18 21
9 20 9 21
0 10 1 10
1 5 0 5
3 5 3 6
3 16 3 15
14 7 15 7
8 17 7 17
1 15 0 15
18 14 18 15
2 9 1 9
19 22 18 22
6 19 5 19
6 3 5 3
14 21 15 21
2 13 2 12
15 13 14 13
10 11 10 10
8 12 9 12
11 17 11 16
15 12 15 11
18 17 17 17
4 15 4 14
10 14 11 14
7 19 7 18
7 0 7 1
4 2 4 1
0 4 0 3
3 12 3 11
16 10 17 10
19 10 19 9
7 22 7 21
0 18 0 19
11 22 12 22
16 19 16 18
10 7 9 7
8 16 8 15
10 2 9 2
5 3 4 3
3 13 3 14
1 5 1 4
0 1 1 1
15 2 15 1
1 15 1 16
19 0 19 1
13 8 12 8
8 21 8 20
5 18 4 18
0 5 0 6
13 8 14 8
1 20 0 20
2 7 2 6
0 22 1 22
6 15 6 14
16 4 16 5
12 9 12 10
8 16 9 16
17 0 17 1
15 6 16 6
7 17 7 16
13 3 13 4
3 20 3 21
0 13 0 12
7 12 8 12
19 16 19 17
5 8 5 9
15 13 14 13
10 16 9 16
6 11 6 10
19 4 18 4
13 10 12 10
12 8 13 8
11 15 10 15
11 6 11 7
10 1 9 1
6 4 6 3
15 16 15 17
12 17 12 16
7 9 7 10
8 15 8 16
8 16 9 16
19 11 18 11
14 10 14 9
13 5 13 4
10 16 11 16
15 13 16 13
15 8 16 8
12 6 11 6
4 19 4 20
3 19 2 19
5 21 6 21
0 18 0 17
0 5 0 6
18 14 17 14
7 10 7 9
11 10 10 10
15 10 15 9
16 5 16 6
2 20 1 20
19 11 19 12
11 17 11 18
10 15 9 15
6 9 6 10
2 4 1 4
6 17 5 17
12 7 13 7
1 8 2 8
13 6 14 6
6 5 6 6
11 1 12 1
5 21 6 21
4 11 4 12
3 9 3 10
4 11 4 10
15 20 15 21
9 20 10 20
3 16 2 16
14 15 14 14
13 16 12 16
0 3 0 2
16 3 16 4
9 5 8 5
15 1 15 2
8 4 9 4
5 22 4 22
19 20 18 20
2 15 3 15
18 17 19 17
8 7 8 6
7 21 7 22
11 17 12 17
16 14 17 14
5 8 5 7
1 9 1 10
1 6 2 6
13 7 13 6
11 13 11 14
0 18 0 19
18 13 18 14
15 15 15 14
11 14 12 14
18 18 18 19
19 22 19 21
5 12 5 11
6 3 5 3
17 21 16 21
17 5 16 5
11 13 10 13
17 9 17 8
14 20 14 21
6 13 6 12
7 1 7 2
11 14 11 15
3 2 2 2
3 17 2 17
18 17 17 17
13 0 13 1
0 19 0 20
14 22 15 22
6 22 7 22
10 17 10 16
3 15 4 15
16 7 16 8
9 22 8 22
0 20 1 20
7 4 7 5
16 5 16 4
9 18 8 18
5 15 4 15
2 0 2 1
15 9 15 10
17 7 16 7
0 12 0 11
15 8 14 8
1 9 1 8
12 15 12 16
16 2 15 2
13 2 13 1
15 22 16 22
14 13 14 14
14 22 13 22
0 1 1 1
10 17 10 18
12 7 13 7
12 22 12 21
14 16 15 16
16 7 16 8
17 1 16 1
16 2 15 2
18 8 17 8
6 14 6 15
5 0 5 1
12 15 11 15
13 5 14 5
4 5 4 4
14 8 14 9
1 3 0 3
15 16 14 16
12 1 12 0
2 5 3 5
19 17 19 16
1 13 0 13
14 9 14 10
14 18 13 18
3 9 2 9
10 21 10 20
0 0 0 1
11 11 12 11
2 22 2 21
0 8 0 9
10 15 10 16
11 15 12 15
1 8 1 7
16 0 16 1
19 9 18 9
6 20 6 19
11 20 11 21
7 17 6 17
6 11 5 11
10 20 10 21
9 9 10 9
4 18 3 18
4 21 4 22
5 5 5 6
6 1 5 1
17 5 17 4
12 16 11 16
3 18 3 17
5 19 5 20
1 0 1 1
0 21 0 22
15 7 15 8
15 16 16 16
12 0 12 1
10 17 9 17
6 3 6 4
9 11 9 10
4 3 4 4
2 5 2 4
14 22 13 22
7 10 7 9
8 7 7 7
0 22 1 22
4 19 4 18
14 10 14 11
0 13 0 12
4 8 5 8
12 20 13 20
3 2 4 2
6 15 7 15
4 12 4 11
9 15 10 15
0 14 0 15
13 14 12 14
19 12 19 13
11 22 12 22
5 18 6 18
0 10 1 10
7 15 8 15
13 2 14 2
4 20 4 21
7 22 7 21
11 21 11 20
18 2 19 2
13 18 12 18
18 2 17 2
19 7 18 7
11 16 10 16
7 5 7 4
0 8 0 9
18 0 18 1
