500
20 22
10 20 10 21
6 11 6 10
5 2 5 1
19 19 18 19
4 6 3 6
11 3 10 3
13 12 12 12
15 4 15 5
13 0 12 0
17 3 16 3
6 6 6 7
19 16 20 16
6 11 5 11
2 2 3 2
20 15 20 14
6 7 7 7
19 13 19 12
19 2 18 2
18 20 18 19
14 16 14 17
12 17 12 16
17 13 16 13
1 19 1 18
0 3 1 3
12 11 12 10
2 7 2 6
17 16 16 16
20 14 19 14
7 5 6 5
12 3 13 3
8 10 8 9
18 21 19 21
20 14 19 14
8 13 9 13
14 8 14 9
9 15 8 15
11 19 11 20
5 4 4 4
2 0 2 1
7 19 7 18
17 16 18 16
0 11 0 12
8 0 7 0
20 10 20 11
7 6 7 5
2 15 2 14
8 21 7 21
11 20 12 20
6 14 6 15
18 20 19 20
5 17 5 18
1 14 2 14
13 21 13 22
5 7 5 6
2 12 2 13
2 5 2 6
8 14 8 15
20 2 19 2
16 6 15 6
13 4 13 3
6 2 5 2
11 0 11 1
17 21 17 20
4 11 3 11
10 2 10 1
4 1 3 1
14 14 14 15
5 1 4 1
18 4 18 5
10 19 11 19
13 21 13 22
18 10 18 11
7 2 6 2
3 5 2 5
11 20 11 21
14 13 14 14
0 19 1 19
19 14 18 14
18 13 18 12
13 14 12 14
5 1 5 0
7 4 6 4
3 0 4 0
11 11 12 11
0 18 1 18
5 0 4 0
9 10 8 10
1 14 2 14
6 10 6 9
20 11 19 11
18 10 19 10
16 5 16 4
11 3 12 3
18 9 18 8
12 16 12 17
1 7 2 7
13 22 13 21
11 5 11 6
2 19 1 19
16 11 17 11
3 7 3 6
17 10 17 11
5 13 6 13
17 5 16 5
10 7 11 7
19 11 18 11
14 21 15 21
15 5 14 5
4 17 3 17
14 8 13 8
19 14 18 14
12 1 12 0
11 3 12 3
15 15 15 16
8 15 7 15
7 5 7 6
20 21 20 22
9 8 9 7
9 3 9 4
15 17 15 18
11 19 11 18
20 9 20 8
8 12 8 13
12 12 13 12
3 20 2 20
13 5 12 5
1 10 2 10
4 3 3 3
2 10 1 10
1 15 1 16
10 10 10 9
15 6 15 7
14 14 14 15
1 1 1 0
6 9 6 8
15 8 16 8
2 7 2 6
1 4 1 3
0 11 1 11
16 11 17 11
6 17 7 17
15 15 16 15
14 3 15 3
7 15 7 14
14 14 14 15
12 1 11 1
11 21 10 21
12 7 13 7
3 1 3 2
20 4 19 4
14 15 14 16
13 16 13 15
16 9 17 9
3 17 3 16
20 8 20 9
9 9 9 10
17 7 17 6
7 20 7 21
5 19 5 18
9 10 9 9
10 15 9 15
15 1 15 0
6 15 5 15
17 2 17 1
10 15 10 14
18 15 18 14
18 19 18 20
20 9 20 8
8 2 7 2
16 18 16 17
16 0 15 0
11 10 12 10
16 16 15 16
13 3 12 3
19 14 18 14
10 18 9 18
12 7 13 7
7 12 6 12
5 20 5 21
2 22 1 22
2 4 1 4
6 9 6 10
14 17 14 16
6 3 6 2
5 8 6 8
16 7 15 7
1 20 1 19
2 14 2 15
11 19 12 19
10 0 9 0
14 0 13 0
3 14 3 13
17 4 17 5
10 0 9 0
20 12 20 13
20 11 20 10
8 11 9 11
11 21 11 20
5 3 4 3
17 19 18 19
8 2 8 3
8 10 9 10
10 12 9 12
4 10 5 10
6 20 5 20
10 7 10 6
10 8 10 9
2 20 2 19
17 2 16 2
16 3 15 3
2 12 3 12
15 2 14 2
5 10 5 9
16 7 17 7
7 2 7 3
9 21 9 22
18 21 18 20
16 8 15 8
18 9 18 10
15 10 14 10
8 22 7 22
19 16 18 16
16 10 15 10
3 20 2 20
8 15 8 16
12 5 12 6
17 20 17 19
11 19 10 19
18 22 17 22
12 15 13 15
11 14 12 14
20 12 19 12
16 8 16 7
1 17 1 16
14 2 15 2
15 5 15 4
10 0 10 1
14 20 13 20
16 2 15 2
17 9 16 9
6 20 6 19
6 10 6 9
8 5 8 4
9 16 8 16
2 11 1 11
3 5 4 5
16 17 16 16
4 15 4 16
7 13 7 12
5 0 5 1
11 9 11 10
18 6 19 6
11 4 12 4
20 17 19 17
12 16 11 16
8 18 7 18
20 19 19 19
10 21 11 21
3 13 2 13
5 9 4 9
6 4 5 4
9 19 10 19
13 0 13 1
17 4 17 5
15 2 14 2
11 18 12 18
9 2 9 3
1 19 0 19
7 2 8 2
4 13 5 13
19 19 19 18
19 21 19 20
1 18 1 17
6 1 5 1
14 10 15 10
19 10 19 9
20 21 19 21
8 15 9 15
12 7 12 6
19 10 19 9
19 1 19 2
18 21 19 21
16 2 17 2
18 13 19 13
8 8 8 9
14 18 15 18
7 2 7 3
13 5 14 5
9 19 10 19
16 7 16 6
11 5 10 5
12 3 12 2
6 14 5 14
17 12 18 12
12 17 12 16
5 19 4 19
1 16 0 16
18 18 18 17
13 18 13 17
14 4 14 3
19 2 19 1
4 9 4 8
7 22 6 22
4 15 4 16
19 17 19 18
3 7 3 6
1 12 2 12
2 22 2 21
2 13 3 13
17 18 17 19
16 21 15 21
11 16 11 17
5 6 5 5
8 20 8 21
7 13 7 12
8 10 8 11
7 20 7 19
14 9 14 10
5 19 5 18
13 4 13 3
4 17 4 18
18 11 17 11
16 21 17 21
2 10 1 10
1 20 1 21
5 8 4 8
2 20 2 21
15 19 15 20
12 5 12 6
15 10 16 10
17 14 17 13
14 0 14 1
0 16 0 15
8 6 8 7
15 15 16 15
7 21 7 22
13 12 13 13
3 11 3 12
4 4 3 4
17 7 17 8
20 21 19 21
13 9 13 8
0 16 0 15
4 3 5 3
6 6 5 6
10 14 11 14
17 17 16 17
17 11 17 10
10 15 10 14
11 1 11 2
19 17 20 17
2 9 1 9
18 12 18 11
4 17 5 17
6 22 6 21
1 7 2 7
2 14 2 13
4 4 5 4
5 15 4 15
3 0 3 1
14 18 13 18
15 16 16 16
1 1 1 2
6 13 6 12
2 0 3 0
4 1 4 2
3 17 2 17
12 22 12 21
5 9 6 9
5 14 5 15
4 10 3 10
8 12 8 13
8 14 8 15
15 21 16 21
12 13 12 12
16 20 16 19
15 12 14 12
6 18 5 18
15 11 16 11
14 15 13 15
10 22 10 21
17 5 17 6
6 5 7 5
9 11 9 12
16 5 15 5
10 8 10 9
18 7 18 8
1 19 1 18
11 2 11 3
19 19 18 19
6 4 5 4
5 12 4 12
9 12 9 11
7 3 7 4
10 2 10 1
0 9 0 10
19 22 18 22
20 5 20 6
19 7 20 7
9 10 8 10
3 22 3 21
16 11 17 11
11 0 11 1
8 4 9 4
3 6 3 7
13 19 13 18
13 4 14 4
20 13 19 13
13 13 12 13
13 4 13 3
13 10 12 10
9 6 9 7
3 15 4 15
20 1 20 0
20 16 20 17
17 0 17 1
6 6 5 6
5 10 5 9
16 2 17 2
8 15 8 14
19 20 20 20
8 22 8 21
15 17 15 18
12 18 13 18
8 11 7 11
14 21 15 21
0 17 0 16
2 19 2 18
1 3 0 3
7 22 7 21
16 19 15 19
15 4 15 3
3 17 4 17
3 6 2 6
8 18 8 17
17 3 17 4
13 6 14 6
18 12 18 11
13 8 14 8
14 11 13 11
8 13 9 13
17 11 17 12
2 4 3 4
9 9 8 9
3 20 4 20
18 5 18 6
0 12 1 12
4 16 5 16
13 3 13 4
16 11 15 11
12 7 12 8
17 4 17 3
7 19 7 18
1 1 0 1
19 17 19 16
19 4 20 4
12 16 11 16
2 1 2 0
8 7 8 6
3 14 4 14
16 16 16 17
2 4 3 4
8 17 8 18
7 5 7 4
4 21 5 21
13 2 13 3
14 14 15 14
17 21 18 21
20 2 19 2
20 8 19 8
15 6 15 7
4 4 3 4
1 6 1 7
18 0 18 1
19 4 19 5
4 22 5 22
11 19 10 19
0 17 1 17
13 13 13 12
0 21 0 20
1 12 2 12
6 20 7 20
18 7 18 6
0 8 1 8
11 13 10 13
3 13 4 13
0 22 1 22
4 14 5 14
16 6 16 7
19 16 18 16
12 8 12 9
8 13 7 13
5 13 5 12
6 16 5 16
13 20 12 20
13 18 14 18
18 4 18 3
6 11 6 12
13 21 14 21
9 3 9 2
