500
1 386
0 216 0 215
0 317 0 316
0 248 0 247
1 185 1 186
0 142 1 142
1 332 0 332
1 309 1 308
0 353 0 352
1 360 0 360
0 31 1 31
0 186 1 186
0 72 1 72
1 45 1 44
1 167 0 167
1 54 1 53
1 349 0 349
0 202 0 201
0 343 0 342
0 193 1 193
0 367 1 367
0 197 1 197
1 356 1 357
1 135 1 134
1 335 1 334
0 91 0 92
0 244 0 243
1 215 0 215
0 276 0 275
1 45 0 45
0 242 0 243
0 307 0 308
1 91 1 92
0 48 0 47
0 370 1 370
1 15 0 15
1 52 0 52
0 44 1 44
1 386 0 386
1 77 1 78
1 19 0 19
0 101 1 101
1 279 0 279
0 97 0 96
1 94 1 95
0 231 1 231
0 262 1 262
1 296 0 296
1 171 0 171
0 59 0 58
0 252 0 253
0 158 0 159
0 271 1 271
0 160 1 160
0 161 0 160
1 332 1 331
1 46 0 46
0 117 0 116
0 195 1 195
1 12 0 12
0 123 0 122
1 288 0 288
1 177 1 178
0 110 0 109
0 320 1 320
0 137 1 137
1 345 1 344
0 173 0 172
0 137 1 137
0 210 1 210
0 93 1 93
1 335 1 334
0 120 1 120
1 186 1 187
1 238 1 239
0 378 1 378
1 222 1 221
0 18 0 19
1 208 1 207
1 138 0 138
0 10 0 11
0 285 0 286
0 299 0 300
0 156 0 155
0 381 1 381
0 200 0 201
1 348 0 348
0 216 0 215
1 185 0 185
0 366 0 367
0 272 1 272
0 94 1 94
1 226 0 226
0 284 0 285
0 135 1 135
1 65 0 65
0 198 1 198
1 44 0 44
1 321 1 322
0 234 0 233
0 145 0 146
1 134 0 134
1 127 1 126
1 307 1 306
1 382 0 382
0 367 0 366
0 256 1 256
0 364 0 365
0 302 1 302
0 366 0 367
1 77 1 78
1 251 1 250
0 62 1 62
0 260 1 260
1 170 0 170
1 237 1 238
0 281 1 281
1 108 0 108
0 159 0 160
1 199 1 200
0 9 1 9
1 142 1 143
0 320 1 320
1 74 1 73
0 328 1 328
0 221 0 222
0 16 1 16
0 192 0 193
0 114 0 115
0 110 0 111
1 53 0 53
1 355 1 354
0 67 0 66
1 91 0 91
0 345 0 346
1 134 0 134
0 215 0 216
0 193 0 194
1 14 0 14
1 252 1 253
1 52 1 53
1 253 0 253
1 120 0 120
1 6 0 6
1 98 0 98
1 36 1 35
1 360 1 361
1 359 1 358
0 8 1 8
1 273 1 274
0 42 0 43
0 223 0 224
0 245 0 244
1 34 1 33
0 317 1 317
1 219 1 220
1 5 0 5
1 385 0 385
0 232 1 232
1 255 0 255
1 198 1 199
0 265 0 266
1 29 0 29
0 35 0 34
1 362 1 363
0 170 1 170
0 97 1 97
1 2 1 3
0 182 0 181
1 131 0 131
1 284 0 284
1 372 1 371
1 314 1 313
1 65 0 65
1 373 0 373
0 301 1 301
0 265 0 266
1 261 1 262
0 233 0 234
1 261 1 262
1 144 0 144
1 155 1 156
0 115 1 115
1 374 1 373
0 107 1 107
1 372 1 371
0 177 1 177
0 104 0 105
0 331 0 332
1 270 1 269
0 82 1 82
1 252 1 253
0 255 0 254
0 123 0 124
0 149 1 149
1 76 0 76
0 237 1 237
1 262 0 262
1 174 0 174
1 142 0 142
0 249 0 248
0 212 1 212
1 46 0 46
1 266 0 266
0 110 1 110
0 372 0 371
0 126 1 126
0 53 1 53
0 300 1 300
0 255 1 255
0 294 1 294
1 142 0 142
1 285 1 286
0 208 0 209
0 188 1 188
0 145 1 145
0 88 1 88
1 208 1 209
0 285 1 285
1 70 1 69
0 82 0 83
0 383 0 384
0 253 0 252
0 202 0 203
0 11 0 10
0 47 1 47
0 302 1 302
1 341 1 342
1 309 1 308
0 263 1 263
0 55 0 54
0 71 1 71
0 159 0 160
0 252 0 251
1 267 1 266
1 43 1 42
0 263 1 263
1 356 1 355
0 381 0 380
0 123 1 123
0 16 0 15
0 356 1 356
0 311 0 310
1 145 1 144
1 329 1 328
1 355 1 354
1 88 0 88
1 384 1 385
1 299 1 300
0 49 0 48
1 55 1 54
0 231 1 231
0 205 1 205
1 171 1 172
0 353 1 353
1 258 0 258
0 359 0 360
1 245 1 244
1 298 0 298
1 287 1 286
1 211 1 210
0 307 1 307
0 285 1 285
0 180 0 181
0 255 1 255
1 138 1 137
1 191 0 191
0 135 1 135
0 360 1 360
0 144 1 144
0 374 1 374
0 0 0 1
1 34 0 34
0 48 1 48
0 27 0 26
0 291 0 292
0 151 0 152
0 167 0 168
1 153 0 153
1 226 0 226
1 323 0 323
0 92 1 92
1 189 1 188
1 187 0 187
1 133 1 132
0 328 0 329
0 222 1 222
1 385 1 384
1 223 1 222
0 182 1 182
0 12 1 12
0 197 0 196
0 254 1 254
0 252 0 251
1 345 0 345
1 208 0 208
1 384 0 384
0 357 0 358
1 158 0 158
0 240 1 240
0 235 0 234
1 49 0 49
0 149 1 149
1 357 1 356
1 256 0 256
1 16 0 16
0 329 1 329
1 352 1 353
1 309 0 309
0 298 1 298
1 183 1 184
0 77 0 76
0 98 1 98
1 139 1 140
0 244 0 243
0 357 0 358
0 235 0 236
1 140 0 140
1 156 0 156
1 252 0 252
0 272 1 272
0 65 0 64
1 116 1 115
0 39 1 39
1 131 0 131
0 50 0 49
1 110 1 111
0 54 1 54
0 363 1 363
1 45 1 46
1 290 1 291
1 238 0 238
0 268 0 267
1 313 1 314
1 146 0 146
0 230 0 229
0 327 1 327
0 232 1 232
0 379 1 379
0 299 1 299
0 66 0 65
1 44 1 43
1 369 1 370
1 235 1 234
0 209 0 210
0 37 0 36
1 386 1 385
0 30 0 29
1 216 0 216
0 243 1 243
1 231 1 230
1 6 0 6
1 11 0 11
1 9 0 9
1 378 1 377
0 161 0 162
0 226 0 225
0 208 0 209
0 77 1 77
0 58 1 58
1 17 1 18
0 45 1 45
1 254 0 254
0 66 0 67
1 312 1 311
1 154 1 153
0 308 1 308
0 67 0 68
0 85 1 85
1 215 0 215
0 345 1 345
0 383 0 382
0 383 1 383
0 312 0 311
0 276 1 276
1 50 0 50
1 367 1 366
1 140 0 140
1 111 0 111
0 212 1 212
0 29 0 30
1 165 1 166
0 78 0 79
1 190 0 190
0 109 1 109
0 175 0 176
1 199 1 198
0 4 0 3
1 173 1 174
1 152 0 152
1 241 0 241
0 1 1 1
1 182 0 182
0 235 1 235
0 348 1 348
0 17 0 18
0 310 0 309
1 189 0 189
1 266 0 266
0 241 0 240
1 126 0 126
0 60 1 60
0 233 0 234
0 299 0 298
0 101 1 101
0 79 0 78
0 25 0 24
1 210 1 211
1 345 0 345
1 369 0 369
1 52 0 52
1 88 0 88
0 322 0 321
0 121 1 121
1 3 1 2
0 54 0 55
0 154 0 155
1 228 0 228
0 190 1 190
0 166 1 166
0 302 0 303
1 192 1 191
1 244 1 245
0 25 0 24
0 339 0 340
1 303 1 304
0 117 0 116
0 62 0 63
0 63 1 63
1 47 1 48
0 384 0 385
0 227 1 227
1 23 0 23
0 148 0 147
1 333 1 332
0 240 1 240
0 373 0 372
1 236 0 236
0 176 0 175
1 276 0 276
0 210 0 211
0 241 0 240
1 140 1 139
1 143 0 143
0 42 1 42
1 83 1 84
0 366 0 365
1 4 0 4
0 126 0 127
1 27 1 26
0 221 0 220
1 131 0 131
0 70 1 70
0 344 0 343
1 209 0 209
1 114 1 115
0 325 1 325
0 324 1 324
1 303 0 303
0 245 0 244
0 351 1 351
1 236 1 237
1 322 1 323
0 380 1 380
0 228 1 228
1 23 0 23
1 221 0 221
0 56 0 57
0 238 0 237
0 302 0 301
1 145 1 146
1 272 0 272
0 107 1 107
1 216 1 215
0 300 1 300
1 1 0 1
1 96 1 97
0 289 0 288
1 381 1 380
1 148 0 148
0 218 0 219
1 248 0 248
1 122 0 122
0 184 1 184
0 59 1 59
1 338 1 339
1 138 0 138
1 299 1 300
0 38 0 37
1 18 1 17
0 82 1 82
0 190 1 190
1 96 0 96
0 228 1 228
0 215 1 215
1 266 1 267
1 77 1 78
1 322 0 322
1 150 0 150
0 283 1 283
1 46 1 47
