500
1 492
1 4 0 4
1 206 0 206
0 152 0 153
0 458 1 458
1 157 0 157
0 372 1 372
0 179 0 178
1 38 0 38
0 300 1 300
1 215 1 214
1 147 0 147
1 184 0 184
1 392 0 392
1 474 1 473
1 122 0 122
0 331 1 331
0 190 0 189
0 288 0 289
1 59 1 58
1 421 0 421
1 416 1 415
0 350 0 351
1 154 0 154
1 430 1 429
1 415 0 415
0 450 1 450
1 382 1 381
0 104 0 103
1 70 1 69
1 198 0 198
1 97 0 97
1 376 1 377
1 29 1 28
1 140 1 141
0 130 1 130
0 105 0 104
0 491 0 490
1 278 0 278
0 31 1 31
0 336 1 336
0 79 1 79
0 319 0 320
1 240 0 240
1 391 1 392
0 270 0 269
1 377 0 377
0 327 1 327
1 198 1 197
0 190 1 190
0 291 1 291
1 55 0 55
0 13 1 13
0 232 1 232
0 389 1 389
1 171 1 170
1 60 0 60
0 487 0 488
1 64 1 63
0 491 0 492
0 429 1 429
0 85 0 84
0 479 0 478
1 124 1 123
0 423 1 423
0 73 0 74
0 83 1 83
1 124 0 124
0 134 1 134
1 352 1 351
0 424 1 424
1 480 0 480
1 307 0 307
0 21 1 21
1 311 1 312
1 476 0 476
1 208 1 207
1 471 0 471
0 82 1 82
1 302 1 301
0 350 1 350
0 195 0 194
1 28 1 29
1 405 0 405
1 433 0 433
0 370 1 370
1 252 1 251
1 240 1 241
0 140 1 140
0 105 1 105
1 277 0 277
0 369 0 368
1 450 0 450
1 313 1 312
1 113 0 113
1 116 0 116
1 332 1 331
1 369 1 370
0 476 1 476
0 19 0 18
1 380 0 380
1 62 1 61
0 39 0 40
1 319 1 320
0 183 0 184
1 107 1 106
0 132 1 132
0 453 0 454
0 390 1 390
0 117 1 117
1 384 0 384
1 157 0 157
0 115 1 115
0 274 1 274
0 486 0 487
0 65 1 65
1 309 1 308
0 458 0 457
0 438 0 439
0 252 0 253
0 292 1 292
1 165 1 164
1 173 0 173
0 236 0 237
1 195 0 195
1 256 0 256
0 487 1 487
1 448 1 449
0 161 0 160
0 260 0 261
0 48 0 47
0 49 1 49
0 351 1 351
0 156 0 155
1 13 1 12
1 121 1 122
0 344 1 344
0 102 0 101
1 84 0 84
1 45 1 46
1 197 1 198
0 471 1 471
1 221 0 221
1 220 1 219
1 68 1 69
1 423 1 422
0 400 1 400
1 141 0 141
1 157 1 156
1 42 1 43
1 226 0 226
1 297 1 296
0 20 0 21
0 410 0 411
0 317 1 317
1 54 1 53
0 446 1 446
0 78 1 78
0 324 1 324
1 128 1 129
0 219 0 220
0 488 1 488
1 111 1 110
1 290 0 290
0 453 0 452
1 183 0 183
0 201 1 201
0 41 0 40
0 479 1 479
0 24 0 23
1 157 1 158
0 354 1 354
1 390 1 391
1 351 0 351
1 94 0 94
0 36 1 36
1 343 1 344
1 158 1 159
1 47 1 48
0 263 0 264
1 303 1 304
1 121 1 122
0 14 1 14
1 79 1 80
1 420 1 421
1 245 1 246
1 474 1 473
0 69 0 68
1 482 1 481
1 132 0 132
0 199 1 199
1 482 1 483
1 195 1 196
1 310 1 311
1 482 1 481
0 218 0 219
1 233 0 233
1 248 1 249
0 181 1 181
1 109 0 109
0 202 0 201
0 73 1 73
0 295 0 294
0 193 0 192
0 119 0 118
0 230 1 230
1 134 0 134
1 10 1 11
0 462 1 462
1 5 1 6
1 393 1 394
1 52 0 52
0 303 0 302
1 142 1 143
0 145 1 145
0 58 0 59
1 140 0 140
1 198 0 198
0 357 1 357
0 191 0 190
1 311 0 311
1 446 1 447
0 199 0 200
1 382 1 381
0 455 0 456
0 265 0 266
0 15 1 15
1 482 1 483
0 203 0 204
0 372 1 372
1 247 1 248
0 121 1 121
1 185 0 185
0 199 0 198
0 15 1 15
0 313 0 312
1 472 1 471
1 303 0 303
1 58 0 58
1 416 1 415
0 344 0 343
1 165 0 165
0 272 1 272
0 374 1 374
0 387 1 387
1 54 0 54
0 0 0 1
1 326 0 326
1 146 0 146
0 214 0 213
0 87 0 86
0 90 1 90
1 459 1 460
0 337 0 336
0 149 0 150
0 255 0 256
0 405 0 404
1 309 1 308
0 85 1 85
1 379 1 380
0 186 1 186
1 300 0 300
0 136 1 136
0 73 1 73
1 223 1 224
1 286 1 287
1 83 0 83
0 388 1 388
0 441 1 441
1 203 1 202
0 396 1 396
0 306 1 306
0 99 0 100
1 229 1 228
1 352 1 353
0 410 1 410
0 171 0 170
0 137 1 137
0 137 0 136
1 395 1 396
0 491 0 492
1 122 0 122
0 131 0 130
1 110 0 110
1 483 0 483
1 199 1 198
0 236 0 235
0 466 1 466
1 236 0 236
1 241 1 242
0 56 1 56
0 169 0 170
1 329 0 329
0 351 0 352
1 326 1 327
1 78 0 78
1 388 0 388
0 431 0 432
0 368 1 368
0 357 1 357
0 301 0 302
1 339 0 339
0 24 0 25
0 105 0 104
1 26 1 25
1 258 1 259
0 105 0 104
0 131 0 132
0 398 1 398
1 284 1 283
1 239 1 238
1 108 0 108
1 232 0 232
1 62 0 62
0 248 0 247
0 370 0 369
0 447 0 448
0 88 1 88
0 390 1 390
1 164 1 163
1 123 0 123
0 178 0 179
1 42 0 42
1 217 1 218
0 338 1 338
1 185 1 186
1 44 1 43
1 238 0 238
0 261 1 261
1 34 1 33
0 78 0 77
1 0 0 0
1 378 1 379
0 4 1 4
1 85 0 85
0 157 1 157
0 33 0 34
0 320 1 320
0 197 0 198
1 195 1 194
0 414 1 414
0 213 0 214
0 183 1 183
1 131 1 130
1 298 1 297
0 370 0 369
0 261 0 262
1 332 0 332
1 372 0 372
1 167 1 166
1 367 1 366
1 177 1 176
0 25 1 25
1 12 0 12
1 188 1 189
0 370 0 371
1 220 1 221
1 224 0 224
1 261 0 261
0 267 1 267
0 200 0 201
1 77 1 78
1 267 1 268
1 215 0 215
1 229 0 229
1 217 1 218
1 42 0 42
1 398 1 397
0 48 1 48
0 46 1 46
0 120 1 120
1 187 1 186
1 112 0 112
0 254 0 253
0 177 0 176
1 96 0 96
0 29 0 30
0 164 1 164
0 81 0 82
1 140 1 139
1 19 1 20
1 246 0 246
1 17 1 18
0 477 1 477
0 241 1 241
0 60 1 60
0 332 1 332
1 102 0 102
1 30 0 30
0 186 1 186
0 96 1 96
0 137 1 137
0 101 1 101
0 363 1 363
1 273 0 273
1 28 0 28
1 50 1 49
0 29 1 29
0 24 1 24
0 190 0 189
1 219 0 219
1 26 1 27
0 352 0 353
1 19 0 19
0 7 1 7
1 367 0 367
1 431 0 431
0 310 1 310
0 21 0 22
1 186 1 187
0 232 0 231
1 208 1 209
0 22 0 23
0 145 0 146
1 244 0 244
0 423 1 423
0 151 1 151
1 488 1 489
0 69 0 68
0 61 0 62
1 250 0 250
1 217 1 216
1 455 1 456
0 337 0 338
0 210 1 210
0 315 0 316
1 452 1 453
1 310 1 311
1 350 0 350
1 252 0 252
0 479 1 479
1 307 0 307
0 366 1 366
1 100 1 99
0 314 1 314
0 42 0 41
0 266 0 267
0 461 1 461
0 391 0 390
0 326 1 326
0 290 0 291
1 470 0 470
0 172 1 172
1 51 1 52
0 454 1 454
1 423 1 422
1 5 1 6
0 55 0 54
0 30 0 29
0 11 0 12
0 60 1 60
1 330 1 331
0 429 1 429
1 100 1 101
1 290 1 289
0 88 0 87
0 193 0 194
0 316 1 316
1 436 0 436
1 185 0 185
0 364 0 365
1 256 0 256
0 173 1 173
0 138 0 139
0 276 1 276
0 83 0 82
0 164 0 165
1 280 1 281
1 390 0 390
1 15 1 14
0 303 1 303
1 266 0 266
0 254 0 255
1 232 1 231
1 96 1 95
0 389 0 390
1 61 1 60
0 168 0 169
1 324 0 324
0 281 0 282
0 297 1 297
0 138 1 138
0 315 0 316
0 152 1 152
1 258 0 258
0 133 1 133
1 211 1 210
1 202 0 202
1 434 0 434
1 434 0 434
0 77 0 76
0 140 0 139
0 102 1 102
1 111 1 112
0 191 1 191
0 233 0 234
0 219 0 218
1 362 1 363
0 167 1 167
0 121 0 120
0 38 1 38
