50 19
23023945976194741449962682347444265813873456298597
23023945866294841449882682347444265813863456297597
23023945976194741449962682347444265813773456198587
23023945976195741449962682347444265812773456197587
23033946976195741449962682347444265812673456197587
23023945976194741449872682347444265813863456297597
23023945976194741449962682347444265813773456198597
23133946976195741449962682347444265812673456197587
23023945976195741449962682347444265812773456198587
23023945976194741449862682347444265813873456297597
23023945976194741449862682347444265813873456298597
23023945876194741449872682347444265813863456297597
23033946976195741449962682347444265812773456197587
23023945876194841449882682347444265813863456297597
23023845876194841449872682347444265813863456297597
23023945976194741449862682347444265813863456297597
23023945976195741449962682347444265813773456198587
23023945876194841449872682347444265813863456297597
23033945976195741449962682347444265812773456197587
23023945876294841449882682347444265813863456297597
23023945976194741449962682347444265813773456298597
