50 20
64410616174620373754296386021715845439819061825810
63421516174810273754196386021815844449909061825819
64409616174810373754096386021815844449909061825819
64409616174820373754096386021815844449909061825819
64400616174810373754096386021815844449909061825819
64419616174620373754296386021815845439919061825810
64400516174810373754196386021815844449909061825819
64409616174720373754096386021815844449909061825819
64419616174620373754196386021815845449919061825819
64410616174620373754296386021815845439919061825810
64409616174620373754196386021815845449919061825819
64400516174810373754096386021815844449909061825819
64419616174620373754296386021815845449919061825810
64419616174620373754296386021815845449919061825819
64410616174620373754296386021815845439819061825810
63411516174810373754196386021815844449909061825819
64410516174810373754196386021815844449909061825819
63411516174810273754196386021815844449909061825819
64409616174720373754196386021815844449909061825819
63410516174810373754196386021815844449909061825819
64409616174620373754196386021815844449919061825819
64409616174720373754196386021815844449919061825819
