50 19
37011007858576763275212022916318159740948052348676
37011007858586763265211022916318159740948052358675
37011007858576763275212022916318159740948052348666
37011007858576763275212022916318159640048052348666
37011007858576763275212023915318159640048052348666
37011007858577763274212022916318159741948052337676
37011007858576763274212022916318159740948052347676
37011007858577763275212022016308159640948052348676
37011007858576763265211022916318159740948052348676
37011007858577763275212022916308159740948052348676
37011007858577763274212022916318159741948052347676
37011007858576763275212023916318159640048052348666
37011007858576763274212022916318159741948052347676
37011007858576763275212022916308159740948052348676
37011007858576763265211022916318159740948052348675
37011007858577763275212022016308169640948052348676
37011007858576763265212022916318159740948052348676
37011007858576763275212022916318159740048052348666
37011007858576763274212022916318159740948052348676
37011007858577763275212022016308159740948052348676
37011007858576763265211022916318159740948052358675
