11
49060959569273425161723796020785749154905454108434
49060959569273425161723796021785749154905454108434
49060959569173425161723796021785749154905454108434
49060859569173425161723796021785749154905454108434
49060859569173425161723796021785749154905455108434
48060859569173425161723796021785749154905455108434
48060859569173425161723796021785749154905465108434
48060859569173425161723796021785749154995465108434
48060859569173425161723796021785749154995465108433
48060859569173425161723896021785749154995465108433
48060859569173425161723896031785749154995465108433
48060859569173425161723896030785749154995465108433
