3 990
672
876
210
851
407
646
971
895
277
788
105
859
749
430
761
446
637
631
599
688
179
328
976
669
752
674
209
305
138
798
927
716
535
364
099
531
202
628
279
566
792
838
693
356
702
370
149
614
104
257
263
218
268
415
031
773
667
173
944
804
455
119
869
930
450
663
462
282
241
144
437
605
929
422
006
426
129
372
167
166
451
710
980
438
324
757
278
340
735
890
293
957
587
585
509
508
187
969
942
163
402
821
939
269
353
004
970
579
201
081
183
027
296
853
514
267
070
724
729
776
638
850
831
639
473
329
270
889
928
985
840
917
429
832
945
452
479
793
606
457
673
484
285
581
561
902
229
881
408
946
207
707
239
620
217
247
208
153
904
949
512
015
972
032
642
453
601
084
807
686
382
697
060
784
466
536
699
067
632
525
390
135
522
403
404
988
290
349
362
741
036
441
433
830
685
423
137
911
899
194
050
214
483
205
748
956
197
978
237
824
894
726
650
350
427
714
887
751
901
386
037
679
219
829
107
835
090
826
143
519
317
216
615
760
465
681
012
683
659
312
351
750
259
400
256
818
549
332
950
618
698
810
436
273
524
597
671
213
602
711
965
712
582
547
952
560
174
002
758
196
515
558
493
136
954
082
471
548
891
417
553
420
564
100
176
941
884
034
556
096
147
480
926
849
010
687
061
854
774
609
345
049
414
008
842
684
368
124
304
682
986
399
656
914
346
231
981
951
505
091
880
246
740
500
072
181
786
626
907
087
302
857
238
713
723
411
841
120
708
178
709
054
552
678
487
539
169
156
361
780
448
128
623
300
083
791
421
106
790
419
320
864
654
736
668
532
766
959
923
195
817
575
313
987
874
018
449
809
276
834
291
001
562
700
244
280
079
093
754
715
307
215
439
360
428
607
396
189
772
363
992
249
984
485
592
272
314
846
743
212
191
875
064
966
934
432
822
991
753
161
475
182
175
964
921
513
266
042
265
000
103
675
653
745
416
670
696
526
738
168
655
860
095
861
198
230
967
325
038
375
474
819
053
973
527
472
424
467
245
799
879
589
141
235
771
594
410
576
306
825
321
878
968
365
139
520
286
152
935
374
336
154
897
376
502
224
734
460
401
905
765
009
371
550
640
294
746
872
117
101
912
588
762
289
468
755
326
221
794
877
747
029
108
785
622
131
823
242
341
094
380
418
389
315
051
113
355
993
388
647
882
086
634
227
016
995
337
782
226
373
554
130
142
546
288
482
578
932
158
387
172
948
442
645
352
661
434
690
920
395
069
297
919
190
145
077
796
431
870
233
703
856
603
924
309
779
206
805
977
412
274
447
406
331
444
541
903
580
947
731
871
022
960
043
116
078
284
583
098
397
727
586
477
625
867
692
571
292
121
262
248
863
014
021
664
852
186
763
476
162
633
636
469
456
918
627
610
287
109
733
898
122
916
909
542
303
728
955
530
088
837
378
844
089
499
543
092
997
635
695
044
730
996
836
795
383
759
393
461
815
085
595
613
501
243
910
769
608
020
134
720
783
504
706
041
443
925
074
812
611
489
409
565
177
392
544
023
199
264
657
133
658
767
787
381
999
883
165
160
310
180
068
299
540
908
123
665
171
938
236
445
057
097
211
847
813
516
517
701
234
148
739
102
982
843
026
629
319
506
491
621
778
496
065
662
937
555
275
814
071
463
039
885
569
220
222
184
577
820
616
600
768
732
855
800
193
801
718
892
059
459
228
523
858
425
617
584
590
440
200
110
025
045
721
643
943
503
316
391
764
192
170
528
777
694
802
492
827
007
974
063
551
557
464
132
369
888
567
848
253
047
028
073
486
933
342
204
651
510
644
808
111
385
563
454
367
112
040
357
260
652
435
413
979
619
676
250
538
896
252
301
722
900
308
839
024
689
114
271
225
717
975
816
358
906
680
866
261
742
990
573
511
534
545
164
915
559
806
612
495
922
886
604
989
283
338
953
118
058
343
845
255
019
983
125
958
490
140
624
188
126
056
330
497
789
913
828
066
803
660
347
574
756
048
570
833
377
052
322
529
572
311
596
478
507
223
537
046
232
334
157
893
075
318
677
591
470
998
873
251
203
150
035
598
240
080
003
593
737
630
076
030
704
725
936
398
648
127
481
298
151
498
994
931
366
011
281
533
379
344
518
327
862
691
705
254
719
488
295
961
868
055
115
963
811
013
521
258
333
354
865
775
146
033
940
062
348
359
005
641
744
335
770
323
666
339
159
568
781
797
458
017
