3 500
789
646
005
449
663
214
523
236
774
238
873
076
897
220
148
680
904
001
311
182
120
631
879
361
567
303
868
972
157
222
282
538
831
828
656
179
632
598
822
278
970
737
691
949
188
692
028
261
089
040
994
574
917
268
880
170
202
784
021
621
339
862
832
559
218
189
937
255
211
158
357
600
256
857
225
697
484
100
049
262
622
276
129
670
855
143
111
239
455
562
084
367
517
912
971
197
474
281
067
550
292
404
151
756
133
343
354
008
118
011
444
064
553
907
921
018
919
328
312
545
388
395
525
271
106
288
582
682
650
365
905
933
370
743
808
237
722
248
438
068
923
324
436
398
319
599
162
894
829
253
117
564
010
718
387
837
029
216
349
533
573
619
399
384
988
058
030
332
251
767
624
107
078
036
627
267
373
777
260
818
174
969
993
265
432
215
773
941
630
739
178
791
655
240
246
591
516
125
968
212
461
736
585
580
699
685
540
608
758
061
219
069
109
620
939
126
463
043
119
565
750
677
528
695
899
344
660
194
860
092
895
409
507
688
149
918
201
542
729
137
882
782
039
502
274
048
308
209
153
839
687
291
033
978
336
426
072
618
891
932
940
393
732
617
408
453
986
403
112
136
333
464
701
465
425
356
706
639
548
147
374
926
597
323
070
928
546
479
590
297
929
167
017
672
456
096
716
181
243
358
280
314
512
115
497
360
298
615
961
375
412
799
234
981
051
555
221
277
908
037
258
389
568
223
173
955
397
183
198
141
207
355
293
690
025
913
902
795
372
139
159
640
648
753
626
811
570
203
171
953
052
416
006
667
320
392
130
110
362
347
508
038
666
995
527
275
922
329
544
890
208
254
063
041
302
263
951
264
337
833
451
522
196
475
003
930
850
952
423
059
050
878
345
186
554
304
846
165
473
992
213
530
247
654
638
967
539
310
738
014
735
658
364
686
867
128
087
819
514
002
669
581
411
959
127
079
394
123
138
714
450
809
910
187
020
034
872
266
535
942
883
116
348
541
807
363
325
983
733
664
719
168
000
838
227
177
327
958
997
592
376
935
313
335
233
163
340
513
413
176
377
561
257
938
192
472
468
407
427
979
088
547
161
566
205
645
180
454
607
228
169
294
492
766
721
526
097
380
577
217
445
816
