370
94 60
195 200
15 105
57 67
103 245
160 261
29 320
14 201
286 216
165 307
164 318
173 291
259 140
78 358
189 366
9 32
107 361
317 221
305 144
181 97
193 188
368 279
365 127
166 192
198 349
146 39
224 331
54 176
38 206
26 64
129 231
225 30
297 197
142 63
150 163
55 52
4 161
228 284
256 85
322 348
235 174
273 213
136 122
258 306
194 114
72 236
309 296
139 270
131 328
73 267
35 126
244 44
210 90
179 133
313 106
61 355
321 342
220 47
151 88
118 299
92 20
212 172
155 34
7 98
157 314
87 208
209 219
345 62
84 46
353 74
340 191
187 109
283 199
59 295
187 28
240 248
121 134
262 204
180 25
214 128
234 183
66 310
336 333
40 271
202 182
148 33
334 19
290 170
21 275
22 196
369 346
269 359
53 300
311 99
252 175
31 251
177 354
277 230
77 76
108 125
71 79
101 109
330 266
282 112
203 10
233 227
280 65
260 294
110 100
344 91
302 242
141 51
115 263
285 308
238 23
356 325
364 218
41 145
36 303
2 207
24 132
42 237
293 250
89 49
16 350
83 338
43 243
327 257
337 335
255 102
352 11
362 232
246 329
167 186
124 120
178 281
68 135
289 17
18 104
326 6
27 253
254 215
5 153
276 13
171 123
96 268
249 58
154 239
130 272
117 152
229 113
370 247
159 265
315 143
217 156
69 70
184 116
50 75
351 82
138 81
137 287
341 8
347 168
190 332
312 304
301 1
37 278
292 211
316 226
223 149
185 264
45 119
288 158
360 111
86 319
48 12
169 324
80 3
95 241
298 56
162 274
147 367
222 205
93 343
363 357
339 323
