692
270 207
626 489
324 415
32 186
6 604
80 58
146 639
7 122
238 165
388 231
332 47
108 133
210 260
609 194
615 429
600 621
105 395
679 408
627 54
16 86
442 441
464 295
420 84
193 188
79 572
330 60
124 649
498 681
424 64
252 256
113 452
226 401
127 181
94 360
456 376
586 348
67 12
613 199
155 571
501 110
563 504
614 661
327 686
5 559
457 139
493 85
23 588
485 523
31 208
433 342
8 625
640 21
488 123
178 527
375 230
225 628
145 547
448 460
250 371
506 521
406 304
412 20
445 329
310 453
271 213
219 242
331 355
468 635
567 143
134 450
537 566
520 291
240 653
233 630
513 652
500 662
296 317
36 616
562 644
427 51
632 303
413 203
303 166
22 318
18 73
674 158
419 293
671 524
66 491
157 70
543 503
195 273
118 106
570 182
136 167
584 494
423 334
283 673
534 160
391 668
288 162
660 565
655 533
372 206
337 530
255 218
168 645
596 280
71 52
11 196
289 62
599 382
198 174
100 338
263 314
245 564
436 362
374 425
214 258
377 651
642 141
553 597
278 171
550 438
299 691
454 414
344 268
683 400
514 169
349 680
276 396
261 149
308 542
467 646
638 125
312 578
354 28
688 126
373 97
356 558
265 154
476 34
33 184
435 102
81 321
532 637
72 346
235 632
689 487
361 581
284 269
27 672
264 309
232 275
53 367
670 189
300 552
666 399
607 148
239 170
403 546
56 393
492 132
311 4
183 46
307 451
121 478
43 440
212 430
418 152
215 227
274 551
525 384
164 96
35 144
45 363
475 204
507 390
495 220
411 557
254 313
179 410
675 684
434 538
221 510
594 593
444 59
483 663
17 315
320 428
499 648
98 37
437 560
657 95
76 202
659 249
89 353
156 512
39 107
432 505
176 30
112 556
93 340
159 153
163 175
381 508
463 641
669 402
282 370
446 569
229 516
297 13
369 236
676 522
88 10
515 83
350 404
665 366
481 554
462 272
490 92
650 190
253 461
319 191
383 341
301 602
103 266
129 601
251 470
608 335
351 2
57 14
517 610
19 368
99 333
281 55
173 656
111 587
389 582
130 247
536 135
575 497
447 477
205 620
496 692
677 352
469 180
217 519
29 365
392 545
328 636
65 574
290 316
386 25
201 117
292 104
598 658
667 223
119 287
617 407
322 38
185 466
416 431
622 449
472 200
77 579
690 612
458 577
380 484
422 90
48 623
526 44
540 26
591 40
583 518
1 480
343 611
455 336
137 529
259 323
486 147
459 647
394 150
345 474
539 561
549 75
305 606
82 465
619 595
248 78
197 479
439 409
535 654
177 589
228 528
161 585
243 68
378 222
241 211
511 573
142 643
633 687
138 347
285 224
114 509
128 306
41 471
325 74
358 298
592 69
685 443
42 24
209 576
548 257
603 116
678 405
555 631
120 590
629 682
387 302
187 49
172 277
262 421
294 359
286 15
109 63
605 580
246 544
531 379
357 385
473 279
3 9
624 61
541 364
267 426
664 216
140 618
634 234
87 151
50 397
237 192
502 131
482 101
417 398
568 91
339 115
244 326
