2484
30 862
1205 1055
1646 1650
1320 326
284 1398
651 1252
141 1091
1395 261
420 1385
2131 717
558 803
1792 1781
90 2209
2262 2425
2265 1514
1490 1085
1668 767
607 2089
2482 982
1990 2250
101 114
1108 1459
1722 1643
85 2416
476 2424
1220 1448
2079 625
86 2263
637 1635
1918 1701
1512 1985
1822 2368
714 2026
554 1270
1005 1815
2224 1838
885 525
1922 768
1625 2356
863 2236
280 2071
92 2223
729 2162
951 992
98 307
530 2313
1686 177
312 1231
169 974
1738 1697
1045 1774
1289 2107
1107 2156
2319 74
2064 639
2419 1882
2433 591
1917 2329
2 820
617 259
1628 1334
1567 36
225 241
2472 941
1804 2330
1942 198
250 1524
34 327
1633 1064
1991 2284
131 20
1857 44
495 1053
681 433
1978 1178
2412 564
698 1021
1281 106
1505 1278
1161 287
1753 1204
1340 2077
1673 474
104 1065
1937 1542
1190 2334
1238 622
633 654
770 1535
1852 1232
2028 774
142 356
1578 1374
2003 1939
2259 1263
290 1861
782 2375
1622 2177
1553 1049
1062 485
2032 1638
2215 2443
1126 578
339 2120
64 1331
450 1421
1749 1324
165 2041
186 781
1624 1502
853 1307
603 475
2085 1434
2235 239
1171 1390
983 1294
274 1177
2092 2174
299 1534
1909 467
667 1002
2243 1789
2315 895
2129 2321
2196 728
1481 2292
273 2206
1031 35
2287 1786
338 1143
1239 242
2050 792
1478 1378
1089 1808
1550 2216
1001 592
272 132
2104 1487
584 1797
1787 2440
2217 1847
2452 568
2274 1696
1517 1442
2197 2237
155 2406
316 2278
1525 83
344 1653
1522 566
409 1621
963 236
2171 2255
1463 311
1391 1705
2273 924
1415 267
1382 893
208 1095
2439 1447
443 2024
2392 1406
2187 1609
1911 2244
2193 294
779 683
2426 1466
370 286
2221 2471
215 1286
1799 1811
1547 995
1317 1566
783 2105
2078 1457
2059 2208
105 2345
1223 2229
1798 2417
2100 1096
1565 1071
849 1048
337 108
2048 1020
570 1449
417 1649
116 1912
2137 1302
2288 832
1221 1234
1099 1149
143 276
991 2006
504 2001
1438 102
1218 59
1619 2481
1443 16
291 1778
706 673
2454 1527
289 1891
1886 100
737 2408
560 1181
176 1623
1735 1151
755 897
37 1042
534 2062
76 2391
1279 1589
340 2346
171 2393
1194 2159
2188 146
1698 2240
1157 436
2444 2094
1338 2451
1866 351
543 1515
139 355
703 378
129 1562
772 2155
490 2238
505 1399
2347 1665
1402 506
894 965
2207 2395
1105 232
796 984
1453 827
971 642
821 2446
1197 57
640 469
1241 1033
2096 310
1558 1871
552 1251
1436 1308
1061 2190
890 499
1659 2325
2141 918
1237 11
526 712
1351 1322
572 1036
1536 1114
753 2042
369 904
2126 1413
815 939
459 1403
1326 2371
1311 1717
58 1314
912 2176
1480 722
1872 710
962 2376
1853 1581
2442 429
631 1890
2381 1785
881 1166
1806 1188
172 831
1462 940
545 790
2270 1040
113 2108
1430 269
461 118
871 1617
1816 315
391 789
1370 2116
1440 1839
1612 932
1930 765
266 178
200 1233
780 720
2082 296
455 892
2090 542
435 2147
84 1998
2314 964
2318 183
5 833
925 1584
1019 1992
2336 1936
644 317
49 1198
67 836
611 954
1103 151
1087 1122
852 2474
415 878
2002 804
2362 2083
2387 879
322 1383
1669 153
946 1676
1012 1902
1580 1069
1644 771
1497 216
549 1587
2058 1777
1543 734
1192 2151
711 2297
1229 1292
557 2312
14 197
333 472
10 752
2066 659
1555 1968
812 841
2254 2316
996 277
2111 1092
404 1885
848 794
1986 1496
1568 751
1830 502
1236 278
1414 1688
1640 1913
788 676
1316 1029
826 1826
859 889
2414 1943
1180 1260
162 28
1775 2320
1165 438
1539 2465
2013 4
2285 1841
1100 219
1489 389
161 2130
1664 910
2399 302
2212 2036
1298 2459
868 1718
1131 661
1791 1960
521 1771
876 1605
507 419
629 1906
1169 1681
1225 2023
1796 2261
1025 656
8 2267
573 949
850 2352
453 13
2005 1803
1477 442
2109 1456
870 2401
2276 2388
265 1369
1703 2136
727 295
179 1130
1344 908
588 1694
1075 2242
1086 1880
406 1333
1577 112
2462 899
1961 515
2230 255
596 2430
220 2061
1425 1881
62 1329
1240 750
2363 2000
403 1185
325 533
501 1728
1878 1618
947 1464
1445 2438
2404 1376
2169 1500
1928 148
2121 342
1572 2200
944 82
2175 529
1127 1709
117 1014
1711 2342
440 1671
692 626
2170 1780
1793 1301
462 2337
1080 979
1920 1488
159 2110
2142 594
1318 660
1228 1603
1187 742
1125 1152
1179 938
1147 1560
452 516
861 837
1864 1350
2164 1795
2441 968
1088 1926
191 1757
2075 439
845 135
2468 2427
1117 1860
911 1995
1706 613
724 1346
2183 1471
192 975
301 740
813 1016
677 994
1846 1043
1202 2179
2127 1675
2106 1900
931 379
1541 867
688 553
41 24
707 2029
708 1944
2385 1634
2102 138
145 1038
2258 222
1389 1579
2178 1291
1532 1313
1657 857
1903 2099
901 2281
1518 2341
1592 1267
1827 528
2467 1136
1356 323
1530 1598
2272 9
1353 407
2093 1184
597 2009
1199 257
747 202
605 2353
1039 1397
1120 449
1700 358
595 386
1304 866
374 2405
166 1988
1244 1850
1684 1371
1660 1132
1824 1710
1948 2025
1647 1656
690 718
2296 970
1966 1513
456 948
245 576
738 1341
1458 2011
373 2364
1661 2280
843 1784
1196 2125
434 213
1362 1018
1323 1915
522 2476
2461 2128
1610 2157
2022 1035
1994 2260
547 1319
1008 2198
1293 2181
937 1495
1737 872
1682 2303
1971 550
2317 1600
1549 55
262 1396
1243 110
1248 704
616 2286
2256 487
1250 2016
2191 2277
149 1760
2456 927
1186 341
1704 2133
1582 1987
2154 218
1227 1679
844 2150
75 401
2249 1450
2384 1929
1843 1208
256 2145
509 869
2432 1367
2366 1723
2367 231
1400 1452
702 1763
2463 2343
111 3
188 1433
969 2060
372 1957
330 54
31 1420
2144 152
451 1867
1174 647
1503 1257
124 478
441 1044
754 1851
387 2192
2409 601
246 697
158 1491
140 398
1611 1373
1739 888
17 684
1226 2173
839 2004
2114 2081
797 989
1945 653
423 1652
936 953
1571 413
1486 212
531 66
300 468
1305 1574
349 2231
226 494
1461 1923
1479 2153
2275 1747
210 966
1070 360
1013 914
1832 227
130 2450
1153 1848
206 555
2251 1662
882 381
1849 1630
428 2398
1997 1211
1716 460
1224 1158
1559 1046
1670 1745
816 89
1934 2044
1097 46
2123 95
883 1011
185 716
2213 1437
2396 243
1079 1645
2423 1730
1959 324
72 2080
2226 217
926 368
18 2203
260 184
1412 393
2228 583
1441 705
1989 2020
880 1591
1683 2161
331 281
2124 1327
1831 33
761 29
1590 87
802 1820
2304 81
221 630
799 2248
224 1364
1529 1526
1825 473
412 249
666 2087
2355 2309
1889 1842
2268 1897
2063 700
1970 1183
1779 1498
1163 1366
835 1306
1982 917
1963 643
1159 430
238 1979
45 240
2483 2182
376 2484
1865 71
840 604
1191 1247
107 1894
1981 1602
1072 1156
1516 2195
1028 699
1954 847
1537 579
1952 1066
160 94
1375 1274
418 1328
587 1613
1835 1973
2369 285
590 2283
1935 22
2469 657
496 2349
1734 1875
2306 980
1276 432
1133 199
668 556
726 2037
627 786
1007 61
1823 1000
749 293
1769 567
1010 834
1124 2086
1962 1801
332 303
1141 361
2332 229
2139 1818
1426 756
2132 851
830 2010
981 1363
1523 497
421 838
2201 1138
1343 1275
2051 759
731 134
181 2374
1154 1677
1059 1203
1614 1551
778 1810
1325 806
612 1604
1222 1950
479 73
2091 672
1855 1297
1342 253
972 2326
25 484
489 609
1047 919
773 1129
2360 119
978 732
2194 719
2014 297
808 822
1557 2189
1999 343
313 147
805 1663
1919 2117
1556 2067
986 190
314 1648
1767 32
2370 1755
896 1892
123 2402
2199 211
399 2397
1546 1951
1958 2152
196 1094
2015 1506
520 1905
1268 50
1410 915
2084 1269
1898 1160
950 1455
2140 2252
503 2210
410 2335
906 1359
1409 1213
575 1946
38 2340
2115 1416
1189 1155
80 1844
1953 1429
305 814
1150 2148
1483 1658
93 945
1407 1140
776 999
21 1726
1869 2163
2361 546
2219 856
2149 903
1712 1876
1695 1206
600 2299
538 2074
12 2241
2180 382
1655 1608
957 491
288 1607
2466 174
1707 865
173 1854
1175 2214
39 194
658 1299
127 634
1879 689
375 1790
1312 874
1368 621
638 1884
958 2033
793 589
352 1519
652 1215
1485 2354
1533 959
2365 1050
1277 1750
2073 1729
486 763
1073 1101
1422 512
1242 2372
1507 126
371 1702
1576 377
477 1162
133 1379
292 2411
1510 283
2007 988
785 523
585 2035
1632 2358
990 207
2331 1084
695 1752
540 492
1563 2428
1123 1965
180 935
385 1615
328 51
205 445
1585 1807
922 2407
2043 928
987 1947
902 56
1637 2322
23 1927
943 2122
907 128
682 168
1352 2379
537 1116
458 1744
646 884
2310 1967
271 2049
1460 1144
122 2377
156 960
933 1405
1009 977
136 268
2410 2475
886 2431
1217 1337
648 2282
615 77
563 1829
1817 701
1833 2478
1893 1142
736 1435
1921 1004
1139 1977
1355 2257
1303 514
1249 1925
1408 1164
602 733
1733 115
1360 900
923 1627
1493 997
270 1727
1908 1219
1264 766
539 1731
2359 1476
955 1077
624 195
877 464
2202 392
121 1330
170 318
1740 2344
721 569
164 581
1417 2246
1528 1616
1504 649
846 252
306 2112
1339 1736
1641 27
1310 1074
63 1511
1814 1629
2046 1859
1465 1361
628 1377
610 1235
201 1805
508 898
1207 675
1606 1845
723 447
709 2118
873 2101
1288 2218
952 1439
1689 1955
235 1258
2027 1212
175 1418
1828 1980
1482 623
1588 408
2138 2019
68 1090
52 559
1794 1394
1759 1765
891 70
346 1290
1473 414
854 1693
2245 2054
1253 1601
757 1067
686 264
2373 394
2103 1819
2479 636
384 662
1393 809
1766 619
678 40
380 679
383 1484
618 1751
2380 1573
321 2339
1596 2271
2437 279
426 1315
69 1022
233 1392
1027 1076
565 1837
19 2460
2307 15
535 2220
860 2018
1052 1554
887 2232
599 1230
1548 1531
1741 2057
1411 1773
1907 1776
1941 1195
446 2449
483 2293
1015 1788
1544 422
1282 1748
775 1030
1428 304
1255 1593
1262 517
2383 2308
1719 1167
1858 163
2017 2160
1674 2211
562 357
1321 1492
120 2045
298 1431
1691 1098
1472 2184
1728 2235
593 1265
2386 1041
1259 746
1083 2435
1201 2021
2458 2457
2225 1870
784 2172
1692 2030
1914 801
182 764
1783 254
2247 744
395 1770
237 1423
1110 1345
1026 366
1895 480
109 1381
1746 91
1273 828
1121 519
527 598
1836 1037
1444 1933
96 1386
741 424
99 1764
1404 1082
308 2333
614 2008
511 1309
157 1800
1106 635
1672 1058
791 79
655 934
2305 1586
248 425
2034 645
1401 97
154 1888
1109 760
1599 7
1569 2327
961 2328
390 819
2055 1499
187 2143
743 715
1699 510
2421 1387
1068 348
967 2227
1545 1972
228 223
571 2436
1081 6
1119 353
582 536
1283 823
2434 1113
905 144
189 53
2473 1862
1454 65
973 1509
1254 2266
1380 1261
1384 1469
1863 1216
2298 641
244 2413
1427 1713
1956 921
787 500
1834 1540
1552 1296
586 247
1365 2445
1575 513
1996 444
1419 345
2040 811
800 769
580 691
694 1877
693 1883
2047 1976
1636 1034
1595 2012
665 1868
388 1032
397 193
1300 354
1284 251
416 1200
2390 329
1056 1388
518 498
687 1984
2448 985
777 167
336 748
364 1570
335 2031
1348 1468
1432 1145
2069 2146
1721 696
1475 1078
1983 1901
2289 1467
48 362
2403 2378
2205 2065
730 810
454 2134
1899 735
1856 1017
471 1949
1336 2233
275 1620
2323 1006
2072 1146
2038 2447
2253 1271
1063 1678
1173 263
1332 431
929 1256
1680 685
209 47
1887 1690
632 916
818 1054
1597 1666
670 466
1060 1873
1057 1904
1118 1424
574 1821
1924 817
1354 1172
1594 2389
1762 855
1003 1651
532 2222
1128 620
544 606
2135 2076
2264 2324
1246 2186
998 400
42 2338
103 1093
448 1667
1639 125
402 1654
470 320
78 650
1969 43
1508 795
1802 2415
1347 488
1102 493
1287 1148
1561 1295
1583 2394
2480 2418
2300 930
2166 2039
1813 1975
663 2470
234 1742
1451 1714
2302 230
427 993
541 1812
745 437
1135 367
976 577
825 2053
2382 1112
2301 1538
137 481
1840 1210
671 2098
1768 2088
669 1725
1280 1521
2234 203
551 2290
1245 150
1732 1494
1446 1137
1564 1501
2185 2294
2070 1168
2165 214
1743 1642
1134 2113
1626 1910
365 1209
1115 457
319 680
1335 350
2311 1932
2350 2279
1896 60
864 1964
713 2158
1754 2400
363 2095
758 1024
411 1111
942 1176
359 2291
1782 2167
1708 2422
1916 1724
2056 524
2351 309
858 1809
334 2453
2429 1756
463 1940
1974 2455
1938 1715
807 2464
1358 1285
664 1772
26 1470
258 2052
405 1193
1170 829
1874 2119
1372 282
548 1349
396 2239
608 956
1182 561
875 674
1520 1272
2068 1758
920 204
1474 347
2168 2348
1051 1687
1266 465
913 1993
739 798
842 909
1931 1761
1720 482
824 1214
2097 1104
2295 1685
2357 88
762 1023
1357 1631
2269 725
2204 2477
1 2420
