3928
802 1287
419 557
3062 2574
564 2867
1610 1184
75 1911
2181 1464
2924 2333
2624 1234
2670 880
2067 3346
3465 2868
165 1937
30 3056
2976 832
3360 36
1595 2477
3143 2997
1883 3468
3674 3005
2123 613
558 1403
464 2963
1173 2598
720 1205
1648 3642
820 1752
1563 1931
74 943
3858 1445
1839 1473
949 2558
3716 3655
212 1968
1124 2578
1014 2302
1395 1859
1081 2706
834 3176
998 2690
1925 2454
2659 3727
2994 533
3801 2346
3568 1398
1891 1085
2044 1060
318 2032
578 461
2866 2742
1822 691
1724 3787
2428 3531
1057 1068
1829 2270
1420 2007
1374 863
304 1646
2509 2692
1155 2789
1178 3618
2930 2102
3225 2006
1611 1298
682 2562
3443 83
2923 1360
1310 3487
3851 1411
166 1401
3104 1556
3372 45
889 738
1654 1792
90 3472
895 1759
184 911
603 3527
2782 1950
2231 2051
2556 2362
1329 3747
2403 658
2854 1039
1930 1934
2978 2259
1581 3907
3132 3261
2281 3023
1966 2892
1259 2727
1787 1238
3793 2593
3810 1405
3606 54
663 2568
2649 2221
2285 916
3725 525
3455 975
864 1638
2426 853
255 2422
986 1051
2730 3476
1658 1619
1972 701
2312 2817
1348 568
276 2287
3694 1065
3319 2298
3920 170
2280 962
1527 2891
957 1247
1835 2926
729 519
3773 953
2043 3644
1507 3619
995 1483
3554 234
3532 2813
3171 1995
1575 3771
410 2450
299 2101
849 1878
2149 1468
2884 3432
367 3367
1522 1523
311 132
2872 3239
763 570
1379 2749
1836 2870
1069 2575
2198 3474
3751 1072
1485 3110
684 855
3460 3511
3709 1927
2716 1899
2495 3496
3461 2843
798 350
3869 2425
1062 3704
323 1114
2693 3702
878 1579
2177 3847
1387 65
2856 1826
2398 263
3536 1572
2743 3170
1520 540
808 1542
1229 3148
657 3768
393 1866
1457 1702
1868 2989
3262 1082
2173 1565
122 391
371 2206
972 3671
2933 1286
2502 380
3053 3211
2291 1605
844 1177
3036 2465
520 1183
1311 1482
288 3835
84 2709
2421 3807
472 2614
921 1547
1526 3842
3488 473
2077 3878
1945 764
3776 490
88 3151
997 1879
3329 2195
1693 2711
324 614
423 859
954 1007
3797 2964
1831 2525
2250 942
1217 1022
424 2481
3107 1005
1206 1281
3297 2936
180 913
3393 2345
1843 931
686 3368
1909 929
1627 1932
3764 2169
3224 3755
2661 3091
1749 1687
522 181
2017 2382
1923 2386
144 905
1131 1192
3255 422
1506 2522
868 1116
2308 787
3763 1165
1121 2301
2224 941
3100 2910
1514 3650
3922 2234
3162 2059
3886 2381
394 1643
1603 1357
2634 1616
1763 113
3588 3818
3521 3234
3264 2860
1551 85
3843 2861
3161 2258
3765 135
1591 1198
3067 2131
305 1218
1612 1227
3287 3450
469 3013
2453 2452
2479 3720
1042 1593
3068 3471
3299 312
1044 1233
3597 1757
1402 3573
2695 3693
2781 2965
524 971
1499 1280
1180 2183
1380 2701
2284 168
2589 2623
399 642
3609 2991
3147 879
755 2682
2809 219
1386 3269
2526 1300
3723 3646
1875 3732
2840 93
3584 816
1801 2654
3569 1511
3349 1684
2671 955
635 712
909 699
2080 1538
1351 3201
1270 2666
2099 2209
1349 2929
565 1513
2954 3286
1162 3466
3648 3593
2128 3305
2349 1585
2068 3817
2060 42
1548 125
1656 3718
2337 102
665 3268
3845 789
930 3369
1971 245
2698 3917
951 3296
1543 3391
2289 3213
109 1935
3193 2660
3652 639
1109 1232
3689 3452
2413 1168
1056 2637
1266 1393
497 3078
1737 2775
292 582
2604 2601
2311 2707
2632 927
509 445
3874 3469
1912 2893
2715 137
964 2016
3881 2431
2747 1251
1454 1336
176 432
188 2802
2559 2282
3445 260
1660 622
1479 3865
2212 1791
1210 2966
1841 274
794 2462
1080 2733
406 161
2981 2399
1159 1209
1025 3146
3202 1272
1948 2367
992 2787
2297 346
11 804
1295 1505
1010 23
2176 3345
1219 155
1408 3788
3748 1867
1721 3780
2865 1148
3486 2115
2256 3525
43 2193
2418 3622
3634 3274
2 2800
2156 3816
282 2580
316 3479
2967 2054
468 761
2689 2549
965 1231
662 1594
3040 700
3666 3408
143 1339
835 34
3271 894
3273 2325
708 134
2327 759
3157 1282
1325 548
3635 1639
2028 381
1308 3912
1512 2053
623 2798
1142 1115
3856 2494
2379 2109
1587 77
609 3492
2253 1211
3625 3613
3433 2420
2583 2859
715 742
3698 1331
2897 3084
3184 825
3425 935
3695 3153
1012 2478
3541 2491
2459 3670
1132 1034
3042 3683
1676 56
332 3244
3627 685
2607 262
218 3342
1079 2395
1187 3187
740 2147
1691 2784
3181 679
1956 1423
2938 443
16 3337
1064 1577
3535 1430
26 2039
668 3514
3872 615
1327 1063
934 1388
486 1825
1460 1150
3444 358
1583 2853
1750 1715
3209 1789
807 1827
1960 1417
3897 190
1001 3862
3899 2514
2597 3135
2125 284
3688 144
1674 3766
240 903
1844 3004
667 2374
479 47
3347 2657
395 601
1071 1365
2535 523
2474 449
1922 1392
1158 3128
1288 1250
2913 2078
46 48
3196 267
1138 2944
1730 3139
440 2770
372 2881
1337 2467
1855 1394
3464 3892
3419 1848
317 2955
840 811
7 3434
3080 2034
2863 3866
1545 1200
644 1614
2160 3112
427 1919
3805 671
1651 2130
1305 1096
1936 2915
2680 3074
357 243
2581 3498
891 2618
1222 277
3904 3601
1842 2035
296 3292
2985 3309
119 302
309 1126
3660 581
104 1525
1597 3037
2694 3728
2927 3889
588 2488
706 1731
3849 2508
994 2097
1865 3427
3909 2303
2021 2523
3617 1910
3401 313
1276 3316
1215 249
1330 1641
2273 733
985 981
1539 1536
3399 3802
3105 117
1500 861
179 25
1718 917
514 1006
3439 2440
1043 3241
3374 1647
2144 1353
3431 677
2629 1188
1125 2230
3643 898
1318 2485
241 2113
2950 3131
2799 2925
29 806
3636 2768
1345 2240
189 874
1736 2023
2946 2643
2995 2791
112 1371
1191 517
952 2104
610 3203
741 3252
750 2476
887 2815
1097 79
128 197
3701 1997
3073 858
3290 1332
114 1066
2592 1146
3499 221
3808 2427
2322 3165
417 2956
574 1769
547 2979
1164 3570
246 1443
1189 3523
3379 2804
3339 2603
2953 3480
2243 3738
1084 2081
2019 294
1354 3864
2376 2114
3350 752
333 561
115 3551
2616 2528
842 3320
1620 1576
50 1550
2503 2385
1026 1235
1870 1628
3124 3054
2554 2668
3911 1367
158 1055
3803 1984
2119 3385
1733 2391
2819 2540
841 2696
2582 2164
275 1216
1965 3673
1404 3590
959 2890
2228 3205
1239 3552
2111 3272
1562 1350
1537 757
2646 3198
3019 3291
248 1509
1208 3902
2810 2000
1777 2344
1740 3677
3338 3058
2482 1846
1242 3870
3059 3246
183 2762
3046 3637
326 1019
388 1582
1928 2088
2772 2652
937 2407
553 3684
2564 2076
1637 837
1099 2504
462 1481
1264 3653
3057 621
2411 1182
1193 2012
63 797
922 3325
3158 3310
474 3888
3467 2718
1957 39
1015 884
3398 232
591 1609
2075 160
1399 1157
3382 400
515 1996
167 1814
2754 494
936 566
3679 932
258 1028
3490 2846
3022 1683
3484 3163
3795 1929
200 516
1307 2630
2137 792
776 3659
3383 3129
356 3737
3550 3882
1303 3676
1368 1969
2251 3578
999 3094
1123 3364
1580 2116
2142 3777
711 839
1908 2972
2070 1466
3513 656
3125 2219
2244 3343
205 175
833 2617
1765 626
3085 172
1098 1756
3855 3219
3478 746
2268 146
3442 201
2010 3545
1323 2721
697 753
980 580
3118 253
774 1864
1753 3477
2056 765
131 3392
2708 2883
731 945
2934 3707
1061 1230
3739 2008
1284 108
2052 812
1887 106
182 1630
3528 1170
171 3410
3784 2531
2600 619
2124 1415
478 2227
1939 3123
139 1458
68 3538
2338 3390
573 2702
1608 1024
55 2106
2247 2055
674 44
3906 767
3227 2092
1983 412
1624 1561
2722 425
3208 1498
3033 450
576 1943
2451 3475
1590 2587
3743 62
470 2908
3574 606
4 471
2162 2275
1884 2448
1319 2315
3194 772
1444 2959
3295 480
1175 1781
2129 1690
3722 247
2218 3248
773 2232
1779 3600
1196 1722
1127 2260
20 1265
2089 3063
92 2369
3048 2557
1041 31
535 72
563 273
2741 1190
2987 2150
269 2812
3096 3503
3405 703
100 532
2555 511
2820 2424
2844 560
1951 1488
1195 3473
1778 1764
899 3288
18 618
67 2713
2165 3106
2726 2753
2836 3298
1980 2563
3061 5
1030 536
869 550
1872 559
1322 1973
3136 1147
477 2296
1675 446
1104 1913
1940 3257
1093 1320
2145 508
1258 756
627 3044
3238 3821
766 1701
630 3509
1751 2635
1171 2880
250 2977
1089 3060
3589 1896
1100 3598
3066 2475
2886 1738
3336 1278
664 81
2214 362
3614 2996
2267 2757
3539 1031
1874 2735
340 71
1978 1154
824 3228
2848 3126
2468 528
2126 1734
1663 1441
2236 2279
2220 2729
3826 1708
481 264
463 3377
3188 3456
3750 1248
2738 925
3854 2463
1470 1634
3585 1632
3318 2530
3515 8
3871 437
1955 616
2389 3774
1385 2207
1999 2774
1382 1873
3034 688
265 3093
3769 1254
2572 2223
2310 3923
2324 3223
1669 3839
2511 1657
420 1472
3051 1741
1672 3404
3449 851
341 231
1245 2191
328 3633
1816 103
2849 1418
1742 3197
1907 3549
3258 2551
2470 973
2046 1496
2983 2414
831 1073
1249 1981
777 1449
1048 2644
140 403
2182 2387
2576 1524
1246 3561
651 1384
397 2697
3207 1564
2098 3742
1078 958
295 2286
3355 2461
2650 650
3566 2700
237 2662
1108 2226
3516 2110
933 3806
996 291
2360 3500
1174 2041
2830 586
3873 3134
3417 2885
1054 3800
3876 2430
1862 2155
196 3657
2824 2914
3759 1588
2171 2903
1204 338
3824 459
3918 2293
1422 918
2203 3863
2364 2216
672 3333
3071 3220
1437 209
2096 2567
3 3371
3070 939
2040 1092
970 1755
257 2061
3301 1728
14 2942
1373 2642
1785 366
3678 1510
507 1176
3591 3682
2672 3770
1665 2874
1476 796
1355 2445
2577 2066
502 1767
633 24
3236 1546
489 2748
3327 3402
428 1136
1050 2471
3332 2249
1688 111
360 2663
1223 3581
3482 968
1716 2584
3522 2210
2063 814
1970 1036
3507 3740
2305 2986
348 1475
2036 1837
1075 303
818 3394
488 2534
495 1926
2340 198
3353 2939
923 1805
3603 3658
3276 1224
124 1419
3767 689
3108 2952
871 3921
946 2469
1397 2107
2261 3715
164 2588
2756 256
2121 3559
1315 1735
3553 2353
3137 2262
1852 3438
2321 493
2048 3840
3557 1103
268 2202
510 595
1283 3099
1436 780
347 3712
233 1508
3285 3629
628 17
321 1707
1377 1313
1599 453
3102 552
3580 990
2710 1568
1293 447
266 717
337 2493
3182 3562
1213 308
3113 174
2146 3915
61 885
1697 430
2719 2948
3610 2975
2441 3109
1571 2393
1958 1987
2014 191
2375 3043
2873 439
2347 3050
1977 3284
694 2595
1664 1364
163 2520
3908 872
1921 1212
2170 314
351 3167
1186 1681
1796 1516
819 3567
3397 13
95 3781
1203 2433
3836 745
3895 3024
2541 1185
2667 778
27 310
3122 1406
827 1847
52 239
3546 3278
1773 3159
1659 809
2072 2257
905 506
3217 3651
1091 1366
1047 2728
2139 2669
320 3169
2163 3083
969 1361
2681 2255
3753 2971
1783 3703
1410 162
383 2283
287 1494
32 2133
680 1811
3348 1515
2769 3599
3396 2862
1598 3149
737 1194
3326 2217
569 330
707 3537
3334 1122
2674 3304
3250 3302
1602 185
3563 1804
345 213
1885 3841
409 2912
1370 1275
1991 877
2725 1228
3216 58
2821 3090
2409 2497
1450 3354
2724 331
3247 2265
2455 2405
2621 2828
1263 2492
2902 2319
1359 3792
2410 3294
666 1070
2505 3470
1413 3502
593 3075
3595 3724
3859 1623
1903 86
2736 3529
1107 3359
838 2877
2153 1324
3256 78
2889 987
721 866
2703 551
3281 3762
845 2449
3512 3235
3103 1049
1635 2513
826 2161
3003 1531
123 1748
1381 415
1747 2808
130 1559
504 3745
948 2460
1888 1621
2172 790
293 758
1533 775
696 343
908 105
2599 3186
3558 1655
2796 2140
2687 2899
2807 2086
713 3506
1528 1694
344 3185
2579 1686
3583 3001
1053 3418
725 3210
2763 3028
2038 3416
1035 2178
2380 3141
2858 3335
1220 1986
1772 659
3914 193
3782 1503
2274 2778
3088 3639
3331 2235
2158 3041
1268 1340
3927 875
64 3814
3928 1428
1346 2205
1881 498
611 1008
3520 2190
2341 3820
1197 1290
442 1469
3221 1679
534 1706
2529 3092
1823 211
2416 3582
3756 3356
1838 2015
1692 3463
3190 2071
2143 1237
3055 121
279 141
2795 2714
726 3428
1558 984
1434 2805
147 1279
3579 2640
1818 1389
2546 512
3508 2213
3796 3315
537 3799
2553 1959
1344 1961
2174 2937
2515 718
2751 2464
2982 186
3519 1709
3783 1119
527 3117
2306 41
73 2790
3883 203
1821 2365
1352 676
661 3719
3605 836
3746 2879
2627 217
3150 107
1918 1845
1714 1532
441 1378
2973 2827
2855 1902
2103 3218
3542 392
1596 956
3857 1682
2565 3300
3175 216
843 3199
604 1771
3237 1830
2031 1316
1739 169
709 1396
1358 1067
2958 2154
597 2750
3900 526
289 3668
384 762
363 1786
513 1172
2970 722
3571 2969
194 854
352 3910
1429 3352
1474 1644
1431 810
272 897
739 882
3101 2658
1916 2276
2246 2290
364 1710
2745 3495
723 3138
2466 414
2746 1424
3761 600
2335 2487
1341 678
3231 823
640 1106
1059 847
390 1356
2653 1617
1944 334
3493 2009
1045 602
3423 2252
770 1920
3662 1236
2771 2187
3510 2590
3620 3833
2935 3097
2764 645
1 1447
335 1768
1743 2548
2609 1941
2356 1645
3846 3663
3757 1807
2561 562
3838 1685
967 2307
670 2980
3667 2894
3706 3388
2622 914
271 817
3628 178
2299 365
3832 3630
2313 2415
3011 631
1824 3045
1480 2837
1861 2383
732 484
3926 2196
1110 3524
624 3020
3007 1815
1179 2731
544 1570
791 2527
3293 1549
3035 3016
857 53
961 148
1574 3530
3226 236
1021 2278
751 157
2062 607
3575 91
1120 724
3861 1898
252 744
3312 2990
2536 2024
2027 983
3008 2919
3373 1167
2998 3341
1166 3875
2779 2723
389 1504
2686 51
2720 2269
900 1626
3411 988
407 3415
3010 1894
3204 2651
3038 2532
3002 3263
2896 3200
2834 886
2613 727
2605 177
646 3116
2679 1375
3744 1095
1606 902
2941 1052
3457 3481
1726 3458
3430 3809
1653 2090
2057 3887
860 1942
1560 465
1256 1141
373 620
876 1477
3154 768
3030 120
2816 2336
1452 2026
716 2397
2573 2677
2025 416
2292 1618
1144 3025
1760 3823
2004 901
33 3692
2931 2876
2533 2266
1296 538
1762 521
728 2684
3376 3243
1535 2197
2184 3868
1137 2612
2596 883
2200 3277
1914 2339
1343 225
542 1306
704 3860
3844 375
803 1435
2100 3361
3009 3825
2951 154
3564 3916
2065 1776
2332 3775
2423 2359
405 2222
830 1719
2631 940
3830 2628
3340 3253
3183 3893
483 1650
1530 2911
3095 204
1442 2029
2887 1860
2496 705
3631 2552
2436 2480
1086 1673
195 2932
150 1540
612 136
2744 1993
421 2254
2263 2185
3289 2314
1820 539
142 1111
1017 1199
3608 228
40 2755
3365 2175
2645 319
3412 3180
3212 242
2940 2419
3890 3440
3669 784
38 2120
110 1529
3790 2438
2962 306
1989 1207
3505 714
3145 1046
1032 556
1338 585
3448 2442
151 3111
2734 116
3179 3000
369 1490
1900 2020
1954 1241
76 3358
3760 771
1813 37
1567 2085
2825 1244
207 1255
278 455
1905 342
3543 3733
2352 1840
2943 598
2773 1854
3064 805
1087 1461
3206 1629
1729 3813
3130 3029
2295 3572
3400 2921
1362 2499
2354 1390
2208 2842
1915 3052
2248 2069
2400 3896
2916 336
1661 1798
286 1758
3735 2348
1569 3885
2392 2047
3664 159
1717 475
2512 1924
3072 974
82 2516
3168 3894
3436 856
2625 2543
1851 993
2151 1133
1952 1160
1140 2761
928 3483
3686 2678
1333 149
435 1662
3903 1326
89 1746
2801 3015
870 1962
2417 1988
2331 3429
545 783
3249 2500
2717 1642
3540 1553
1947 2917
2002 2141
2501 1850
413 2851
3089 3641
1037 3321
3714 3026
2852 683
3501 1163
1994 1809
1696 2443
3848 888
3166 2569
1723 1886
2045 629
3681 1998
1439 307
786 2833
1101 2152
3081 2705
1689 1486
543 1541
3616 1269
1372 2241
3867 3607
1023 2095
747 431
3323 2945
710 192
235 3754
638 2355
2961 1369
1890 2134
377 637
2850 2064
1775 2521
655 2127
2229 3447
133 238
1640 322
2818 1038
1292 3403
2797 283
1849 2396
3173 2984
660 2329
979 3160
1302 3696
2378 1668
1226 1566
3699 3133
3721 1135
1797 1455
2760 1725
2839 270
3879 2087
1363 2676
2793 2358
2909 3039
2688 3435
687 349
3576 915
2777 2712
1877 2776
2429 6
3420 2683
1744 3822
1963 919
10 187
3811 2949
947 1774
938 3919
881 3587
572 2626
3555 3283
12 1102
3680 3494
793 451
2082 1699
2665 2435
1004 2847
2691 950
813 259
3086 625
3351 2157
1649 9
3901 1615
229 632
1151 466
2264 583
2094 910
3654 22
2166 1456
698 1243
1795 3344
3497 769
1607 3027
438 3155
1857 653
605 418
1754 1604
374 2794
1853 3386
1521 3079
3645 1240
3736 2233
2457 1113
1833 1376
1161 1788
2829 1058
2084 3366
1892 529
98 749
2895 3837
1000 3672
1705 1828
3127 454
3303 2211
285 230
1427 3275
3387 3884
96 2803
1202 126
2018 1267
476 411
3317 487
2199 594
904 448
3729 3311
2550 2510
3717 496
3852 2361
2806 2732
2498 648
2288 482
912 1312
2074 852
587 3661
1421 1289
3229 920
1260 458
2901 2685
779 1285
1321 214
152 1130
3556 1790
2823 2363
2194 1985
60 2138
3065 1732
1304 3853
862 408
530 1221
3804 1858
2033 1335
3115 2050
822 1761
1631 3406
49 2585
2898 944
2049 1317
2472 3144
156 3222
579 1869
3242 800
3615 3215
743 210
456 1893
641 518
222 1074
3815 1495
2473 2765
2370 2225
1600 261
1153 1882
3195 3121
2384 1720
596 2615
280 87
1139 281
890 2586
2300 426
244 3012
892 2406
690 378
1391 129
3230 21
329 2013
2566 3021
3251 227
290 1695
97 1652
2633 1252
301 2539
654 896
433 3313
2388 1309
1517 2037
2118 2608
3925 2317
2318 3675
35 1432
3829 3604
434 215
2620 3324
327 1671
1407 3031
3621 436
2079 382
2758 3140
1901 2394
1625 3586
589 1383
1016 1253
1518 3362
736 1967
3087 3697
2988 2739
2058 2610
734 379
730 57
2524 3778
2845 1584
3451 3485
3749 2366
2699 3375
355 3437
3640 584
3789 2783
963 3177
1077 3006
2001 3357
1129 1670
2237 2545
2323 1703
695 1149
1426 1812
3266 781
300 2737
3772 795
1534 2350
457 3544
1677 3192
906 3791
989 3245
1501 3017
692 3831
3077 2606
1416 1462
3891 2005
546 3880
1274 3898
1871 815
1897 118
3441 3577
3665 2330
3389 254
1400 2179
2957 1492
608 1856
1601 2083
339 3547
1156 1118
2871 3260
325 1314
3082 2518
531 1502
2343 2239
2437 3565
1906 2960
2999 2432
3422 460
1727 2814
2334 1832
2446 1262
1002 1666
2490 2372
3047 3518
2484 1214
3191 1802
681 2992
3734 3380
2882 2159
599 2003
1863 2641
1794 1876
1554 2835
1271 315
2656 2786
2759 1414
1181 2673
2864 2390
590 145
2030 634
3741 3279
3267 1766
2351 3594
1020 1438
982 2822
1334 3240
785 2918
1412 571
865 1933
2619 1018
402 2373
387 208
3254 748
2544 3913
1713 2304
3710 1011
1613 94
1471 2517
2767 1622
2922 577
220 3322
1589 978
3685 1465
2136 2245
2752 1090
2402 2636
2875 467
649 1711
2042 555
1700 850
702 3384
2740 2594
2112 2785
1552 2105
567 1003
3526 1949
1895 3178
500 2148
1342 3758
3700 3307
976 554
2928 2238
3624 3314
2648 3713
2117 1027
3119 66
3413 3049
376 173
3233 1487
2542 3378
960 1808
2904 3156
2168 3602
3691 1128
3032 2826
2188 2377
829 368
1917 2489
1347 386
760 575
3265 2841
2320 3752
2547 2371
1088 3282
846 1573
3786 2483
1257 3812
444 1478
926 28
1889 801
359 138
2309 3612
2326 848
59 1117
3905 1712
754 429
2832 1009
1904 2993
2900 1592
3489 2404
2788 2242
2602 3560
1745 2093
2458 3370
3850 1667
924 2368
1784 1964
3098 1225
977 3711
1145 2857
693 499
1680 1299
2271 1586
3454 3424
2766 1277
1029 1083
3259 3280
19 1817
2878 401
3462 1633
799 99
2792 396
782 3459
1636 3164
1094 1440
636 1880
3623 647
2675 3827
3069 1770
907 3446
354 1990
251 1112
1451 1297
3214 503
893 1834
1328 404
1678 3779
3687 2639
1698 1938
1974 298
2401 2073
2316 2591
1519 3611
828 3414
2888 385
1800 2135
452 669
153 991
1433 2434
2538 3690
3834 353
2456 2201
80 1810
867 3270
1169 3877
501 2486
2905 2342
3794 3785
2357 675
592 3152
1013 2647
3491 3504
2664 652
1491 505
2091 3647
3407 3120
1448 3142
2811 2122
2328 127
1291 2906
1544 3232
224 3018
2507 2189
3649 2947
2571 3534
1982 1979
617 966
1484 1578
2408 3596
2920 2022
1819 673
3924 2968
1493 1261
549 1946
492 2570
1105 3453
1704 1803
3730 70
2215 2638
3363 1782
3174 1033
297 2412
1780 735
2704 2611
199 1134
2506 2439
1152 2186
3426 1459
2780 3592
2447 1425
3626 1201
1453 2180
719 1040
1557 3798
3656 2907
1497 2272
3172 3381
3638 1294
643 3014
206 1489
1793 202
2277 1555
2204 2444
1076 15
223 485
821 3533
361 398
2108 3189
2011 2519
226 1799
3409 491
2560 2537
3517 3548
1992 3076
3819 3726
2838 3330
2294 3708
3308 2831
3421 2167
3306 788
1273 3705
3328 3395
3632 1976
101 3828
1463 1953
1143 1806
2869 1446
3114 1301
541 2192
2132 1409
370 873
69 3731
1467 1975
2655 2974
