5000
18 405
2125 2387
1862 4998
4858 4225
948 1850
2040 4145
1307 4075
4099 3531
3110 4061
140 4189
4930 4735
486 2616
2824 4130
802 3557
3206 2278
573 416
3256 1604
3815 1889
4977 2129
3525 2107
755 2704
1169 893
4634 3169
162 4125
3416 4737
2054 2294
4939 888
4325 2315
1129 3620
71 3060
2914 2341
14 812
4350 809
1273 4213
2791 235
3798 2376
3670 4988
389 1702
814 1285
4684 2711
5000 4893
2856 2105
2196 4358
4796 3338
995 879
4582 1260
3233 2069
1387 4661
3882 3600
4608 2492
624 4383
275 534
2964 3142
4676 2366
3919 2241
4570 2541
4181 192
259 1379
334 2634
3441 2014
4381 1416
2461 2715
4180 2695
130 3765
2916 4692
1163 428
1574 816
3301 2213
419 316
3323 1269
2925 3676
3658 1628
4367 2245
4635 4933
1452 2447
4362 1344
4558 742
3592 3545
282 4658
4392 2371
3705 4046
3478 3868
1373 454
3781 465
2443 3003
3617 2667
1366 1799
2056 1689
1995 3891
2845 3096
3653 4438
4887 3558
4740 2164
2374 2215
969 101
2470 2988
3758 4931
4262 623
759 4162
942 2692
1836 3876
4495 3499
3492 4849
2963 3315
1240 2207
3205 4302
2917 1324
2673 4746
4794 3849
3888 36
2317 3056
1022 4002
4283 3659
1204 3551
2693 2735
3487 75
185 2737
2727 3085
1146 862
1919 896
4851 2233
4016 2338
762 270
2910 1644
3087 1044
1896 3836
4058 65
253 88
1305 2690
2973 923
183 4464
835 3074
4349 4871
3016 2236
190 4038
1782 2197
3203 4128
732 2517
1738 1237
1697 1568
382 563
2410 2184
3701 278
1281 1219
1771 3980
3170 1542
3269 1767
4568 2049
3986 519
1575 1963
874 131
2467 4397
2042 4545
2802 1583
3385 4177
2606 3547
2022 3857
4986 6
4104 236
2796 4529
3330 3476
323 438
322 356
4408 1141
1986 4709
231 2578
4278 2280
1440 2284
3291 1114
988 2320
4369 4415
3880 179
2352 1964
804 723
361 3966
1602 738
709 4695
3207 2670
2826 388
4178 2532
3911 1133
3633 4713
3171 127
3795 4683
547 4268
2486 3648
2939 1663
1399 1282
2995 3480
78 2292
3804 2231
134 4219
3792 3469
1579 4725
417 2760
3603 1202
4414 2738
4242 3272
836 1949
1899 3682
811 1906
352 1118
3011 2251
4693 1068
4356 3552
28 4203
1214 483
4446 2726
2130 3505
4071 3488
2468 338
2733 3928
1903 3197
1395 4190
1087 1454
201 1482
4154 4949
288 116
1208 247
4163 708
138 2181
2820 169
685 629
3516 2319
3163 4224
4749 4521
70 2805
2849 4290
586 226
1883 327
3637 3393
1398 1034
3746 81
3985 4236
4886 632
3737 1910
2427 4206
444 3885
4708 4620
500 665
3766 1820
3647 4060
4210 3044
3747 4975
1576 3673
1588 2456
2934 4373
3257 1624
1444 188
3711 4897
4879 1383
3130 2545
954 3844
2529 1039
1718 2987
4039 3973
1423 1292
4908 2772
977 2758
3881 1308
3809 661
1239 3960
4006 1668
2226 482
1749 3260
4239 3546
866 2981
4531 1859
1860 396
2503 1909
628 2148
4238 3942
1501 1449
1751 1019
4041 4538
4624 365
2784 4281
1140 2590
966 2928
673 1160
2455 442
1900 932
1598 4777
554 421
3086 1780
3158 3685
3401 2252
4073 2971
2221 3626
4509 1030
2922 2497
4776 43
514 3475
2507 3423
2152 2071
4711 2951
2138 1872
1567 2404
4919 2743
139 741
3072 51
3640 2027
2568 2761
3605 1790
1508 3537
2520 423
1761 4036
4371 2258
4536 2766
4400 508
596 2795
3609 1192
4518 3762
850 3013
3424 7
1563 4022
1253 4108
766 1264
3262 2133
3800 3924
3435 4167
1830 1565
55 793
496 4532
1527 505
2948 2696
4264 2460
2750 4690
2429 4467
646 1869
510 1641
2190 2864
2879 3556
1981 4655
3117 1635
4565 4263
990 4595
3161 401
2150 1643
989 3380
4229 3742
4482 3490
2943 4216
1516 4952
1887 4941
4466 4955
663 4800
1127 4132
2117 660
457 2581
1605 2452
4205 4882
1633 223
2266 93
3204 1943
1985 4297
3978 346
1340 2991
3123 2093
4265 3485
2395 1841
794 761
3596 634
3114 4768
3997 833
2635 410
4767 2651
3491 3081
4257 2053
2348 4911
4110 3897
2261 1081
1343 1082
1179 1276
3446 652
1442 2379
2562 3172
2889 3055
3728 2548
2203 2222
745 1522
3376 3071
118 56
1058 2449
2334 1156
949 4008
2599 774
2546 1054
3104 391
1551 3734
4424 307
2787 2380
1912 4754
4153 2524
681 3073
2994 313
1 670
1073 677
2946 1650
2840 3157
4843 297
3122 2734
682 4292
2597 3802
3893 68
3879 4520
2708 3433
4410 3717
4032 4615
4089 784
4541 2031
1083 1503
2979 460
3015 2074
2482 3277
320 3970
1712 4670
580 2064
3058 545
2457 1466
1263 4981
2533 3309
64 2495
531 3025
3054 3462
4246 4944
3308 83
4375 1991
4121 407
2681 1707
3782 839
2183 1229
786 4218
984 1346
1038 946
3853 869
96 4329
3910 2339
3046 3971
4996 2749
846 4312
4027 2594
2389 3536
1256 4437
4962 4609
919 3607
230 4721
3243 167
1356 1304
4747 4315
4441 1374
817 2884
3780 1368
4087 3630
4305 432
630 1940
3396 1694
3099 2664
3760 696
2954 341
1401 2259
1170 3300
3571 3332
3899 2223
174 616
1178 3889
3415 1220
3175 2039
3507 2424
2314 4755
4237 764
2209 4120
177 4100
3236 379
4365 2218
2087 1376
3208 3053
2957 1716
4827 2860
4489 3428
2041 4741
2854 2699
506 689
3355 524
490 4799
1432 3839
3852 1792
1473 69
4537 1683
3501 497
3588 2894
613 3851
1257 1946
1958 87
24 2174
902 2881
928 213
1035 3816
830 2901
3871 1159
2377 4345
4377 925
2976 626
3554 387
4773 2525
610 3154
3822 3354
4821 3958
546 473
1029 2876
4469 2857
3151 62
4632 1128
3543 1439
3118 2373
2398 4511
2043 328
768 2997
1888 2618
3326 2145
3567 1785
2573 2552
4341 4103
1338 1795
3489 386
4625 1310
3012 1589
3519 1275
3807 4144
4494 3042
1908 895
95 1813
498 163
2254 2176
222 3969
3623 1622
478 3466
525 3134
347 2855
32 3387
1696 2016
1969 1945
3001 289
1381 2730
303 2992
3572 1210
1077 2834
4382 2619
3777 3878
362 2542
1629 1586
1917 392
4869 3901
1230 863
3660 3727
476 447
1973 4271
3929 637
701 3712
1420 657
2177 1711
4364 82
4846 2624
3902 3275
3631 4267
1631 1797
1550 2718
286 4422
1577 1816
3526 3075
650 3764
1721 4808
300 2198
1143 523
1665 2360
4961 459
1361 1885
1777 373
527 4227
3565 705
2663 3511
153 353
3174 872
1183 3612
3031 4587
4217 4131
2717 561
2381 385
3209 31
446 3912
4462 3834
3865 4452
3688 2075
4574 3683
2005 2202
2752 2391
3787 4515
641 889
3999 3021
3250 978
2163 2228
2059 2996
3088 1184
797 1559
3735 1950
4586 4096
2555 2015
1739 4044
54 2731
3135 721
281 2045
565 2645
1050 3677
8 207
1925 3555
4064 2462
4463 1835
3200 4544
27 4934
593 4172
4310 2709
2052 4991
722 175
3324 4839
4348 4613
3083 1298
1225 3775
42 1506
2178 1150
1939 2852
1283 73
4255 1880
4997 2454
383 1060
4555 3964
658 4610
4817 1992
1552 3190
1182 3255
2156 3063
2170 2365
2189 4018
2291 1474
2171 2441
3576 2804
1211 205
2428 1246
1684 1261
195 1723
601 2238
2839 336
321 2313
2088 4024
1826 1136
1212 4476
860 1402
4431 4756
2476 4401
1063 105
1599 2788
2392 2551
4563 3823
3721 337
1435 4696
2790 2199
4766 4648
4674 957
4667 1094
3434 2570
3311 612
1469 4343
1392 518
2530 1168
3240 3709
3806 3581
3810 3597
50 2111
3340 1954
1756 1793
4840 4803
412 2837
3624 3004
4184 715
4439 3589
47 3061
733 4703
3909 725
4906 4112
790 1080
4571 4534
3066 2057
2355 4427
3577 3726
1483 67
3988 787
2719 1286
4937 234
792 4396
735 4287
4790 4823
544 886
2344 2716
1733 4403
4457 870
3696 3866
3700 2691
324 2300
2584 2990
3133 4542
3874 3437
1982 1972
2560 2253
4874 834
4086 3465
1837 2273
4964 3406
2557 1441
239 2204
1248 4481
4728 3842
937 2281
4646 2246
3932 1279
2892 3916
924 4003
1315 970
1330 4617
10 908
4825 2773
1998 3867
155 1657
712 2814
3974 4516
2518 1532
3984 3164
4584 3992
799 4090
449 909
2755 358
1600 4030
4982 3445
4751 693
1445 2230
3908 4454
1326 1067
1524 1541
3230 4807
1674 4402
4666 4971
229 4252
4960 435
29 4641
4372 3514
2600 4150
2299 1956
605 4487
4909 2021
4015 2872
1607 3965
4701 216
2843 4782
1866 577
2423 1448
1357 1804
437 202
3347 2151
4193 955
4923 1861
280 1037
4699 4025
4031 2229
4969 2712
4573 530
397 296
1476 1447
479 2110
2403 4186
3411 779
1490 2883
3644 1948
3456 21
4456 4434
310 1090
1165 528
4157 3943
4496 2764
3248 1758
1698 1921
1809 4726
4795 1555
1877 3708
4788 1965
1139 3027
2756 487
4222 4636
4682 3077
1766 4232
1775 976
215 3733
3590 3279
267 2063
4753 857
2650 2912
2528 1134
399 1245
2685 3740
3593 2274
1807 3254
4068 304
2262 1426
1928 509
645 4053
128 2102
4592 2372
1371 796
4245 2489
3247 2861
3458 4334
1228 2871
2644 4085
4553 3892
3298 3043
4384 2847
598 269
329 35
1137 4320
2061 161
4885 326
4824 1839
4459 403
3394 2694
3771 1606
1166 592
1858 1421
2698 206
2656 1393
2342 2661
1396 4249
1673 749
377 1171
1450 208
350 1610
4011 4289
770 943
4572 3125
2275 4444
4295 1177
1104 1429
3761 1485
3998 2563
452 251
2649 4380
3399 2478
2305 1121
4453 3467
4630 965
1591 4826
1119 883
4596 4005
3529 1666
2728 841
763 3181
4254 4704
4471 1409
1686 2769
1147 4480
499 4560
309 2309
4388 4420
194 4418
1294 819
3527 511
1417 3418
2101 2023
1913 1874
92 3654
2611 3339
4889 1041
3398 4870
1024 844
424 1936
3152 590
1886 1115
3718 4127
3955 468
4209 737
1923 3933
858 1619
3768 4546
58 1879
751 979
198 4475
284 4197
3767 884
4901 963
2628 892
4470 1781
2813 4199
2818 901
2567 3365
3785 4787
30 3962
859 4837
406 285
2793 3481
3049 199
85 686
2665 3258
4119 3602
608 2961
1786 1288
4208 1046
1510 877
3570 4744
1681 181
2017 2775
3818 4335
4307 2415
211 2327
1536 3655
1566 3392
3070 1027
2331 2316
3618 3089
4947 1234
4122 2257
1675 2956
890 60
2113 777
3473 2583
3723 2282
2018 1456
1876 1554
4166 4333
4835 2369
2504 1088
434 4432
3094 1564
4547 63
3294 1258
2720 2748
2149 1871
3784 2799
1911 3679
1931 3691
2806 3739
4251 4612
1193 4135
4589 345
1325 2293
1498 582
2523 2099
617 2346
876 3622
3845 1477
2936 1438
2859 4946
3863 1461
1336 3900
1979 1670
3198 4152
3427 2672
936 2267
4012 1680
2186 825
2506 3731
820 3657
4761 4149
4883 1693
1856 3448
494 1405
758 3951
3095 4421
1347 4705
3409 3811
4215 2298
3826 3244
2798 667
537 1017
4875 3563
3861 3821
2073 20
842 1270
3147 1930
4336 1832
3383 351
4663 583
947 4406
2510 3020
512 2838
3432 170
1106 4778
2538 2900
4900 441
2268 1484
1042 3920
4838 1255
3335 1512
1763 3522
2714 2065
2949 541
4298 359
2146 3913
2091 720
3373 2980
843 3297
4628 4599
3010 4079
2437 1652
2519 575
1391 2514
1113 1980
2396 1158
210 4171
2408 4450
4376 348
2678 1045
1492 4752
4922 1333
3189 2439
2466 3273
813 1902
4143 4857
3224 3101
3180 3963
1692 1008
3372 1833
1089 3791
4293 150
4976 1539
395 885
3954 1735
4230 2780
2653 1453
3084 4327
1175 1941
3050 1311
4649 3132
2771 425
2697 1238
1468 2770
1122 3629
2895 1415
4354 2010
654 1040
903 1236
318 3950
619 4517
4328 679
1724 1491
3538 4928
2700 602
2781 4702
536 557
747 4051
3232 3699
298 4098
1722 1419
4623 2287
4105 1100
97 4798
615 1654
145 1659
4845 1457
599 203
2499 1664
3223 3625
1296 4055
4428 142
975 1521
2819 2432
1349 1517
627 3509
3368 1221
3023 3319
1857 3493
4526 4664
2094 3662
552 3883
2216 2301
1626 1295
1299 4123
2000 132
2471 1266
2115 3005
4954 4194
1412 1870
882 4324
113 788
1302 756
4597 2438
837 636
3926 40
1530 1789
4342 2153
4672 3483
1463 521
4488 953
1677 2875
3062 3846
4527 2705
1353 1007
4133 2842
2465 3048
2001 3202
1209 4187
1066 4638
492 2867
2595 4510
4618 1854
2759 622
1672 1280
2974 1845
3828 3379
1546 4261
3927 3779
439 4
3303 4836
3808 22
3120 4522
4169 926
4072 488
3228 543
2200 1647
4679 2906
4902 675
4525 1848
851 3381
832 276
1864 1189
3179 2271
3451 4147
2100 631
2255 2122
1032 3608
651 4963
691 1898
780 4393
3412 3938
3873 2768
1703 3887
3264 1370
123 3528
2013 1811
1462 2487
4460 666
1268 2272
4734 765
2024 3835
1314 3752
1055 3855
3237 3661
2080 1199
1824 3856
3185 600
3996 2641
2260 4876
1926 443
728 72
366 3225
3619 3447
4498 1691
2413 3167
3019 4673
3444 4984
3719 2877
1195 2706
364 3129
2297 529
3573 3983
3864 3477
2527 1528
220 1224
570 695
3313 1389
1377 1093
3328 2131
339 501
1705 915
469 1287
4645 829
2048 4174
2357 3479
111 3694
2812 2484
2689 2658
1520 822
450 3484
3840 4626
2 2212
3550 981
4317 933
4959 3695
4084 4185
2227 1502
1138 2801
991 4834
100 1882
3267 4301
1750 4139
4552 4591
4266 950
781 4847
193 3665
2308 3449
2076 3671
1095 2874
4647 4566
2580 1990
3092 2830
2098 3082
1873 2224
1653 3594
3024 25
2479 726
4300 2502
3420 803
2767 2494
2370 3121
757 2081
3113 2909
3801 1609
3957 3482
480 4758
4686 272
363 343
1016 917
905 4816
2187 2055
4831 2155
1593 3686
987 3219
533 4706
2609 4907
2030 4386
1354 250
1028 2556
4577 1614
1247 422
2588 3977
1021 4485
1500 3378
1496 1493
2034 2180
4543 258
430 1989
4914 1117
4881 427
2350 1580
4093 3922
3429 319
1499 1107
3422 3139
2966 3212
2289 697
3316 2375
3210 2627
2537 4142
44 2955
1540 2400
4346 4107
2142 3357
271 3112
3689 224
4853 3283
1154 2915
3906 357
2615 3859
1205 1803
2983 1783
453 2629
38 2333
3334 1120
3155 687
191 1099
3404 2434
2419 4507
3199 3524
806 4029
3713 2217
2944 2904
706 3160
564 4296
3457 3518
3794 1796
3100 2937
2208 2586
1798 4580
1744 4549
3776 2631
1704 2414
1630 1033
2182 408
4111 114
1341 3145
1529 3064
3470 3788
730 4109
2817 3362
4814 3706
4924 1935
3108 3156
1709 4622
4717 256
1637 3773
3317 4260
3535 189
4973 1828
4234 4514
2242 1242
1757 559
217 1808
2038 3229
3497 1649
4813 1754
3925 2776
3221 384
4564 1742
951 1897
2833 2862
3870 2592
1339 1951
1823 1367
4091 2878
1265 611
61 913
3953 699
1072 3310
1952 400
2490 2643
4140 3500
1394 3790
1927 4990
1611 16
4978 1620
1243 3000
3440 2323
9 3390
135 1217
1987 2905
3698 4057
2932 3033
3314 1187
717 4855
3848 3148
3442 2662
3672 3266
1818 2167
4633 4314
3987 2652
664 1148
3295 914
246 1736
3115 2340
1478 2763
102 4523
245 3875
591 4308
3022 3375
2873 125
4764 3778
1853 3287
1497 4650
1769 1323
1984 704
4056 3638
750 4472
2899 2205
569 2002
1840 1890
2605 263
196 212
553 3504
46 2978
4426 1734
2535 2047
2147 3566
4681 789
1553 2582
342 121
1827 12
1745 1717
1776 678
791 1967
2077 1678
4443 2032
3402 3430
922 3364
2453 1365
1386 3226
3990 4168
2139 1455
3506 3369
997 2815
1174 1759
4989 3421
2515 2089
4049 305
1725 1084
279 2811
1851 2908
3562 2585
4449 1249
1627 3725
463 2483
3628 41
26 2498
467 2265
2938 1713
2481 4966
2926 1685
1317 1695
3905 746
1933 3774
4423 4780
1009 3307
3331 1821
5 4602
3342 2328
1451 945
4416 710
4347 3126
2136 2789
2888 4917
3274 1651
4936 1942
94 3322
4652 3299
3186 4769
154 4429
260 1479
4854 265
1929 578
910 3195
1406 2993
668 4995
2303 3426
3286 152
2239 1537
317 4259
2109 3917
878 3196
218 4785
1411 4784
4718 252
484 4539
2335 718
4391 257
4304 3166
585 4313
3417 996
243 107
4035 456
2050 4742
2809 172
1815 255
4865 4069
3109 539
3052 589
2435 1334
3599 941
4492 3242
2729 1223
3521 4833
2547 1538
3271 4707
4505 3642
3904 1132
2569 3321
133 2945
2367 156
4819 2808
2358 3143
306 398
3680 560
3425 3940
2060 625
4385 853
3452 662
1595 53
4810 209
340 1097
1126 4590
3018 1700
4074 1768
1309 464
4352 2931
2354 4014
197 1403
291 3312
1427 1509
2675 1222
1064 4363
262 3030
881 1706
642 4607
3961 3643
4059 4191
595 3419
2821 1172
293 4775
119 2918
1235 1207
2140 1173
3220 1203
23 1617
106 1297
3341 1250
273 698
2337 2421
644 4844
3668 587
2549 2846
2959 3754
232 3182
3138 462
2195 4793
3584 3860
3036 2930
103 4033
3664 1164
1999 1601
3265 4253
1814 4316
1003 2866
998 1424
3604 3284
4864 4842
2116 3692
865 2869
1966 1186
2829 4451
1747 3611
868 4468
1076 1573
409 2084
4448 180
4730 1201
2451 2783
3192 805
4258 1863
3037 1006
711 1514
2349 3989
2345 1372
4621 3751
157 394
700 3710
620 2610
1569 86
4598 1829
4980 1806
1511 1152
1369 4720
4299 315
956 4524
2935 4288
2028 2626
1153 287
3635 3918
2431 4379
1065 3561
2405 254
4196 233
290 311
2907 1494
3641 535
2891 4956
4688 4052
3819 1561
3259 513
4569 2399
3410 3463
2952 136
240 1422
1322 147
2564 4220
1662 3745
2598 532
120 4677
640 1362
3789 249
37 4852
894 2832
3464 3914
1533 3663
1947 3017
3366 1262
607 3040
2206 4533
146 3716
692 2962
2270 1655
4691 918
4273 4637
371 1679
952 160
4588 2169
3690 2890
4614 1748
1218 2608
4389 3069
4228 4387
1660 2947
2393 2026
461 1355
3034 2613
3702 731
897 3345
2157 4671
3047 1313
2512 2210
115 1822
3666 1443
3632 2493
1868 1658
3646 4712
821 1914
4862 164
4890 4604
1071 2020
2211 4781
4575 2263
3890 1254
4247 4958
1687 934
516 4461
1535 4250
1773 854
4856 2247
1123 4866
3270 3748
2969 2636
4733 1014
1934 3078
558 3591
1770 122
4916 1018
3496 4972
2112 3360
719 4950
420 3799
3850 992
1682 3615
4904 1109
4502 390
4731 3610
594 4019
3838 2574
550 1363
471 2614
3772 959
3715 927
2680 4204
168 3606
2114 4926
4903 683
3184 3583
4007 852
3703 1348
2669 838
2158 2458
4738 3841
2803 4999
4070 2072
1000 1284
4974 4528
4898 1570
1358 493
1329 795
1197 2425
4665 4141
2067 1382
302 4894
2407 3106
2097 2126
1596 1932
1746 3305
3436 2913
3461 241
2882 1843
929 3007
1408 1404
3253 1332
3227 2724
1321 1056
1881 944
2593 237
4276 2168
4159 3724
3634 404
2682 4284
1844 2009
370 4493
3995 2654
2307 3948
1608 3684
2521 149
3753 3127
2577 3098
2647 827
2362 2161
33 219
2310 1410
4567 2079
4458 1752
3498 4627
4653 3533
3218 867
4477 4809
4925 4473
2553 4326
3468 958
4226 2797
472 1962
572 2950
2141 3486
1005 4687
3336 1957
2269 2762
4979 1001
110 1959
4929 2977
4020 1112
2886 1052
3350 2617
3732 1096
4786 228
372 635
2967 4659
2025 3585
898 1464
1244 1825
1194 2401
414 238
2561 3352
433 1149
2827 2591
4319 3967
542 2248
3149 4004
2450 2757
2554 4700
4080 4188
148 295
11 124
1495 3568
3825 4656
3833 2794
1831 4812
3293 2283
2096 4967
4873 1350
4114 2225
1922 3329
2232 4179
2240 1272
2106 3214
3459 3377
2044 4891
4353 4037
335 3041
2463 1667
824 3076
4669 2127
3349 1819
1613 1976
261 3757
4913 1488
1470 3343
3097 3111
2496 4772
1558 1905
3162 1720
4419 748
3578 807
2385 3503
864 1800
1155 4158
1047 2589
2923 4370
567 2865
4750 436
2736 4436
1059 2058
2676 3285
3636 4272
2330 2968
2505 4806
1116 374
1079 1639
3222 4611
1891 618
1092 2740
1710 3923
2295 3952
656 2984
4026 2469
2898 971
1615 4689
778 3947
1486 4478
1390 4106
3261 4077
4042 2989
752 1571
1997 4594
538 4965
3517 4759
2418 2902
935 2633
4861 3107
1251 3165
3431 1612
638 1091
4484 974
3750 4447
4530 571
2800 1938
2137 551
3743 4062
1778 2220
873 1545
2068 4094
4479 503
4822 4118
2655 848
4202 2066
4048 301
19 268
4344 1701
3936 3831
2723 1460
1216 2383
993 2831
2516 1953
4360 2135
2539 3150
2683 4830
59 4047
4905 2747
3386 4028
734 3820
3939 109
1671 961
2721 713
4359 3544
3693 694
1810 4235
688 3241
2778 1213
4303 3582
3245 3235
2037 3520
3144 4223
3306 2703
3678 4583
3972 426
4065 4017
4763 1892
4066 2657
4425 2642
2118 2353
4657 1504
3649 3246
3217 4877
1519 1437
4001 4585
3975 3613
4832 2754
3579 4023
2782 2436
1434 2085
3697 4501
4116 4578
4593 1105
1534 920
3038 3738
1765 98
3079 3327
3455 2679
4256 3650
4993 2940
3656 4662
4279 3325
2312 1012
2417 367
4600 2638
349 4280
643 3292
3994 332
108 3946
1124 3945
4455 621
3549 1755
3707 2534
2219 294
2003 2249
2012 1414
912 2596
1699 1232
3877 495
4867 2325
2851 562
1151 141
1051 34
1865 1970
4412 849
4878 2363
2684 4948
671 474
4927 3674
2326 2612
4277 1345
4994 4201
4291 1915
3993 3090
2175 3403
2828 4409
2318 4504
1817 1400
2887 4644
3872 3759
1364 2011
655 1988
4540 1901
2029 2765
264 4368
2897 2235
2687 823
3213 3128
2488 186
2336 507
2329 491
4503 3006
1924 1049
431 4063
2159 331
3621 4985
2536 1428
2007 1467
4561 4173
1300 1741
440 2046
2444 3091
4491 3921
1753 1303
3827 4932
3363 3337
3515 1971
489 1103
4081 2311
4136 1557
4562 581
1436 2194
3395 4021
74 2785
3645 1312
2927 3949
3744 847
703 930
2288 672
13 967
402 3359
49 1743
4294 702
3124 4884
2540 1196
1318 1031
2863 1708
3651 3234
3763 574
3188 1011
1328 2965
1471 3812
3276 3391
1259 1582
4243 4088
674 2501
2893 3035
1026 376
4013 2559
2459 3414
2844 3093
3201 4102
3534 4351
1252 4943
1188 2575
669 4642
3722 4789
2430 3002
1176 3014
2741 2409
3494 2921
568 2671
1200 2397
3797 4942
248 1805
3830 1198
861 3915
4010 2276
1732 1010
1656 1625
171 4668
3895 727
2356 2036
1584 2707
2472 964
4490 4433
3039 2660
2086 2777
99 900
204 3587
2774 2745
117 2587
1855 729
182 3384
3231 4762
855 3575
940 4675
1867 2607
2422 3400
475 2070
1661 4321
2179 3896
4435 143
3268 1581
1086 1794
3141 2008
1180 517
999 2637
485 2751
2986 3614
4935 4899
1293 4920
1648 1562
445 1215
3991 1085
4170 603
776 4579
3367 3346
1719 3907
2924 3652
2646 2103
1994 4548
1023 1475
4556 1560
960 1337
2885 4076
4895 740
221 3296
4151 308
2285 1048
4815 4818
4067 1110
684 2632
3176 2933
1206 2701
2474 2108
2332 2279
3786 2185
4792 2746
3681 1015
1316 4275
4576 3736
3026 1267
3290 4338
166 4176
3116 3817
4137 1944
1306 2250
938 3389
3051 798
1787 57
1413 2286
3407 2090
2321 2359
1351 3854
3318 4513
144 3374
1621 4551
1327 1431
2880 808
4156 1875
3512 3704
4643 3443
2433 1385
4912 2739
785 477
4285 2390
2572 1070
3829 1961
931 4519
1289 2896
2625 826
4631 1505
2214 3898
973 810
2565 4639
540 2006
151 4601
2531 4872
4770 2792
66 1062
2640 242
3976 3805
1590 3675
4161 3361
4710 355
1543 2868
1730 4719
4888 2160
1507 4715
887 1690
3803 2621
4992 4117
771 4651
3471 1916
3886 4417
2911 481
283 2446
2402 744
1772 1846
818 2051
3405 1144
3729 1446
1360 2825
4829 2143
1788 1459
1036 4896
1101 1812
716 3530
4581 1740
3333 4330
831 2848
2475 3639
1638 1352
2526 972
4357 3502
159 2095
2941 1884
2742 2972
1190 3358
2985 555
1920 2420
4605 2622
4211 2361
2999 4148
3564 2953
378 4716
4009 4779
690 2092
1226 4045
4499 466
880 2033
4680 2511
4951 1130
743 1278
2188 91
3934 676
1233 2243
2550 1231
1784 2412
1359 3847
3513 3539
4200 2816
4274 2823
3146 522
1335 1894
772 1578
1098 649
3508 1838
680 4244
2630 1847
3320 962
15 2659
415 3741
4101 1185
609 79
4921 753
4616 1715
4629 1518
3769 3288
4743 4095
325 1102
4554 1388
1227 939
2119 2686
3304 2416
1977 1634
1585 411
739 4550
2193 2120
4506 2324
4413 2807
45 4757
3032 4092
4801 3059
2942 1729
418 4945
1061 1142
1053 1728
1331 4440
4113 899
548 4727
2982 90
1645 3168
2841 3008
4559 2509
3523 4783
1802 4880
906 4078
333 4034
3687 3438
1955 1878
393 911
3065 3796
227 2786
3783 1277
3837 2296
2485 4164
3981 312
4399 184
1375 4698
1002 2234
3194 4557
1779 3793
3252 566
4309 4500
2850 1632
2144 4115
1676 3289
1069 3103
3353 1572
4739 2406
2620 1688
3824 80
2491 633
3474 1013
3348 2674
4723 4760
2411 112
137 200
3119 4129
3956 1057
4182 800
2500 3460
3215 4802
3454 3720
3832 3413
39 3627
1075 3397
4366 3941
1603 3382
4282 1480
4736 2378
3586 921
968 2290
4640 754
3351 2998
4000 1487
1407 2508
2702 2858
344 4685
1301 4860
4134 2579
504 3574
2035 856
2960 3669
2639 1271
1145 266
3370 4968
4323 1526
2364 4269
1642 375
1291 2124
2172 1597
2920 2083
1531 4850
2386 3187
3814 381
4811 1125
1384 4332
760 1623
916 3009
1397 2304
52 129
2648 907
2388 4535
2666 3356
48 994
4097 1191
4155 4848
2822 1646
2442 724
3302 3548
1320 76
891 4374
769 2078
1548 1025
3137 1131
1594 3959
1472 3408
2062 2513
3080 4987
2368 588
4405 4040
828 4918
3553 1618
875 3344
4828 2677
4694 3560
2121 4082
3173 4892
2744 714
1074 1549
4175 1731
1918 520
1760 4126
4732 2448
1241 2464
244 4430
1004 3968
2566 1523
1319 983
4398 2201
985 2571
3532 4508
4938 4745
2688 2082
986 1774
3598 3495
3439 526
84 3057
3105 3239
2134 3894
3453 576
4248 4311
1418 2725
2154 4765
3178 4198
4841 1020
3177 2853
2576 4138
1640 3067
2256 1893
3667 584
126 840
165 4697
4678 4043
3045 2191
3884 3263
4240 2919
1433 314
3136 3249
2162 470
2753 429
3930 413
330 1167
4318 2903
187 17
782 4241
2602 2302
4355 4404
3569 2343
3 1727
1592 2004
1161 1764
4603 845
4820 1852
1489 3869
2132 369
4378 4340
4207 1801
4286 2836
360 502
1974 4983
4054 4083
1078 4859
1737 4306
2128 4050
3191 1960
2277 1111
1996 2264
3749 292
653 2722
4411 4863
3216 3982
549 3862
3183 3281
1726 1978
4465 3770
4748 2351
4361 3601
3730 2440
2603 2668
3251 4214
4970 3903
3102 2384
1430 2929
1587 4331
4442 4395
1342 2522
158 2426
173 2601
2244 2970
2104 2544
2473 2166
4474 515
2192 4124
1135 448
1481 4390
3282 4445
4724 2710
1762 4953
707 1378
3935 2322
4729 3843
3616 2810
3542 1842
4231 3029
982 299
1525 2713
2604 1458
3858 1669
3756 4195
3595 4339
3540 2732
277 767
4486 801
2165 4805
904 2123
3280 214
1975 1904
1425 3813
3068 4654
4512 4394
1556 3278
3937 2347
1983 647
3159 4183
2779 3238
2835 4497
176 1157
871 1515
4192 4483
1181 2019
556 4233
3211 4270
4660 4957
4322 3193
4940 3541
3979 1616
274 1849
4165 2480
4915 3131
455 4146
597 2477
1043 3388
4221 4774
4337 451
3140 3931
2306 89
1513 1380
1907 2958
178 1968
2237 1937
1290 380
4714 4791
606 4407
3371 4160
648 736
104 77
604 354
2975 3472
4212 3714
2394 2173
3510 1274
783 1993
3559 2445
659 1636
458 1465
4619 2558
579 1714
3028 2382
1544 225
1547 3755
4771 2623
2543 4868
775 3944
368 1791
773 1834
4606 2870
1162 4797
1895 614
1108 639
4722 4804
3153 3450
3580 980
815 4910
4740 1465
