98739 698120
148600 655960
344575 517960
534636 419864
578071 401419
847792 311512
900747 297827
1060101 262415
1508329 194695
2169181 139624
2317302 131192
2965977 103592
3538756 87265
3771639 81995
4582459 67720
4796064 64745
5930299 52483
8008911 38939
10947069 28520
13870494 22520
14763385 21160
17903214 17453
19054981 16399
23074821 13544
24135706 12949
36926316 8465
54803791 5704
69406516 4504
73867707 4232
87688846 3565
111052621 2815
118190394 2645
184651894 1693
252109936 1240
339800724 920
438452784 713
555269859 563
590958316 529
1260552654 248
1699005826 184
2016884367 155
2718409411 115
7815427201 40
10084422205 31
13592047329 23
39077136099 8
62523417762 5
312617088820 1
