664 1308806
66079 1245057
83824 1228326
254542 1079438
280072 1059014
409164 962742
544894 873422
617892 830038
900754 688607
982932 654403
1088892 614163
1318662 539719
1354404 529507
1540384 481371
1744854 436711
1858312 415019
1889239 409442
2511147 320914
2824044 288822
3480114 238206
3674152 226374
4085559 204721
5262979 160457
5864704 144411
7138882 119103
7518084 113187
7622019 111666
8857227 96274
9443667 90354
9752119 87522
9941869 85866
10757949 79402
11324287 75458
12071047 70818
15327787 55833
17786659 48137
18955099 45177
19569879 43761
19948137 42933
21575449 39701
22705167 37729
23014944 37222
24195207 35409
25808902 33198
28451472 30118
29373052 29174
29940094 28622
36307564 23606
46057804 18611
51642702 16599
56925532 15059
58767984 14587
59901654 14311
72632832 11803
77470969 11066
104373172 8214
109828914 7806
133167792 6438
154950237 5533
208752504 4107
219663682 3903
266340412 3219
284078997 3018
313130467 2738
329497149 2602
351085989 2442
399511959 2146
447937897 1914
568160257 1509
626262987 1369
658996249 1301
702173809 1221
799025527 1073
852241014 1006
895877229 957
1053261222 814
1343816242 638
1704482782 503
2106523054 407
2687632962 319
3861959194 222
4927327302 174
7723918554 111
9854654734 87
11585877877 74
12990226719 66
14781982137 58
23171755809 37
25980453487 33
29563964317 29
38970680244 22
77941360504 11
142892494264 6
285784988532 3
428677482799 2
857354965599 1
