9441 1378944
10012 1378377
15641 1372800
24212 1364352
33953 1354815
37565 1351296
49723 1339520
57498 1332045
59048 1330560
67298 1322685
78245 1312311
91275 1300075
114872 1278225
116426 1276800
116999 1276275
120623 1272960
131600 1262976
144670 1251200
149249 1247103
158473 1238895
164242 1233792
173348 1225785
198653 1203840
208496 1195425
212148 1192320
233135 1174656
233714 1174173
242255 1167075
257262 1154725
259187 1153152
270851 1143675
272429 1142400
283578 1133440
296450 1123200
301523 1119195
305219 1116288
315198 1108485
317673 1106560
325648 1100385
350285 1081575
356198 1077120
360746 1073709
376027 1062347
391484 1051008
400832 1044225
402074 1043328
412223 1036035
415632 1033600
415991 1033344
459503 1002915
472321 994175
478378 990080
482174 987525
485998 984960
486603 984555
508616 969969
512042 967725
522857 960687
528876 956800
538057 950912
538859 950400
547709 944775
549744 943488
559478 937365
561148 936320
565661 933504
575573 927360
594628 915705
606539 908523
638694 889525
646626 884925
648965 883575
652953 881280
665054 874368
666407 873600
674204 869193
675926 868224
698153 855855
702197 853632
713128 847665
725052 841225
729128 839040
729773 838695
731523 837760
758228 823680
779156 812889
785617 809600
797282 803712
805856 799425
808045 798336
817595 793611
821329 791775
824134 790400
845498 780045
873173 766935
875003 766080
875678 765765
879950 763776
904111 752675
908423 750720
932324 740025
934190 739200
942665 735471
944140 734825
961779 727168
973136 722304
985053 717255
1009185 707200
1026198 700245
1044623 692835
1056119 688275
1061378 686205
1063328 685440
1077131 680064
1087581 676039
1088531 675675
1093123 673920
1099442 671517
1106631 668800
1119620 663936
1123754 662400
1146435 654075
1155976 650624
1160648 648945
1168127 646272
1184053 640640
1224973 626535
1239129 621775
1239590 621621
1243973 620160
1257080 615825
1258690 615296
1270850 611325
1289007 605475
1291121 604800
1300726 601749
1311364 598400
1317428 596505
1325339 594048
1330303 592515
1369523 580635
1386645 575575
1391753 574080
1398784 572033
1404978 570240
1416728 566865
1432391 562419
1434617 561792
1451141 557175
1453880 556416
1475349 550528
1487660 547200
1488497 546975
1524402 537472
1538903 533715
1552848 530145
1576598 524160
1613055 515200
1620044 513513
1624990 512325
1640102 508725
1657073 504735
1662701 503424
1663592 503217
1666010 502656
1676761 500175
1703009 494208
1723667 489600
1741148 485760
1754398 482885
1769453 479655
1789207 475475
1795103 474240
1811066 470925
1825187 468027
1864320 460161
1866914 459648
1867871 459459
1877322 457600
1891771 454784
1908278 451605
1914422 450432
1929774 447525
1948553 444015
1951223 443520
1965473 440895
1984482 437437
2048915 426075
2051677 425600
2052696 425425
2059148 424320
2065572 423225
2078767 420992
2110550 415701
2127278 412965
2134939 411723
2137781 411264
2154423 408595
2174578 405405
2201078 401280
2219387 398475
2226203 397440
2265612 391552
2266705 391391
2280517 389367
2282864 389025
2315096 384384
2337452 381225
2340486 380800
2355751 378675
2386949 374400
2396828 373065
2404040 372096
2423573 369495
2444123 366795
2474428 362880
2492954 360525
2504753 359040
2513849 357903
2575795 350336
2592210 348381
2594795 348075
2597325 347776
2618048 345345
2625764 344448
2663541 340119
2715728 334305
2763221 329175
2771273 328320
2772548 328185
2793084 326025
2819139 323323
2826425 322575
2849486 320229
2883776 316800
2902826 314925
2907215 314496
2928253 312455
2941654 311168
2963198 309120
3004823 305235
3030980 302841
3119777 294975
3124994 294525
3133898 293760
3160985 291456
3164020 291200
3181535 289731
3183405 289575
3185409 289408
3204904 287793
3235598 285285
3244766 284544
3269603 282555
3306103 279680
3307578 279565
3372923 274560
3421319 270963
3443770 269325
3463461 267904
3483467 266475
3484396 266409
3488582 266112
3510932 264537
3519686 263925
3576553 260015
3588615 259200
3642098 255645
3646448 255360
3648053 255255
3658217 254592
3726228 250240
3765711 247779
3783671 246675
3788169 246400
3808622 245157
3878937 240975
3882479 240768
3911498 239085
3922306 238464
4012253 233415
4057648 230945
4086056 229425
4099073 228735
4103903 228480
4138144 226688
4166492 225225
4177928 224640
4193681 223839
4236352 221697
4244107 221312
4254461 220800
4269162 220077
4311404 218025
4347203 216315
4366076 215424
4510298 208845
4547597 207207
4558798 206720
4592339 205275
4627649 203775
4674320 201825
4679762 201600
4704509 200583
4747623 198835
4768080 198016
4780928 197505
4793892 196992
4795945 196911
4882748 193545
4940698 191360
4975253 190080
5006003 188955
5047064 187473
5052906 187264
5096322 185725
5103527 185472
5137879 184275
5170830 183141
5192579 182400
5194790 182325
5328328 177905
5356948 176985
5365403 176715
5379835 176256
5428673 174720
5544815 171171
5558069 170775
5598605 169575
5600034 169533
5644198 168245
5659334 167808
5661731 167739
5668237 167552
5697182 166725
5767970 164736
5823800 163200
5871123 161920
5947898 159885
6006903 158355
6017628 158080
6061097 156975
6099596 156009
6102966 155925
6206507 153387
6213605 153216
6216224 153153
6326973 150535
6343841 150144
6386021 149175
6437678 148005
6445028 147840
6484278 146965
6646675 143451
6714844 142025
6743203 141440
6761015 141075
6811576 140049
6885917 138567
6932453 137655
6953780 137241
6961694 137088
7064273 135135
7083021 134784
7138273 133760
7189460 132825
7208528 132480
7301953 130815
7360706 129789
7367291 129675
7457799 128128
7520655 127075
7572152 126225
7628547 125307
7660046 124800
7687903 124355
7708247 124032
7763378 123165
7821428 122265
7898173 121095
7907123 120960
7959561 120175
7992978 119680
8018750 119301
8073549 118503
8241137 116127
8248484 116025
8314603 115115
8336555 114816
8393464 114048
8444114 113373
8592923 111435
8728562 109725
8751578 109440
8755223 109395
8813951 108675
8909374 107525
8975429 106743
9036586 106029
9073727 105600
9128377 104975
9140972 104832
9301753 103040
9354528 102465
9421448 101745
9496727 100947
9584223 100035
9752630 98325
9767681 98175
9793373 97920
9871562 97152
9930912 96577
9936314 96525
9998435 95931
10087173 95095
10113689 94848
10185548 94185
10484848 91520
10625240 90321
10690409 89775
10722928 89505
10805700 88825
10808399 88803
10820561 88704
10885511 88179
10910957 87975
11111444 86400
11267153 85215
11279823 85120
11284498 85085
11314106 84864
11343598 84645
11627504 82593
11679912 82225
11752741 81719
11845860 81081
11958110 80325
11968460 80256
12053273 79695
12084869 79488
12347978 77805
12564067 76475
12602198 76245
12616348 76160
12687573 75735
12799775 75075
12833303 74880
12879494 74613
13004651 73899
13057782 73600
13100921 73359
13224911 72675
13243050 72576
13330028 72105
13385459 71808
13809353 69615
13919066 69069
14050716 68425
14154646 67925
14292059 67275
14308085 67200
14380970 66861
14606123 65835
14644331 65664
14650382 65637
14747878 65205
14906303 64515
15179198 63360
15269948 62985
15391155 62491
15557876 61824
15659336 61425
15756677 61047
15820936 60800
15827469 60775
16306823 58995
16331828 58905
16374512 58752
16518978 58240
16612003 57915
16862672 57057
16901906 56925
17021914 56525
17026145 56511
17201745 55936
17208844 55913
17313845 55575
17523557 54912
17688999 54400
17865228 53865
18056873 53295
18231848 52785
18392590 52325
18506799 52003
18516797 51975
18565153 51840
18824036 51129
18845102 51072
18852875 51051
19231714 50048
19356962 49725
19510373 49335
19532203 49280
19973023 48195
20131292 47817
20471144 47025
20621459 46683
20669385 46575
20842506 46189
20980898 45885
21044327 45747
21067865 45696
21372998 45045
21428774 44928
21745479 44275
21802223 44160
22080278 43605
22255169 43263
22274772 43225
22884755 42075
23052716 41769
23146537 41600
23290116 41344
23454353 41055
23627303 40755
23855978 40365
23882648 40320
24215317 39767
24378650 39501
24878246 38709
24900151 38675
25029787 38475
25162752 38272
25332455 38016
25483505 37791
25927348 37145
26131653 36855
26331985 36575
26400653 36480
26411528 36465
26586752 36225
27068610 35581
27209502 35397
27251129 35343
27361980 35200
27562691 34944
27978756 34425
28200203 34155
28400003 33915
28624776 33649
28886048 33345
29388989 32775
29433942 32725
29510678 32640
29744221 32384
29937641 32175
30123212 31977
30414565 31671
30467530 31616
30682223 31395
30889048 31185
31996147 30107
32190926 29925
32288123 29835
32543600 29601
32579954 29568
32774104 29393
32850170 29325
33449531 28800
33915078 28405
34055469 28288
34143653 28215
34992635 27531
35645687 27027
35981429 26775
36012387 26752
36266078 26565
36360590 26496
36596950 26325
36823719 26163
37147673 25935
37908253 25415
38163698 25245
38499424 25025
38599748 24960
38737965 24871
39112484 24633
39400574 24453
39771632 24225
39781491 24219
39825917 24192
40086223 24035
40252120 23936
41520878 23205
41849289 23023
42965876 22425
43013854 22400
43232057 22287
43255359 22275
43906148 21945
44020544 21888
44038661 21879
44330573 21735
44804928 21505
45622073 21120
45893823 20995
46756059 20608
47018554 20493
47059907 20475
47351426 20349
48161197 20007
48999128 19665
49074023 19635
49201871 19584
49913228 19305
50664091 19019
50781617 18975
51153782 18837
52015634 18525
52643886 18304
53667503 17955
53829450 17901
54241678 17765
54765923 17595
55619690 17325
55764578 17280
56540279 17043
56603401 17024
56626692 17017
56921136 16929
58137185 16575
58596898 16445
59983328 16065
60457631 15939
61476131 15675
61926620 15561
62070254 15525
63003873 15295
63193976 15249
63264522 15232
63619627 15147
64179053 15015
64346225 14976
65465548 14720
66298973 14535
66823190 14421
67983121 14175
68710364 14025
69213839 13923
70417798 13685
70936248 13585
71621753 13455
71701703 13440
73188617 13167
73895880 13041
74686349 12903
75140660 12825
76048052 12672
76500902 12597
78444098 12285
79250598 12160
79283203 12155
79808555 12075
81675701 11799
81800510 11781
82734664 11648
83199009 11583
83982167 11475
84646148 11385
85245228 11305
86702603 11115
88210666 10925
88575553 10880
89455414 10773
89855822 10725
90412271 10659
91285922 10557
92088528 10465
92708723 10395
92950179 10368
96612677 9975
96904148 9945
97670267 9867
97779285 9856
98589609 9775
99980781 9639
100386992 9600
102468578 9405
103458703 9315
105014612 9177
106973096 9009
107979986 8925
108833653 8855
109117097 8832
109825949 8775
110506040 8721
111477598 8645
114524753 8415
115832523 8320
117370295 8211
118234325 8151
119347195 8075
119376764 8073
119510006 8064
124593573 7735
125241273 7695
128927527 7475
129725886 7429
129795776 7425
130746715 7371
131747703 7315
132090815 7296
132145154 7293
133020698 7245
136894378 7040
139976398 6885
141082985 6831
141207020 6825
142081409 6783
144510266 6669
147023603 6555
147248248 6545
147631724 6528
149765423 6435
152370150 6325
153486461 6279
154520082 6237
156071601 6175
161026448 5985
161512217 5967
164321228 5865
166882169 5775
167316773 5760
169643560 5681
170785979 5643
174433654 5525
179971403 5355
181394144 5313
183047928 5265
184449292 5225
185800607 5187
186231461 5175
189602259 5083
190879076 5049
192557178 5005
193058642 4992
198916298 4845
200488797 4807
203968262 4725
206149791 4675
207660080 4641
214883198 4485
215123028 4480
216330253 4455
219583406 4389
221705027 4347
224076250 4301
225439079 4275
228161051 4224
229519501 4199
235348673 4095
239441764 4025
245042834 3933
245417237 3927
249612470 3861
251961800 3825
253953623 3795
260122628 3705
268380605 3591
269581765 3575
271251024 3553
273871841 3519
278140028 3465
278864360 3456
289851330 3325
290725703 3315
293023956 3289
299955194 3213
301173775 3200
307418273 3135
310388528 3105
315056071 3059
320931299 3003
323951857 2975
327363066 2944
329489546 2925
331529747 2907
339949623 2835
343585478 2805
352121832 2737
354713842 2717
358141055 2691
358540769 2688
375734078 2565
389397227 2475
392249972 2457
396282172 2432
396445185 2431
399071753 2415
419938373 2295
423258062 2277
423630159 2275
426253270 2261
433539689 2223
441079548 2185
442903875 2176
449304848 2145
460467754 2093
463568561 2079
475930444 2025
483087323 1995
484544606 1989
492971503 1955
500654206 1925
501957998 1920
512365460 1881
517315869 1863
539921348 1785
544189515 1771
549150803 1755
557408736 1729
558701282 1725
572643959 1683
579182581 1664
596755353 1615
611911085 1575
622986427 1547
626224831 1539
644655573 1495
648996698 1485
658756069 1463
665120876 1449
676322936 1425
684488784 1408
699898512 1377
706051478 1365
735133745 1311
736256946 1309
748842557 1287
755890499 1275
761865928 1265
780372823 1235
805146602 1197
821620214 1173
834424703 1155
836597687 1152
872181528 1105
899869865 1071
915252274 1053
922258998 1045
931169723 1035
962797900 1001
988472537 975
994593116 969
1019852648 945
1030760173 935
1074426752 897
1075625890 896
1081661955 891
1127205653 855
1168194980 825
1176753191 819
1197218478 805
1259818178 765
1269777221 759
1300622030 741
1347917403 715
1390708454 693
1427794031 675
1449264628 665
1453636469 663
1505876553 640
1537098887 627
1551950090 621
1619766423 595
1647454748 585
1676106145 575
1699754917 567
1717934120 561
1835735354 525
1878676544 513
1946992073 495
1995364559 483
2028970707 475
2099697371 459
2118156253 455
2205402982 437
2246529386 429
2267673196 425
2379657078 405
2415441401 399
2464862205 391
2503275648 385
2509794596 384
2699611022 357
2745758225 351
2793510548 345
2965418910 325
2983780639 323
3059559203 315
3223281451 299
3244987052 297
3381618098 285
3504586039 275
3530260664 273
3779455553 255
3809332674 253
3901867077 247
4172126285 231
4283382992 225
4360910290 221
4611297496 209
4655851097 207
4942365023 195
5099265506 189
5153803107 187
5507206761 175
5636030315 171
5840976878 165
5986094320 161
6299092724 153
6739588729 143
7138971773 135
7246324734 133
7529384299 128
8098833541 119
8237275142 117
8380532103 115
9178678028 105
9734961551 99
10144854673 95
10590782355 91
11338366998 85
11898286360 81
12516379162 77
12850149275 75
13967553566 69
14827095328 65
15297796769 63
16908091172 57
17522930853 55
18897278375 51
21416915498 45
24711825581 39
27536034223 35
29204884784 33
35694859187 27
38550447924 25
41902660789 23
45893390390 21
50724273591 19
56691835192 17
64250746553 15
74135476794 13
87614654395 11
107084577596 9
137680171197 7
192752239678 5
321253732799 3
963761198400 1
