12
500
veitekkilengur annadnafn y agurka x epli ekkert banani nafn eggert meow moo
38 89 14 82 93 34 21 70 12 98 21 69
92 38 60 67 77 42 95 82 72 29 57 42
73 62 11 54 7 87 56 91 7 39 6 88
56 64 35 34 51 32 42 74 38 79 28 96
82 22 43 84 71 95 80 50 84 18 92 88
75 69 7 33 38 64 75 84 67 2 91 77
14 22 88 65 26 11 73 29 28 7 5 65
94 100 45 12 47 99 92 0 40 94 29 80
53 10 50 33 93 24 93 60 16 55 73 44
86 3 12 29 96 37 6 39 39 69 14 14
86 18 72 91 0 53 37 70 7 68 99 54
92 3 63 66 73 58 17 95 87 54 20 51
65 32 68 88 67 100 69 73 48 58 88 79
50 8 39 17 61 12 78 25 87 18 67 23
70 56 77 74 67 7 25 35 17 8 89 36
86 17 85 76 88 1 23 33 17 72 83 66
80 81 65 41 36 99 28 69 17 93 2 75
55 95 20 24 12 40 74 21 81 42 28 84
40 100 77 41 44 81 49 61 36 76 65 40
85 73 33 62 65 52 21 83 68 15 82 28
5 73 11 83 86 84 27 52 36 80 100 26
41 73 38 62 35 67 3 43 17 73 35 48
98 15 40 85 89 81 39 8 61 67 84 78
99 96 89 61 64 65 33 84 22 45 0 16
51 87 82 41 18 47 95 66 67 7 65 54
68 10 64 90 53 37 71 31 9 18 23 26
42 28 83 58 98 87 22 22 39 46 36 4
1 10 91 83 83 100 14 17 54 34 66 37
4 48 52 15 67 2 55 8 54 74 16 87
27 82 66 14 97 65 40 62 77 19 50 19
51 89 44 7 78 57 96 4 100 81 81 36
95 25 40 20 8 38 49 81 94 12 1 96
95 31 36 42 30 81 4 21 25 12 92 83
42 4 96 92 33 81 34 26 43 98 85 22
52 93 55 37 70 61 73 60 2 68 43 40
50 82 31 27 72 0 13 14 59 44 17 10
98 34 58 69 70 60 80 65 47 48 10 71
80 64 3 90 1 78 67 79 25 88 93 5
10 4 9 92 48 87 96 29 39 23 4 85
88 27 4 9 22 59 41 46 45 63 88 75
92 59 39 0 60 17 62 14 46 39 51 27
39 28 39 68 5 89 59 6 80 48 6 36
17 52 96 92 3 82 76 61 52 18 22 58
67 57 39 36 26 87 62 89 95 49 65 58
31 11 46 29 26 100 73 45 11 18 29 75
83 94 52 70 85 51 67 75 66 41 64 78
57 30 47 2 31 88 50 73 73 11 15 92
15 81 78 18 7 0 70 8 10 93 27 47
8 74 20 75 62 12 26 64 96 73 88 89
54 96 9 22 63 47 15 22 56 26 7 85
1 32 69 80 50 59 90 42 94 71 80 79
80 52 83 34 62 77 40 91 33 100 8 10
38 39 41 64 66 46 32 18 93 43 70 85
56 48 83 39 19 69 75 29 14 24 88 84
64 73 14 79 30 2 52 26 55 2 40 22
86 18 63 29 96 79 23 12 26 85 90 18
29 76 9 54 44 89 94 91 84 6 47 69
63 29 64 1 19 52 20 38 46 91 14 23
58 59 48 47 32 51 93 25 17 44 92 81
80 66 9 22 96 4 54 75 48 48 21 59
27 41 29 99 83 3 41 12 63 48 85 50
84 13 94 52 48 85 55 65 90 60 10 56
20 18 25 61 66 63 11 46 31 81 47 49
73 33 13 68 54 95 67 0 66 51 43 77
14 80 94 3 68 51 57 64 81 63 93 97
46 42 60 96 56 31 71 16 68 8 34 35
96 60 43 40 7 55 23 41 8 18 63 100
81 43 59 97 65 31 48 8 52 38 68 16
7 60 45 80 80 22 60 37 38 82 97 43
100 96 98 65 10 64 27 71 13 46 81 65
23 1 73 30 66 28 26 89 42 71 24 70
32 82 95 43 55 53 46 70 81 16 3 0
15 75 19 2 90 50 78 17 13 30 62 74
86 52 82 12 77 0 11 74 53 90 16 90
21 70 66 66 42 13 71 81 62 42 18 75
8 21 28 18 67 61 45 63 90 72 5 47
91 62 41 100 3 98 65 43 13 94 13 61
81 4 24 14 88 31 18 73 8 31 69 30
77 64 55 96 37 96 48 55 49 50 41 71
28 9 39 43 33 31 50 56 16 8 42 93
68 52 76 29 1 40 39 43 69 16 14 41
90 53 44 28 6 36 66 97 34 40 24 89
46 49 25 44 53 97 92 28 39 95 62 84
40 83 15 33 40 58 36 2 14 8 87 14
28 96 93 39 26 18 94 51 63 85 32 50
46 27 84 77 94 33 88 74 21 22 2 64
5 12 26 93 50 7 82 48 64 97 91 4
14 41 91 63 94 88 24 31 58 17 31 27
79 50 60 51 87 86 71 90 41 0 98 75
87 0 60 39 39 21 53 25 90 82 37 29
3 34 98 77 35 18 24 85 79 16 1 53
94 29 33 31 37 14 79 81 44 61 41 57
34 10 97 82 17 11 53 40 42 17 55 2
49 0 93 58 69 34 27 8 21 24 72 58
20 90 93 99 1 6 76 80 20 23 58 30
35 53 100 94 55 10 68 98 74 40 66 4
75 77 22 16 11 56 56 53 54 47 2 61
100 91 78 10 94 50 2 85 36 62 100 78
78 55 97 39 25 93 88 15 37 51 68 73
70 64 52 87 0 30 71 78 24 6 92 86
34 24 76 86 100 71 50 45 97 77 69 29
35 38 61 20 78 95 75 4 45 69 17 23
83 6 90 40 38 88 17 45 47 19 34 50
84 27 0 62 100 95 67 12 15 51 39 41
19 84 47 56 88 45 48 90 36 80 40 43
82 47 34 28 69 71 93 36 83 53 23 30
68 94 72 15 45 5 11 0 34 32 88 92
84 96 89 14 76 8 94 38 8 66 94 23
98 85 18 23 61 92 75 100 82 41 42 24
71 66 36 90 46 76 34 27 5 23 80 59
97 4 22 97 32 56 46 71 3 26 92 92
11 3 6 73 62 47 42 16 16 52 46 5
88 77 40 42 2 2 22 54 8 85 62 78
39 6 99 0 65 25 10 80 17 27 89 48
94 47 83 99 87 91 29 84 60 50 62 48
83 21 16 72 20 79 94 2 22 69 42 55
39 13 16 72 25 39 45 12 93 23 24 73
46 87 70 16 58 23 27 7 43 13 69 62
84 40 37 87 40 92 34 27 18 39 97 14
89 8 25 93 72 0 88 89 2 68 1 17
39 12 38 9 48 74 22 99 82 77 92 2
52 30 43 76 100 61 75 77 71 10 7 58
44 33 29 62 2 32 28 0 97 76 77 62
41 6 59 52 86 53 44 98 59 49 10 27
68 95 28 86 29 82 25 22 33 48 33 8
45 6 78 55 88 98 96 10 77 0 91 40
65 65 15 41 0 24 72 80 45 3 21 9
64 70 90 34 92 43 26 51 43 88 71 12
1 92 19 83 48 1 7 66 6 19 31 20
69 14 58 90 20 2 63 58 45 52 59 3
87 97 31 71 6 24 1 43 5 90 36 67
58 93 20 83 62 97 65 24 89 52 53 11
29 4 7 93 97 15 50 30 87 56 30 26
9 57 61 37 19 78 0 85 65 96 85 98
36 39 48 95 34 77 93 55 2 18 97 37
71 46 1 8 43 44 39 85 55 45 12 8
55 47 97 42 59 89 99 14 32 54 92 94
13 71 33 59 2 67 46 98 43 56 61 94
64 43 50 85 66 81 99 25 3 45 13 36
78 12 6 26 25 1 33 79 2 50 81 86
75 76 23 60 45 26 97 97 71 79 62 29
15 47 74 74 60 60 2 31 84 5 62 18
26 10 0 82 92 96 4 42 58 7 14 97
51 87 46 15 80 93 77 77 90 3 15 79
17 35 36 75 35 40 73 55 19 51 12 2
98 71 56 0 76 62 91 22 77 15 68 61
76 93 1 8 25 79 62 11 10 52 48 57
34 25 47 94 63 8 74 30 81 82 53 50
87 20 37 19 64 57 51 65 0 52 50 38
44 12 18 34 97 93 84 2 0 81 34 99
85 18 97 48 98 90 23 67 23 70 100 71
64 53 93 83 45 26 80 85 70 66 95 35
48 13 91 44 56 44 51 89 26 46 60 49
15 32 49 62 97 44 42 51 16 65 64 26
93 62 95 22 38 50 17 89 65 6 46 95
93 1 26 37 59 89 70 37 63 60 38 40
9 9 27 5 23 43 0 4 22 40 8 67
62 57 8 94 80 96 24 9 71 1 78 5
11 13 49 100 7 6 64 1 44 18 34 42
73 20 70 73 86 35 20 88 97 5 35 59
47 21 67 12 60 46 46 70 57 37 81 56
95 95 59 100 97 69 8 30 68 44 55 17
18 99 99 11 94 38 83 29 52 29 13 11
48 53 41 66 36 65 5 87 47 37 22 68
1 74 5 37 21 61 18 63 47 33 30 30
95 42 42 100 32 68 85 28 95 81 31 92
44 20 3 7 55 40 66 84 8 2 100 76
87 43 21 61 24 84 19 74 100 45 32 87
6 18 41 94 15 84 60 15 44 46 43 45
9 15 8 43 97 50 63 86 11 89 88 96
73 52 93 77 36 42 46 88 74 13 14 52
4 87 39 28 16 64 84 10 36 9 96 84
50 28 63 15 32 80 85 12 40 15 5 76
34 14 37 28 98 29 30 6 93 97 43 82
73 27 40 56 49 6 29 79 39 39 50 46
13 14 25 14 17 16 2 59 38 94 91 72
2 75 51 48 20 57 12 41 29 79 79 91
32 80 87 68 42 45 31 78 81 61 56 26
74 96 93 63 61 36 92 37 4 55 9 43
42 95 54 38 24 89 3 51 59 92 64 37
93 54 52 97 19 18 53 81 31 47 39 49
72 94 82 41 78 8 99 71 0 78 58 32
62 2 49 27 80 6 46 16 28 91 100 30
34 72 46 100 19 67 75 33 86 51 92 0
12 60 53 94 70 56 22 13 18 2 0 34
68 95 72 99 49 28 85 75 22 5 63 75
62 5 24 94 97 50 24 95 83 91 34 21
48 16 18 45 6 88 10 79 66 87 48 44
44 33 0 66 84 93 61 61 64 84 1 14
64 36 2 80 82 10 29 70 79 27 54 41
45 16 48 95 35 42 36 23 75 4 27 33
60 93 2 92 98 18 36 10 21 27 34 94
15 38 88 13 26 53 82 17 97 34 85 65
96 79 69 81 3 11 2 65 8 38 98 0
13 25 71 79 93 99 3 99 39 53 42 7
15 17 98 66 68 65 44 29 51 39 55 74
25 92 22 100 34 0 45 53 16 87 60 20
100 13 10 67 14 18 7 32 43 30 21 89
75 81 15 14 32 88 20 43 92 81 37 72
82 57 50 61 99 25 20 36 80 59 99 88
5 1 52 75 38 2 64 59 86 78 56 71
8 80 37 20 98 56 100 23 65 21 16 36
70 61 9 91 58 2 50 95 7 94 99 13
29 52 81 45 59 57 4 82 78 69 3 31
2 78 62 50 26 14 60 36 10 85 73 59
86 32 24 96 43 44 30 9 34 0 79 91
64 3 93 88 92 79 55 58 23 74 18 87
36 42 77 14 62 86 52 51 12 88 74 78
84 89 36 41 10 4 53 4 27 64 91 17
61 71 43 7 58 98 2 26 58 49 36 30
96 84 11 50 17 25 86 68 98 73 37 34
59 96 74 42 45 29 89 25 17 53 70 83
85 43 85 6 90 3 52 45 67 81 83 57
30 98 37 53 35 26 41 20 85 80 69 55
47 80 49 42 46 61 23 13 42 94 90 2
9 80 56 69 3 2 85 89 87 15 31 46
24 50 44 50 41 31 57 97 14 22 14 75
57 3 73 23 76 17 67 65 10 21 81 65
60 91 3 29 97 55 27 83 62 71 74 77
91 99 82 13 50 58 45 82 97 45 60 7
81 60 99 47 23 29 42 61 100 1 39 35
68 44 96 43 73 65 72 30 52 89 50 35
83 9 2 89 44 4 16 66 45 55 11 64
75 21 74 87 53 99 25 27 10 73 36 68
46 35 68 16 7 16 5 23 4 65 29 83
66 3 95 26 55 80 86 37 63 60 38 82
14 17 45 82 0 29 4 93 21 28 31 37
96 87 30 30 66 69 34 59 7 96 57 48
39 85 47 53 97 100 73 12 56 28 5 58
31 12 67 99 40 89 63 78 38 55 74 51
100 11 93 37 96 64 29 100 59 47 43 22
33 70 23 50 27 58 54 6 5 52 79 61
64 69 96 0 27 74 29 17 43 15 12 48
74 57 88 96 57 71 46 89 32 2 7 54
62 21 22 61 14 31 23 31 69 22 48 72
8 73 42 71 56 43 39 19 38 12 57 95
74 28 12 52 20 57 34 15 32 13 97 38
65 70 97 61 36 73 81 8 54 1 82 65
96 60 73 78 3 18 87 89 64 86 66 89
19 44 77 46 38 97 83 40 71 70 48 55
44 94 79 55 72 3 1 34 60 68 21 29
12 96 16 40 5 63 75 3 89 82 62 45
74 89 68 78 38 19 10 20 69 7 27 76
19 72 23 40 16 82 11 12 28 11 74 21
61 1 52 51 91 33 96 37 30 54 30 69
89 97 90 83 39 0 79 89 1 29 73 34
17 29 93 77 44 83 15 11 18 62 86 81
17 52 44 98 63 33 55 47 54 89 11 40
1 4 50 67 63 8 31 96 84 97 15 9
98 59 5 39 99 31 17 96 45 99 28 54
4 8 33 16 31 0 16 35 11 79 49 80
21 66 66 76 48 57 69 90 64 44 83 4
25 18 75 37 29 94 3 76 30 94 75 68
24 72 58 98 13 98 75 14 58 31 58 65
30 25 48 30 12 71 23 97 59 59 15 69
30 28 90 30 11 57 77 13 90 47 64 16
54 41 39 85 50 0 92 23 97 89 25 23
69 80 47 60 39 72 99 55 79 75 74 67
1 82 51 27 53 52 36 60 13 33 71 11
73 61 6 45 52 78 71 64 76 20 0 30
58 91 39 14 81 75 81 86 14 31 100 59
8 60 43 13 52 97 10 33 95 9 45 83
29 88 82 95 76 57 56 20 54 21 75 15
89 31 67 43 81 54 77 69 49 97 73 69
61 24 87 44 86 24 42 16 68 32 41 59
73 82 14 21 46 68 88 62 67 57 1 52
99 60 60 64 87 60 59 30 57 99 84 58
80 15 30 25 58 90 37 74 93 14 47 92
82 64 56 66 91 74 27 76 58 82 60 34
12 66 25 68 8 17 26 40 44 51 50 55
73 19 62 62 87 48 90 43 47 56 33 58
85 23 99 64 17 24 87 85 60 47 38 70
25 76 32 60 0 96 60 51 12 54 22 42
26 60 54 44 78 11 63 99 71 4 47 48
21 3 2 5 19 76 98 96 58 28 94 54
21 98 87 99 35 66 49 19 4 14 61 37
19 69 87 71 62 76 79 71 8 88 96 28
17 84 20 66 30 50 94 84 38 27 4 78
64 39 47 80 60 32 21 10 29 78 73 20
11 63 48 65 51 5 34 39 59 69 65 37
11 81 43 36 8 82 54 33 1 89 29 36
56 79 5 42 48 57 47 76 16 10 4 8
84 81 20 16 49 93 98 63 55 66 13 81
21 85 4 74 57 94 58 40 55 3 12 62
77 96 75 86 48 29 13 70 66 99 66 3
62 74 35 61 58 30 25 52 49 25 42 14
56 25 62 37 1 68 60 50 67 49 6 19
86 93 67 1 53 49 77 90 71 29 5 90
43 88 24 88 21 61 86 17 54 49 49 98
38 88 86 38 55 77 58 64 40 81 18 96
71 44 32 44 33 64 1 27 84 85 48 52
53 5 18 89 72 5 88 56 43 44 67 20
55 14 25 53 92 30 41 67 35 72 66 35
37 58 68 77 51 83 35 75 68 95 77 59
67 83 98 51 7 59 85 72 7 83 57 25
47 71 67 76 63 22 66 9 21 46 89 32
77 74 58 91 100 52 92 33 85 11 19 80
36 33 30 97 48 2 47 25 52 82 73 42
45 29 100 7 15 20 29 70 68 56 44 82
47 72 77 0 72 86 11 73 31 28 7 53
88 69 70 0 88 42 27 26 96 48 98 86
96 76 7 50 18 74 0 80 90 17 86 28
33 89 62 13 83 73 97 40 74 24 54 63
59 22 23 69 68 31 53 91 85 10 24 23
71 11 21 5 48 1 14 11 34 29 66 73
77 85 82 68 63 3 51 25 56 19 78 52
39 53 37 17 3 67 55 6 1 12 30 35
34 66 59 42 10 97 3 84 0 17 3 41
79 56 5 53 53 19 8 55 76 78 6 2
52 28 12 23 96 50 89 65 30 27 48 70
12 80 65 97 26 78 56 52 89 18 60 79
2 12 85 31 35 4 55 40 77 95 35 10
33 59 16 20 90 9 3 30 77 34 51 20
48 91 80 26 97 21 58 34 87 34 95 4
18 63 53 85 92 92 6 12 40 11 62 11
67 45 59 2 54 12 38 47 69 60 31 91
81 22 31 98 52 81 4 85 38 85 27 45
95 33 9 19 99 19 26 46 45 91 60 32
35 20 64 35 80 27 25 89 98 51 100 3
42 22 24 29 0 21 37 89 15 51 94 1
32 28 65 77 79 56 2 39 7 19 88 68
62 89 82 50 43 20 31 36 39 58 81 88
74 1 32 39 87 55 15 11 79 46 36 2
1 5 32 64 75 79 33 89 52 66 19 60
48 10 58 82 42 92 22 84 92 95 31 15
39 21 17 63 93 8 52 60 87 2 64 30
2 67 99 50 24 75 94 79 74 16 94 64
20 6 19 65 59 54 48 69 60 15 25 77
47 69 64 64 5 1 50 6 8 69 30 52
19 80 17 84 18 45 91 30 51 19 60 8
59 34 66 92 45 79 55 31 89 28 20 19
64 13 81 69 32 22 18 41 58 10 66 64
66 19 64 50 7 37 35 56 6 21 35 33
85 48 96 69 24 60 22 97 25 20 43 79
52 99 79 52 31 66 64 27 20 25 88 81
67 51 79 29 57 38 86 61 40 87 26 55
23 74 33 62 44 30 14 96 8 77 33 23
46 70 51 71 17 57 42 30 98 21 55 8
75 72 75 96 79 77 95 54 6 19 100 36
77 33 71 38 24 3 26 57 67 91 88 74
83 10 0 8 62 57 90 3 36 26 92 82
24 23 64 5 96 16 74 13 72 13 9 58
12 72 62 100 43 38 34 32 47 49 5 35
64 60 22 2 89 59 58 65 0 22 10 69
37 89 1 3 49 65 74 51 35 39 57 66
57 91 59 95 71 11 41 16 57 66 95 24
90 18 18 53 41 25 51 20 13 0 51 8
95 79 78 96 50 24 66 69 91 0 97 76
71 52 6 99 65 82 26 72 70 64 95 24
87 25 23 36 41 19 22 16 48 68 31 19
38 81 87 37 78 98 33 72 48 35 82 87
42 18 54 19 60 3 15 27 7 5 100 68
59 29 47 15 18 53 9 16 45 40 52 72
69 47 30 62 29 31 14 21 47 57 84 83
19 32 4 94 30 4 15 78 14 16 62 85
92 58 4 16 91 3 72 68 73 25 21 6
12 80 28 29 33 4 18 39 16 94 9 5
2 70 31 6 53 94 52 95 20 84 41 49
31 29 86 53 91 58 81 79 21 8 100 41
84 50 32 49 42 21 70 52 41 90 15 27
91 93 97 15 80 57 87 86 66 78 97 22
27 16 44 65 34 22 99 49 16 37 20 86
35 42 64 42 2 32 66 41 3 69 86 12
53 78 46 25 6 55 2 46 13 39 20 4
78 100 83 10 95 30 57 8 1 85 99 47
8 5 10 67 64 99 8 24 81 42 18 12
49 30 9 86 97 64 44 37 59 85 35 56
20 1 85 86 5 37 56 98 47 15 12 18
84 15 30 88 4 70 89 44 46 2 82 6
38 7 84 21 28 83 72 40 88 37 9 84
43 88 50 13 63 48 17 1 9 21 21 77
2 94 87 62 35 34 92 79 72 84 95 21
5 3 28 24 85 32 2 19 20 21 26 28
2 78 17 20 64 13 37 93 29 29 35 66
94 57 55 68 30 18 96 33 7 13 21 48
69 61 72 69 74 21 99 64 23 39 38 18
79 36 59 82 23 31 99 65 84 64 84 63
15 73 90 57 84 97 79 3 40 3 89 22
59 46 57 23 37 82 72 34 53 54 52 10
52 39 50 43 52 37 16 83 15 43 81 67
31 13 52 97 30 36 93 41 17 98 53 24
42 66 43 67 14 36 57 76 50 58 57 64
4 36 65 89 72 63 39 24 85 61 12 59
36 37 84 29 84 66 19 34 57 80 12 82
3 97 36 7 99 96 0 91 30 94 25 25
93 88 73 60 42 1 0 15 44 11 8 72
8 55 94 45 78 47 76 65 16 82 73 51
1 58 1 74 12 18 23 83 21 58 83 0
36 25 48 11 0 61 74 21 24 85 10 27
46 66 89 9 81 47 78 88 89 88 69 27
34 41 64 32 19 19 17 32 85 76 74 79
7 12 76 83 40 85 79 49 41 7 92 53
55 97 17 95 95 77 69 7 30 33 25 80
56 74 86 13 38 24 77 83 38 81 59 52
11 18 77 62 18 95 69 15 84 39 19 43
67 60 100 4 51 6 8 85 92 79 49 40
94 39 61 65 42 63 56 18 38 28 80 81
35 2 14 55 98 8 20 85 46 72 13 59
64 51 43 5 94 28 4 8 18 26 28 15
3 32 16 5 82 44 75 84 15 69 66 65
69 42 31 94 53 42 20 100 79 49 63 31
78 20 89 84 50 35 57 68 85 39 42 81
84 13 54 44 0 31 69 34 86 23 68 73
71 35 0 60 70 77 26 96 62 83 4 99
10 16 24 31 16 25 69 37 12 39 79 79
45 76 63 50 77 47 4 93 29 91 48 20
54 69 24 43 59 35 99 17 64 64 19 39
80 82 86 12 3 89 72 13 87 63 94 40
37 30 54 77 18 56 68 92 37 11 68 51
80 88 5 39 41 62 50 25 87 15 55 84
69 10 88 75 85 72 27 48 64 67 97 27
7 54 16 81 95 11 64 5 67 37 7 19
27 60 36 88 66 45 5 95 77 0 19 46
97 0 77 21 68 23 46 71 2 7 50 2
67 71 1 36 75 75 91 67 50 96 15 73
80 75 64 41 66 38 39 48 46 78 99 88
88 53 44 99 85 70 46 52 46 68 92 60
43 44 44 57 92 64 46 46 30 80 58 70
65 36 50 32 33 3 75 78 70 21 38 60
96 35 83 3 86 1 87 55 4 1 99 92
13 65 65 35 52 24 5 66 88 11 4 68
85 41 69 85 3 82 47 89 7 94 67 40
90 5 47 25 1 18 79 54 1 33 15 47
52 74 1 77 8 38 70 13 48 7 90 66
82 15 89 92 15 19 76 22 72 21 74 70
83 60 37 99 74 55 4 36 75 57 9 16
57 25 19 50 25 100 91 15 27 7 75 97
68 95 46 100 77 74 46 61 32 5 59 59
74 92 2 15 43 20 41 14 86 5 24 30
28 53 8 7 31 90 18 57 18 54 98 11
81 72 9 28 3 28 66 17 0 64 51 92
56 84 65 25 9 48 96 46 63 87 1 50
61 63 9 85 22 85 83 69 92 16 20 8
60 49 99 18 35 89 88 44 91 17 83 50
5 37 31 100 11 37 48 35 16 4 34 43
87 16 6 97 0 13 13 67 40 46 81 11
46 88 58 16 31 64 74 72 56 62 17 96
40 96 22 43 54 3 81 71 32 52 70 29
0 31 41 14 1 18 49 48 90 70 23 71
62 30 68 12 87 33 80 1 56 0 89 87
29 15 47 1 92 21 59 11 35 34 47 51
1 1 74 14 23 95 15 58 73 61 59 88
24 86 61 4 28 43 59 74 6 15 29 1
28 85 48 9 54 81 56 0 89 54 76 68
8 66 81 30 32 16 24 63 82 0 29 90
26 29 28 100 6 98 4 70 22 28 80 70
3 14 52 69 0 50 44 87 18 53 37 3
48 97 90 57 29 96 55 55 74 12 52 18
86 15 12 52 54 87 35 84 95 93 40 28
84 68 25 1 11 24 98 18 78 9 48 75
14 27 38 74 34 54 57 96 13 55 75 31
33 47 33 81 21 77 6 87 53 19 0 66
3 68 91 18 44 68 20 59 80 57 18 48
61 13 39 47 30 29 58 70 42 45 39 58
60 99 27 29 14 32 28 36 24 40 9 69
76 28 86 71 53 38 31 39 77 49 73 39
40 58 70 84 18 22 74 3 60 74 100 41
39 75 80 80 58 88 28 59 31 63 36 15
63 95 81 42 84 37 89 28 11 100 37 29
10 43 10 13 29 89 40 89 3 36 10 38
90 48 60 62 45 70 41 72 98 27 1 41
98 74 79 94 44 2 80 79 17 91 0 83
39 43 35 28 95 37 95 82 10 33 32 25
59 20 49 97 72 8 34 10 49 79 37 19
45 96 62 21 100 55 32 29 0 43 87 100
62 81 66 47 1 52 4 94 21 18 85 52
91 86 96 29 76 34 90 91 77 38 70 24
92 36 87 25 33 13 32 34 6 41 42 65
71 54 74 53 22 89 5 73 55 77 82 43
6 85 83 81 63 41 50 44 77 77 99 30
8 30 41 27 31 35 98 26 14 45 39 31
55 37 22 92 47 12 59 26 37 45 75 52
79 87 75 7 18 71 99 45 65 29 47 95
41 23 71 35 33 47 51 99 50 22 55 99
2 88 58 92 35 100 55 2 48 74 74 4
1 73 92 2 48 75 3 30 73 48 88 18
11 8 38 41 28 65 7 55 75 9 52 83
92 81 15 43 56 62 89 59 49 60 100 70
48 10 12 28 66 36 67 86 3 93 88 70
66 85 65 60 30 51 9 98 0 30 70 2
64 48 38 54 95 75 93 44 96 52 4 59
4 5 56 51 31 82 37 94 58 50 37 54
31 70 3 39 76 65 86 30 64 92 36 29
50 28 100 70 66 28 14 62 41 53 71 100
44 90 69 22 48 63 81 22 8 64 66 9
100 36 23 76 20 22 33 74 30 53 51 65
30 95 98 35 27 17 56 57 32 24 7 73
76 73 47 55 0 84 23 21 78 78 71 17
21 33 8 72 32 97 11 51 97 1 23 84
72 51 33 72 10 16 15 2 87 97 25 87
34 82 52 72 52 6 57 54 70 89 4 64
95 14 48 10 1 40 67 26 10 15 72 59
91 31 24 69 46 19 87 56 82 71 35 63
36 68 49 28 67 97 42 97 63 57 38 50
5 37 77 0 36 83 85 49 0 56 1 14
66 90 6 51 13 65 17 74 59 39 73 67
100 53 4 22 30 40 34 18 46 68 16 99
52 18 64 59 99 62 4 42 14 62 40 37
3 37 93 38 3 41 28 24 45 100 78 69
42 91 57 88 4 60 15 30 94 14 65 25
