8
400
nafn banani annadnafn agurka x veitekkilengur meow y
32 84 75 99 70 91 57 31
65 68 88 45 17 45 64 47
58 28 1 48 46 35 88 5
88 37 32 21 5 83 72 1
16 41 88 82 94 66 93 40
37 80 79 71 23 63 12 63
60 77 1 55 56 51 45 25
46 47 30 28 71 34 59 40
17 18 74 94 43 41 82 55
59 86 92 63 5 64 60 84
41 46 87 77 77 70 2 99
51 24 40 77 15 67 10 60
42 19 9 5 66 42 34 13
96 86 58 26 63 35 13 72
49 11 23 79 64 13 97 75
11 43 15 44 33 100 92 21
2 100 50 48 48 56 17 57
94 59 61 20 72 35 41 82
5 84 92 86 4 79 77 0
29 77 80 40 36 8 19 99
72 95 13 57 49 72 99 29
8 33 78 40 92 17 82 49
44 0 63 11 89 72 73 46
91 47 45 10 84 78 84 33
26 97 1 39 9 15 44 76
14 40 33 40 90 17 100 40
86 63 31 28 49 61 1 50
28 19 39 17 73 28 76 97
13 30 4 86 82 73 83 80
15 5 20 27 4 77 95 3
77 40 33 72 77 95 68 0
14 4 8 45 45 92 76 57
76 93 54 86 87 26 58 6
7 55 78 79 68 44 98 19
94 19 68 10 31 33 48 58
16 88 34 14 77 43 71 57
75 85 2 0 43 64 67 80
56 93 1 29 67 36 21 82
12 80 88 15 89 42 66 55
50 43 83 39 62 12 14 87
3 30 87 85 54 25 89 52
76 9 95 90 99 47 5 34
21 70 2 74 79 20 88 88
41 83 83 6 92 32 72 44
63 26 81 2 35 72 70 16
9 29 81 85 25 62 26 94
58 57 0 88 96 45 46 81
19 18 74 16 20 45 39 100
67 22 12 95 43 81 72 94
73 5 57 62 9 50 87 60
58 61 4 100 82 99 59 9
52 57 47 22 42 63 71 19
73 68 86 70 41 12 54 58
40 57 9 86 98 75 80 74
77 56 57 40 53 91 38 91
24 71 41 16 85 73 66 72
75 3 9 78 63 5 16 26
47 0 69 17 35 80 57 18
6 23 32 60 26 32 35 59
28 51 75 32 50 16 65 42
70 40 46 80 22 53 89 67
59 6 100 60 92 41 64 0
76 37 92 12 72 38 63 87
86 73 26 11 10 71 73 14
50 22 35 0 46 100 68 53
58 50 18 40 5 59 82 98
66 34 61 8 17 28 30 53
89 25 85 2 52 1 5 72
67 38 16 51 65 25 45 40
38 86 49 49 76 70 47 54
58 46 26 78 85 35 34 48
61 54 39 27 34 75 58 60
15 99 60 43 33 26 79 68
4 5 90 100 17 90 76 80
94 82 38 17 66 96 91 81
18 63 90 86 14 1 90 85
21 62 62 80 51 15 55 38
66 28 72 26 12 43 45 86
66 79 84 3 24 81 42 44
19 57 75 84 15 37 97 11
78 49 30 1 80 17 66 94
31 63 32 16 81 33 40 75
61 0 41 93 34 53 3 48
33 79 100 35 15 66 97 34
26 11 44 67 70 44 70 61
76 34 30 3 83 95 26 64
17 7 51 70 94 73 26 10
37 20 14 19 78 82 43 40
83 62 94 33 9 91 48 72
78 63 10 16 71 6 19 8
45 20 70 72 56 94 57 21
35 45 68 10 49 39 59 11
29 91 16 66 34 64 15 65
35 61 94 1 64 21 4 28
12 66 11 66 54 98 20 22
37 64 40 82 93 54 39 75
63 14 16 51 72 71 28 43
48 10 47 90 10 86 18 36
15 62 92 0 33 19 95 98
1 30 32 7 43 0 59 13
7 37 3 48 56 34 17 59
90 61 93 42 70 3 91 70
97 57 82 89 85 65 57 26
28 66 66 51 61 63 44 40
6 98 95 98 79 29 91 73
32 64 48 33 60 27 75 54
30 6 68 100 40 3 68 35
32 7 51 53 27 24 23 97
0 29 83 3 75 24 40 48
57 100 29 26 37 25 81 90
47 59 71 13 89 26 54 10
14 93 80 72 90 74 64 41
27 46 58 43 12 81 0 91
99 40 5 27 8 65 0 60
40 19 31 96 48 51 74 4
78 65 73 98 55 100 90 58
92 51 64 42 43 22 27 90
21 92 66 4 76 66 36 97
32 0 76 21 98 32 18 59
66 35 28 51 45 94 80 35
45 45 77 65 97 18 42 71
100 100 37 92 57 93 63 0
22 39 12 63 42 70 83 33
20 67 6 75 71 65 21 6
34 99 30 36 31 10 18 6
89 78 32 95 99 14 92 13
92 74 89 60 63 21 77 41
10 72 46 9 40 92 6 39
100 7 38 71 47 44 87 85
5 9 8 4 78 98 8 98
40 22 5 47 16 70 31 3
75 84 51 58 21 78 54 95
11 89 4 32 15 71 17 100
33 69 100 8 26 49 13 52
69 28 63 12 62 15 37 51
87 64 75 75 11 20 1 91
52 15 95 27 80 53 85 34
61 73 19 34 82 12 48 21
31 45 45 83 48 93 19 7
72 48 17 76 74 3 9 54
60 30 75 93 85 66 7 4
96 68 95 71 46 88 72 100
38 42 31 30 99 65 12 85
53 80 41 69 91 98 89 65
56 95 84 12 47 73 85 53
86 85 17 66 57 74 63 24
54 70 7 15 86 39 2 28
63 76 45 30 91 36 30 98
53 48 45 40 66 28 55 81
11 77 33 34 80 60 21 42
18 57 84 58 82 69 49 22
0 53 0 98 67 53 60 79
24 48 18 37 26 42 30 26
66 12 68 69 76 76 29 6
53 64 43 33 79 39 63 39
72 77 33 36 9 75 34 75
53 60 88 57 30 77 53 1
5 50 72 71 31 95 77 34
96 87 8 5 32 88 96 17
100 83 28 73 74 46 11 14
33 3 38 41 87 10 7 31
51 72 91 26 24 85 16 46
73 80 26 68 15 87 44 97
58 57 46 99 10 20 98 84
72 25 93 91 27 14 1 37
31 78 11 13 55 66 85 18
43 16 11 89 90 90 6 14
79 47 42 19 73 52 85 65
40 79 59 55 85 43 71 99
81 30 17 43 76 59 39 88
27 37 58 65 26 78 80 75
94 59 52 89 97 90 67 93
21 72 43 15 29 86 92 92
75 94 16 25 0 18 58 1
75 7 70 20 31 95 76 48
24 29 46 94 57 57 66 87
83 40 26 39 57 47 80 64
98 62 92 78 50 48 33 84
37 7 73 30 22 25 2 69
13 10 25 98 18 67 26 57
12 0 27 44 32 6 64 76
34 20 59 65 30 50 95 53
49 83 84 41 0 5 100 46
42 90 85 16 76 67 63 62
77 74 14 38 31 69 45 60
43 62 37 44 51 10 74 21
28 25 55 25 97 47 87 30
22 93 76 74 41 12 71 35
69 7 48 54 41 24 0 44
49 33 23 46 44 34 33 52
10 74 27 54 19 33 92 70
61 24 0 26 1 11 26 37
38 87 40 49 70 82 52 75
24 60 79 90 56 40 5 17
21 17 5 71 86 56 22 9
95 44 82 54 98 51 60 75
51 96 7 18 51 17 56 67
46 34 78 92 83 34 5 67
87 8 55 70 45 33 69 29
92 13 13 58 81 48 74 59
59 63 78 1 40 26 100 57
87 44 2 96 84 42 56 75
98 95 48 3 22 61 28 15
90 0 71 88 39 63 94 46
63 93 77 1 94 52 27 15
45 30 44 97 83 95 84 3
49 96 97 36 38 18 29 49
67 29 29 72 77 63 84 17
12 36 99 26 84 92 47 63
41 23 34 9 55 76 30 75
16 53 38 5 90 54 33 23
14 5 94 53 86 15 55 52
87 91 51 8 2 33 61 14
82 95 1 45 68 98 64 55
84 31 42 80 17 92 77 22
92 28 2 43 14 85 99 51
6 60 47 80 71 86 80 15
29 0 85 16 57 94 84 25
58 35 89 42 96 31 29 73
68 85 91 41 4 45 19 15
60 17 74 43 83 30 90 38
89 0 87 53 58 49 24 7
87 100 5 33 36 12 90 75
37 38 62 40 44 1 19 22
92 37 64 5 21 50 93 95
3 5 30 44 95 74 96 95
11 43 73 74 49 35 73 84
0 49 93 9 12 8 66 62
8 3 95 48 73 36 12 23
51 44 71 84 5 64 67 30
30 19 49 38 96 49 13 32
85 8 41 99 91 61 56 28
61 48 33 17 1 15 14 54
85 23 100 97 16 87 98 76
96 77 60 31 92 89 19 80
33 30 38 69 56 4 18 26
90 49 93 50 98 79 27 66
5 53 49 78 2 80 55 20
75 93 75 76 46 67 85 29
58 42 11 60 4 76 21 68
86 69 30 26 71 76 4 67
2 76 6 99 92 82 39 27
66 21 27 92 21 4 59 42
82 29 74 77 13 98 55 41
79 58 32 49 23 17 15 83
97 1 38 66 85 5 84 96
69 66 53 71 98 73 55 71
90 79 12 23 47 31 89 89
79 6 58 72 68 65 61 27
97 33 31 33 99 46 46 89
77 55 56 70 85 82 18 20
13 72 5 78 19 37 5 69
83 20 50 56 87 14 26 80
34 72 48 51 61 0 8 42
41 62 72 29 59 97 57 46
23 41 98 34 41 51 9 1
28 41 11 95 91 87 67 14
69 82 34 5 24 19 27 30
70 19 43 51 59 95 92 43
89 70 29 44 46 97 90 98
64 49 89 82 3 72 99 46
69 88 4 6 78 38 70 61
47 80 63 1 48 30 14 87
32 70 76 74 79 62 93 11
60 89 89 87 82 68 41 19
54 82 15 13 44 65 91 98
37 78 9 7 68 97 61 69
6 87 84 49 32 94 32 40
56 71 92 68 17 62 87 79
91 10 43 60 92 93 14 90
57 30 69 3 73 9 45 65
76 39 74 34 100 56 65 97
56 45 100 54 64 41 53 52
42 44 28 65 9 59 18 79
83 88 48 39 19 16 23 77
78 15 72 56 83 71 13 63
54 100 86 90 3 7 70 61
55 77 19 86 79 87 20 69
12 2 60 15 95 81 71 55
49 14 18 43 17 2 64 71
18 34 0 86 10 52 55 63
69 73 18 3 6 88 59 92
6 41 10 78 93 48 86 90
75 60 20 55 50 95 28 47
22 48 3 60 64 86 48 38
21 60 26 86 7 28 51 50
37 29 26 27 75 24 18 44
1 92 32 26 9 3 12 32
14 93 47 54 75 5 28 5
4 70 52 52 28 71 75 30
53 57 42 37 62 20 14 68
14 99 41 80 4 36 91 87
51 85 27 8 16 36 10 59
52 95 6 69 81 33 64 19
94 77 63 73 92 66 2 64
61 41 7 86 85 35 100 5
84 50 43 22 63 61 70 81
33 38 79 67 77 74 57 33
51 7 11 78 55 55 60 54
54 79 31 27 99 72 54 56
0 5 34 58 89 77 57 95
25 31 32 12 32 13 83 51
31 90 93 62 92 3 46 47
80 93 30 30 56 46 36 30
75 93 10 13 10 19 79 24
59 25 14 86 62 91 100 12
97 67 87 82 92 42 20 67
8 23 72 24 18 94 70 90
79 15 12 25 64 25 20 20
88 79 0 21 3 41 60 17
50 52 42 64 10 67 29 52
51 66 35 70 76 58 19 3
32 44 11 63 3 43 65 41
58 63 45 38 53 78 81 61
58 71 19 34 26 96 33 9
29 60 31 80 45 28 45 50
64 60 26 11 89 84 2 50
39 25 84 88 60 46 14 33
75 1 9 76 25 39 80 91
100 59 55 39 84 49 39 54
57 75 14 85 15 8 76 57
96 44 48 38 16 89 86 12
29 43 60 36 42 90 5 96
96 74 32 9 43 95 5 52
18 37 45 92 20 15 44 25
36 19 17 99 92 56 62 59
25 83 56 54 58 100 43 63
4 92 17 29 72 62 26 14
42 81 7 5 84 33 24 2
27 92 33 17 24 87 43 88
41 71 12 8 100 75 9 48
21 63 13 70 29 15 66 38
100 44 82 14 28 27 74 96
66 17 30 10 79 54 13 58
52 10 25 98 72 98 30 9
16 100 45 67 1 39 68 98
33 4 40 38 85 59 75 29
2 89 2 20 40 6 56 37
65 84 33 38 97 28 0 3
66 32 4 52 19 89 64 63
52 4 20 3 79 35 56 3
59 9 26 94 46 82 60 13
81 86 18 65 68 37 57 30
57 65 39 72 34 31 32 42
5 35 45 46 10 61 68 66
10 81 31 9 100 93 88 35
15 17 68 89 18 82 10 9
1 79 92 17 40 39 37 62
75 11 68 89 34 65 11 99
72 26 9 24 64 99 99 43
83 54 21 87 7 73 98 86
16 30 89 33 84 53 19 62
38 45 27 64 61 75 66 68
84 84 78 86 30 77 60 73
24 67 58 53 14 22 40 35
73 75 71 60 33 95 85 6
99 13 2 88 23 98 36 50
64 52 52 65 2 97 22 67
39 98 86 26 62 58 69 81
48 52 12 32 3 43 21 90
92 96 3 81 19 46 14 83
73 31 10 66 17 40 19 0
35 88 18 29 50 76 90 18
26 32 37 89 0 8 57 24
52 53 43 48 57 96 10 26
91 50 48 56 27 39 66 9
54 58 87 46 88 71 13 21
43 41 73 35 94 32 90 94
65 16 43 42 44 19 69 84
4 8 74 62 36 41 22 66
46 27 56 5 91 92 22 93
97 38 84 19 0 8 68 84
32 87 41 17 36 66 71 6
81 16 27 4 16 12 73 80
12 39 35 47 55 1 84 57
6 24 26 46 11 55 45 1
58 0 79 79 51 24 93 62
0 54 32 81 21 31 15 16
90 10 89 44 91 66 43 49
26 24 66 91 64 98 92 34
81 6 43 27 67 31 5 90
44 89 95 91 56 65 69 40
82 39 50 70 75 29 4 98
85 80 65 79 31 75 53 80
61 54 34 64 98 93 68 84
68 94 51 20 34 6 43 55
3 6 76 3 61 46 40 74
45 69 74 42 99 95 92 53
68 54 59 48 21 2 65 91
93 76 32 9 74 10 54 60
84 9 5 98 3 41 54 8
82 22 25 90 31 14 53 1
34 39 47 44 54 58 100 3
18 87 5 87 45 71 77 11
43 77 99 31 53 38 37 33
77 12 52 16 79 95 9 47
13 87 70 90 17 10 16 76
38 7 84 51 32 96 71 8
86 71 13 40 70 63 55 74
26 61 24 4 29 96 98 72
