2
100
eggert agurka
78 2
68 76
25 99
36 1
47 44
9 32
90 79
0 25
15 64
41 35
43 91
72 58
10 18
51 42
33 66
34 27
64 35
36 47
74 63
58 23
77 80
43 63
53 48
88 65
13 14
21 46
89 31
78 27
37 47
67 26
86 64
16 78
70 96
80 43
17 84
52 76
69 87
32 74
84 24
36 52
2 30
52 71
4 87
38 38
55 19
19 47
92 84
52 25
36 70
99 6
49 54
29 4
2 32
70 15
5 34
50 57
88 29
18 15
35 51
38 44
100 8
94 0
97 28
47 52
15 20
99 35
75 58
85 76
12 5
90 14
84 40
43 58
29 54
46 41
24 79
18 71
64 11
57 41
61 14
26 95
37 9
83 99
32 34
41 28
75 20
94 36
4 1
74 27
65 79
45 10
38 15
56 75
62 56
97 14
62 54
36 93
42 38
96 21
60 30
93 71
