2
99
veitekkilengur banani
1 43
91 70
19 20
80 45
39 88
21 95
1 73
72 53
99 23
24 15
21 58
72 76
11 0
74 7
0 37
49 91
34 30
50 30
39 9
36 68
92 87
3 99
48 90
56 20
83 31
10 74
79 37
32 25
7 29
58 11
83 63
45 36
30 87
57 2
73 98
48 20
43 0
94 81
85 88
99 16
71 55
78 63
20 90
73 8
54 88
68 71
78 71
9 68
81 65
66 37
10 79
90 27
95 12
3 57
52 16
93 84
93 27
25 63
37 59
98 5
46 51
75 99
81 8
19 50
41 53
61 25
7 100
26 79
43 2
85 56
67 40
20 3
1 82
25 74
10 89
69 36
30 78
87 23
96 33
1 0
30 95
2 39
9 97
25 34
85 72
85 37
98 33
87 25
4 66
80 55
99 72
54 71
78 79
2 82
11 90
74 22
17 67
55 79
46 28
