93 36 66
14 5047
22 6773
11 7274
2 3133
8 7951
2 6746
5 456
1 3369
1 5818
1 347
1 4012
1 273
1 5902
1 1281
1 5170
1 6472
1 8930
1 887
1 6179
1 3312
1 3416
1 9748
1 2010
1 4203
1 3772
1 2466
1 9641
1 5049
1 6275
1 8823
1 7075
1 5574
1 2563
1 3660
1 4075
1 631
1 71
2 71
1 79
2 77
1 3
1 68
2 22
2 27
1 29
1 16
1 3
1 5
1 1
1 7
2 54
2 26
2 3
1 21
2 3
1 20
2 16
2 17
2 1
1 80
2 28
2 46
2 5
2 2
1 42
1 5
1 28
1 3
2 3
1 6
2 72
1 77
2 40
2 43
2 1
1 44
1 20
1 11
2 51
1 40
1 8
2 47
1 53
2 33
2 49
1 37
1 18
2 29
1 1
2 13
2 13
2 4
1 67
1 2
1 3
2 51
2 19
1 67
1 20
2 69
2 15
1 88
