100
8638.46372 -7725.36000 8371.65776
1242.95607 -4291.78139 4582.88271
7192.19977 3501.95490 816.34604
2797.94415 6275.77323 9984.80997
-1252.14652 1621.00602 -7142.98740
-4564.39316 -9880.33533 -1880.31079
9882.90183 4155.47861 -6296.05539
2792.48759 2237.38589 1581.39273
-9314.38287 2369.09435 -66.21928
7651.30079 7550.16189 -277.00736
3430.11635 8765.87391 -8217.33475
2604.29484 104.86977 -1455.54191
-5630.13805 -1443.20995 -742.75545
-1968.35341 360.27293 -3478.55672
-2129.30577 -6786.37310 599.37691
3545.90737 -1661.41773 -827.58509
-1380.28173 -6873.38508 -9528.77654
3531.76822 5105.22362 -9795.80514
5642.90848 9128.61319 1900.67728
-6781.19386 -2220.78892 -8957.64984
-8956.10830 3489.88749 -3934.14713
1432.44470 -6609.13044 4332.44508
6737.85802 3491.28454 122.53368
9352.89342 8641.19406 3560.49758
5812.42259 6476.92399 -7155.32002
-9713.28748 4372.81493 1623.91558
-7216.96177 8907.71103 5369.04149
217.53455 3815.05181 -6266.34301
8784.70007 2199.44553 -3826.79975
8094.02157 -6228.39199 -6271.51766
2192.30861 -3664.02828 1636.52341
-1935.15620 4368.30054 506.71980
-7071.48750 -7408.27198 -5576.87980
-528.54464 701.32788 7869.31418
3880.66689 -7124.57250 6238.49892
4477.01014 469.27653 8972.08346
-1182.97282 -3094.77148 9343.74544
-8502.31712 -6906.28138 -3499.87824
3958.86337 -1190.99924 626.50630
8669.45157 424.70232 -1969.42603
-2246.86463 20.40208 -1040.41554
7125.98922 2325.54926 7117.17706
9421.42907 9788.35039 -6855.16779
-2935.65243 6287.46631 1667.59076
-8231.44622 8054.05310 -401.56946
-2329.58313 -2201.51348 -2650.65233
9220.39500 8851.03896 5318.35991
9078.25394 876.46728 4043.42562
-8691.38058 5183.67700 7740.29128
6361.17236 3965.43265 -5894.69164
-5850.81065 -5432.98872 -6471.96969
9535.49777 7719.36349 -5610.80230
7981.63084 8318.88926 -3434.55853
9280.10908 6405.43790 -3687.45839
-2147.57240 636.65475 -2473.61824
-9801.62620 -297.73885 -2691.21917
6793.39135 8701.29484 2401.95433
8742.85116 -1734.00353 -5578.06244
3489.74445 4913.85356 6855.15810
6181.09487 -6152.26361 -5664.32059
-3752.72279 -3561.02650 -9854.27195
-3279.59102 -3196.95994 982.85793
5685.07739 1878.36565 6213.46795
-6812.64357 9964.21611 -8860.38385
1896.88589 -8872.50136 8662.24824
-4017.24648 9395.31009 9944.28783
-2448.59917 -8868.54585 1935.84627
-2052.34431 -683.27559 3482.15606
7796.37507 -5456.12342 -1656.41166
-1205.98055 -8615.67311 3529.14282
5941.50395 3607.80427 6548.73240
-9385.12330 -8964.15128 6381.64645
-3325.20836 -2687.47109 -1004.28204
2010.02491 3839.20796 147.54074
3732.42084 5237.76371 271.30667
7277.56210 -1765.06789 -1314.88905
-8767.16542 -6539.78239 9382.79057
4476.56730 -1986.23393 -3357.50934
9757.78651 2585.56687 2482.89746
-537.46392 333.93636 -425.52386
8578.69936 8899.61430 -229.60347
-5635.88278 1402.91114 -4818.83149
4915.82504 7426.59568 8101.87246
6730.91648 -9184.96587 -8427.06201
2281.32694 -1197.59810 1250.42337
8229.46343 -5155.04770 3981.42673
-7023.98636 -2650.45417 -5507.96942
287.51030 6075.19669 -3186.96174
-5418.25080 -5256.66317 -35.03361
-646.68540 -8416.33866 -7877.02517
-239.19862 8209.44559 5521.09751
6074.91051 -3177.14649 8431.60812
4081.83186 -3780.09328 3982.70847
-7008.27157 -5077.49687 5436.27362
8954.82787 6359.86438 2281.60943
6958.19962 9033.56848 -4923.45509
-4087.68104 7080.88957 7229.80817
5472.60440 -1876.27791 459.74275
3487.56362 -1377.35707 2595.12045
-2052.40016 6339.52121 5632.56056
-7436.06119 -5540.25145 -1515.10772
