70
7813.50881 -5550.91476 -5634.38778
1023.19119 934.14472 5142.80765
-4237.60367 -5400.33372 4549.41003
7559.23951 -1122.87934 -2998.76940
-7533.25158 -4722.44143 8376.38687
-8282.23892 -262.70292 -4002.69364
-1417.35893 -6510.78069 9653.43614
-6322.85145 1729.84643 -7244.94381
-2740.11625 5261.48057 9765.14027
-5190.03819 -7515.90246 -8317.79254
-1333.50285 3731.43828 694.65798
-2961.22597 775.20508 3961.80394
3200.71578 -3078.83820 -1154.83669
7187.26543 4554.87466 -6131.39821
-4068.59684 -3765.09158 2447.09115
5826.22495 8382.59575 -1523.19027
-3021.38358 7160.57682 7559.50456
4540.24849 335.78335 8245.96541
5297.43485 7257.12583 6970.46587
-2486.55087 -9490.82411 -1691.37022
2217.29917 -4042.64373 -5998.91078
1158.05276 -487.00878 6199.24909
5404.06014 2462.26736 6822.85290
-5978.33676 -1036.24699 4013.52507
8006.75672 2094.81085 1544.82330
-8483.51445 8833.30520 -9050.37563
375.82148 -1845.05171 -3675.64878
5451.78448 390.81364 2116.96227
5213.63667 -7598.62475 -8665.63554
7162.81394 4392.74011 -5249.38961
-7304.31245 3922.28340 8111.25483
4409.82741 9971.42948 8395.65698
-2928.71258 8962.54818 597.12815
-8484.62116 -4145.24128 -8288.04309
-3166.05389 5655.40174 9089.69064
-2480.48785 8869.65375 5950.75938
5720.08150 -4502.88703 -2211.51575
-1444.42283 -958.29786 7049.29588
7643.23525 -4841.43072 -2876.53654
2998.52002 4675.27878 -3889.05634
-5613.30366 2418.94231 -8620.72972
-6773.55650 7755.86476 -1364.84500
-3028.73403 -3939.34918 -588.19677
9893.85193 -6895.56118 4185.40262
666.91555 -8363.24805 5476.34396
9419.87208 -6656.25360 7409.89795
1554.00621 6712.74952 -560.98723
4998.51553 5845.16447 -7283.50143
-6940.63514 -6461.82313 -2313.66561
-4377.75820 -9305.89314 -2383.98461
8887.55499 3136.67164 8635.58721
-3708.26899 7117.66800 813.88456
6567.23363 -7.56513 -3962.34966
-8726.03502 3603.07327 -9213.86262
2038.01254 -1343.72805 -8948.02267
-7975.21778 -5275.87920 -6881.67207
-5816.40134 6340.46423 3792.72879
-3342.18741 -810.98297 -147.32745
-2715.73291 6034.55489 3598.08366
9437.16166 8360.32202 -4535.57036
-9961.83985 -5374.01961 -4430.52605
6131.53933 4858.94702 4548.25113
8620.08619 9810.62038 6202.54449
-8443.06262 -5928.25845 743.60213
-2941.46683 -9624.36615 -1692.83017
-6159.85471 9262.24462 5922.62738
-8520.21504 1956.86047 6055.82280
-3836.50709 -2488.27707 -6780.47619
-7214.59356 -2914.63385 1131.04907
2765.25379 -7386.24918 8627.21462
6570.89675 -6057.87754 -5918.97684
