93 291
134 168 2 261 174 221 258 52 108 16 188 247 4 48 213 129 179 281 72 191 256 13 284 130 211 264 92 17 118 80 71 252 196 201 198 257 101 95 185 10 279 177 254 56 26 140 158 12 39 38 283 142 173 131 88 181 15 47 67 144 250 210 125 105 286 27 240 133 159 143 106 199 76 128 270 277 86 137 91 251 187 32 208 161 237 245 170 246 207 216 265 89 74 61 5 78 202 268 217 45 229 34 99 46 165 102 68 162 55 20 224 167 227 189 110 36 29 100 276 209 145 134 85 42 243 289 205 90 57 117 147 58 175 87 3
232 17 14 71 158 54 22 113 264 185 197 89 150 262 212 103 127 99 259 62 43 284 92 265 33 195 225 38 115 145 180 18 203 70 257 52 249 84 224 235 120 82 44 49 130 227 78 81 234 153 282 148 160 76 119 42 121 34 146 165 208 73 111 240 39 213 255 254 214 219 67 207 3 117 23 123 194 109 31 275 266 46 45 63 161 106 162 256 268 101 51 288 258 140 179 196 200 229 112 163 74 66 57 204 269 187 285 55 35 40 139 47 86 233 286 98 138 201 68 156 172 7 174 15 80 211 91 263 202 190 28 122 189 274 107 100 141 75 110 188 2 267 129 289 228 241 290 251 11 253 173 178 5 151 97 133 277 154 90 283 124 4 216 218 183 41 245 26 191 69 271 87 27 206 270 132 147 32 13 85 9 143 181 16 79 248 260 273 94 59 118 176 21 261 37 159 166 12 182 246 215 114 175 30 221 72 210 222 272 19 104 149 209 116 155 95 164 157 252 102 125 167 50 184 276 237 170 231 61 193 29 152 134
136 90 154 242 256 169 47 15 49 188 44 97 17 214 212 144 276 87 96 83 75 85 198 111 102 145 26 99 11 98 36 262 105 34 76 172 184 181 79 157 60 243 72 229 95 173 80 216 18 280 153 9 279 180 220 228 38 20 217 24 86 259 195 241 133 158 4 57 69 164 3 265 23 146 203 233 234 62 68 39 48 264 82 249 156 252 107 116 199 277 284 286 225 192 32 5 119 33 150 71 6 159 223 2 54 136 183 196 109 240 232 288 25 273 246 100 250 65 56 50 106 257 115 138 235 118 179 285 218 162 202 270 55 275 163 224 283
155 94 66 87 234 19 275 151 13 111 128 185 179 63 250 53 215 65 233 15 189 126 62 255 229 279 140 263 117 245 181 186 138 246 123 183 81 92 54 57 32 86 167 4 75 258 58 14 209 196 164 102 16 261 114 193 68 191 190 236 84 201 241 176 59 146 267 268 44 287 202 90 225 89 113 131 28 254 175 157 264 154 289 160 159 104 265 9 210 290 29 132 67 174 56 259 103 161 269 171 52 129 83 227 69 147 137 124 243 141 170 110 127 177 48 134 231 143 166 173 121 228 136 282 118 31 178 106 288 251 169 115 148 11 262 109 208 194 139 45 100 26 253 105 21 116 162 79 226 230 237 195 42 98 73 158
48 71 243 139 168 122 291 26 186 234 86 197 217 167 247 64 155 88 214 250 16 60 277 87 181 244 92 255 258 57 222 132 153 2 130 52 271 133 7 8 274 61 148 166 188 34 182 196 157
83 260 229 164 43 115 26 49 19 244 254 24 74 45 7 129 185 147 20 83 31 80 161 13 79 256 50 237 218 146 285 213 63 280 178 57 116 88 69 108 248 53 10 64 70 28 98 291 241 6 99 16 18 81 145 75 117 48 30 154 215 21 151 58 162 200 113 235 59 120 91 170 72 95 155 3 181 9 114 17 232 272 282 101
106 27 176 134 76 172 86 150 254 178 164 289 288 117 106 237 152 256 274 2 234 279 162 173 129 251 275 74 135 91 192 58 100 260 171 278 184 222 123 230 218 165 110 57 112 233 90 101 248 7 262 70 188 23 208 14 96 223 114 45 181 246 220 265 8 225 52 257 209 140 169 227 282 56 59 46 280 270 9 291 12 104 77 71 99 21 1 69 68 191 247 236 38 34 250 65 41 183 44 167 10 4 147 120 127 266 20
284 26 194 170 50 87 218 206 12 23 128 219 211 276 174 146 216 17 252 196 192 66 279 223 249 153 45 73 38 19 35 208 36 31 237 9 238 189 228 84 20 120 244 283 85 229 136 126 242 181 268 106 122 172 150 92 261 97 141 290 107 29 205 144 161 275 53 72 93 191 116 71 209 263 255 168 246 162 58 10 34 151 220 251 148 57 133 226 5 231 188 113 163 134 155 8 132 99 239 262 240 271 24 81 112 32 266 281 145 152 104 74 214 213 115 48 288 56 86 147 114 137 15 217 28 3 47 103 68 203 1 264 225 102 139 64 164 180 286 179 253 193 201 269 80 83 100 108 185 289 82 247 52 43 75 129 291 232 157 183 91 166 259 79 78 280 233 273 121 210 160 118 250 171 234 138 49 27 123 2 6 169 222 257 227 95 158 154 110 69 165 40 142 125 277 98 30 14 44 127 200 198 4 25 186 140 274 177 156 89 260 190 159 241 258 7 187 207 270 167 65 224 41 287 13 117 70 101 199 135 33 282 124 182 204 221 212 272 16 130 197 236 265 254 21 245 173 285 109 278 215 39 111 51 176 60 96 22 11 184 143 37 67 62 88 230 175 59 284 248 18 131 55 94 54 178 46 119 63 61 195 42 256 76 90
240 213 245 181 34 287 50 38 166 273 18 107 280 99 204 264 89 59 94 3 49 80 85 229 12 232 114 24 82 86 268 16 26 61 135 73 152 162 105 200 93 249 281 252 269 289 57 7 91 143 40 234 284 120 291 31 267 144 215 41 288 157 261 168 164 137 30 207 21 258 113 227 237 29 165 188 173 161 13 233 226 64 37 101 178 87 150 140 6 175 219 262 158 256 259 5 22 216 179 19 167 1 39 98 25 177 119 17 65 230 102 27 121 139 185 155 43 149 160 248 45 196 247 209 228 136 180 71 66 231 69 96 220 111 246 51 92 198 170 77 133 244 199 217 191 203 206 277 9 11 205 208 117 235 52 128 192 285 104 33 156 212 15 67 169 78 74 260 129 223 125 63 211 141 88 239 197 218 236 225 20 274 127 108 172 115 163 36 44 55 142 214 84 174 123 132 32 210 243 194 58 79 56 103 145 130 154 171 222 42 183 35 270 4 254 151 46 60 276 286 75 8 250 186 23 189 182 54 190 221 138 109 290 70 255 253 242 14 271 126 153
87 52 102 5 181 64 39 45 151 31 257 11 108 81 144 177 84 113 266 291 276 148 203 232 120 198 243 214 285 7 130 149 256 154 82 241 143 216 142 188 205 85 32 171 253 289 235 86 99 62 260 175 136 129 97 244 75 168 16 202 207 146 111 139 185 8 189 94 28 44 150 103 125 236 90 156 131 196 165 231 133 96 160 79 161 209 284 215
58 284 238 85 286 136 179 227 120 264 70 183 90 138 130 44 219 187 192 165 269 2 112 261 162 46 181 173 235 160 175 279 282 271 105 91 89 199 142 18 109 172 174 83 186 230 72 266 139 194 216 64 117 212 102 263 229 92 147
98 195 141 279 24 244 254 63 219 165 246 132 2 1 159 151 231 37 9 285 284 127 211 233 271 17 216 207 161 46 251 148 142 135 100 75 34 7 258 92 61 105 190 172 282 27 4 189 104 137 97 81 268 25 78 65 177 3 56 112 111 267 225 217 263 59 73 52 150 23 110 40 278 126 80 272 275 169 146 198 83 243 181 44 209 47 58 270 50 64 85 238 131 212 87 255 21 157 250
133 180 227 195 226 277 4 60 207 50 27 109 229 268 136 98 16 228 257 12 187 264 36 135 30 62 176 160 82 76 71 243 11 21 139 208 117 155 255 13 289 290 115 198 189 172 156 222 51 80 157 119 192 77 272 9 22 256 58 107 190 239 224 280 65 171 54 130 70 45 96 237 270 140 61 158 249 153 53 221 162 114 287 138 10 152 149 5 126 89 236 183 105 250 175 33 73 202 112 211 159 113 42 141 81 101 34 18 3 275 219 204 20 196 261 99 225 32 55 291 161 199 184 274 282 148 86 151 144 95 284 244 57 29
187 50 65 224 131 28 52 57 258 82 202 236 59 271 233 160 26 226 171 252 133 91 183 184 33 152 232 83 196 199 206 172 39 10 272 157 246 37 282 80 135 118 60 139 280 74 263 55 13 191 136 215 281 218 141 44 250 205 79 164 98 174 144 245 274 290 43 58 262 105 162 267 87 200 78 35 134 278 126 204 169 103 54 41 198 222 273 53 253 260 147 115 72 21 161 168 31 51 104 177 249 225 170 291 47 40 38 194 244 42 138 188 34 76 116 181 68 167 84 85 109 255 195 69 287 75 256 92 73 210 18 120 66 279 153 214 234 208 12 56 149 240 102 32 238 190 49 143 156 223 275 81 285 29 286 213 110 117 129 243 128 123 259 30 180 64 264 231 7 94 121 277 284 242 248 158 46 182 96 48 207 148 16 186 254 270 212 235
55 161 104 255 159 215 260 116 261 16 68 124 206 234 131 71 228 169 94 6 191 202 291 7 198 37 65 171 230 259 272 34 85 18 107 72 192 185 167 284 162 244 157 243 280 160 223 158 180 118 262 248 96 184 73 183
121 237 97 101 281 227 63 93 45 110 73 166 250 225 31 167 75 264 103 197 277 182 121 152 116 202 128 95 111 271 286 226 99 181 284 210 249 124 108 9 138 137 35 94 17 207 148 89 282 186 288 199 164 208 126 7 62 96 194 113 165 160 27 157 169 80 192 269 92 20 76 140 278 174 188 21 74 54 146 259 127 43 3 254 239 230 244 132 220 219 150 252 38 78 193 117 149 98 285 224 129 215 22 221 201 53 185 238 112 120 46 275 106 66 102 229 55 280 115 168 13 42
179 43 191 62 44 33 291 175 147 95 42 160 240 163 186 135 96 225 196 195 257 23 65 176 124 230 271 108 166 235 116 173 54 241 48 144 165 178 152 97 275 177 247 148 190 15 70 84 223 127 209 187 81 53 21 123 199 46 265 264 82 134 278 29 88 8 253 131 118 213 156 281 80 90 204 274 74 10 143 104 260 259 244 13 72 289 256 216 245 286 78 128 261 224 282 221 211 47 11 172 150 115 200 79 270 159 157 227 185 67 218 32 91 136 26 133 39 71 64 203 16 167 73 76 232 267 192 4 12 212 57 102 142 1 233 226 122 214 113 273 77 188 61 40 107 3 237 18 105 250 100 217 50 101 194 210 283 170 164 36 208 111 149 126 169 94 75 86 268 93 99 27 52 153 56 109 37 139 7 31
150 73 150 169 225 245 154 165 272 36 30 227 262 214 268 182 246 24 12 82 130 162 179 91 95 93 120 279 146 3 153 171 155 58 229 199 217 197 97 77 57 173 206 258 264 282 148 101 140 177 2 63 56 9 252 192 275 1 143 193 136 28 29 26 49 15 92 274 200 198 138 135 253 233 160 123 40 62 60 230 45 59 190 98 7 231 203 254 170 4 109 219 8 195 11 139 19 204 277 102 18 32 127 111 290 10 14 68 46 151 237 250 112 181 273 84 167 75 257 37 194 23 118 215 70 89 188 213 22 265 113 270 184 31 5 216 174 267 115 271 149 78 67 133 178 79 35 202 287 64 285
204 103 90 151 174 256 158 161 62 190 196 31 93 38 270 49 168 11 160 183 276 16 178 35 101 132 114 105 123 179 119 260 3 64 193 272 198 199 127 122 99 251 67 230 50 274 109 252 253 227 56 283 61 266 222 125 269 115 228 204 184 226 187 121 129 13 25 79 65 207 20 108 126 141 224 255 286 154 175 220 197 45 1 240 192 288 144 19 71 110 182 153 120 257 284 139 37 265 134 159 18 185 75 146 259 155 21 116 12 84 212 289 164 74 46 106 95 254 73 39 22 205 57 150 191 59 4 200 140 195 277 238 225 166 217 218 201 221 112 273 60 107 208 263 32 165 176 261 143 216 34 229 267 239 83 44 43 206 148 78 172 171 28 203 243 87 33 156 117 157 219 118 111 245 202 41 145 94 167 177 17 231 58 211 89 291 248 15 23 142 77 7 214 234 14 9 102 30 55 209 262 88 8 189 53
175 282 226 211 68 88 154 134 262 85 148 119 199 116 66 125 77 171 122 174 42 236 82 111 123 70 166 203 191 238 237 9 266 138 285 251 45 232 160 259 291 95 189 157 27 243 106 4 5 242 217 107 14 145 209 247 98 246 38 273 36 178 169 105 89 6 128 61 101 162 230 183 108 159 24 233 284 60 120 275 216 97 52 272 118 253 194 244 136 182 165 115 283 223 219 144 274 51 127 76 263 126 221 75 141 147 17 55 181 210 39 41 46 227 137 74 254 129 37 229 200 261 10 94 187 20 235 15 44 104 142 146 195 90 84 16 158 281 100 192 185 54 224 31 218 241 103 79 271 214 48 286 135 234 256 206 34 12 280 96 289 207 49 172 173 240 43 26 202 21 163 250 277 32 30 35
19 241 213 201 38 41 92 248 196 88 26 171 57 164 182 42 170 63 264 227
263 1 17 280 228 21 89 67 96 179 246 106 167 175 116 210 267 255 201 287 238 230 189 90 56 88 250 285 194 249 197 137 184 236 86 241 45 82 75 93 217 117 125 144 16 290 173 36 40 131 10 6 25 84 79 168 47 12 94 231 171 166 227 135 150 83 33 258 235 185 95 136 92 190 103 58 134 34 279 55 165 87 153 120 113 133 283 54 254 22 178 73 161 225 70 101 151 118 97 262 270 162 146 26 32 288 222 100 244 160 183 119 191 271 206 212 245 203 198 4 23 105 243 240 78 260 158 132 291 138 180 187 69 42 211 46 278 289 13 148 233 24 182 64 28 268 77 145 49 170 53 229 114 154 8 35 66 14 39 239 232 15 266 20 37 256 221 149 76 5 200 57 98 72 234 282 181 237 264 11 157 7 199 31 85 188 192 263 61 142 202 207 251 259 205 164 275 102 91 62 121 122 176 129 248 273 41 209 281 141 2 196 50 108 19 147 174 59 68 51 155 216 253 80 214 247 252 257 213 269 215 3 276 274 163 38 65 44 195 30 63 272 123 169 224 111 177 128 109 110 261 127 48 204 27 186 156 172 107 223 286 9 29 143
190 97 222 50 174 121 99 33 180 73 46 145 238 167 37 19 117 206 177 276 31 85 103 80 63 224 209 255 277 266 245 110 176 205 280 185 143 156 264 4 32 3 76 201 289 10 233 30 251 51 274 247 160 54 202 55 70 270 159 228 131 141 169 24 208 7 83 43 15 188 100 262 8 48 49 109 212 139 144 140 235 286 62 168 38 200 58 178 265 22 138 133 9 98 129 198 158 179 191 123 18 287 197 207 95 92 130 47 193 112 236 231 77 275 44 66 104 27 105 166 60 170 194 260 88 291 263 237 184 115 107 181 13 196 68 108 72 36 173 234 278 114 134 6 279 5 89 45 87 137 42 127 61 272 244 122 149 25 258 211 81 150 101 142 106 183 186 241 155 242 253 215 192 252 1 102 67 271 267 281 126 17 34 21 243 284 256 16 20 229 148
21 84 92 134 99 189 71 268 35 91 198 131 157 291 47 119 16 64 9 147 93 228
64 217 281 108 232 101 29 37 262 104 60 36 21 99 89 272 55 276 204 207 48 196 245 45 46 172 58 112 129 271 25 208 13 221 140 152 169 77 258 18 275 261 147 137 116 111 290 66 93 243 266 148 142 164 2 124 135 253 41 254 136 44 179 176 115
59 179 157 219 15 106 76 198 210 96 230 27 250 120 258 224 195 182 46 52 193 67 119 12 30 252 74 254 99 176 116 190 88 21 211 13 16 160 186 214 91 200 143 41 172 25 95 26 43 259 263 44 204 129 251 209 167 78 276 146
286 51 13 14 102 213 174 21 88 222 6 58 227 248 257 87 89 57 141 133 77 269 31 76 264 180 156 49 74 128 176 236 143 223 162 209 116 56 118 167 140 50 107 244 202 166 226 101 111 206 214 119 121 26 163 106 193 284 25 39 91 32 280 134 230 254 153 197 19 54 212 113 154 108 20 151 22 94 10 231 182 201 112 196 276 34 185 85 281 205 124 27 291 283 287 75 220 126 251 7 71 211 278 275 103 217 195 164 261 216 95 161 23 242 139 183 36 148 110 11 218 168 233 203 100 210 136 234 127 159 68 228 66 117 268 238 78 98 177 171 274 175 189 5 188 96 44 265 81 187 290 272 72 208 129 43 47 84 17 262 204 8 199 80 82 170 61 237 235 253 48 52 165 73 93 215 160 3 192 144 92 259 70 241 225 147 169 271 83 16 122 157 173 263 15 37 155 132 86 120 2 250 277 246 245 130 200 239 279 158 266 286 190 28 30 285 18 207 224 255 138 99 221 256 149 35 247 41 145 152 232 62 125 12 33 131 79 184 60 123 219 135 146 198 97 40 42 142 115 64 282 240 186 267 59 46 260 270 288 137 105 243 109 55 181 65 67 63 1 4 114 273 229 252 178 258 172 90 104 179 191 69 289 53 24 29 38
213 42 30 158 259 35 250 136 218 33 147 253 248 70 69 28 197 192 103 201 141 67 241 232 183 131 122 168 98 151 146 54 220 207 149 242 260 31 267 199 37 134 80 191 102 169 108 230 160 71 170 120 41 32 139 286 167 62 214 257 212 48 231 72 82 268 215 24 275 247 19 26 193 173 86 138 78 104 128 165 163 216 109 115 143 130 174 88 97 236 238 194 153 234 240 14 125 11 45 229 175 46 204 114 47 200 49 198 289 58 190 156 94 223 195 63 116 278 92 39 121 13 258 7 262 187 74 9 27 155 196 5 180 68 106 107 235 224 127 85 285 123 119 177 148 227 287 87 12 113 225 75 105 3 152 20 245 209 184 283 59 162 233 76 52 83 2 251 264 244 117 25 266 60 179 73 65 265 228 100 89 4 186 96 112 84 226 57 279 111 290 274 81 255 133 269 61 239 145 137 256 8 90 91 202 29 273 154 135 93 140 166 126 38
177 63 212 234 61 211 68 221 268 168 36 222 251 117 213 110 148 158 249 170 75 215 10 54 16 263 165 191 50 31 157 183 118 253 285 240 278 39 27 279 21 132 42 266 121 48 25 178 167 4 33 243 227 147 166 142 82 41 6 179 131 145 185 45 20 255 113 161 73 289 139 217 259 24 200 55 28 223 133 19 66 34 250 275 79 237 78 290 219 150 116 149 257 220 129 260 56 245 130 30 277 11 7 283 91 119 58 111 226 104 152 51 98 207 14 126 171 141 43 272 241 106 49 72 89 100 238 181 186 99 88 32 123 5 276 281 246 67 8 224 47 189 87 206 187 270 22 92 174 228 46 146 197 194 239 262 143 265 203 102 114 13 52 95 205 109 269 9 273 96 112 137 233 101 164 144 214 57
96 126 108 104 276 28 234 159 26 183 144 160 205 236 201 168 148 44 51 130 173 190 71 207 19 46 280 99 189 120 166 178 284 118 66 242 10 111 238 167 36 163 119 202 127 4 84 140 110 74 285 283 220 52 230 2 49 154 91 83 203 254 96 37 75 206 279 250 233 174 196 73 186 229 282 223 247 70 271 79 32 122 40 261 135 90 42 259 208 164 115 152 232 213 123 97 255
266 35 56 166 98 26 243 17 71 76 156 245 186 42 117 244 163 4 106 189 134 128 138 281 151 237 145 29 254 153 152 80 54 215 261 87 58 46 143 289 123 81 154 285 33 176 202 195 197 273 103 116 119 130 8 219 125 7 280 82 1 136 83 126 140 6 85 113 218 240 70 92 188 110 88 78 122 10 36 93 259 174 109 263 30 212 108 290 95 173 177 15 274 236 118 19 68 9 67 114 74 196 107 164 267 131 291 168 127 66 111 169 213 133 180 61 248 222 141 51 135 139 69 216 204 182 249 192 233 155 18 225 49 148 162 39 198 96 183 258 232 271 282 265 201 266 72 121 221 184 89 94 97 137 91 250 150 208 3 227 268 252 171 32 161 217 209 132 158 269 284 50 179 5 62 193 270 86 64 234 256 191 45 165 178 105 25 73 120 187 124 90 22 214 129 142 101 279 41 14 146 287 253 262 112 275 203 149 37 13 230 44 167 288 53 231 200 144 77 228 104 220 23 207 115 147 277 40 255 278 43 157 47 24 59 224 16 226 286 102 223 21 31 12 175 11 170 38 210 75 242 84 172 57 241 238 34 246 194 27 229 247 52 251 79 211 159
168 79 190 134 287 90 256 173 128 93 7 118 180 218 133 254 219 97 105 244 127 2 154 29 250 224 176 25 106 282 77 46 62 32 284 87 1 212 211 75 52 117 113 234 171 232 148 193 51 151 38 185 76 122 214 71 245 91 3 189 252 220 57 155 203 49 187 96 33 264 215 40 242 152 266 141 217 100 53 241 262 196 119 84 257 153 107 145 17 137 194 175 273 251 204 111 160 18 120 20 69 61 265 271 277 167 168 114 140 209 47 216 78 223 11 201 28 169 159 92 130 174 54 158 290 68 26 98 50 207 30 253 230 156 12 131 143 205 275 239 198 67 14 89 142 291 260 274 235 178 110 99 210 195 222 44 249 80 276 88 102 73 8 95 248 13 147 231 268
48 113 249 257 58 285 242 148 82 196 215 80 126 40 168 291 124 279 269 203 155 19 177 182 139 26 255 142 251 49 277 198 173 271 193 20 7 238 101 161 8 30 115 274 254 147 95 69 248
9 232 269 66 239 251 131 71 85 224
24 280 25 131 12 104 145 180 231 27 37 283 176 127 147 194 105 78 121 251 235 187 256 40 64
42 149 151 8 49 256 88 214 137 146 139 79 57 197 279 194 109 76 26 228 123 116 64 97 231 174 202 286 29 267 188 12 269 167 281 172 208 28 59 209 65 127 184
204 117 209 233 258 167 196 34 80 126 1 23 43 161 114 281 174 87 160 169 86 91 235 132 151 136 133 191 66 92 38 115 170 242 144 67 162 239 270 22 157 107 288 216 251 112 226 245 261 56 187 33 181 223 11 172 253 180 158 206 116 52 63 120 228 279 225 28 282 35 141 179 96 176 189 275 72 232 220 58 266 230 71 46 272 283 53 224 103 57 78 145 59 159 175 150 197 214 148 207 73 271 240 119 168 252 29 222 231 55 259 102 290 131 256 40 82 263 70 134 289 85 227 291 210 98 262 234 127 156 121 135 124 184 286 268 79 74 194 186 7 76 122 10 247 14 36 165 164 50 125 143 18 221 280 81 106 47 44 61 267 93 185 183 41 192 264 142 2 100 94 265 20 257 51 104 105 195 276 277 155 130 16 8 64 12 178 95 173 188 274 88 24 111 177 99 255 138 199 246 75 193 190 146 237
224 259 100 120 233 33 193 19 49 226 32 28 218 111 250 134 53 281 20 237 174 235 125 231 164 185 183 214 260 290 144 43 64 104 151 83 47 257 4 99 209 167 148 3 126 225 41 98 110 61 265 17 129 189 156 223 113 122 78 246 132 107 72 149 87 75 224 133 15 252 63 124 278 198 18 208 27 266 10 103 16 25 229 211 22 143 279 168 285 282 102 67 284 280 58 182 137 170 8 255 86 42 130 159 131 288 114 277 220 35 221 166 243 216 212 48 253 135 52 161 179 196 245 82 203 106 205 105 85 57 217 181 291 154 200 69 71 287 11 169 191 165 50 248 201 180 239 51 97 155 247 204 121 176 188 254 96 88 39 93 190 232 84 178 80 7 89 210 162 115 186 171 244 36 55 54 146 73 289 173 270 202 283 77 141 127 108 59 236 269 1 240 145 112 274 275 70 92 6 90 24 118 227 81 242 172 9 175 276 60 91 184 14 234 152 215 251 139 199 21 177 195 163 142 194
258 95 189 216 248 48 18 282 193 159 275 86 12 149 147 168 34 122 53 128 10 174 220 247 246 9 154 24 207 221 16 181 49 173 188 44 42 58 139 31 96 144 205 273 267 268 194 232 222 211 131 242 217 71 35 68 164 259 145 20 126 77 241 106 85 195 76 215 26 102 235 155 171 249 92 208 183 29 19 186 90 258 243 274 253 257 74 187 280 283 238 224 120 265 251 150 134 46 163 104 13 113 97 167 261 67 141 230 153 91 252 137 62 101 132 103 254 260 210 56 250 264 279 156 180 115 84 99 277 40 142 234 192 54 191 214 30 172 271 255 176 135 66 178 200 11 146 33 14 64 65 206 286 218 266 239 209 129 158 112 98 165 75 52 118 281 73 32 94 190 59 213 105 116 23 162 270 51 81 119 201 60 45 61 278 123 121 175 229 212 256 43 204 272 57 7 21 50 117 157 63 161 233 185 244 170 8 72 231 80 70 240 114 93 276 108 289 17 41 88 83 226 269 2 138 1 151 182 82 199 87 284 202 152 236 160 110 109 245 291 89 136 55 25 184 179 219 198 143 262 27 140 227 263 6 69 79 203 111
143 276 269 140 278 213 211 51 147 159 23 175 139 181 102 255 87 218 61 222 185 268 162 104 16 229 263 176 117 215 138 59 194 91 37 76 203 135 208 67 73 179 271 47 52 182 190 282 119 251 205 56 197 291 69 143 113 30 256 236 89 88 227 90 79 118 257 228 230 237 141 44 92 216 13 226 11 80 35 29 105 57 20 168 82 3 157 261 183 266 137 259 217 41 200 248 81 130 289 204 201 286 101 128 202 134 242 270 131 110 260 68 283 1 209 238 132 19 233 191 149 199 281 284 221 108 24 27 288 123 31 246 6 210 144 77 34 212 239 244 32 272 193 243
106 273 67 161 198 25 102 287 263 275 97 177 68 205 101 1 33 117 103 233 156 226 73 180 271 270 281 166 209 26 213 185 69 46 79 248 214 94 112 191 159 104 56 72 61 41 128 149 12 4 57 123 70 165 283 222 6 264 126 52 143 229 92 200 30 122 162 121 274 239 207 65 16 66 282 221 55 168 266 85 234 179 153 93 169 17 118 154 172 22 105 206 244 96 224 24 202 277 84 223 116 256 150 203 201 152 225
200 176 228 2 143 90 243 74 161 141 8 139 151 53 167 91 132 194 128 68 230 10 218 155 150 264 202 62 75 13 237 96 111 64 215 191 225 24 245 152 251 63 222 72 47 131 240 272 134 15 281 45 110 254 280 210 130 1 37 192 193 233 279 43 147 124 11 169 146 231 283 224 241 165 92 188 54 236 153 278 212 31 275 21 157 217 26 126 12 137 102 140 286 9 5 190 227 99 115 135 34 229 19 133 129 220 144 56 170 18 261 244 208 253 214 205 221 271 164 274 122 38 109 259 262 98 256 89 196 203 66 105 187 252 162 77 39 291 41 235 104 177 288 136 100 84 27 23 22 171 180 250 248 247 87 16 201 97 79 168 113 119 95 50 270 156 173 246 184 121 52 65 101 284 29 216 163 195 48 60 73 127 186 35 185 82 58 258 267 213 285 249 287 33 118 198 78 76 207 232 238
272 177 283 239 22 10 285 167 222 140 67 12 272 16 204 68 209 107 8 176 109 29 155 26 79 41 168 261 63 157 244 241 201 92 4 276 237 156 265 11 199 248 66 179 193 5 180 124 165 220 134 269 210 162 233 279 254 278 148 126 225 117 143 125 253 122 206 203 14 18 43 59 74 281 139 80 115 48 71 9 250 116 131 169 242 182 153 187 271 234 99 38 170 256 178 135 175 73 15 158 13 149 93 123 284 255 17 197 103 287 274 205 42 30 245 171 32 118 33 235 200 24 152 202 130 28 64 208 36 21 37 25 290 221 163 46 50 133 82 85 128 260 7 183 215 243 86 258 2 138 136 185 108 232 47 95 275 218 90 119 101 229 121 216 34 106 166 69 61 273 111 20 172 104 54 219 3 145 247 147 105 277 289 266 190 132 194 186 39 150 188 97 262 230 227 226 127 212 195 96 84 76 89 154 288 282 70 113 161 196 55 246 267 137 57 231 75 27 251 45 270 146 65 259 217 214 173 51 1 174 100 120 236 223 159 286 44 129 58 141 238 224 257 291 23 240 98 35 6 110 144 191 192 72 151 31 77 88 91 198 160 249 53 142 263 49 83 213 62 211 252 87 280
140 276 275 254 175 130 81 240 89 82 147 195 116 38 187 136 115 93 9 229 185 238 56 152 135 96 270 208 190 216 267 63 194 97 248 109 202 101 129 164 156 159 73 10 178 43 127 281 59 128 210 215 173 108 171 162 264 137 53 285 139 140 256 19 48 60 21 77 181 80 90 49 66 168 177 118 133 79 201 105 148 34 225 260 107 2 176 209 287 158 71 23 169 230 16 95 52 204 67 231 197 273 180 182 280 233 57 99 290 114 263 237 269 88 41 151 186 222 125 221 286 64 33 11 277 131 40 91 27 241 154 278 236 255 244 183 31 87 86 76 28
92 93 191 261 86 197 218 97 105 248 167 276 162 226 109 69 153 130 230 173 214 260 282 270 104 5 56 164 244 237 241 49 96 44 148 1 53 34 159 74 136 250 195 289 283 145 180 108 124 65 193 19 45 38 16 235 80 89 179 95 36 274 29 101 239 147 88 46 211 163 273 140 204 20 99 123 134 82 92 141 84 61 75 144 252 31 87 3 25 176 288 224 196
213 19 195 100 206 8 133 25 212 233 279 91 89 194 141 65 109 66 120 70 201 205 104 43 220 167 15 28 179 200 161 229 266 45 156 73 258 123 272 280 267 169 168 138 40 151 197 226 219 247 17 59 24 49 122 76 250 290 68 9 125 35 256 102 182 63 181 249 124 245 54 1 148 136 273 6 4 130 86 265 183 231 27 83 88 274 172 152 44 236 135 140 251 69 248 2 157 112 227 95 155 170 277 58 87 131 105 177 246 188 3 162 12 128 119 55 94 38 186 264 235 108 75 81 150 192 78 101 214 165 84 278 62 126 180 173 253 146 287 67 50 204 261 243 202 106 7 211 164 74 39 189 129 198 72 269 34 99 232 32 216 82 234 103 97 203 22 281 107 209 118 33 176 166 117 242 210 121 237 199 64 270 92 31 224 291 36 225 56 163 230 21 160 80 145 29 260 41 42 158 255 57 215 13 262 85 14 208 143 110 187 30 241 213
227 275 67 118 143 161 55 147 158 222 37 291 144 176 235 234 83 131 221 133 66 135 128 208 205 42 120 280 204 190 44 96 113 224 203 187 228 105 150 73 17 27 226 3 92 58 186 115 214 246 188 98 21 134 179 146 111 236 57 274 170 69 242 28 65 70 284 30 263 243 151 39 124 260 82 220 206 192 97 210 262 253 112 45 4 81 197 43 85 285 159 80 49 244 240 212 75 183 123 22 245 288 213 155 268 163 277 152 138 281 102 109 116 77 84 63 51 211 41 215 180 33 141 247 209 139 6 110 142 25 119 241 15 273 178 62 53 156 184 217 252 86 23 117 121 149 129 114 165 258 279 38 79 249 185 71 36 196 122 251 11 269 19 267 255 99 239 162 54 278 88 181 64 250 193 47 34 202 7 154 9 12 130 48 276 290 32 157 229 225 68 248 173 59 265 172 289 199 106 216 169 61 89 194 286 189 90 14 127 94 166 93 230 140 16 270 283 20 76 191 256 200 261 40 56 8 264 101
256 42 275 187 180 57 29 111 193 253 197 171 91 189 121 254 37 206 72 125 160 182 74 228 255 146 169 176 145 237 186 113 52 218 202 94 108 288 154 89 6 144 18 32 215 24 269 10 22 242 224 148 38 86 194 184 126 43 151 118 14 164 69 208 165 123 246 21 83 268 19 285 181 59 35 267 48 96 245 162 205 79 103 76 188 98 60 4 265 250 230 153 5 128 68 161 212 227 58 158 179 102 63 88 213 117 82 26 67 260 11 283 61 15 100 119 185 209 289 163 141 62 276 210 54 140 172 84 138 39 149 239 139 190 130 284 236 241 47 256 217 31 240 116 235 81 77 50 226 234 282 183 258 178 49 34 214 219 87 12 136 252 286 259 46 51 159 55 107 191 104 201 273 127 41 143 175 166 251 280 137 90 281 27 7 274 157 131 70 247 17 122 243 257 278 101 173 1 134 291 105 287 25 168 56 40 232 142 85 44 106 33 279 192 222 36 9 263 8 262 109 53 198 216 64 20 156 71 264 115 223 221 3 277 155 28 199 92 231 65 93 270 114 290 97 170 225 16 135 200 13 150 272 220 203 207 195
26 280 234 79 291 150 217 48 30 164 256 156 153 267 200 117 192 166 209 202 229 84 232 32 57 201 95
142 237 76 21 39 281 172 14 183 50 245 117 176 150 54 34 121 45 179 72 109 190 62 197 28 111 247 107 195 26 208 259 177 12 37 169 205 118 166 288 280 252 35 36 43 192 92 79 116 119 234 38 232 254 114 22 227 175 223 258 49 291 188 277 162 127 59 24 278 89 270 41 74 31 128 80 65 101 6 10 246 249 200 238 275 167 187 180 242 56 51 125 147 219 5 67 134 7 136 126 224 220 87 141 142 8 20 284 289 60 23 264 174 144 253 157 148 274 265 222 160 286 155 93 94 248 27 55 124 203 189 105 40 282 57 11 257 98 137 263 240 159 158
3 85 140 138
250 13 132 239 283 29 112 222 208 218 100 288 110 172 118 119 97 138 237 21 103 59 223 66 264 215 127 109 73 2 80 52 233 28 99 213 114 228 171 197 5 258 160 234 177 121 276 48 225 57 116 241 224 235 203 89 181 231 202 140 282 156 27 125 168 1 71 84 184 245 230 271 275 106 183 60 198 10 277 165 191 23 6 205 240 123 117 227 261 158 185 209 166 105 55 161 173 22 139 146 186 54 175 19 221 129 193 206 122 51 229 69 142 85 190 155 67 236 232 50 101 47 284 92 153 130 174 46 12 189 17 78 268 199 279 45 38 18 63 44 238 26 126 3 75 159 251 248 250 243 95 131 31 91 287 39 137 9 86 88 15 87 111 49 247 200 157 207 289 290 34 120 252 266 167 79 242 53 74 145 98 135 162 210 170 11 269 280 249 20 178 188 147 133 244 56 81 255 113 265 285 83 72 164 77 32 4 128 254 35 291 64 274 169 149 134 217 257 76 42 194 273 82 96 212 58 104 214 61 192 187 281 253 260 33 201 163 41 94 25 180 204 108 196 286 179 93 256 102 150 195
68 82 163 207 216 16 286 93 276 278 176 10 288 23 205 150 178 81 91 252 182 267 270 217 95 149 144 154 124 219 147 246 46 111 280 105 211 58 96 282 184 185 59 20 75 101 90 222 255 245 225 143 223 202 258 12 203 145 83 231 212 230 263 9 76 106 262 107 92
120 151 234 59 56 253 217 264 123 16 13 206 93 231 100 287 124 266 260 143 66 262 242 49 255 240 118 237 42 160 10 78 250 129 277 196 50 115 43 184 41 228 259 76 146 31 281 209 108 113 149 180 190 134 135 187 198 183 36 106 193 126 96 288 130 98 75 12 17 30 236 150 162 290 132 2 286 23 112 186 95 97 220 224 19 280 214 4 61 87 73 5 168 28 279 153 128 68 152 60 210 84 51 161 245 139 177 26 267 109 278 63 274 81 77 243 249 227 164 270 141
2 116 40
207 146 247 228 59 115 71 114 262 6 103 92 226 165 168 191 22 261 152 140 259 40 25 169 182 82 138 227 137 276 4 18 43 185 180 263 13 122 289 257 224 288 63 52 85 198 211 254 125 253 217 204 190 156 2 151 91 70 20 54 223 212 26 149 186 33 73 201 45 113 179 21 42 281 177 167 164 265 5 10 145 44 266 258 252 136 287 231 95 47 127 241 12 49 39 94 163 237 171 55 80 97 193 27 46 23 206 208 134 84 110 183 280 56 61 239 119 36 118 160 67 32 161 244 232 178 147 268 19 199 248 192 105 187 255 34 221 83 188 106 233 66 88 107 250 79 111 3 200 275 120 236 218 189 139 30 272 172 271 126 150 99 170 76 9 279 75 141 234 286 89 235 210 222 41 57 102 35 24 260 11 1 158 148 131 129 203 277 251 121 155 53 291 264 196 8 283 133 74 77 249 209 215 124 130 174 143 123
18 249 97 89 265 291 65 118 245 192 239 155 128 120 252 6 112 150 39
97 89 8 259 142 225 167 91 1 191 201 22 52 75 159 160 107 59 26 214 35 77 143 24 155 15 144 44 105 170 137 267 178 64 16 119 82 229 106 136 9 20 32 164 62 289 17 244 283 40 57 246 4 50 67 208 173 132 226 84 115 145 212 98 49 131 209 192 220 189 113 253 111 195 94 90 2 55 198 181 290 101 169 180 248 65 278 268 124 157 193 232 231 171 39 147 33 128
256 245 174 33 256 66 185 194 1 63 288 291 43 219 83 18 89 59 97 209 72 249 184 23 42 132 186 131 12 161 5 146 88 251 76 136 190 55 204 49 236 180 108 107 149 61 201 39 44 213 281 195 188 115 57 273 46 270 258 290 127 41 182 247 96 17 233 29 205 2 135 154 122 197 94 65 81 156 212 74 25 13 128 170 208 125 248 120 179 282 92 277 123 279 167 230 214 35 109 176 148 113 164 11 91 271 103 78 141 250 227 259 155 60 140 252 77 71 267 165 27 243 85 269 4 272 223 134 238 145 8 202 79 30 62 32 220 138 193 260 129 64 106 264 175 166 147 181 130 84 67 153 22 51 105 226 118 215 119 70 99 160 173 171 168 21 276 196 110 222 211 87 34 75 278 242 15 124 19 200 231 206 286 187 285 121 82 192 28 280 36 45 93 101 139 287 218 274 172 52 221 53 263 284 254 235 31 244 224 234 151 265 37 268 7 283 239 257 150 86 6 237 48 80 177 158 54 68 169 56 73 228 38 217 159 210 275 98 20 50 229 137 157 40 116 26 289 117 178 266 144 90 162 112 14 24 16
91 243 79 169 284 177 139 68 290 183 52 45 35 206 181 41 262 154 55 244 251 39 121 259 221 178 120 59 20 216 30 87 219 190 279 149 245 66 247 192 266 101 273 62 130 265 106 48 263 186 268 67 203 111 289 63 84 167 233 17 222 286 260 201 210 213 107 89 198 291 220 148 133 40 185 91 276 173 77 127 105 269 51 223 274 230 23 238 9 10 129 258
13 104 77 272 93 11 279 288 143 13 182 187 65 72
209 108 152 2 69 261 266 47 96 137 203 194 283 55 219 99 166 67 112 204 20 46 29 95 90 35 140 179 136 253 5 89 229 34 121 4 218 190 127 45 154 236 64 275 135 87 31 40 286 14 102 25 198 197 81 289 84 71 19 165 242 255 80 228 233 257 39 174 54 247 59 63 192 200 276 195 188 213 240 262 44 177 120 124 113 118 162 216 26 149 94 111 264 12 145 281 159 104 258 189 85 170 117 288 141 8 125 122 291 268 201 62 209 158 15 193 184 269 76 41 22 183 279 180 252 100 134 224 176 217 3 83 16 186 51 171 77 205 245 212 155 75 17 238 267 48 91 1 227 164 10 132 259 115 49 280 241 178 282 72 191 263 202 42 214 208 230 270 223 260 116 249 143 105 185 61 251 101 74 65 274 70 38 210 271 98 130 9 215 232 6 78 167 235 151 57 182 181 226 50 285 66 126 225 56 273 30 237 109 142
70 56 45 73 268 49 85 93 229 213 182 21 98 209 105 41 23 88 218 196 7 179 80 276 222 14 136 90 134 4 278 38 106 50 176 10 26 102 89 184 51 158 166 236 226 138 271 6 287 291 86 262 92 254 108 9 244 107 235 258 250 159 75 16 273 30 224 29 263 283 60
178 221 185 256 262 20 36 169 148 272 56 218 1 133 40 82 103 176 21 65 150 240 86 46 74 180 95 124 188 217 18 208 181 52 158 84 247 144 98 290 210 172 145 279 69 14 182 250 80 88 60 111 25 102 163 156 130 265 259 205 85 43 238 277 12 2 22 113 189 166 67 225 30 3 201 147 260 193 186 64 151 104 167 146 178 204 153 27 268 17 72 244 138 191 116 264 92 45 216 38 223 37 291 228 35 199 206 227 33 70 135 159 160 269 213 101 215 253 214 245 287 11 62 71 254 203 55 110 232 83 94 127 73 9 164 226 87 177 100 109 149 107 75 132 242 258 76 42 4 170 276 23 115 91 19 288 200 140 241 99 207 51 137 246 171 173 143 284 16 53 282 286 230 49 285 26 44 263 234
9 216 255 11 181 46 242 44 163 50
49 97 51 96 184 278 135 61 166 196 187 19 33 205 128 13 158 272 138 2 284 110 285 213 271 11 191 231 53 201 189 127 139 123 177 290 240 78 232 206 125 23 48 178 179 142 38 248 36 183
204 152 3 97 277 116 7 225 9 199 93 270 229 38 157 279 168 146 240 187 136 30 271 14 90 206 164 165 118 260 224 60 138 167 265 62 66 248 160 257 203 37 272 81 256 217 80 128 145 86 236 29 56 185 77 189 212 139 84 174 50 158 264 103 119 89 88 123 117 148 39 61 269 85 104 197 201 113 73 204 121 261 227 4 207 289 43 259 57 75 150 188 111 46 42 8 170 268 72 196 241 213 159 254 284 17 149 20 198 33 287 222 255 181 243 171 36 59 239 209 79 166 11 69 258 202 215 52 120 41 180 182 35 219 266 135 107 186 214 134 280 131 286 15 76 1 65 27 16 47 53 178 82 105 216 283 91 108 25 31 169 143 253 234 235 275 129 250 153 233 2 140 228 5 67 205 210 194 28 246 183 18 223 232 173 122 51 247 179 10 193 24 192 78 99 71 100 191 63 161 175 132 262 49 114
175 220 79 68 197 239 266 286 273 203 178 237 282 36 76 263 108 217 12 163 136 124 148 43 5 72 247 65 128 276 213 232 208 233 10 182 85 56 205 94 41 278 132 17 218 82 160 104 2 204 143 291 61 271 31 192 222 176 133 241 289 62 60 158 59 215 84 101 63 67 107 29 89 159 191 255 93 287 274 71 88 242 245 39 252 200 202 24 194 257 284 138 11 174 279 95 156 142 172 166 30 35 214 268 164 126 9 155 33 162 113 184 125 4 140 25 251 87 235 173 188 212 135 83 123 114 100 206 149 254 130 51 248 226 106 18 118 258 267 186 1 6 129 3 139 15 154 230 275 285 238 42 14 92 227 280 187 7 256 23 150 260 144 90 261 50 177 54 111 19 102 183 21 219 146 288
145 257 81 101 210 28 44 267 191 225 92 262 144 239 86 58 90 268 123 46 93 180 274 233 142 266 264 289 208 278 10 72 124 25 13 77 277 116 80 258 222 219 252 256 259 206 108 79 96 207 265 63 192 57 200 130 250 125 29 53 4 78 283 126 285 269 106 194 162 287 184 18 244 38 54 221 35 276 146 87 178 71 19 177 95 260 55 201 185 172 127 183 3 202 40 121 230 119 218 161 135 216 164 52 148 27 49 238 102 261 43 245 114 8 91 128 182 42 115 179 132 62 112 170 7 165 111 89 199 231 213 60 228 143 122 288 211 139 98 64 136 22 110 36 220 263
223 287 9 62 190 187 83 106 186 198 87 244 99 224 215 63 55 35 279 273 108 253 76 43 238 274 260 196 122 4 232 269 152 227 277 265 100 22 80 51 266 286 271 135 121 128 104 56 175 145 127 115 130 30 280 281 275 228 153 259 235 218 50 178 219 126 146 247 65 112 93 200 6 25 124 117 166 90 197 47 125 98 74 217 237 138 10 34 284 129 174 52 48 249 71 31 33 20 5 252 194 68 221 144 102 278 212 193 223 233 111 208 177 276 185 160 222 267 88 59 27 291 225 57 158 213 46 256 183 60 134 263 17 11 105 75 97 290 96 45 107 77 3 272 39 58 248 230 251 89 101 255 70 123 150 136 182 205 169 270 162 66 8 120 61 85 176 92 44 84 147 41 168 32 243 137 94 78 42 53 226 257 283 110 181 246 172 37 234 109 288 207 148 91 23 210 236 191 209 242 113 2 116 119 14 49 264 165 29 141 133 179 211 140 12 258 36 67 139 159 171 240 216 180
60 22 249 96 167 134 248 74 97 283 95 94 67 228 135 118 268 218 125 36 164 239 145 49 143 84 20 109 51 63 80 114 23 83 106 86 235 68 38 254 61 163 108 93 79 175 284 122 91 152 211 185 55 282 279 15 207 281 277 245 33
171 108 198 71 120 144 96 95 33 149 217 257 38 204 258 115 65 94 16 184 82 282 56 191 11 176 147 20 66 265 268 34 168 216 110 22 14 21 275 58 100 230 152 74 92 73 29 183 7 118 256 277 200 45 185 1 75 182 97 248 90 133 285 88 6 274 12 154 83 157 267 212 17 127 290 194 270 286 27 220 222 54 32 119 31 160 123 219 8 207 138 105 30 179 206 69 169 249 170 271 104 241 233 255 153 229 261 121 141 240 70 195 269 246 193 190 199 59 215 36 264 98 283 72 122 148 223 109 63 245 158 50 143 139 253 93 209 55 244 254 35 281 259 171 178 221 5 163 165 137 9 2 91 232 196 26 234 260 86 228 124 272 61 247 116 111 42 99 62 279 57 242
115 199 21 19 228 269 35 58 9 271 22 178 112 88 150 3 80 230 147 272 179 126 274 177 87 32 11 260 229 75 45 101 265 125 214 206 186 106 56 7 64 74 289 275 33 124 136 284 34 2 180 216 95 77 98 193 50 262 249 190 113 191 215 100 60 235 144 218 187 66 201 143 142 155 70 237 29 103 198 285 243 167 107 130 210 281 46 212 221 286 194 166 181 287 120 290 10 115 238 288 53 220 162 16 131 188 154 81 252 127 63 255 159 236 219 79
281 156 216 55 175 246 163 190 235 164 230 205 189 105 24 25 179 186 172 68 203 187 62 138 33 32 249 159 57 210 196 247 286 90 96 288 191 111 263 107 42 124 77 136 166 193 71 106 280 154 44 21 289 227 10 43 14 15 268 41 22 112 195 129 167 153 148 171 18 229 188 198 254 145 151 282 59 221 259 87 128 170 231 242 63 162 211 269 120 214 103 199 47 220 13 2 19 58 278 238 194 266 45 218 250 222 137 132 139 177 88 38 262 72 31 125 86 264 69 50 5 27 150 243 271 131 291 94 274 237 65 97 34 284 255 16 283 64 165 133 155 257 260 11 83 1 228 51 204 36 109 176 182 180 185 207 161 140 233 158 123 76 146 73 113 99 89 224 118 251 290 29 142 149 236 232 215 56 201 197 160 54 252 85 60 248 74 270 213 4 49 200 30 241 240 217 114 110 253 183 66 6 181 267 239 256 130 208 12 276 95 46 104 82 184 279 126 144 258 101 20 275 48 3 141 81 265 91 244 28 157 209 67 93 39 102 272 223 206 234 277 219 61 37 98 135 92 53 202 8 168 100 79 174 261 143 26 285 78 178 169 23 84 52 147 245 117 127 119 226 115 152 273 40 75 17 192 173 116 121 80 108
67 75 224 110 258 196 52 111 266 282 63 27 200 270 118 24 102 81 95 83 29 241 195 146 56 159 4 191 74 67 100 215 85 137 199 155 148 68 179 90 57 165 193 164 185 12 128 271 89 49 11 290 96 212 119 70 208 228 133 171 154 43 88 62 287 135 203 222
76 1 289 283 111 160 148 135 252 2 119 214 105 169 8 248 40 163 140 58 157 51 92 131 101 31 203 17 85 166 127 200 198 33 272 88 104 38 237 220 244 231 26 204 207 190 282 68 261 72 44 267 240 48 123 81 79 130 256 141 201 43 165 149 114 102 268 62 64 270 211 277 94 124 21 74 60
215 57 257 173 160 106 207 212 190 5 46 94 91 255 36 171 104 277 35 230 235 204 103 59 114 39 71 50 85 15 22 136 218 63 183 56 26 259 92 30 184 203 45 221 260 291 68 239 42 236 161 208 273 237 226 126 47 169 17 131 23 174 142 120 4 84 149 101 205 87 116 180 121 228 13 7 158 10 225 289 278 231 176 54 262 88 155 263 144 194 93 95 105 43 245 102 127 113 96 240 270 195 99 287 49 243 143 40 178 145 283 286 20 197 29 182 290 234 224 33 246 202 86 107 90 151 38 72 150 141 58 148 28 3 198 165 79 152 269 110 134 112 264 81 248 130 199 37 253 11 170 138 252 77 274 66 215 53 217 186 282 135 153 62 177 111 89 159 80 247 108 164 125 172 98 267 181 9 242 232 124 73 275 162 83 256 211 118 6 41 163 119 288 193 76 265 189 67 285 266 261 51 65 140 82 201 200 272 254 129 2 213 128 139 250 216
73 199 273 57 68 242 19 264 50 45 84 106 141 250 282 53 248 5 220 122 91 2 278 261 146 263 125 82 182 203 287 204 266 233 124 30 139 279 190 230 44 198 226 110 237 132 161 59 4 39 155 73 143 202 40 239 96 138 103 223 12 78 63 254 243 128 64 93 210 80 259 257 291 26
146 185 250 26 186 287 37 46 85 261 276 160 270 79 211 84 271 51 134 191 9 81 206 19 197 133 74 254 136 164 66 231 119 274 59 86 67 42 150 286 246 146 99 290 242 224 39 218 12 182 130 78 256 169 249 252 189 202 107 166 177 220 98 267 100 154 176 229 14 139 127 281 138 22 193 282 212 221 48 203 236 57 123 11 54 145 158 45 7 147 95 213 280 269 155 80 279 142 16 50 93 222 106 60 38 183 91 266 6 178 114 219 207 196 245 8 204 263 165 90 15 235 273 109 240 244 215 72 225 29 25 5 162 277 13 73 68 104 238 97 175 233 194 232 260 144 21
254 219 244 96 43 227 24 86 74 283 124 67 185 175 109 216 237 80 213 1 138 118 62 83 194 167 159 224 16 53 150 26 57 97 108 13 41 260 103 200 186 141 33 268 115 104 241 166 122 267 193 156 171 7 50 101 245 59 36 276 112 262 218 10 58 265 5 23 249 201 149 116 272 30 253 72 6 44 35 34 266 264 257 17 8 259 269 12 228 214 195 128 95 9 170 54 27 190 163 107 281 145 284 256 248 136 278 184 222 65 211 38 114 111 129 70 73 102 275 60 139 135 81 221 132 152 89 120 209 63 56 113 77 236 48 55 291 151 203 215 142 93 280 106 137 71 82 198 146 204 212 233 169 234 206 133 207 274 285 85 158 19 28 181 25 68 250 225 18 229 263 61 205 246 94 172 279 199 119 178 117 197 69 4 165 164 75 223 242 126 230 153 271 243 183 147 22 148 90 202 220 240 252 42 154 144 270 51 155 14 196 208 52 157 160 46 192 247 231 176 31 130 92 125 87 232 134 238 76 105 2 254 15 37 182 273 235 29 187 162 239 168 21 140 217 131 226 79 251 99 39 289 261 11 91
100 1 69 122 142 261 100 210 175 65 58 277 218 274 211 239 61 146 214 193 18 34 148 17 197 172 184 85 240 170 114 4 221 83 63 13 216 37 256 259 230 281 267 283 60 238 3 253 242 262 191 145 157 38 203 190 271 62 126 248 269 12 86 174 251 66 92 131 111 227 165 178 149 103 245 97 27 141 143 14 84 289 5 207 182 161 41 104 241 229 147 285 35 109 151 22 78 290 206 263 68
153 38 164 255 1 193 48 31 271 175 145 26 179 142 197 262 63 195 110 2 93 199 215 15 22 212 118 226 269 268 69 74 135 112 228 66 270 158 282 176 107 187 217 172 168 170 124 51 214 81 138 162 200 103 11 163 281 159 87 121 196 24 291 257 73 106 50 6 133 260 111 132 71 82 78 126 134 191 208 250 123 95 254 128 192 92 211 75 265 149 273 222 41 101 221 266 206 218 198 45 20 67 241 156 256 57 58 219 10 227 16 155 43 33 261 86 36 108 245 119 167 232 161 203 42 105 238 47 80 97 3 104 287 127 289 201 77 49 264 116 160 85 285 274 220 143 122 248 7 76 99 139 259 25
174 9 284 286 198 139 17 73 47 231 185 173 64 112 53 268 256 123 116 282 87 176 52 75 212 55 33 144 1 119 221 253 247 274 166 236 202 234 197 208 103 104 4 37 280 78 174 270 71 30 147 19 138 245 105 72 266 101 16 43 86 272 79 249 271 20 74 203 196 186 264 287 34 85 13 262 189 228 42 193 222 21 36 273 160 258 48 239 91 111 237 99 224 124 151 219 223 199 291 157 188 90 190 152 213 22 126 125 146 149 154 131 7 263 191 117 35 227 250 179 80 244 220 163 39 8 134 204 58 243 26 127 24 180 62 28 89 136 169 165 14 130 120 95 226 45 201 167 32 255 44 187 81 150 153 66 218 192 283 69 102 252 50 77 41 205 279 68 18 171 109 161 46 168 115
212 239 210 247 272 40 60 184 10 69 45 57 171 34 261 73 177 21 8 79 72 217 56 275 132 55 242 139 148 224 267 6 110 23 281 206 105 38 117 18 94 197 229 100 77 228 122 284 232 283 65 204 102 162 277 4 135 158 20 218 90 119 190 44 255 131 32 62 114 215 95 155 48 220 246 189 141 211 157 63 259 24 78 199 249 37 145 64 200 223 47 240 116 175 244 168 207 101 216 46 181 13 84 212 137 147 203 58 187 264 166 134 87 106 108 227 136 178 111 85 112 2 154 66 35 138 198 251 146 266 288 289 257 185 5 115 75 104 42 164 270 235 71 126 74 263 93 192 195 262 193 279 140 254 19 31 273 161 17 250 265 256 285 127 61 252 183 43 30 11 245 243 209 176 280 174 96 27 221 201 52 51 278 260 121 258 287 128 67 163 156 107 80 269 89 153 202 237 29 88 222 68 120 230 253 234 225 226 142 14 15 233 205
199 106 120 41 215 92 260 176 117 219 214 286 181 10 34 52 115 124 100 257 111 95 162 273 278 198 272 42 271 23 187 86 31 163 138 119 241 118 69 212 72 132 96 144 146 16 165 56 60 186 268 45 231 26 154 190 200 57 123 14 116 160 9 137 48 248 121 89 244 277 133 179 167 63 188 157 55 172 220 193 36 237 223 288 66 287 32 202 71 12 131 284 206 245 197 3 77 94 283 291 65 105 233 58 113 15 185 195 84 135 267 78 1 107 74 216 79 289 264 232 2 275 22 44 211 191 243 80 30 87 209 104 128 139 182 174 184 254 171 161 250 103 255 205 256 33 68 261 222 112 180 169 282 83 281 259 236 166 38 4 85 51 75 88 147 54 109 204 101 242 246 19 98 29 224 91 221 21 62 170 20 40 217 196 129 90 67 73 81 102 49 27 18 210 35 263 226 258 70 97
238 291 172 210 102 192 240 220 101 80 175 277 142 238 155 145 68 234 187 40 153 104 67 66 39 242 118 45 122 8 248 143 179 76 279 41 205 87 290 185 267 288 62 271 38 162 19 69 123 272 92 108 166 249 275 112 219 90 178 289 57 190 89 3 152 56 111 86 94 182 285 165 33 163 244 95 29 71 224 233 191 226 18 125 110 77 134 12 75 204 239 259 256 58 2 225 46 255 141 115 230 247 27 222 157 146 246 130 197 211 274 137 124 131 261 243 232 212 228 114 13 63 265 10 201 138 117 151 64 72 202 216 258 236 147 1 173 121 34 23 37 150 100 97 103 99 132 227 161 20 262 7 25 214 287 93 171 50 120 284 32 167 126 207 276 229 91 65 109 164 35 286 129 283 84 263 203 61 241 160 44 73 251 105 196 85 43 193 264 148 17 269 215 268 184 52 177 280 106 5 136 74 4 218 253 88 235 6 113 16 11 199 169 116 281 198 133 250 51 237 83 78 266 140 21 31 221 127 282 79 208 49 252 15 158 231 156 96 22
248 71 231 123 140 249 272 269 228 256 263 13 62 81 254 89 25 110 255 223 279 112 15 206 259 181 101 244 271 218 91 290 33 176 165 98 226 253 276 288 117 281 230 196 148 210 11 145 66 168 180 137 36 85 267 86 270 20 209 175 9 261 125 17 94 60 47 222 96 142 65 39 45 150 215 162 243 51 104 88 119 278 225 109 34 102 152 46 61 58 185 138 82 24 84 166 195 52 198 242 106 182 184 40 19 147 163 128 149 191 159 144 132 42 252 146 38 167 257 172 49 12 136 169 18 92 268 170 53 178 55 241 197 193 250 113 199 227 156 64 97 248 251 69 237 264 192 116 158 59 291 189 103 31 4 224 21 129 115 56 41 78 217 221 107 262 212 232 108 28 204 229 80 246 131 22 134 208 135 122 79 247 48 130 2 207 286 95 5 171 177 37 67 75 54 73 265 275 236 154 187 43 3 205 280 57 124 274 219 27 157 127 90 201 213 111 7 155 74 105 70 35 194 151 188 174 93 284 287 179 216 273 239 68 32 233 164 153 277 258 76 83 234 200 203 285 6 118 266
56 61 64 290 53 266 250 200 56 66 29 134 16 31 89 65 86 154 49 245 165 140 190 112 283 252 54 17 150 18 231 48 242 207 220 108 237 194 100 199 184 274 92 211 233 181 63 227 132 198 163 216 68 234 235 149 236
75 174 135 55 274 200 57 61 47 288 267 202 181 276 248 282 113 156 71 186 223 229 102 70 287 41 204 258 155 252 22 286 195 143 169 25 284 121 261 170 165 275 66 72 176 107 19 137 78 43 75 278 59 40 175 4 88 251 217 21 87 120 291 34 62 215 163 285 235 290 136 154 283 64 18 35
99 262 152 214 182 121 245 272 204 284 61 64 260 282 124 229 56 51 6 254 31 70 217 7 65 252 275 261 286 23 129 34 3 20 135 220 52 255 96 55 17 138 236 158 289 206 123 142 166 100 46 131 81 30 18 137 11 218 26 68 273 60 120 59 122 125 277 146 36 241 288 145 177 12 24 225 185 246 196 160 41 228 9 54 268 184 249 104 216 247 14 25 164 161 200 139 290 71 119 16
48 21 206 47 169 97 287 73 194 137 49 249 219 200 196 248 140 77 209 10 143 138 244 272 68 6 204 278 197 155 214 48 167 40 271 184 286 65 193 266 185 232 223 71 106 136 128 66 151
36 24 238 196 140 67 184 85 81 280 154 38 226 9 157 279 200 286 281 221 128 151 271 168 176 88 102 46 3 141 235 55 108 185 290 12 267
12 179 28 248 291 29 176 181 227 92 199 225 243
