2556274 972803195
153535195 833831310
176217025 814929785
523088827 583681917
728324260 488957871
834915676 448986090
932443872 416915655
1027834039 389121278
1296218836 325971914
1572380664 277943770
2006570919 224493045
2347509036 194560639
2768871117 166766262
2836916607 162985957
3103395147 149662030
3353219155 138971885
5252144994 89797218
5662816930 83383131
6319036816 74831015
7383790609 64140870
8528968366 55588754
10571637901 44898609
14815686870 32070435
15876164605 29932406
17099628297 27794377
22236892986 21380290
31774778514 14966203
37072891131 12828174
44489821189 10690145
74155403392 6414087
111235777624 4276058
222474762291 2138029
174234351328012 2730
348468702658071 1365
522703053987675 910
871171756646610 546
1045406107976032 455
1219640459305441 390
1742343513293629 273
2265046567281790 210
2439280918611174 195
2613515269940557 182
3658921377916842 130
4530093134563737 105
5227030539881250 91
6098202296528139 78
6795139701845649 70
7317842755833781 65
11325232836409452 42
12196404593056336 39
13590279403691350 35
15855325970973247 30
18294606889584520 26
22650465672818935 21
31710651941946516 15
33975698509228411 14
36589213779169059 13
47565977912919780 10
67951397018456832 7
79276629854866305 6
95131955825839567 5
158553259709732614 3
237829889564598922 2
475659779129197845 1
