74
919459
819459
719459
719359
719350
719340
729340
829340
828340
818340
818349
817349
817249
817149
817140
817141
817241
817242
827242
827142
827152
827162
827161
837161
937161
937160
947160
947169
947269
047269
046269
045269
045369
045359
945359
845359
835359
835259
835258
935258
925258
915258
915259
905259
905159
995159
095159
095259
095359
195359
195369
195469
195479
195470
195471
195472
196472
096472
096462
086462
087462
088462
088461
078461
078460
078560
078570
078580
078581
088581
087581
087580
987580
887580
887581
