1946
82132769540733151725422789466358671094085241921830
82132769540734151725422789466358671094085241921830
82132769540734251725422789466358671094085241921830
82132769540734251725422789466358671094085241931830
82132768540734251725422789466358671094085241931830
82132768540734251725422789466368671094085241931830
82132768540734251725412789466368671094085241931830
82132768550734251725412789466368671094085241931830
82132768550734251725412789466368671094085241931840
82132768550734251625412789466368671094085241931840
92132768550734251625412789466368671094085241931840
92133768550734251625412789466368671094085241931840
92133768550734251625412789466368671094185241931840
92133768550734251625412789466368671094185241931850
92133768550734251625412789466368571094185241931850
92133768650734251625412789466368571094185241931850
92133768650734251625412789466368571094185241930850
92133768650724251625412789466368571094185241930850
92133768659724251625412789466368571094185241930850
92133768659724251625412789466358571094185241930850
92133768659724251625412780466358571094185241930850
92133768659724251625412780466358571095185241930850
92133768659724251625412780466358571095185241830850
92133768659724251625412780466358571095185241730850
92133768659714251625412780466358571095185241730850
92133767659714251625412780466358571095185241730850
92133767658714251625412780466358571095185241730850
92133777658714251625412780466358571095185241730850
92133777658714251625412780466358571096185241730850
92133777658714251625412780566358571096185241730850
92133787658714251625412780566358571096185241730850
82133787658714251625412780566358571096185241730850
82133787658714251625412780666358571096185241730850
82133787658714251625412780666358571096185231730850
82133787648714251625412780666358571096185231730850
82133787648714251625412780666359571096185231730850
82133787648704251625412780666359571096185231730850
82133787648704251625412780666359570096185231730850
82133787648705251625412780666359570096185231730850
82133787648705251625412780666359570096185230730850
82133787648705251625412780666359570096185230730860
82133787648605251625412780666359570096185230730860
82133787648605351625412780666359570096185230730860
82133787648605351626412780666359570096185230730860
82133787648605351626412780666359579096185230730860
82133787648605351626512780666359579096185230730860
82133787648605351626512780666359579086185230730860
82133787648605351626512780666359579086185230731860
82133787648605351626512780666359579086185230731850
82133787638605351626512780666359579086185230731850
82133787638605351626512780666359579086185130731850
82133787638605351626502780666359579086185130731850
82133787638605251626502780666359579086185130731850
82233787638605251626502780666359579086185130731850
82233787638605251626502789666359579086185130731850
82233787638605251626502789666349579086185130731850
82233787638605251626502789666349579086185140731850
82233787638695251626502789666349579086185140731850
82233787638695251626502789666349578086185140731850
82233787638695251626502789666349578086195140731850
72233787638695251626502789666349578086195140731850
72233787638695251626502789666349578086195140721850
72233787638695251626502789666349578086194140721850
72233787637695251626502789666349578086194140721850
72233787637695251626502789666349578086194140721851
72233787637695251626502789665349578086194140721851
72233787637595251626502789665349578086194140721851
72233787637595251626502789665349578086294140721851
72233787637595251626502789665349578186294140721851
72233787637595251626502789665348578186294140721851
72233787637595251626502789665348578186294140721852
72233687637595251626502789665348578186294140721852
72233687637585251626502789665348578186294140721852
72233687637585251626502789665348578186294040721852
72233687637584251626502789665348578186294040721852
72233687637584251626502789665348578186394040721852
72233687637584151626502789665348578186394040721852
72233687637584151626502789665348578086394040721852
72233687636584151626502789665348578086394040721852
72234687636584151626502789665348578086394040721852
71234687636584151626502789665348578086394040721852
71234687636484151626502789665348578086394040721852
71234687636484151626502789665347578086394040721852
71233687636484151626502789665347578086394040721852
71233686636484151626502789665347578086394040721852
71233686636484151626502789665347578086394040731852
71233686636484152626502789665347578086394040731852
71233686636484152626502789665347578086394041731852
71233686636484152626502789665347578086394041732852
71233686536484152626502789665347578086394041732852
71233686536484152626502789665347578086395041732852
71233686536485152626502789665347578086395041732852
71233686535485152626502789665347578086395041732852
71233685535485152626502789665347578086395041732852
71233685535485152625502789665347578086395041732852
71233685535485152625502789765347578086395041732852
71233685535485152625502789765347678086395041732852
71233585535485152625502789765347678086395041732852
71233586535485152625502789765347678086395041732852
71233586535485152625502789765347668086395041732852
71233586535485152625502789765347658086395041732852
71233586535485152625502789765348658086395041732852
71233586535475152625502789765348658086395041732852
71233586536475152625502789765348658086395041732852
71233686536475152625502789765348658086395041732852
71233686546475152625502789765348658086395041732852
71232686546475152625502789765348658086395041732852
71232686546475162625502789765348658086395041732852
70232686546475162625502789765348658086395041732852
70232686546475162625602789765348658086395041732852
70232686546475162625602789765348648086395041732852
70232685546475162625602789765348648086395041732852
70232685546475162625602789765348648096395041732852
70232685546485162625602789765348648096395041732852
70232685546485162625602789765348648096395041722852
70232685546485162625602789765348648096395040722852
70232685546484162625602789765348648096395040722852
70232685546484162625602789765348648086395040722852
70132685546484162625602789765348648086395040722852
70132685546484162625602789765349648086395040722852
70132685546484162625602789765349648086295040722852
70132685546484162625602789765349748086295040722852
70132685546484161625602789765349748086295040722852
70132685546484161625602789765349748076295040722852
60132685546484161625602789765349748076295040722852
60132685546484161625601789765349748076295040722852
60142685546484161625601789765349748076295040722852
60142685546484161625601789765349748076195040722852
60142685546484171625601789765349748076195040722852
60142685546484171625601799765349748076195040722852
60142685546484171635601799765349748076195040722852
60142685546484171635601799765349748076195040732852
60142685546484171635601799765349748076195050732852
60142685545484171635601799765349748076195050732852
60142685545484171635601799765349748076095050732852
60142685545484171635601799765349748086095050732852
60142685545484171635601799765349748086095050732862
60143685545484171635601799765349748086095050732862
60143685545484171635601799755349748086095050732862
60243685545484171635601799755349748086095050732862
60243685545484161635601799755349748086095050732862
60243685545484061635601799755349748086095050732862
60243685545484061635601799755449748086095050732862
60243685545494061635601799755449748086095050732862
60243685545494061635601799755449748086095051732862
60243685544494061635601799755449748086095051732862
60243685544494061635601790755449748086095051732862
60243685544494061635601790745449748086095051732862
60243685544494061635601790745449748086095061732862
60243685544494061635601790745549748086095061732862
60243685544494061635601790745549748076095061732862
60243685544493061635601790745549748076095061732862
60243685544493061635601790745549748976095061732862
60243685544493061635611790745549748976095061732862
60243685544493061635611790745549748976095061732861
60243685544493061635611790745549848976095061732861
60243675544493061635611790745549848976095061732861
60243675544493061635611790745539848976095061732861
60243675544493061635611790745539848976095061722861
60243675544493061635611790745539848976095071722861
60243675544493061635611790745539848976995071722861
60243675544493061635611790845539848976995071722861
60243675544493061635611790945539848976995071722861
60243675544493061635611690945539848976995071722861
60243775544493061635611690945539848976995071722861
60243775544493061735611690945539848976995071722861
60243775544393061735611690945539848976995071722861
60233775544393061735611690945539848976995071722861
60233775544393061735611590945539848976995071722861
60233775544303061735611590945539848976995071722861
60233775544303062735611590945539848976995071722861
60233775544303062735511590945539848976995071722861
60233775544303062735511590945539848976995071722961
60233775544303062735511590935539848976995071722961
60233775544303062735411590935539848976995071722961
60233775544303062735411590935539848975995071722961
61233775544303062735411590935539848975995071722961
61233775544303062735411590945539848975995071722961
61233775544303062735411590945539848975995071721961
61233775544303062735411590945539849975995071721961
61233775544303062735411590945539840975995071721961
61233775544303062735411590945539840975995072721961
61233775544303162735411590945539840975995072721961
61233775444303162735411590945539840975995072721961
61233765444303162735411590945539840975995072721961
61234765444303162735411590945539840975995072721961
61234765445303162735411590945539840975995072721961
61234765445303162735411590945539840975995072721951
61234765445303162735411590945539840975995072821951
61334765445303162735411590945539840975995072821951
61334765445203162735411590945539840975995072821951
61334765445203162735412590945539840975995072821951
61334765445203262735412590945539840975995072821951
61334765445203262735412590945539841975995072821951
61334765435203262735412590945539841975995072821951
61334765435203262835412590945539841975995072821951
61334765435203262835412590945539841975995972821951
61334765435203262835312590945539841975995972821951
61334765435203262836312590945539841975995972821951
61334765435203262836312590945539841975995972821051
61334765435203262836312590945539841975095972821051
61334766435203262836312590945539841975095972821051
61334766435203262836312580945539841975095972821051
61334766435203262836312580945539841975995972821051
61334766435203262836312580945539841975995972811051
61334766425203262836312580945539841975995972811051
61334766425203262836312580944539841975995972811051
61334866425203262836312580944539841975995972811051
61334866425203262836312580944529841975995972811051
61334866425203262836312580944529841975895972811051
61334866425203262836312580944529841975895972811052
61334866425203262836312580944529841875895972811052
61334866325203262836312580944529841875895972811052
61334866325203262836312580944529841875895872811052
51334866325203262836312580944529841875895872811052
51434866325203262836312580944529841875895872811052
51434866325203262836312580944529841875995872811052
51435866325203262836312580944529841875995872811052
51435866325202262836312580944529841875995872811052
51435866325202262836312580944520841875995872811052
51435866325202262836412580944520841875995872811052
51435866325202262835412580944520841875995872811052
51435866225202262835412580944520841875995872811052
51435866225202262835412580944520842875995872811052
51435866225202262835412580944520842975995872811052
51435867225202262835412580944520842975995872811052
51435877225202262835412580944520842975995872811052
51435877225202262835412580944520842975995872810052
51435877225202262835412580944520942975995872810052
51435877235202262835412580944520942975995872810052
51335877235202262835412580944520942975995872810052
51335877235202262835412580944520942975995873810052
50335877235202262835412580944520942975995873810052
50335877234202262835412580944520942975995873810052
40335877234202262835412580944520942975995873810052
40335877234202262835412580944521942975995873810052
40335877234202262835412580944521932975995873810052
40335877234202262835412580944521933975995873810052
40335877234202262835412580844521933975995873810052
40335777234202262835412580844521933975995873810052
40335777234202262835412580844521933975995773810052
40335677234202262835412580844521933975995773810052
40335677234202262835412570844521933975995773810052
40335677234202262835412570844521933985995773810052
40335677234302262835412570844521933985995773810052
40335677234302262835412570844521933985996773810052
40335677234302262835412570844521933985996773910052
40335687234302262835412570844521933985996773910052
40335687234302262835412570844521933085996773910052
30335687234302262835412570844521933085996773910052
30335687234302263835412570844521933085996773910052
30335687234302263835412570844521933095996773910052
30335688234302263835412570844521933095996773910052
30335688234302263835412570844521933095996873910052
30335688234392263835412570844521933095996873910052
30335688234392263835412570844521923095996873910052
30335689234392263835412570844521923095996873910052
30335689234392263835412570843521923095996873910052
30335689234392263835412570843521923095996873910053
30335689234392263835412570843521933095996873910053
30335689234392263835412570842521933095996873910053
30335689234292263835412570842521933095996873910053
30335699234292263835412570842521933095996873910053
30335699234292263835412570842521933095996773910053
30335699234292263835412570842521933095986773910053
30335698234292263835412570842521933095986773910053
30335698234292263835412570842521933094986773910053
30335698234292263835412570842521933094986773910153
30335698244292263835412570842521933094986773910153
30335698244292263835412570842521943094986773910153
30335698244292263835422570842521943094986773910153
30335698244292263835422570842521943095986773910153
30335698244292263835422570842521943095986773810153
30335698244292264835422570842521943095986773810153
30334698244292264835422570842521943095986773810153
30334698244292264835422570852521943095986773810153
30334798244292264835422570852521943095986773810153
30334798244292264835422570853521943095986773810153
30334798244292264835422570853521943095996773810153
30334798244292264835422570853521943095996773810154
30334798244292264835422570853521943095996773810144
30334898244292264835422570853521943095996773810144
30334898244292264825422570853521943095996773810144
30334898244292264825422570853520943095996773810144
30334888244292264825422570853520943095996773810144
20334888244292264825422570853520943095996773810144
20334888244292264825422570853620943095996773810144
20334888244292264815422570853620943095996773810144
20334888244292264815422570853620943095996773819144
20334888244292264815422570843620943095996773819144
20334888244292264815422570843620943095996773719144
20334888244292264815422570843620943995996773719144
20334888244292264815421570843620943995996773719144
20334888244292264815421570843620943996996773719144
20334788244292264815421570843620943996996773719144
10334788244292264815421570843620943996996773719144
10334788244292264816421570843620943996996773719144
11334788244292264816421570843620943996996773719144
11334788244292264816421570843630943996996773719144
11234788244292264816421570843630943996996773719144
11234788244292264816421570743630943996996773719144
11234788244292364816421570743630943996996773719144
11234688244292364816421570743630943996996773719144
11234688244292364806421570743630943996996773719144
11234688244292364706421570743630943996996773719144
11234688344292364706421570743630943996996773719144
11234688344292364706421570743630943996996773819144
11134688344292364706421570743630943996996773819144
11134688344292364706421570743630943996996773819145
11134688344292364706421570743630943996996773719145
11034688344292364706421570743630943996996773719145
11034688344292363706421570743630943996996773719145
11034688344292363706421570743630943996995773719145
11034688344293363706421570743630943996995773719145
11034688344193363706421570743630943996995773719145
11034688344193363706421570743640943996995773719145
11034688344193363706421470743640943996995773719145
11034688344193363706421470743650943996995773719145
11034688344193363706421470743650944996995773719145
11034688344193363706411470743650944996995773719145
11034688344193363706411470743650944996995773719135
11034688344193363706411470743650944997995773719135
11034688344193363706411470743650944997995783719135
11034688344193363706401470743650944997995783719135
11034688344193363706401470743650944996995783719135
11034688344193363716401470743650944996995783719135
11034688344193363716401460743650944996995783719135
11034688344193363716401460743650944996995773719135
11034688344193363716401460743650944996995773719136
11034688344193363716401450743650944996995773719136
11034688344193363716401450743650944986995773719136
11034688344193363716401450743650944986995773719236
11034688344193363716401450743650944985995773719236
11034688244193363716401450743650944985995773719236
11034688244193363716401450743650944985995773819236
11034688244193363716401450743650044985995773819236
11034688244193363726401450743650044985995773819236
11034688244193363726411450743650044985995773819236
11034688244193363726411450743650044985995773819336
11034688244193363726411450743650034985995773819336
11034688244193363726411450743650034985995773829336
11034688244193363726411450743650034985995673829336
11034688244193373726411450743650034985995673829336
11044688244193373726411450743650034985995673829336
11044688244193373726411450743650034985995673829346
11044687244193373726411450743650034985995673829346
11044687244193373726411450743650034985995663829346
11044687244193373726411450743640034985995663829346
11044687244193373726411450743640034985995662829346
11044687244193373726311450743640034985995662829346
11044687244193373726311450743640034985995662729346
21044687244193373726311450743640034985995662729346
21044687244193374726311450743640034985995662729346
21044687244193374726311450743640034975995662729346
21044687244193374726311450744640034975995662729346
21044687244193374726311450744630034975995662729346
21044687244193374726311450744630024975995662729346
21044687244193374726311459744630024975995662729346
21044687244193374726311459744630024975095662729346
31044687244193374726311459744630024975095662729346
31044687244194374726311459744630024975095662729346
31044687244194374726311459744630024975195662729346
31044687244194374726311469744630024975195662729346
31054687244194374726311469744630024975195662729346
31054687244194374726311469744630024975195662729347
31054687244194374716311469744630024975195662729347
31054687244194374716311469744630024975195662829347
31054687244194374716311469744630024985195662829347
31054687244194374716311479744630024985195662829347
31055687244194374716311479744630024985195662829347
31055687244193374716311479744630024985195662829347
31055687244193374716411479744630024985195662829347
31055687244183374716411479744630024985195662829347
31055687244183374716411479744530024985195662829347
31055687244183374716411479744530024985195662829447
31065687244183374716411479744530024985195662829447
31065687244183374716411479744530024985195662829446
30065687244183374716411479744530024985195662829446
30065687244183374716411479744530024985196662829446
30065687244183374716411479744530024985196662828446
30065687244183374716401479744530024985196662828446
30065687243183374716401479744530024985196662828446
30065688243183374716401479744530024985196662828446
30065688243183374716401478744530024985196662828446
30065688243183374716401578744530024985196662828446
30065688243183374716401578744530924985196662828446
30065688243183374716401578844530924985196662828446
30065688243183374716401578844530924985195662828446
30065688243183374716401578844530824985195662828446
30065688243183374717401578844530824985195662828446
30065688243183374717401578844530823985195662828446
30065678243183374717401578844530823985195662828446
30065678253183374717401578844530823985195662828446
30165678253183374717401578844530823985195662828446
30165678253183374717401578844520823985195662828446
30164678253183374717401578844520823985195662828446
30164678253183374717401578844510823985195662828446
30154678253183374717401578844510823985195662828446
30154678253183374717401578844510813985195662828446
30154678253173374717401578844510813985195662828446
30154678353173374717401578844510813985195662828446
20154678353173374717401578844510813985195662828446
20154678353173374717401578844410813985195662828446
20154678353173374717401578844410813985295662828446
20154678353183374717401578844410813985295662828446
20154678353183374717401578844410813985295662828447
20154678353183374717401578944410813985295662828447
20154778353183374717401578944410813985295662828447
20154778353183374717401578944410813986295662828447
20154778353183374717401578944410813086295662828447
20154778353183474717401578944410813086295662828447
20154778353183474717401568944410813086295662828447
20155778353183474717401568944410813086295662828447
20155778353183474717501568944410813086295662828447
20155778353183474717501568944410813086294662828447
20155778353183474717501568944410813086294652828447
20155778353183474717501569944410813086294652828447
20155778353183474718501569944410813086294652828447
20155778353183474718501569944410813076294652828447
20155778353183464718501569944410813076294652828447
20155778353183464718501569944410813076294642828447
20155778353183464718501569944410813076295642828447
29155778353183464718501569944410813076295642828447
29155778353183464718501469944410813076295642828447
29155778353183464718501469044410813076295642828447
29155778353183464718401469044410813076295642828447
29165778353183464718401469044410813076295642828447
29065778353183464718401469044410813076295642828447
29065778353183464718401469044410812076295642828447
29065778353183464718401469144410812076295642828447
29065778353183464718401469144410812076295642838447
29065778353183464718401469144410912076295642838447
29065778353183464718401469144410912076294642838447
29065778353183464718401469134410912076294642838447
29065778353183464718402469134410912076294642838447
29065777353183464718402469134410912076294642838447
29965777353183464718402469134410912076294642838447
29965777353183464718402469134410912076294642838547
29965777353183464718402469134419912076294642838547
29965777353183464718402460134419912076294642838547
29965777353183564718402460134419912076294642838547
29965777353183564718402460134419912077294642838547
29965777353183564718402460134419912077294642838647
29965777353183564718402460134419911077294642838647
29965777353183564718402460134319911077294642838647
29965777352183564718402460134319911077294642838647
29965777352183565718402460134319911077294642838647
29965777352183565718402460134319911077294642838648
29965777352183565718402460134319911077294642848648
29965777352183565718402460134319911077294642848548
29965777352183565718402450134319911077294642848548
29966777352183565718402450134319911077294642848548
29966777342183565718402450134319911077294642848548
29966777342183565718402450144319911077294642848548
29966777242183565718402450144319911077294642848548
29966777242183565718502450144319911077294642848548
29966777242183565718502450144329911077294642848548
29966777242183565718502459144329911077294642848548
29966777242183465718502459144329911077294642848548
29966778242183465718502459144329911077294642848548
29976778242183465718502459144329911077294642848548
29976778242183465718502459145329911077294642848548
29976778242183465718502459145329911077294642848448
29976778242183465718502459145329911077294641848448
29976778242184465718502459145329911077294641848448
29976778242184466718502459145329911077294641848448
29976778242184466718502459145329911067294641848448
29976778242184466718502459145329901067294641848448
29976778242184466718502459145329991067294641848448
29976779242184466718502459145329991067294641848448
29976779242184466718502459145329991068294641848448
29076779242184466718502459145329991068294641848448
29076779242184466718502459145329991068294640848448
29076779242184466718502459145329991068294640848438
29076779242184466718502458145329991068294640848438
29076779242184466718502458145329991067294640848438
29076779242184466718502458145329991067294640858438
29076779242184466718502458145329991067294740858438
29076789242184466718502458145329991067294740858438
29076789242184466718502458145329991067294740758438
20076789242184466718502458145329991067294740758438
20076789242184466718502458145329991967294740758438
20076789242084466718502458145329991967294740758438
20076789242084466718502458145339991967294740758438
20076789242084466718502458146339991967294740758438
20076789242084466718502458146339992967294740758438
20075789242084466718502458146339992967294740758438
20075789242085466718502458146339992967294740758438
20075789242085466718502458146339992067294740758438
20075789242085466718502448146339992067294740758438
20075789242085466718502448146339992067294749758438
20975789242085466718502448146339992067294749758438
20975789242085466718502448146339992967294749758438
20975789242085466718502448146339992967194749758438
20975689242085466718502448146339992967194749758438
21975689242085466718502448146339992967194749758438
21975689241085466718502448146339992967194749758438
21974689241085466718502448146339992967194749758438
21974689241085466718502448146339992967194749768438
21974689341085466718502448146339992967194749768438
21974689341085466718502448146339992966194749768438
21974689341085466708502448146339992966194749768438
21974689341085466708502548146339992966194749768438
21974689341085466708502548146339992966194749768338
21974689341085466708502548146349992966194749768338
21874689341085466708502548146349992966194749768338
21874689341085466708502548146349992966194740768338
21874689341085476708502548146349992966194740768338
21874689341085476708502548146349992966195740768338
21874689341085476708502549146349992966195740768338
21874689341085476708502649146349992966195740768338
21874689341085476708502649146340992966195740768338
21874689341085476708502649146340992966195740767338
21874689341085476708502649146340992966195750767338
21874689341085476708502639146340992966195750767338
20874689341085476708502639146340992966195750767338
20874689341085476808502639146340992966195750767338
29874689341085476808502639146340992966195750767338
29874689341085476808502639146340092966195750767338
29874689341085477808502639146340092966195750767338
29874689341085477808502639146340092966195750767348
29874689341085477808502649146340092966195750767348
29874689341085477808502649146340092966195750667348
29874679341085477808502649146340092966195750667348
29874679341085477808501649146340092966195750667348
29874679341085477807501649146340092966195750667348
29874679341084477807501649146340092966195750667348
29874679341084477897501649146340092966195750667348
29774679341084477897501649146340092966195750667348
29775679341084477897501649146340092966195750667348
29775679341084477897501649146340092966105750667348
29775679341084477897501649146340092966105750667448
29775679341084477897501649146340092966105750668448
29775679341084477897501649146340092966106750668448
29775679331084477897501649146340092966106750668448
29775679321084477897501649146340092966106750668448
29775669321084477897501649146340092966106750668448
29775569321084477897501649146340092966106750668448
29775569321084377897501649146340092966106750668448
29775569321084377897501649145340092966106750668448
29775569321084377897501649145340092966196750668448
29775569321084377897501649145340092966196751668448
29775569321084377897501649145340092965196751668448
29775569221084377897501649145340092965196751668448
29775569221084377897501649145340092965196651668448
29775569221084377898501649145340092965196651668448
29775569221084377898501649135340092965196651668448
29775569221084377898501649135350092965196651668448
29775569221984377898501649135350092965196651668448
29775569221984377898501649135350092965196651668548
29775569221984377898501649135350092965196651768548
29775569221984277898501649135350092965196651768548
29775569221984277898501649135351092965196651768548
29775469221984277898501649135351092965196651768548
29775469221984277898501649135351092965196651767548
29775469221984277898501649135451092965196651767548
29775469221984277898601649135451092965196651767548
29775469321984277898601649135451092965196651767548
29775469321984277898601649135351092965196651767548
29775469321984277898600649135351092965196651767548
29775469321984277898600649135361092965196651767548
29775469321984277898600639135361092965196651767548
29775469321984277898600639135361092965196651767538
29775469321984277898600639135361092965106651767538
29775569321984277898600639135361092965106651767538
29775569321984277898600639135361092964106651767538
29775569321984277998600639135361092964106651767538
29775569321984267998600639135361092964106651767538
29775569321884267998600639135361092964106651767538
29776569321884267998600639135361092964106651767538
29776569421884267998600639135361092964106651767538
29776569421884267998600639135361082964106651767538
29776569421884267988600639135361082964106651767538
29776569421884267988600639135361082964106651867538
29776559421884267988600639135361082964106651867538
29776559421884267988600638135361082964106651867538
29786559421884267988600638135361082964106651867538
29786559421884267998600638135361082964106651867538
29786559421884267998600638135361082964107651867538
29686559421884267998600638135361082964107651867538
29686559421884267998609638135361082964107651867538
39686559421884267998609638135361082964107651867538
39686559421884266998609638135361082964107651867538
39786559421884266998609638135361082964107651867538
39786569421884266998609638135361082964107651867538
39786569421884266998609638136361082964107651867538
39786569421884266998609638136361082964107551867538
39786560421884266998609638136361082964107551867538
39786560421884266998609638136361082964107551877538
39786560421884266998609638136361082964107551876538
39786560421884266998609638136361082964108551876538
39786560421884266999609638136361082964108551876538
39786560421894266999609638136361082964108551876538
39786560421894166999609638136361082964108551876538
39786560421894166999609638136361082974108551876538
39786560421894166999609638136361082974008551876538
39786560421894166999609638136361082974008551886538
39786560421894166999609638136361081974008551886538
39786560421894166999609638136362081974008551886538
39786560421894166999609638136262081974008551886538
39786560421894166999609638036262081974008551886538
39786560421894166999609638036262081974008541886538
39786560421894166099609638036262081974008541886538
39686560421894166099609638036262081974008541886538
39686560421894166099609638036262081974908541886538
39686560421894166099609648036262081974908541886538
39686560421894166099609648036262081974907541886538
39686560421894166099609648036262091974907541886538
39686560421894166099609648036262191974907541886538
39686560421894166098609648036262191974907541886538
39686550421894166098609648036262191974907541886538
39696550421894166098609648036262191974907541886538
39696550411894166098609648036262191974907541886538
38696550411894166098609648036262191974907541886538
38696550411894166088609648036262191974907541886538
38696550411894166988609648036262191974907541886538
38696560411894166988609648036262191974907541886538
38696560411894166988609648036262191974908541886538
38696560411794166988609648036262191974908541886538
38696560411794166988609648036262190974908541886538
38696560411794166988609648036262190974808541886538
38696560411784166988609648036262190974808541886538
28696560411784166988609648036262190974808541886538
28696560411784166988609648036262190974808541986538
28696560411784166988609648036262190974898541986538
28696560411784166988609648036262190974998541986538
28606560411784166988609648036262190974998541986538
28606560411784166988609648036272190974998541986538
18606560411784166988609648036272190974998541986538
18606560411784166988609548036272190974998541986538
08606560411784166988609548036272190974998541986538
08606560411784167988609548036272190974998541986538
08606560411784167988609648036272190974998541986538
08606560411784167988609648036272190974988541986538
08606660411784167988609648036272190974988541986538
08606660411784067988609648036272190974988541986538
08606660411784067988609648036272190974988541986438
08606660411784067988609648036272190974988541985438
08607660411784067988609648036272190974988541985438
08507660411784067988609648036272190974988541985438
08507660411784067988609648036272090974988541985438
08507660411784067988609648036271090974988541985438
08507660411784067988609648036271090974998541985438
08507660411784067988609648036261090974998541985438
08507661411784067988609648036261090974998541985438
08507661411784067988609648036261090974988541985438
08507661411784068988609648036261090974988541985438
08507661411784068988609648036261090984988541985438
08407661411784068988609648036261090984988541985438
08407661411784068988609648036261090984978541985438
08407661411794068988609648036261090984978541985438
08407561411794068988609648036261090984978541985438
08407561412794068988609648036261090984978541985438
08407461412794068988609648036261090984978541985438
08407461412794068988609648036261080984978541985438
08407461412794068988609648036261080985978541985438
08407461412794068988609648036261080985978541984438
08407461412794068088609648036261080985978541984438
08407461412794068088609648046261080985978541984438
08408461412794068088609648046261080985978541984438
08508461412794068088609648046261080985978541984438
08508461412794068088609648046261080985978541994438
08508461412794068188609648046261080985978541994438
08508561412794068188609648046261080985978541994438
08508561412794068189609648046261080985978541994438
08508561412794068189609648046261980985978541994438
08508561412794068189609648046261980985978542994438
08608561412794068189609648046261980985978542994438
08608561412794058189609648046261980985978542994438
08608561412794058189609648046261980885978542994438
08608561412794058189609648036261980885978542994438
08608561412794058189609648036261980885977542994438
08608561412794058189609648036261980985977542994438
08608561412794058189609648036261980985977542995438
08608561412794058189609648036261980985977542985438
08608561412795058189609648036261980985977542985438
98608561412795058189609648036261980985977542985438
98608561412795058189609648046261980985977542985438
97608561412795058189609648046261980985977542985438
97708561412795058189609648046261980985977542985438
97708560412795058189609648046261980985977542985438
97708560412795058189609648046361980985977542985438
97708569412795058189609648046361980985977542985438
97708569412795058189609658046361980985977542985438
97708569412795958189609658046361980985977542985438
97708569412795958189609658046361980985977542985448
97708569412795958189609658046351980985977542985448
97708569412795958189609658046351980985977542975448
97708569412795958189609658046352980985977542975448
97708569412795958189609658046352980985977543975448
97708569412795958189609658045352980985977543975448
97708569412795958189609658045352981985977543975448
97708569411795958189609658045352981985977543975448
97708569411795959189609658045352981985977543975448
97708569411795959189609658045352981985077543975448
97707569411795959189609658045352981985077543975448
97707569411785959189609658045352981985077543975448
97707569411785959189609658045352981985087543975448
97707569411785959189609658045352981985088543975448
97707569411785959189609658045352981985188543975448
97707560411785959189609658045352981985188543975448
97707560311785959189609658045352981985188543975448
97707561311785959189609658045352981985188543975448
97707561311785959189609658045352981985188543965448
97707561311785959189609657045352981985188543965448
97707561311785959189609657045353981985188543965448
97707561311785959189609557045353981985188543965448
97707561311785959089609557045353981985188543965448
97707561311785959089609557045353881985188543965448
97707561311785959089609557045353881885188543965448
97707561311785959089609557045353881885198543965448
97707561311885959089609557045353881885198543965448
97708561311885959089609557045353881885198543965448
97708561311885959089609557045353881885199543965448
07708561311885959089609557045353881885199543965448
07708561311885959089608557045353881885199543965448
07708561311885959089608557045353881885199543965447
07708561311885959189608557045353881885199543965447
07708561311885959189708557045353881885199543965447
07708561311875959189708557045353881885199543965447
07708561311875959189708557045354881885199543965447
07708561311875959189708557045354881885109543965447
07718561311875959189708557045354881885109543965447
07818561311875959189708557045354881885109543965447
07818561311875959189708557045354881885109543964447
07818561311875959189709557045354881885109543964447
07818561311975959189709557045354881885109543964447
07818561311975959189709557045344881885109543964447
07818561311975959189709557046344881885109543964447
07818561311975959189709557046344881885009543964447
07818561311875959189709557046344881885009543964447
07818661311875959189709557046344881885009543964447
07818661311875959189709557046344881885009543974447
06818661311875959189709557046344881885009543974447
06818661311875959189709557046344881885009543974446
06818661311875959189709547046344881885009543974446
06818661311875959189709547046344981885009543974446
06818661301875959189709547046344981885009543974446
06817661301875959189709547046344981885009543974446
06817661301875950189709547046344981885009543974446
06817661301875950189709547046344981875009543974446
06817661301875950189709547046344981875909543974446
06817661301875950189709547046344981875908543974446
06817661301975950189709547046344981875908543974446
06817661301975950189709547046344982875908543974446
06817661301975950189709547046344982875907543974446
06817661301975950189709547046354982875907543974446
06817661301975950289709547046354982875907543974446
06817661301975950289709547046354982875907533974446
06817661301975950289709547056354982875907533974446
06817661301975950289709547056364982875907533974446
06817661201975950289709547056364982875907533974446
06817661201975050289709547056364982875907533974446
06817661201975050289709547056364982876907533974446
06817661201975050289709547056364982876907633974446
07817661201975050289709547056364982876907633974446
08817661201975050289709547056364982876907633974446
08817661201975050299709547056364982876907633974446
08817661201975050299709547956364982876907633974446
08817661201975050299709547956354982876907633974446
08817661201976050299709547956354982876907633974446
08817661201976050299709547956355982876907633974446
08817661201976050399709547956355982876907633974446
08817661201976050399708547956355982876907633974446
08817661201976050399708547956355982876907634974446
08817661201976050399708547956355982876906634974446
08817661201976050399708547956355982876916634974446
08817661201976050399718547956355982876916634974446
08817661201976050399718547956354982876916634974446
08817661201976050390718547956354982876916634974446
08817661201976050390718547956354882876916634974446
08817661201976050390718547956354882876816634974446
18817661201976050390718547956354882876816634974446
18817671201976050390718547956354882876816634974446
18817672201976050390718547956354882876816634974446
18817672201976050390718547956354882875816634974446
18817672201976050390718547956344882875816634974446
18817672201976050390718547956344882875816634874446
18817672201976050390718547956344882875816633874446
18817672201977050390718547956344882875816633874446
18817672201977050380718547956344882875816633874446
18817672201977950380718547956344882875816633874446
18817672201977950380718547956344882875816633864446
18817672201978950380718547956344882875816633864446
18817672201979950380718547956344882875816633864446
08817672201979950380718547956344882875816633864446
08817672201979950380718547956344882875816633864346
08827672201979950380718547956344882875816633864346
08827672201979950380718547956344882875816633864356
08827672201979950380718548956344882875816633864356
08827672201979950380728548956344882875816633864356
08827672201970950380728548956344882875816633864356
08827672201970950380728548856344882875816633864356
08827672201970950380728448856344882875816633864356
08827672201970950380728448856344882875716633864356
08827672201970950380728448856344882875716643864356
08827672201970950380728448856344882875715643864356
08827672201970950380728448856444882875715643864356
08827672201970950380728448856544882875715643864356
08827672201970950380728448856544882875714643864356
08827672201970950380628448856544882875714643864356
08827672201980950380628448856544882875714643864356
08827672201980950380628448856544882875714643865356
08827672101980950380628448856544882875714643865356
08827672101980950380628448856444882875714643865356
08827672101989950380628448856444882875714643865356
08827672101989950380628447856444882875714643865356
08827672101989950380628447856434882875714643865356
08827672101989950380628447866434882875714643865356
08827672101989950380628447866434882885714643865356
08827672201989950380628447866434882885714643865356
08827672201989950389628447866434882885714643865356
08827672201988950389628447866434882885714643865356
08827672200988950389628447866434882885714643865356
08827672200988950389628447866434882875714643865356
98827672200988950389628447866434882875714643865356
98827672200988950389627447866434882875714643865356
98827672200988950389627447866434881875714643865356
98827672200988950389627447866434881874714643865356
98827672200988950389627447866434881874704643865356
98827672200988950389627447856434881874704643865356
98827672200988951389627447856434881874704643865356
98827572200988951389627447856434881874704643865356
98827572200998951389627447856434881874704643865356
98827572200998951389627447856534881874704643865356
98827572200908951389627447856534881874704643865356
98827572290908951389627447856534881874704643865356
98827572290908951389627447856534881874704743865356
98827572290908951389627447856534981874704743865356
98827572290908951389627447856634981874704743865356
98827572290908951389627447856634981874705743865356
98827572290907951389627447856634981874705743865356
98827572290907951389627447856634981874795743865356
98827572190907951389627447856634981874795743865356
98827572190907951389627447856634981874795743865366
98827572190907951389627447856634981874705743865366
98827572190907951380627447856634981874705743865366
98827572190907951380627447856534981874705743865366
98827572190907951380627447856534981864705743865366
98827572190907951380627447756534981864705743865366
98827572190907951380627447756534881864705743865366
98827572191907951380627447756534881864705743865366
98827572191907951380627447756534881864705742865366
98827572191907951380627437756534881864705742865366
98827572191907951380617437756534881864705742865366
98827571191907951380617437756534881864705742865366
98827571192907951380617437756534881864705742865366
98827571192907951380617437756534881864805742865366
98827571192907951380617437755534881864805742865366
98827571192907951380617437855534881864805742865366
98827571192907951380617437855534881865805742865366
98827571192907951380617447855534881865805742865366
98827571191907951380617447855534881865805742865366
98827571191907951380717447855534881865805742865366
98827571191907951380718447855534881865805742865366
98827571191907951380818447855534881865805742865366
98827571191907051380818447855534881865805742865366
98827571191907051380818447855434881865805742865366
98827571191907051380818447855434881865805742965366
98827571091907051380818447855434881865805742965366
98827571091907051380818447855434881865805741965366
98827571091907051380818447855434881855805741965366
98827571091907051380818447855434881855805741965376
98827571091907051380818447855434881855805641965376
98827571091907051380818447855434881855805541965376
98827571091907051380818447855434881855805541964376
98827571091907051380818447855434881855705541964376
98827571091907051380818447855434881855605541964376
98827571001907051380818447855434881855605541964376
98827571001907051380818447855444881855605541964376
98827571001907051380818447855444881855605541974376
98827571001907051380818347855444881855605541974376
98827571001907051380818347855444881855605541974386
98827571001906051380818347855444881855605541974386
98827571001906051380818347855444882855605541974386
98827571001906051380818347854444882855605541974386
98827571001906051380818347854444982855605541974386
98827572001906051380818347854444982855605541974386
98827572001906051380828347854444982855605541974386
98827572001906051380828347854344982855605541974386
98827572001906051380828347854354982855605541974386
98827472001906051380828347854354982855605541974386
98827472001906051380828348854354982855605541974386
98827472001906051380828348854354982855605541074386
98827472001906051380828348854353982855605541074386
99827472001906051380828348854353982855605541074386
99827472001906051380828348854353982855604541074386
99827472001906051380828348854353982855614541074386
99827472001906051380828348954353982855614541074386
99827472001906051380828348954352982855614541074386
99827472001906051380828348955352982855614541074386
99817472001906051380828348955352982855614541074386
99817472001906051380828338955352982855614541074386
99817472001906051380828338955352982845614541074386
99817472001906051380827338955352982845614541074386
99817472001906051380827338955352982845614541074385
99817472000906051380827338955352982845614541074385
99817572000906051380827338955352982845614541074385
99817572000906051380827338955352983845614541074385
99817572000916051380827338955352983845614541074385
99817572001916051380827338955352983845614541074385
99917572001916051380827338955352983845614541074385
99917572001915051380827338955352983845614541074385
99917572001915051380827328955352983845614541074385
99917572001915051380827328955352983844614541074385
99917572001915051380827328955352983844614541073385
99917572001915051380827328955352983844614540073385
99917572001915051380827328955452983844614540073385
99917572001915051380827328955452983834614540073385
99917562001915051380827328955452983834614540073385
99917562001915051380827328955452973834614540073385
89917562001915051380827328955452973834614540073385
89917562001915051380827328955352973834614540073385
89917562001915051380827328955352973824614540073385
89917562001915051380827328955352973825614540073385
89916562001915051380827328955352973825614540073385
89916562001915051380827328955352973825614540063385
89916562001915051380827328955352973825614540163385
89916562001915061380827328955352973825614540163385
89916562001915061380827328955362973825614540163385
89916562001915061380827328955362973825614540163395
79916562001915061380827328955362973825614540163395
79916562001915061380827328955362973825613540163395
79916562001915061380827328955362973825613550163395
79916562001915961380827328955362973825613550163395
79916563001915961380827328955362973825613550163395
79916563001915951380827328955362973825613550163395
79916563001915951380817328955362973825613550163395
79916563001915951381817328955362973825613550163395
79916563001915951381817328955362973825713550163395
79916563001915951381817328955362973725713550163395
79916563001915951381717328955362973725713550163395
79916563001915951381717328955362973725713550163295
79916563001915951381717329955362973725713550163295
79916563001915951381817329955362973725713550163295
79916563001915051381817329955362973725713550163295
79916563001915051381817329955362973725713540163295
79916563001915051381817429955362973725713540163295
79916563001915051381817429955362973725713640163295
79916563001915051481817429955362973725713640163295
79916563001915051481817429955362973735713640163295
79916563001915051481817429955362073735713640163295
79916563001915051481817429955362073735713640162295
79916563001915051481817429955372073735713640162295
79916563001915051481817429965372073735713640162295
79916563001915051481817429965372073735713740162295
79916563001915051481817439965372073735713740162295
79916563001915051481817439965372073735703740162295
79916563001915051481817439965272073735703740162295
79916563001915051481817439965272073735703740161295
79916563001915051481817439965272073735704740161295
79916563001915051481817439966272073735704740161295
70916563001915051481817439966272073735704740161295
70916563001915051481817439966272073745704740161295
70916563001915051481817439966272073745704740171295
70916563001915051481817439966272073745704740171285
70916563001905051481817439966272073745704740171285
70916563001905051481817439967272073745704740171285
70916563001905052481817439967272073745704740171285
70916563001905052481817439967272073745704740170285
70916563001905052481817438967272073745704740170285
70916563001905052481817438967272073745794740170285
70916563001905052481817438967272073745794730170285
70916563001995052481817438967272073745794730170285
70916564001995052481817438967272073745794730170285
70916564001995052481817438967272072745794730170285
70916564901995052481817438967272072745794730170285
70916564901995052481817438967272072745794730170284
70916564901995052482817438967272072745794730170284
70916564901995052482817438966272072745794730170284
70916664901995052482817438966272072745794730170284
70916764901995052482817438966272072745794730170284
70916764901995052482817437966272072745794730170284
70916764901995052382817437966272072745794730170284
70916764901995052392817437966272072745794730170284
70916764901995052392817437966272972745794730170284
70916764901995052392917437966272972745794730170284
70906764901995052392917437966272972745794730170284
70906764901995052392917447966272972745794730170284
70906764901995952392917447966272972745794730170284
70906764901895952392917447966272972745794730170284
70906764901895952392917447966282972745794730170284
70906764900895952392917447966282972745794730170284
70906764910895952392917447966282972745794730170284
60906764910895952392917447966282972745794730170284
60906764910895952392917447966282972745794730070284
60906764910895952392917447866282972745794730070284
60906764910895952392917447866382972745794730070284
60906864910895952392917447866382972745794730070284
60906865910895952392917447866382972745794730070284
60906865910895952392817447866382972745794730070284
60906865910895952392817447866382972745793730070284
60906865910805952392817447866382972745793730070284
60906865910805952392816447866382972745793730070284
60906865910805952393816447866382972745793730070284
60906865910804952393816447866382972745793730070284
60906865910804952393816447866382962745793730070284
60906865910804952393816447866382062745793730070284
60906865910804952393816447866381062745793730070284
61906865910804952393816447866381062745793730070284
61906865910804952393816447866381062745793731070284
61906865910804952393816447766381062745793731070284
61906865910804952393816447766381062745793731070384
61906865910804952393816447767381062745793731070384
61906865910804952393816447757381062745793731070384
61906865910804952394816447757381062745793731070384
61906865910804952394816447757381072745793731070384
61906865910804952394816447757381072745793721070384
61906765910804952394816447757381072745793721070384
61906765910804952394816547757381072745793721070384
61906765910804952394816547757391072745793721070384
61906765910803952394816547757391072745793721070384
61906765910803952394816547757391072745794721070384
61906765910802952394816547757391072745794721070384
61906765910802952393816547757391072745794721070384
61906765910802952393816547757391072745794721071384
61906765910802952493816547757391072745794721071384
61906765910802952493816547757391072746794721071384
61906765910802952494816547757391072746794721071384
61906765910802952494816547757291072746794721071384
61906765910802952494816547757291072746794721071383
61906765910802952494816547757291072746794721971383
61906765910802952494816547757291062746794721971383
61906765910802952394816547757291062746794721971383
61906765810802952394816547757291062746794721971383
61906765810802952394816547757291062746894721971383
61906765810802952394816537757291062746894721971383
61906765810802952394816537757201062746894721971383
61906765710802952394816537757201062746894721971383
61906775710802952394816537757201062746894721971383
61906775710802952394816527757201062746894721971383
61906775710802952394916527757201062746894721971383
61906775710802952394916527757201062746894721971393
61906775710802952394916527757201062746794721971393
61906775711802952394916527757201062746794721971393
61906775711802952394916527857201062746794721971393
61906775711802952394916527857201062746794721971394
61906775711802952394916527857201062747794721971394
61906775712802952394916527857201062747794721971394
61906775712902952394916527857201062747794721971394
61906775712902952394916527857201072747794721971394
61906775713902952394916527857201072747794721971394
61906775713902952394916527857201073747794721971394
61906775713902952394916527857201073747704721971394
61906775713902952394916627857201073747704721971394
61906775713902952394916627857200073747704721971394
61906775713902952394916627857200073747704721971304
61906775713902952394916627857200073747704711971304
61906775713902852394916627857200073747704711971304
61906775713902852394916627857200073747704711971303
61906775713902852394916627857200173747704711971303
61906775713902852294916627857200173747704711971303
61905775713902852294916627857200173747704711971303
61915775713902852294916627857200173747704711971303
61915775713901852294916627857200173747704711971303
61915775713901842294916627857200173747704711971303
61915775703901842294916627857200173747704711971303
61915775803901842294916627857200173747704711971303
61915775803901842294916727857200173747704711971303
61915775803901842294916727857200173747804711971303
61915775803901842294916727856200173747804711971303
61915775803901842294816727856200173747804711971303
61915775803901842294816727856290173747804711971303
61915775803901842294816727856290173746804711971303
61915774803901842294816727856290173746804711971303
61905774803901842294816727856290173746804711971303
61905774803911842294816727856290173746804711971303
61905774803911842294916727856290173746804711971303
61905774803911842294916727856290073746804711971303
61905774893911842294916727856290073746804711971303
61905774893011842294916727856290073746804711971303
61905774893011842294916727856290073746704711971303
61905774893011842294916727856200073746704711971303
61905784893011842294916727856200073746704711971303
61905784893011842294916737856200073746704711971303
61905784893011842294916737856200073746704711971313
61905784893001842294916737856200073746704711971313
61905784803001842294916737856200073746704711971313
61905784803001842294916737856200073746804711971313
61905784803001842294916737856200073746804711971314
61905784803001842294916737856200073846804711971314
61905784803001842294916737856200073846894711971314
61905784803001842394916737856200073846894711971314
61905784803001842395916737856200073846894711971314
61905784803001842395906737856200073846894711971314
61905784803011842395906737856200073846894711971314
61905774803011842395906737856200073846894711971314
61905774803011842305906737856200073846894711971314
61905774803011842305006737856200073846894711971314
61905774803011842305006727856200073846894711971314
61905774803011842305016727856200073846894711971314
61905774703011842305016727856200073846894711971314
61905774703021842305016727856200073846894711971314
61905774703021842305016727857200073846894711971314
61905774703021842305016727857200073846894711971313
61905774703021842305016727857200063846894711971313
61905774703021842305016727857200063846893711971313
61905774793021842305016727857200063846893711971313
61905774793021842305016827857200063846893711971313
61905774793021842305016827857290063846893711971313
61905774793021842305016837857290063846893711971313
61905774793021841305016837857290063846893711971313
51905774793021841305016837857290063846893711971313
51905774793021841305016837867290063846893711971313
51905774793021841305016847867290063846893711971313
51905674793021841305016847867290063846893711971313
51905674793021841305006847867290063846893711971313
51905674793021841315006847867290063846893711971313
51905674793021841316006847867290063846893711971313
51905674793021841216006847867290063846893711971313
51905674793021841216006847867290053846893711971313
51905774793021841216006847867290053846893711971313
50905774793021841216006847867290053846893711971313
50905774793021841216006847867190053846893711971313
50905774793021841216006847867190053846893711971314
50905774793021841216006847867190063846893711971314
50905774793020841216006847867190063846893711971314
50905774793020841216006947867190063846893711971314
50905774793020841215006947867190063846893711971314
50905774793020841215006947867190053846893711971314
50905774793020841215006947867190053845893711971314
50905774793020841215006946867190053845893711971314
50905774793020841215006946867190053845894711971314
50905774794020841215006946867190053845894711971314
50905774794020841215005946867190053845894711971314
50905774794020841215005946867190053845894711981314
50905774694020841215005946867190053845894711981314
50905774694020841215005946867190153845894711981314
50905774694020841215005946857190153845894711981314
50905774684020841215005946857190153845894711981314
50905774684020841215005946857190153844894711981314
50905774684020841215005946857090153844894711981314
50905775684020841215005946857090153844894711981314
59905775684020841215005946857090153844894711981314
59905775684020841215005946857090153844894711991314
49905775684020841215005946857090153844894711991314
49905775684020841216005946857090153844894711991314
49905775684020841206005946857090153844894711991314
49905675684020841206005946857090153844894711991314
49905675684020841206005946857080153844894711991314
49905675684020841106005946857080153844894711991314
49905675684020841106005946857080153844994711991314
49905675684020841106005946857080153854994711991314
49905675684020841106005946857089153854994711991314
49905675684020841106005946857089153854994711990314
49905675684020841106005946857089153854904711990314
49905675684020851106005946857089153854904711990314
49905675684020851106005946857089153854904711990304
49905675684020851106005946857089153854004711990304
49905675684020851106005936857089153854004711990304
49905675684020851106005936857089153853004711990304
49905675684020851106005936858089153853004711990304
49904675684020851106005936858089153853004711990304
49904665684020851106005936858089153853004711990304
49904665684020851106005926858089153853004711990304
49904665684020851106005926858089153853004721990304
49904665684020851106005926858089153853004721090304
49904665684020851106005926858089153853014721090304
49904665684020851106005926857089153853014721090304
49904665684020851106005926857089153843014721090304
49904665684020851106015926857089153843014721090304
49904665684020851106015926857089153843914721090304
49904665684020751106015926857089153843914721090304
49904665684020751106015926847089153843914721090304
49904565684020751106015926847089153843914721090304
49904565684010751106015926847089153843914721090304
49904565684010751106015926847089153843914711090304
49903565684010751106015926847089153843914711090304
49903565684010751106015926837089153843914711090304
49903565684010751106015926837089163843914711090304
49903565684010751106015926837089163843914711091304
49903565684010751206015926837089163843914711091304
49903565684010751206015926837089163843914711091204
49903565684010741206015926837089163843914711091204
49903565684010740206015926837089163843914711091204
49903565684010640206015926837089163843914711091204
49903565684010640205015926837089163843914711091204
49903565684010640205015926837089163843914710091204
49903565683010640205015926837089163843914710091204
49903565683010640205016926837089163843914710091204
49903565683010540205016926837089163843914710091204
49903555683010540205016926837089163843914710091204
48903555683010540205016926837089163843914710091204
48903555683011540205016926837089163843914710091204
48903555683011540305016926837089163843914710091204
48903555683011540305016926837089163843914710001204
48903545683011540305016926837089163843914710001204
48903545683011540305016926837089163843914710001214
48904545683011540305016926837089163843914710001214
48904545683011540305016926837089163843914720001214
48904545683011540305016926837089163843914730001214
48904545683011540305016926837089163843914730001215
48904545683011540305016926837089153843914730001215
48804545683011540305016926837089153843914730001215
48804545683010540305016926837089153843914730001215
48804545683110540305016926837089153843914730001215
48804545783110540305016926837089153843914730001215
48804545783110540305016926837089153843914730001214
48804545783210540305016926837089153843914730001214
48804545783210540305016926837089153843914630001214
48804545783219540305016926837089153843914630001214
48804545783219540305016926837089053843914630001214
48904545783219540305016926837089053843914630001214
48904545783219540305016926837089053843914630001215
38904545783219540305016926837089053843914630001215
38904545783319540305016926837089053843914630001215
38904545783319540305016926837080053843914630001215
38904546783319540305016926837080053843914630001215
38904546783319540305016926837080043843914630001215
38904546783319540306016926837080043843914630001215
38904546783319540306016926837080043843904630001215
38904546793319540306016926837080043843904630001215
38904546793319540306916926837080043843904630001215
38904546793319540306916926837080943843904630001215
38904546793319540306917926837080943843904630001215
38904646793319540306917926837080943843904630001215
38904646793319540306917926837080943843904630002215
38004646793319540306917926837080943843904630002215
38004646793319540306917926837080943843905630002215
38004646703319540306917926837080943843905630002215
38004646703219540306917926837080943843905630002215
38004646703219540306917926837080943843905630003215
38004646703219540306917926837080933843905630003215
38004646703219540306917926837080933843905630003216
38004646703219540306917926837080933843905630003116
38004646703219440306917926837080933843905630003116
38104646703219440306917926837080933843905630003116
38104646703219440306917926838080933843905630003116
38104646703219441306917926838080933843905630003116
38104646703219441306917926838080933844905630003116
38104646703219441306917926838080923844905630003116
38194646703219441306917926838080923844905630003116
38194646703219441306917926838980923844905630003116
38194647703219441306917926838980923844905630003116
38194647703229441306917926838980923844905630003116
38194647703229441306917926838989923844905630003116
38194647703229441306917926838989923844915630003116
38194647703229441306917926838989923844015630003116
38194657703229441306917926838989923844015630003116
38194657703229431306917926838989923844015630003116
38194657703229431306817926838989923844015630003116
38194657703229431306817926838989923844015630003115
38194657703229431306817926838989923844015630003215
38194657703228431306817926838989923844015630003215
38194657703228431306817926838989923844015630003315
38194657703228431306816926838989923844015630003315
38194657703228431306816926848989923844015630003315
38194657703228431396816926848989923844015630003315
38194657703228431396816926848989923844015530003315
38194657703228431396816926848989913844015530003315
38194657703228531396816926848989913844015530003315
38194657703228531396816926848989913844015540003315
38194657703228531396816926948989913844015540003315
38194647703228531396816926948989913844015540003315
38194647703228531496816926948989913844015540003315
38194647703228531496826926948989913844015540003315
38194647703328531496826926948989913844015540003315
38194647703328531496826926948980913844015540003315
28194647703328531496826926948980913844015540003315
28195647703328531496826926948980913844015540003315
28195647703328531496826926948980913844015540093315
28195647703328531496826926948980913844015440093315
28185647703328531496826926948980913844015440093315
28185647703328531496826916948980913844015440093315
28185647703328531496826916948980913844015440083315
28185647703328531496826916948980903844015440083315
28185647703328531496826916948980903834015440083315
28185647703328531495826916948980903834015440083315
38185647703328531495826916948980903834015440083315
38185647703328531595826916948980903834015440083315
38185647703328531595825916948980903834015440083315
38185647703328541595825916948980903834015440083315
38185647703328541595825916948980903834015440084315
38185647703328641595825916948980903834015440084315
38185647704328641595825916948980903834015440084315
38185647704328641595825916948970903834015440084315
38185647704328641595825916948970902834015440084315
38185648704328641595825916948970902834015440084315
38185648704328641595825916948970902734015440084315
38185648704328641595825916948970902734025440084315
38185648704328631595825916948970902734025440084315
38185648704328631595825916947970902734025440084315
38185648704328631595824916947970902734025440084315
38185648704328631595824916947970902734026440084315
38185648704328631595824916947970902733026440084315
38185648704327631595824916947970902733026440084315
38185648704327632595824916947970902733026440084315
38185648704327633595824916947970902733026440084315
38185648704327633595824916947970902723026440084315
38185648704327633595824916947970902723026540084315
38185648704327633595824916946970902723026540084315
38185648704327633595824016946970902723026540084315
38185648704327633595824016946970902723026540094315
38185648704327633595824026946970902723026540094315
38185748704327633595824026946970902723026540094315
38185748794327633595824026946970902723026540094315
38185748794327633595924026946970902723026540094315
38185748794327633595924016946970902723026540094315
38185748794327633595924016946970902733026540094315
38185748794327633595924016946970902733026640094315
38185748794327633595924016946970902733026650094315
38185748795327633595924016946970902733026650094315
38185748795327633595924017946970902733026650094315
38185748795328633595924017946970902733026650094315
38185748795338633595924017946970902733026650094315
38185748795338633595924017946970902723026650094315
38185748795338633595924017946970902723036650094315
38185748795338633595924017946970902723036750094315
38185748795338633595824017946970902723036750094315
38185748795338623595824017946970902723036750094315
38185748705338623595824017946970902723036750094315
38185748705338623595824017946970902823036750094315
38185748705338623595824017946970902823037750094315
38185748705338623585824017946970902823037750094315
38185748705338623585824017946970902813037750094315
38185748704338623585824017946970902813037750094315
38185748704338623585824017946870902813037750094315
38185748704338623585824017946870903813037750094315
38185748704338623585824017946870903813937750094315
38185748704338623595824017946870903813937750094315
38185748704338623595824017946870903813937850094315
38185748704338623595814017946870903813937850094315
38185748704348623595814017946870903813937850094315
38185748704358623595814017946870903813937850094315
38185748704358623595814017946870903823937850094315
38185748704358623595914017946870903823937850094315
38185748704358623595914017946870903823937850094325
38185748704358623595914017946870903823937851094325
38185748704358623595914017946870903813937851094325
38185748704358623594914017946870903813937851094325
38185748604358623594914017946870903813937851094325
38185748604358623594914017946870903813937851093325
38185748604358623594914017946870903813937851093425
38185748604358523594914017946870903813937851093425
38185748604358533594914017946870903813937851093425
38185748604358533594914017946870903812937851093425
38185747604358533594914017946870903812937851093425
38185747604358533594914017946870903812936851093425
38185747604358533594914017946870903812936851093525
38185747604358533584914017946870903812936851093525
38185747604358533584914017946870903812036851093525
38185747604358533584914017956870903812036851093525
38185847604358533584914017956870903812036851093525
38185847604358533584914017956870903912036851093525
38195847604358533584914017956870903912036851093525
38195847604358533584914017956870913912036851093525
38195847604358533584914017956880913912036851093525
38195847604358533584914017956880013912036851093525
38195847604358533584914017956890013912036851093525
38195747604358533584914017956890013912036851093525
38195747604358533584914017956890013912036851083525
38195747604358533584914017956891013912036851083525
38195747604358533584914017966891013912036851083525
38195747604358533574914017966891013912036851083525
38195747604358533574914017966881013912036851083525
38195747604358533574914017966881013913036851083525
38195747604358533574914017966881013913136851083525
48195747604358533574914017966881013913136851083525
48195747604358533574914017966881013913136751083525
48195747604358533564914017966881013913136751083525
48195747504358533564914017966881013913136751083525
48195747504358533564914027966881013913136751083525
48195747503358533564914027966881013913136751083525
48195747503358533564914027966881013903136751083525
48195747603358533564914027966881013903136751083525
48195747603358533564914027966881014903136751083525
48195747603358533564914027966781014903136751083525
48195747603358533564914027966781015903136751083525
48195747603358533564814027966781015903136751083525
48195747603258533564814027966781015903136751083525
48195747603258533564814027967781015903136751083525
48195747603258533564814027967780015903136751083525
48195747603258533564814027967780015903136751083625
48195747602258533564814027967780015903136751083625
58195747602258533564814027967780015903136751083625
58195747602258533564815027967780015903136751083625
58195747602258533564815927967780015903136751083625
58195747602258533564815927967780015904136751083625
58195747602258533564815927967780015904136752083625
58195747602258533564715927967780015904136752083625
58195747602258533564716927967780015904136752083625
58195747602258533664716927967780015904136752083625
58196747602258533664716927967780015904136752083625
58196737602258533664716927967780015904136752083625
58196737602258533664715927967780015904136752083625
58196737602258533664715927967780015904135752083625
58196737602258533654715927967780015904135752083625
58196737602258533654715927967780015904135752083626
58196737602258533654715927967780015804135752083626
58196737602258533654715926967780015804135752083626
58196737602258533664715926967780015804135752083626
58196737602258534664715926967780015804135752083626
58196737602258534664715926967780015804135753083626
58296737602258534664715926967780015804135753083626
58296737602258534664715926967780015804145753083626
58296737602258534664715926967780015704145753083626
58296737602258534664725926967780015704145753083626
58296737602258534664725026967780015704145753083626
58296737602258534664725026967780015704145743083626
58296737602259534664725026967780015704145743083626
58296737602259534664725126967780015704145743083626
58296737602259534664735126967780015704145743083626
58296837602259534664735126967780015704145743083626
58296837602259534674735126967780015704145743083626
58296837602258534674735126967780015704145743083626
58296837602258534674735126967780015703145743083626
58296827602258534674735126967780015703145743083626
58296827602158534674735126967780015703145743083626
58296827602158534673735126967780015703145743083626
58296827602158534673635126967780015703145743083626
58296827602158534673635126967781015703145743083626
58296827602158534673645126967781015703145743083626
58396827602158534673645126967781015703145743083626
58396827602158534673645126967681015703145743083626
58396827602158534673645126967681015793145743083626
58396827602158534673545126967681015793145743083626
58396827602158534673545126977681015793145743083626
58396827602158534673545126977681015793145743983626
58396827602158534673545126987681015793145743983626
58395827602158534673545126987681015793145743983626
58395827602158534673545126997681015793145743983626
58395827602158534673545126997681015793145743982626
48395827602158534673545126997681015793145743982626
48395827602158534673545116997681015793145743982626
48395827602158534673545116997681015793145743982625
48395827502158534673545116997681015793145743982625
48395827502158534673545116997681015793155743982625
48394827502158534673545116997681015793155743982625
48394827502158534683545116997681015793155743982625
48394828502158534683545116997681015793155743982625
48394828502159534683545116997681015793155743982625
48394828502159524683545116997681015793155743982625
48394828502159524683645116997681015793155743982625
47394828502159524683645116997681015793155743982625
47394828502159524683645116997581015793155743982625
47394828502159524683645116997581015793155744982625
47394828402159524683645116997581015793155744982625
47394828402159524683645116997581015793155744982635
47394828402159524683645116997581015793055744982635
47394828402159524683645116997581015793055745982635
47394828402159524683645116997581915793055745982635
47394828402159524683635116997581915793055745982635
47394828402159524683635216997581915793055745982635
47394818402159524683635216997581915793055745982635
47394818402159524673635216997581915793055745982635
47394818402149524673635216997581915793055745982635
48394818402149524673635216997581915793055745982635
58394818402149524673635216997581915793055745982635
58394818402149524673635216897581915793055745982635
58394818402149524673635216897581915794055745982635
58394818402049524673635216897581915794055745982635
58394817402049524673635216897581915794055745982635
58394817402049524673635216897581915794045745982635
58394817402049524673635216897581915794045745992635
58394817402049524673635216897581815794045745992635
58394817402049524673635216897581815794045745992625
68394817402049524673635216897581815794045745992625
68394817402049524673735216897581815794045745992625
68395817402049524673735216897581815794045745992625
68395817402049524673735216897581815794045745092625
68395817402049524673735216897581815794046745092625
68395817402049524673735215897581815794046745092625
68395817402049524673725215897581815794046745092625
68395817402049524673725215897581815784046745092625
68395817402049524673725215897581805784046745092625
68395817402049524683725215897581805784046745092625
68395817402049524683725215897581805784046745992625
68395817402049523683725215897581805784046745992625
68395817402049523683725214897581805784046745992625
68395817402049523683725214897581805784045745992625
58395817402049523683725214897581805784045745992625
58395817302049523683725214897581805784045745992625
58395817302048523683725214897581805784045745992625
58395817302048523683725214897581705784045745992625
58395817302048523683725214897581705784045745982625
58395817301048523683725214897581705784045745982625
58395807301048523683725214897581705784045745982625
58395807301048523683725214887581705784045745982625
58395807301048524683725214887581705784045745982625
58385807301048524683725214887581705784045745982625
58385807301048524683725314887581705784045745982625
58385807301048524683725314887580705784045745982625
58385807301048524583725314887580705784045745982625
58385807301048524583825314887580705784045745982625
58385807301048524583825314887580705784035745982625
58385807301048524583825314887580705784035745982725
58385807301048524583825314787580705784035745982725
58385807301048524583825314787580705784035745992725
58385807301048524583925314787580705784035745992725
58385807301048524583925304787580705784035745992725
58385807301038524583925304787580705784035745992725
58385807301038524583925304787580705784035745982725
58385807301038523583925304787580705784035745982725
58385807301038523583925304787580705784035745981725
58385807301038523483925304787580705784035745981725
58385807301038523483925304787590705784035745981725
57385807301038523483925304787590705784035745981725
57385807301038513483925304787590705784035745981725
57385807301038513483935304787590705784035745981725
57385807301038513493935304787590705784035745981725
57385807301038512493935304787590705784035745981725
57385807301038512493935304787590605784035745981725
57385807301038512493935304787590605784035745971725
57385807301038512493935304787690605784035745971725
57385807301938512493935304787690605784035745971725
57385807301938512493935304787690605784035745972725
57385807301938512493935304787690605784035735972725
57385807391938512493935304787690605784035735972725
57385807391948512493935304787690605784035735972725
57385807391948512492935304787690605784035735972725
57385807391948512492935304787690705784035735972725
57385807391948512492935304787690706784035735972725
57385807391948512492935304787690706784035735972726
57385807391948512492935304787690606784035735972726
57385807391948512492935304887690606784035735972726
57385807390948512492935304887690606784035735972726
57385807390948512492935304887690606784035835972726
57385807390948512492935304887690506784035835972726
57385807390948512492835304887690506784035835972726
57385807390948512492835304887699506784035835972726
57385807390948522492835304887699506784035835972726
57385807390948522402835304887699506784035835972726
57385807490948522402835304887699506784035835972726
57385807480948522402835304887699506784035835972726
57385807480948522402835304787699506784035835972726
57385807480948522402835304787699506784035835972736
57385807480948522402834304787699506784035835972736
57285807480948522402834304787699506784035835972736
57285807480948522402834304777699506784035835972736
57285807480948522402834304777699506784034835972736
57285807480949522402834304777699506784034835972736
57285807480949522402834314777699506784034835972736
57284807480949522402834314777699506784034835972736
57284807480949522402834314777699506784024835972736
57284807490949522402834314777699506784024835972736
57284807490949522302834314777699506784024835972736
57284807490949522302834314777699506784024835972746
57284807490949522302834314776699506784024835972746
57284807490849522302834314776699506784024835972746
56284807490849522302834314776699506784024835972746
56274807490849522302834314776699506784024835972746
56274807490849522302834314776699506784014835972746
56274807490949522302834314776699506784014835972746
56274807490949522302834314776699506784014835972745
56274807490949522302834314776699606784014835972745
56274807490949522302835314776699606784014835972745
56274807490949522302835324776699606784014835972745
56274807490949522302835324777699606784014835972745
66274807490949522302835324777699606784014835972745
66174807490949522302835324777699606784014835972745
66174808490949522302835324777699606784014835972745
66174808490949522302835325777699606784014835972745
66174808490949422302835325777699606784014835972745
66174808490949422302845325777699606784014835972745
66174808490949422302845325777699606784014935972745
66174808590949422302845325777699606784014935972745
66174808590949422312845325777699606784014935972745
66164808590949422312845325777699606784014935972745
56164808590949422312845325777699606784014935972745
56164809590949422312845325777699606784014935972745
56164809590949421312845325777699606784014935972745
56164809590949421312845325777699606784014936972745
56164809590949421312845325777699706784014936972745
56165809590949421312845325777699706784014936972745
56165809590949421312845325777699706784014936072745
56165809590949421312845325677699706784014936072745
56165809590949421312845325677699716784014936072745
56165809590949421212845325677699716784014936072745
56165899590949421212845325677699716784014936072745
56165899590949421212845325687699716784014936072745
56165899590949421212845325687699716794014936072745
56165899590949431212845325687699716794014936072745
56165899590949431212845335687699716794014936072745
56065899590949431212845335687699716794014936072745
56065899590949431212845335687699716795014936072745
56065899590949431212845335687690716795014936072745
56065899590949431212845335687690716795014936071745
56065899490949431212845335687690716795014936071745
56065899490949431212845335687690716795014936071755
56065899480949431212845335687690716795014936071755
56065899480949431212945335687690716795014936071755
56065899480949331212945335687690716795014936071755
56065899480949321212945335687690716795014936071755
56065899480949321212945335687690716795014946071755
56065899480949321212945335687690716695014946071755
56065899480949321212945335687690716695014946061755
56065899480949321212945335687690715695014946061755
56065899470949321212945335687690715695014946061755
56065899470949421212945335687690715695014946061755
56065899470949421212945335677690715695014946061755
56065899470949421212945335677690715695014846061755
56065899470949421212945335677690715695014845061755
56065899479949421212945335677690715695014845061755
56065899479949411212945335677690715695014845061755
56065899479949411212945334677690715695014845061755
56065899479949411212045334677690715695014845061755
56065899479949411212045334677690715695014845061754
56065899479949411212045334676690715695014845061754
56065899479949411212045334676690715695014845071754
56065899479949411212045334676690615695014845071754
56065899479949411212045334676690615695014845071764
56065899479949411212045334676690615695014845071774
56065899479949411212045334676690615695014845071784
56065899479949411212045334676690615695014835071784
56065899579949411212045334676690615695014835071784
56065899578949411212045334676690615695014835071784
56065899578949411212045334676690615695014835061784
56165899578949411212045334676690615695014835061784
56165899578949411212045334676690625695014835061784
56165899578949411212045334676690625695014835961784
56165899578949411212045334676590625695014835961784
56165899578949411212045334676590625695014825961784
66165899578949411212045334676590625695014825961784
66165899578949411212045334676590625695013825961784
66165899578949411212045334676590635695013825961784
66165899578939411212045334676590635695013825961784
66165899579939411212045334676590635695013825961784
66165809579939411212045334676590635695013825961784
66165809579939411222045334676590635695013825961784
66165809569939411222045334676590635695013825961784
66166809569939411222045334676590635695013825961784
66166809569939411122045334676590635695013825961784
66166809569939411122055334676590635695013825961784
66166809569939411122055334676590635605013825961784
66166809569939411122055334676590635605013825960784
66166809569939411122055334676590635604013825960784
76166809569939411122055334676590635604013825960784
76176809569939411122055334676590635604013825960784
76176809569939411112055334676590635604013825960784
76176809569939411112055334676590635604013825960884
76176809569930411112055334676590635604013825960884
76176809569930411112055334676590635605013825960884
86176809569930411112055334676590635605013825960884
86176809569930411112055334676590635605013825950884
86176809569930411112055334676590635605003825950884
86176809569930411112054334676590635605003825950884
86176809569930411112054334677590635605003825950884
86176809569930411112054334677590635505003825950884
86176809569930411112054334677590635504003825950884
86176809569930411112054334677590635503003825950884
86176809569930411112054334676590635503003825950884
86176809569930411112054334676590635503003825850884
86176809569930411112054334676590635503003825750884
86176809569930411112054334676590635503013825750884
86176819569930411112054334676590635503013825750884
86176819569930411112054334576590635503013825750884
86176819569930411112054334576590635503013725750884
86176819569930411112054334576590635503023725750884
86176819569930411112054344576590635503023725750884
86176819569930411112054344576590635403023725750884
86176819569930411112954344576590635403023725750884
86176819569930411112954344576590635403023726750884
86176819569930411112954344576590635403023726750784
86176819569930411112954344576590635403923726750784
86166819569930411112954344576590635403923726750784
86166819569930411112954344576590535403923726750784
86166819569930411112954344576590535403923725750784
86166819569939411112954344576590535403923725750784
86166819569939411112954345576590535403923725750784
86166819569939411112954345576590535403923725750783
86166819569939411112954345576590535403923725850783
86166819569939410112954345576590535403923725850783
86166819569939410112954345576590535403922725850783
86166919569939410112954345576590535403922725850783
86166919569939410112954345576690535403922725850783
86166919569939410112954345576690535404922725850783
86166919569939410112964345576690535404922725850783
86166919569939410112964345576690535404923725850783
86166909569939410112964345576690535404923725850783
86156909569939410112964345576690535404923725850783
86156909569939410102964345576690535404923725850783
86156909569939410102964345576690545404923725850783
76156909569939410102964345576690545404923725850783
76156809569939410102964345576690545404923725850783
76156809569949410102964345576690545404923725850783
76156809569949410102964345576690545403923725850783
76156809569949410102964345676690545403923725850783
76156809569949410102064345676690545403923725850783
76156809569949410102064345676690545402923725850783
76156809569949410101064345676690545402923725850783
86156809569949410101064345676690545402923725850783
86156809569949410101064345676690555402923725850783
86155809569949410101064345676690555402923725850783
86155809569949410101164345676690555402923725850783
86155809569949410101164345676690555412923725850783
86155809569949410101164345776690555412923725850783
86155809569949410101164345775690555412923725850783
86155809569949419101164345775690555412923725850783
86155809569939419101164345775690555412923725850783
86155809569939419101164345775690555412923725850773
86155809559939419101164345775690555412923725850773
86155809559939419101164345775690555512923725850773
86155809549939419101164345775690555512923725850773
86155809549839419101164345775690555512923725850773
86155809549839419101164345775690555512923725850772
86155809549839319101164345775690555512923725850772
86255809549839319101164345775690555512923725850772
86255809549839319101164345775690555512023725850772
86255809549839319101164345775690555612023725850772
86255909549839319101164345775690555612023725850772
86255909549839319101164345776690555612023725850772
86255909549839319101164345776690555612033725850772
86255909549839318101164345776690555612033725850772
86255909539839318101164345776690555612033725850772
86255909539839318101164345777690555612033725850772
86255909539839318101164445777690555612033725850772
86255909539839318101164445777690455612033725850772
86255909529839318101164445777690455612033725850772
86255909529839318101164445777690454612033725850772
86255909529839318101154445777690454612033725850772
86255909529839318101154445777690454612033825850772
86255909529839318101254445777690454612033825850772
86255900529839318101254445777690454612033825850772
86255900529838318101254445777690454612033825850772
86255900529828318101254445777690454612033825850772
86255900529828318101254445777690455612033825850772
86255900529828318101254445777690455612033825850872
86255900529828318101254445777690455612033825840872
86255900529828308101254445777690455612033825840872
86255900529828308101254445777690455612033825849872
86255900529828308101254445777690445612033825849872
86255900529828308101253445777690445612033825849872
86254900529828308101253445777690445612033825849872
86254900529828308101253345777690445612033825849872
86254900529818308101253345777690445612033825849872
76254900529818308101253345777690445612033825849872
76254900529818308101253345777690445602033825849872
76254900529818308101253345777690445602033825849871
76254900529818308101253345777699445602033825849871
76254900529818308101253345777699445602033825849881
76254900529818308100253345777699445602033825849881
76254900529818308100253345777699445602033725849881
76254900529818208100253345777699445602033725849881
76254800529818208100253345777699445602033725849881
76254800529818208100253345777699445612033725849881
76254800529818208100253345777699435612033725849881
76254800529818208100253344777699435612033725849881
76254800529818208100254344777699435612033725849881
76254800529818208100254344777699435612033724849881
76254800529818208100254344777609435612033724849881
76254800529718208100254344777609435612033724849881
76254800529718208100254344776609435612033724849881
76254800529718208100254344776609435612133724849881
76254810529718208100254344776609435612133724849881
76254810529718208100254344776609435512133724849881
76254810529718208100254344776609435512133724749881
76254810529728208100254344776609435512133724749881
76254810529728208100254344776609335512133724749881
76254810529728208100254344776609335512123724749881
76254810529728298100254344776609335512123724749881
76254810529728298100254343776609335512123724749881
76254810529728288100254343776609335512123724749881
76254810529628288100254343776609335512123724749881
76254810529628289100254343776609335512123724749881
76255810529628289100254343776609335512123724749881
76255810529628289100254343776609335512123624749881
76255810529628289100253343776609335512123624749881
76255810529628289100253343776609325512123624749881
76256810529628289100253343776609325512123624749881
76256810529628289100253343776609325512223624749881
76256811529628289100253343776609325512223624749881
76256811529628289100253343776609325512222624749881
76256811529628289100253343776609325512222624740881
76256811529628189100253343776609325512222624740881
76256811529628189100153343776609325512222624740881
76256811529628189100153343876609325512222624740881
76256811529629189100153343876609325512222624740881
76256811529629189100153343876609325512322624740881
76257811529629189100153343876609325512322624740881
76257811529629189100153343876609425512322624740881
76257811529629189100153343876609425512322634740881
76257811529629189100153353876609425512322634740881
76257811529729189100153353876609425512322634740881
76257811529729189100153353877609425512322634740881
76257811529729189100153353877609425512322633740881
76256811529729189100153353877609425512322633740881
76256811529729180100153353877609425512322633740881
76256811529729180100153353877509425512322633740881
66256811529729180100153353877509425512322633740881
66256811529729180100153353877509425512322634740881
66256812529729180100153353877509425512322634740881
66256812529829180100153353877509425512322634740881
66256812529829180100153353867509425512322634740881
67256812529829180100153353867509425512322634740881
67256812529829180100153353866509425512322634740881
67256812529829180100153353866509425513322634740881
67256812528829180100153353866509425513322634740881
67256812518829180100153353866509425513322634740881
67256812518829180190153353866509425513322634740881
67256812518829180190153353866509425513322634750881
67256812518829180190153353866509425513322634650881
67256812518829180190153353866509325513322634650881
67256812518829180190153353866509325513322634650781
67256812518829180190153353856509325513322634650781
67256812518829180191153353856509325513322634650781
67256812518829180191153353856509225513322634650781
67256812518829180191153353856509225513322634650782
67256812518829189191153353856509225513322634650782
67256812518829189190153353856509225513322634650782
67256812518829179190153353856509225513322634650782
67256912518829179190153353856509225513322634650782
67256912518829179190153354856509225513322634650782
67256912518829179190153354856509215513322634650782
67256913518829179190153354856509215513322634650782
67256913518829179190153354856509215613322634650782
67256913518829279190153354856509215613322634650782
67256913518829279100153354856509215613322634650782
67356913518829279100153354856509215613322634650782
67356913518829179100153354856509215613322634650782
67356913518829179100153354856500215613322634650782
67356913518829179100153354856500225613322634650782
67355913518829179100153354856500225613322634650782
67355913518829179100153354856500225613322634650783
67355913518829179100153354856500215613322634650783
67355913518829179100153354856500215613322624650783
67355913518829179100153254856500215613322624650783
67355913518829179000153254856500215613322624650783
67355913518829179000153254857500215613322624650783
67355913528829179000153254857500215613322624650783
67355914528829179000153254857500215613322624650783
67355914528829179000253254857500215613322624650783
67355914528829178000253254857500215613322624650783
67355914528829178000353254857500215613322624650783
67355904528829178000353254857500215613322624650783
67355904528829178000363254857500215613322624650783
67355904528829178000363255857500215613322624650783
67355904528829178000263255857500215613322624650783
67355904528829178000163255857500215613322624650783
67355904528829178000163255857509215613322624650783
67355904528829178000163255857509214613322624650783
67355904528829168000163255857509214613322624650783
67355904528829168000163255857599214613322624650783
67355904528829168000173255857599214613322624650783
67355904528829168000173255857599214613322624650883
67355904528829168000173255857599214613322634650883
67355904518829168000173255857599214613322634650883
67355904518829168000173255857598214613322634650883
67355904518829158000173255857598214613322634650883
67355904518729158000173255857598214613322634650883
67355904518729158000173255857598214613312634650883
67355904518729158000173255857598114613312634650883
67355904518729158100173255857598114613312634650883
67355904518729158100173255858598114613312634650883
67355904518729158100173255858597114613312634650883
57355904518729158100173255858597114613312634650883
57355904518729158100173255868597114613312634650883
57355904518729158100173255868597114613312634650983
57355904518729158190173255868597114613312634650983
57355905518729158190173255868597114613312634650983
47355905518729158190173255868597114613312634650983
47355905517729158190173255868597114613312634650983
47355905517729158190173255868597114613312633650983
47355005517729158190173255868597114613312633650983
47355005517729158190163255868597114613312633650983
47355015517729158190163255868597114613312633650983
47355015517729158190163255868597114623312633650983
47345015517729158190163255868597114623312633650983
47345015517729148190163255868597114623312633650983
47345015517729148290163255868597114623312633650983
47345015517729148290163255868597114623312633650973
47345015517729148290163255868597114623312633650873
47345015517729148290163255868597114723312633650873
47345015516729148290163255868597114723312633650873
47345015516729148290163255868597114724312633650873
47345015516729148290164255868597114724312633650873
47345015516729148290164255868597114724312533650873
47345015516729148290164255868597114824312533650873
47345015516729148290164265868597114824312533650873
47345015516729148290164265868597114824312523650873
47345015516729148390164265868597114824312523650873
47355015516729148390164265868597114824312523650873
47355015516729148390164265868597114824311523650873
47355016516729148390164265868597114824311523650873
47355016516729148390164265868597114824411523650873
47355026516729148390164265868597114824411523650873
47355026516729048390164265868597114824411523650873
47355026516729048390164165868597114824411523650873
47355026516729038390164165868597114824411523650873
47355026516729038390164165868597114824411523550873
47355026516729038390164155868597114824411523550873
47355026516729038390064155868597114824411523550873
47355026516729038390064155868597114824411523550874
47355026516829038390064155868597114824411523550874
47355026516829038390064155768597114824411523550874
47355026516829038390064155768597114824411523550864
47355026516828038390064155768597114824411523550864
47355026516828938390064155768597114824411523550864
47355026516828938390064155768507114824411523550864
47355026516828938390064155767507114824411523550864
47355026516828938390064155767507114824401523550864
47355026516828938390064155767506114824401523550864
47355026516827938390064155767506114824401523550864
47355026516827938390064155767506114824402523550864
47355026516827938390064155767506114824402523560864
47355026516826938390064155767506114824402523560864
47255026516826938390064155767506114824402523560864
47255026516926938390064155767506114824402523560864
47255026516926938390065155767506114824402523560864
47254026516926938390065155767506114824402523560864
47254026516926938390065155767506114824402523560863
47254026516925938390065155767506114824402523560863
47254026516925938390065145767506114824402523560863
47254026516925938390065145767506114824402523560763
48254026516925938390065145767506114824402523560763
48254026516825938390065145767506114824402523560763
48254026516825938390065145767506114825402523560763
48254026516825838390065145767506114825402523560763
48244026516825838390065145767506114825402523560763
48234026516825838390065145767506114825402523560763
48234026516825838390065145767506114825302523560763
48234026516825838390065145767606114825302523560763
48234027516825838390065145767606114825302523560763
48234027516825838390065145667606114825302523560763
48234027516825838390065145667606114825302523560753
48234927516825838390065145667606114825302523560753
48234937516825838390065145667606114825302523560753
48234937516825838390065145667606114825302522560753
48234937516825838390065145667606114825302522460753
48234937516825838390065145667606114825302522360753
48234937516825838390065145667606114825302523360753
48234937516825838390065145667606114825302523369753
48234937506825838390065145667606114825302523369753
48234937506825838390065145667606114825302523369653
48234937506825838390065145667606104825302523369653
48234937506825838390065145667606104825302523369553
48234937506825838390065145667606104835302523369553
48234937506825838390065145667606004835302523369553
48234937506825838390065145667606004835302523369563
48234937596825838390065145667606004835302523369563
48234937596825838390065145667606004835302523269563
48234937596815838390065145667606004835302523269563
48234937596815838390065145677606004835302523269563
48234937596815838390065145677606004836302523269563
49234937596815838390065145677606004836302523269563
49234937596815838390065145677606004836312523269563
49234937596815838390055145677606004836312523269563
49234937596815838390055155677606004836312523269563
49234937596815838390055155677606004836311523269563
49234937596815838390055155677606004835311523269563
49234037596815838390055155677606004835311523269563
49234037596815838390055155777606004835311523269563
49234037596815838390055145777606004835311523269563
49234037506815838390055145777606004835311523269563
49234037506815838390055135777606004835311523269563
49234037506815838390055135777506004835311523269563
49234037506815838300055135777506004835311523269563
49234037506815838300056135777506004835311523269563
