3750
1315545826697845378485741
1315545826697845378485751
1315545826697845378485651
1315555826697845378485651
1315555826698845378485651
1314555826698845378485651
1414555826698845378485651
1414555826698845378484651
1413555826698845378484651
1413555826798845378484651
1413555826898845378484651
1513555826898845378484651
1513555826898845378384651
1513555836898845378384651
1513555836898845377384651
1513555836898845376384651
1513555836898845386384651
1513555846898845386384651
1513555845898845386384651
1513555845899845386384651
1503555845899845386384651
1503555844899845386384651
1503555844899845387384651
1503555944899845387384651
1503555934899845387384651
1503555934899945387384651
1503555934899944387384651
1502555934899944387384651
1502555934899944287384651
1502555934899944287384661
1402555934899944287384661
1402555934809944287384661
1402555934909944287384661
1402555934909844287384661
1402555934909834287384661
1402555934909834297384661
1402555934909834297385661
1402555934909834297375661
1402555934809834297375661
1402555934809834297376661
1402455934809834297376661
1402455934809834297376761
1402455934809934297376761
1402355934809934297376761
1492355934809934297376761
1492355934809934297376760
1492355934809934297276760
1492355924809934297276760
1492355924809934197276760
1492354924809934197276760
1492354934809934197276760
1492354934808934197276760
1492354934808934197276660
1492354934818934197276660
1492354934818834197276660
1492354934818834197276670
1492354934808834197276670
1492354934908834197276670
1492354944908834197276670
1492354944908834197276679
1492354944908834187276679
1492354944908834187286679
1492354044908834187286679
1492354044908834187286669
1492354034908834187286669
1492354024908834187286669
1492354024908834187286660
1492354024908834087286660
1492354024908834087186660
1492354024908834087186661
1492354024908834187186661
1492354024908834187186671
1492354124908834187186671
1492354124908834087186671
1492354124908833087186671
1492354124908833086186671
1492354124908833086186771
1492354124908833086086771
1492344124908833086086771
1492344124908833086087771
1392344124908833086087771
1392344124808833086087771
1392344124809833086087771
1392344124809823086087771
1392344134809823086087771
1392344134808823086087771
1392344134808813086087771
1392244134808813086087771
1393244134808813086087771
1393244134807813086087771
1493244134807813086087771
0493244134807813086087771
0493244134707813086087771
0493244134707813086087781
0493234134707813086087781
0493234124707813086087781
0493234124706813086087781
0493234124705813086087781
0493234134705813086087781
0493234134705812086087781
1493234134705812086087781
1493234144705812086087781
1493234144705912086087781
1493234144705912086087791
1493234144706912086087791
1493234144706913086087791
1493134144706913086087791
1493134244706913086087791
1493134234706913086087791
1493134234706913186087791
1493134234706813186087791
0493134234706813186087791
0493134234706813186087790
0403134234706813186087790
0403134134706813186087790
0403134134806813186087790
0303134134806813186087790
0303134134805813186087790
0303134134895813186087790
0303134134895803186087790
0303134134895903186087790
0303134134895903187087790
0403134134895903187087790
0403134134895903087087790
0403134134885903087087790
0402134134885903087087790
0402134134885903087087700
0412134134885903087087700
0412134134885903087987700
0412134133885903087987700
0412134133885903087987600
0412134133885903087087600
0412134133885903087087690
0412134133885903087187690
0412134133885803087187690
0412134133885703087187690
0412134132885703087187690
0412134132885702087187690
0412134132885712087187690
0412134132785712087187690
0412134232785712087187690
0412134231785712087187690
0412134231785712097187690
0402134231785712097187690
0492134231785712097187690
0492134231786712097187690
0492134231786812097187690
0492134231786812097188690
0482134231786812097188690
0482134231787812097188690
0482134231787812097189690
0482135231787812097189690
0482135231787802097189690
0482135231787802997189690
0482135221787802997189690
0482135121787802997189690
0482135121787801997189690
0492135121787801997189690
0492135121787811997189690
0402135121787811997189690
0402135121777811997189690
0402135121777811997188690
0402135121777811997188691
0401135121777811997188691
0401135121777811897188691
0401135121777811897198691
0401135131777811897198691
0401135131777811897108691
0401135131787811897108691
0400135131787811897108691
0400135131787811897108692
0409135131787811897108692
0409135121787811897108692
0409235121787811897108692
0509235121787811897108692
0509235121786811897108692
0519235121786811897108692
0519235121785811897108692
0419235121785811897108692
1419235121785811897108692
1419245121785811897108692
1419244121785811897108692
1519244121785811897108692
1519244111785811897108692
1519144111785811897108692
1519144111885811897108692
1519144121885811897108692
1519144121885811897108693
1519144121885811897118693
1519244121885811897118693
1529244121885811897118693
1529244121885811897118692
1520244121885811897118692
1520244121875811897118692
0520244121875811897118692
0520244122875811897118692
0520244123875811897118692
0520244123875811897118592
0420244123875811897118592
0420244123875811897018592
0420244123875811807018592
0420244123875811907018592
0420244123875811907918592
0420244123865811907918592
0420244123865812907918592
0420243123865812907918592
0520243123865812907918592
0520243123865812907918582
0510243123865812907918582
0410243123865812907918582
0400243123865812907918582
0400243023865812907918582
0400243013865812907918582
0400243013865812997918582
9400243013865812997918582
9409243013865812997918582
9409243013865813997918582
9409243013866813997918582
9408243013866813997918582
9408243013866813997918682
9408243113866813997918682
9408243113866803997918682
9408243113866803997818682
9408253113866803997818682
9408253013866803997818682
9408253013866803997819682
9408253003866803997819682
9408253003866803097819682
9508253003866803097819682
9507253003866803097819682
9507253003866813097819682
9597253003866813097819682
8597253003866813097819682
8597253003867813097819682
8597253003767813097819682
8597253003767814097819682
8597253003766814097819682
8597263003766814097819682
8598263003766814097819682
8588263003766814097819682
8588263003756814097819682
8588263003756814098819682
8588263903756814098819682
8588263903756914098819682
8588263913756914098819682
9588263913756914098819682
9588262913756914098819682
9588262913756914098819683
9588262913756924098819683
9588262913756924008819683
9588262913756924008809683
9588262913756924008809682
0588262913756924008809682
0598262913756924008809682
0598262913756924009809682
0598262913756923009809682
0598272913756923009809682
0508272913756923009809682
0508272923756923009809682
0508272923756923019809682
0508272923756923019709682
0508272923756923019709681
0508272924756923019709681
0508272924756923019719681
0508272924756923019719671
0508272924756923019710671
0508272924756923019610671
0508272924746923019610671
0508272924746923919610671
0508272924746923919510671
0508282924746923919510671
0508282924846923919510671
0508382924846923919510671
0508382924846913919510671
1508382924846913919510671
1508382924846913919519671
1508382914846913919519671
1508382914846913919519571
1508382914846903919519571
1508382914846902919519571
1508381914846902919519571
1508381914845902919519571
1508381914845903919519571
1508381914845903909519571
1508381914855903909519571
1508481914855903909519571
1508481914855803909519571
1408481914855803909519571
2408481914855803909519571
2408481914855803908519571
2408481914855803908519581
2408481814855803908519581
2408481814955803908519581
2408481814955802908519581
2498481814955802908519581
2498481814955802908619581
2498481814955802908619591
1498481814955802908619591
1498481814965802908619591
1498481814966802908619591
1499481814966802908619591
1499481814966902908619591
1499491814966902908619591
1499491814976902908619591
1499491814976902908619691
1499491814976912908619691
1499491814876912908619691
1399491814876912908619691
1399491814876912908609691
1399491814876912908609591
1399491814866912908609591
1399491814866012908609591
1399401814866012908609591
1399401814866011908609591
1390401814866011908609591
1290401814866011908609591
1290401814866011908609491
1290401804866011908609491
1290401804866011998609491
1290401804766011998609491
1290401804766011998600491
1190401804766011998600491
1190401804766011998610491
1190401804766011998620491
1190401804766011998620481
1190401804766911998620481
1190401804766811998620481
1190401804766801998620481
1190401894766801998620481
1190401894766801998629481
1190401894765801998629481
1190401894765801988629481
1190401894765801988619481
1190401994765801988619481
1190401984765801988619481
1190401984765801988619581
1190401984765801988610581
1190401984765801988610580
1190401984765801988610480
0190401984765801988610480
9190401984765801988610480
9190301984765801988610480
9190301984765801988611480
9190301984765801988611380
9190301984865801988611380
9190301984865801888611380
9190301984865801788611380
9190301984865801788621380
9190301984865801788521380
9190301984865801778521380
9190311984865801778521380
9190311984865801878521380
9190311984865801878521381
9190311984855801878521381
9190311984855801878521371
9190312984855801878521371
9190312984855801878521370
9190312984855801878521379
9190212984855801878521379
9190212984855801878521378
9190212984856801878521378
9190212984856801878421378
9190212984856801877421378
9190212984857801877421378
9190212984857801777421378
9190212984857801777321378
9190112984857801777321378
0190112984857801777321378
0190112984857701777321378
0190112984858701777321378
0190102984858701777321378
0180102984858701777321378
0180102984858702777321378
0180102984858702777321368
0180102984858602777321368
0189102984858602777321368
0189102984858602777321468
0189102984858602677321468
0189202984858602677321468
0189201984858602677321468
0189201984848602677321468
0189201984848602678321468
0199201984848602678321468
0199211984848602678321468
0199211984848602688321468
0199211984848602688321458
0299211984848602688321458
0299211984848602678321458
0299211984848602578321458
0299211984848602577321458
0209211984848602577321458
0209212984848602577321458
0209212984848702577321458
0209222984848702577321458
0209222984838702577321458
0209222984838702577331458
0209222984838702587331458
0209222984838702587431458
0209222984938702587431458
0209212984938702587431458
0209212984038702587431458
0209212984038702597431458
0209212984038702597431448
0209212984038802597431448
0209212984038802597431548
0209212985038802597431548
0209212985038802497431548
0209212985038702497431548
0209212985038702397431548
0209212985038792397431548
0209212985038692397431548
0209213985038692397431548
0209213985038682397431548
0209213985038682397441548
0209213985038683397441548
0209213985038683297441548
0209213985038683207441548
0209213985038673207441548
0209213984038673207441548
0209213984938673207441548
0299213984938673207441548
0299213984938673207441448
1299213984938673207441448
1299213984938673208441448
1299213984938673298441448
1299213984928673298441448
1299213984928673298541448
1299213994928673298541448
1299223994928673298541448
1299223894928673298541448
1299223893928673298541448
1299223893928673297541448
1299223893928672297541448
1299223793928672297541448
1299223793928672297540448
1299223793929672297540448
1298223793929672297540448
1298223793929662297540448
1298223693929662297540448
1298223694929662297540448
1298223694929662297440448
1298223694829662297440448
1298223694729662297440448
1298223694729762297440448
1298223694729762297450448
1298223694729762297450447
1298223694719762297450447
1298223694719761297450447
1198223694719761297450447
2198223694719761297450447
2198223604719761297450447
2098223604719761297450447
2098222604719761297450447
2098212604719761297450447
2098212605719761297450447
2098212605719762297450447
2098212605710762297450447
2098312605710762297450447
2098312605710762297450347
2098311605710762297450347
2098301605710762297450347
2098301605710762297450346
2198301605710762297450346
2198301605710762298450346
2198301605710752298450346
2198301605710852298450346
2198301605719852298450346
2198301605719852297450346
2198301695719852297450346
2198301695719842297450346
2108301695719842297450346
2108302695719842297450346
2108392695719842297450346
2108392695719842207450346
2108392695719842207460346
2107392695719842207460346
2107392695719842206460346
2107382695719842206460346
2107382694719842206460346
2107382694719842206460246
2107282694719842206460246
2107282694710842206460246
2107282694710843206460246
2107282684710843206460246
1107282684710843206460246
1107282784710843206460246
0107282784710843206460246
0007282784710843206460246
0097282784710843206460246
0097282784710843206360246
0096282784710843206360246
0096282784710842206360246
0196282784710842206360246
0196282784710842206360247
0196282783710842206360247
0196282782710842206360247
0196283782710842206360247
0196283782710842206361247
0196283782710942206361247
0196283783710942206361247
0196383783710942206361247
0196383783710942206261247
0196383783710942206261147
0196383783710942206261157
0196383783710942206260157
9196383783710942206260157
9106383783710942206260157
9116383783710942206260157
8116383783710942206260157
8116383783710952206260157
8116383783710952296260157
8116373783710952296260157
8116363783710952296260157
8116364783710952296260157
8116364783711952296260157
8116364782711952296260157
8016364782711952296260157
9016364782711952296260157
9016364682711952296260157
9016364682711852296260157
9016364692711852296260157
9016364692711852296260147
9016364692711862296260147
9016364692701862296260147
9016364592701862296260147
9016364592701862296269147
9016364592701862296269157
9016364592701862296269257
9016364592701862297269257
9016364592701862297260257
9016364592701852297260257
9016365592701852297260257
9016365592700852297260257
9016365592700852297260157
9016365592700852197260157
9016365592790852197260157
9016365592790852197260257
9016365592790852197360257
9016366592790852197360257
9016366592790952197360257
9016366592780952197360257
9016366592780052197360257
9016366592780052197360157
9016466592780052197360157
9016466592780052107360157
9016465592780052107360157
9016475592780052107360157
9016475692780052107360157
9017475692780052107360157
8017475692780052107360157
8017475692780052107360158
8017475692780052107360058
8017475692789052107360058
8017475692789052107370058
8017485692789052107370058
8017486692789052107370058
8017486692789052117370058
8017486692789051117370058
8017486692788051117370058
8017476692788051117370058
8017576692788051117370058
8017576692788051117360058
8017577692788051117360058
8018577692788051117360058
8018577692788051117369058
8018577692788061117369058
8018577692788061118369058
8018577692788061118369958
8018577692788161118369958
8018577692788161118269958
8018577692788161118269959
8018677692788161118269959
8018677692788161118269949
8018677602788161118269949
8018667602788161118269949
8018667602788151118269949
8018667602788151118369949
8017667602788151118369949
8017667603788151118369949
8017667603688151118369949
8017667603687151118369949
8017668603687151118369949
8017668613687151118369949
8017668613687151118368949
8017668613687151218368949
8017668613687151218367949
9017668613687151218367949
9017668614687151218367949
9017668604687151218367949
9017668604687251218367949
9017668604687261218367949
9017668604687261118367949
9017768604687261118367949
9017768604687161118367949
9017768694687161118367949
9017768694687160118367949
8017768694687160118367949
8016768694687160118367949
8015768694687160118367949
8014768694687160118367949
8014768694687170118367949
8014768694687170128367949
8014768694697170128367949
7014768694697170128367949
7014768694698170128367949
7014768694698170128367849
7014758694698170128367849
7014757694698170128367849
7014757794698170128367849
7024757794698170128367849
7024757794688170128367849
7024757794688170128367949
7024857794688170128367949
7024857794688160128367949
7024857784688160128367949
7024857684688160128367949
7024857684688160128367849
7024857684688169128367849
7024857683688169128367849
7024858683688169128367849
7024858683688169128368849
7024858684688169128368849
7024858684698169128368849
7024858684697169128368849
7034858684697169128368849
7034858685697169128368849
7034858685697169128468849
7034858675697169128468849
7034858675597169128468849
7034858675597168128468849
7934858675597168128468849
7934858675597167128468849
7934858675597167128458849
7934858775597167128458849
7934858775597167128558849
7924858775597167128558849
7924858775597168128558849
7924858775597268128558849
7924858775597268128557849
7924758775597268128557849
7924758775597168128557849
7924758675597168128557849
7924758675597168128557859
7924758675597168228557859
7924758675597168227557859
7924758675497168227557859
7924758675497268227557859
7924758675497268227557850
7924758675597268227557850
7924758675597268227557840
7924658675597268227557840
7924658675597268227567840
8924658675597268227567840
8924658675697268227567840
8924658675697268217567840
8924658675697268217557840
8924658675698268217557840
8924657675698268217557840
8924657575698268217557840
8924657575598268217557840
8924657575598268217557850
9924657575598268217557850
9924657575598268217567850
9924657575508268217567850
9924657575408268217567850
9924757575408268217567850
9924857575408268217567850
9924857575408268217567950
9024857575408268217567950
9024857675408268217567950
9024857675408267217567950
9024857675418267217567950
9024757675418267217567950
9024757675418267217567850
9024757675318267217567850
9024757675319267217567850
9924757675319267217567850
9924757675319267217577850
8924757675319267217577850
8924757675319267217577750
8924757675319257217577750
8924756675319257217577750
8924766675319257217577750
8924666675319257217577750
8024666675319257217577750
8024666575319257217577750
8024666585319257217577750
8024666585319257217567750
8024666685319257217567750
8024666685329257217567750
8024666685329257217567759
8024666685329157217567759
8024666685329157217567758
8024666685329157216567758
9024666685329157216567758
9024666685329057216567758
9024666685329057216567757
9023666685329057216567757
9023666585329057216567757
9023666585339057216567757
9023666585338057216567757
9023666585338957216567757
9023666585438957216567757
9023666585438957216557757
9023666585438967216557757
9023666585438967216557756
9023666584438967216557756
9023656584438967216557756
9033656584438967216557756
9032656584438967216557756
9032656584338967216557756
9032656484338967216557756
9132656484338967216557756
9232656484338967216557756
9232656474338967216557756
0232656474338967216557756
0222656474338967216557756
0222666474338967216557756
0222666474338966216557756
0222666474338966216557755
0222667474338966216557755
0222667474338966216557745
0222667474438966216557745
0222667474538966216557745
0222667474548966216557745
0222667474548956216557745
0222668474548956216557745
0222668474548956216556745
0232668474548956216556745
0232668374548956216556745
0232678374548956216556745
0232678374548955216556745
0232678374538955216556745
0232678374538955216557745
0232668374538955216557745
0232668374538955206557745
0232668374548955206557745
0242668374548955206557745
0242668374548954206557745
0242668374548954216557745
0242668374648954216557745
0242668474648954216557745
0242668474648954217557745
0242668474648954217557755
0242668474648954217556755
0242668474648954217556655
0242668475648954217556655
9242668475648954217556655
9242668475648964217556655
9242668475648964227556655
9242668475648964227556654
9242669475648964227556654
9242669475648964227557654
0242669475648964227557654
0242669475648964227557644
0252669475648964227557644
0252669375648964227557644
0252669375649964227557644
0252669375649965227557644
0152669375649965227557644
0152669375640965227557644
0152769375640965227557644
0153769375640965227557644
0153769375640965327557644
9153769375640965327557644
9153769375650965327557644
9153769375650965317557644
9153769375651965317557644
9153769375651965317557654
9153769375651965317557554
9153769475651965317557554
9153769475651965317557555
9153769485651965317557555
9153769485551965317557555
9153769485551965317547555
9153769486551965317547555
9153769486551965317548555
9153769486551065317548555
9153769486550065317548555
9153769496550065317548555
9153769496550065317548554
9153669496550065317548554
9153669496560065317548554
9153669496560055317548554
9153669496560055317448554
9153669486560055317448554
9053669486560055317448554
9053659486560055317448554
9053659496560055317448554
9053659496460055317448554
9053659496460055327448554
9043659496460055327448554
9043659496460055337448554
9043659496460055337448544
9043659496460055337448444
9043659396460055337448444
9043659396460055337449444
9043659396469055337449444
9943659396469055337449444
9943649396469055337449444
9943649396569055337449444
9943649396569056337449444
8943649396569056337449444
8943649396569056347449444
8943649396569056347439444
8943649396569057347439444
8943649496569057347439444
8943649496569067347439444
8943659496569067347439444
7943659496569067347439444
7943659496559067347439444
7943659406559067347439444
7943659406559067347439454
7953659406559067347439454
7953659405559067347439454
7953659405558067347439454
7953559405558067347439454
7953559405558067357439454
8953559405558067357439454
8953559405558067357339454
8053559405558067357339454
8053559405558067356339454
8053459405558067356339454
8953459405558067356339454
8953459405557067356339454
8953459405557067356339354
8953459405567067356339354
8953459415567067356339354
8953459415567067356329354
8953459415567067366329354
8953459415567067367329354
8953459415567067367229354
8954459415567067367229354
8954459415567067367229353
8954459415567067367229343
8944459415567067367229343
8944469415567067367229343
8944469415567067367229353
8944469415567067367129353
8944469415667067367129353
8944469415667067367119353
8944469414667067367119353
8944469414667067367119343
8944569414667067367119343
8944569414667067367119342
8944569414667067368119342
8944569414667167368119342
8044569414667167368119342
8044559414667167368119342
8044559414667167368119352
8044559414667167368119353
8044559414667167368219353
8044459414667167368219353
8044459415667167368219353
8044459415667167368119353
8034459415667167368119353
8035459415667167368119353
8035459415667167368119453
8035459515667167368119453
8035459515667167368129453
8035459515567167368129453
8935459515567167368129453
8936459515567167368129453
8936459515567167368029453
8936459515567167367029453
8936459515568167367029453
8926459515568167367029453
8926559515568167367029453
8026559515568167367029453
8026559515468167367029453
8026559505468167367029453
8026459505468167367029453
9026459505468167367029453
0026459505468167367029453
0036459505468167367029453
0136459505468167367029453
0136459505468167367039453
0136459505468167367039443
0136459505468167367030443
0136459506468167367030443
9136459506468167367030443
9136459506468167367030543
9136459506468167367020543
9135459506468167367020543
9035459506468167367020543
9035459506468167367030543
9035459506468167366030543
9035459507468167366030543
9035459507468167366030542
9035459507468167356030542
9135459507468167356030542
9135459607468167356030542
9145459607468167356030542
9145459607458167356030542
0145459607458167356030542
0145459607458167356030543
0145450607458167356030543
0145450607448167356030543
0145450607348167356030543
0145450607348167356040543
0145450607348167356049543
0145450707348167356049543
0145450707358167356049543
0135450707358167356049543
0135450797358167356049543
0136450797358167356049543
0136450797358167356048543
0136450797359167356048543
0136450797349167356048543
0136450797349167355048543
0136450797349167355049543
0136450797349167355040543
0136450797349167365040543
0136450897349167365040543
0136450897349267365040543
0136450898349267365040543
0236450898349267365040543
0236450998349267365040543
0236450998349267365040544
0236350998349267365040544
0236350998349267365041544
0236350999349267365041544
0236350990349267365041544
0236350990349267465041544
0226350990349267465041544
0226350990349267465041543
0216350990349267465041543
0216350990349257465041543
0216350990249257465041543
0216350990249257465040543
0216350990249157465040543
0216350990249057465040543
0216350990249057465040542
0216350990240057465040542
0216350990240157465040542
0216350990240157465040541
0216450990240157465040541
0216450990240157465040531
0216450980240157465040531
0216450980240167465040531
0216450980230167465040531
0226450980230167465040531
0226450989230167465040531
0226550989230167465040531
0226550989230067465040531
0226550989230067365040531
0226550989230067265040531
0226550989230067255040531
0226550989230067255040431
0226550989230057255040431
1226550989230057255040431
1226550989230057255030431
1226550989220057255030431
1126550989220057255030431
1126551989220057255030431
1126551989220057255030331
1126551989220057255031331
1126551989220057255041331
1226551989220057255041331
1226551989220057256041331
1226551989220057256941331
1227551989220057256941331
1228551989220057256941331
1228551989229057256941331
1228551989229057256931331
1228551989229067256931331
1228551989229067256921331
1228551989229067256821331
1228651989229067256821331
1228651989228067256821331
1228651989228067256820331
1228651089228067256820331
1228651189228067256820331
1228651189229067256820331
1228651189229067257820331
1228651189229067357820331
1228651189219067357820331
1218651189219067357820331
1218651189219067357820330
1218651199219067357820330
1218651199219067358820330
1218651199229067358820330
1218651199229067358830330
1218652199229067358830330
1218642199229067358830330
1218642199229967358830330
1318642199229967358830330
1318643199229967358830330
1318643199229067358830330
1318643199229067358830230
1318643199329067358830230
2318643199329067358830230
2317643199329067358830230
2317643199329067358831230
2317743199329067358831230
2317743199329067358821230
2318743199329067358821230
1318743199329067358821230
1318743199319067358821230
1318743199319967358821230
1318742199319967358821230
1318741199319967358821230
1318741199419967358821230
1318741199419967348821230
1318741199419067348821230
1318741199410067348821230
1318741189410067348821230
1328741189410067348821230
1328741289410067348821230
1328741289410067348822230
1328741289410967348822230
1328741289410966348822230
1328741289410966348822220
1328741389410966348822220
1328741389410966348821220
1328741389410966348821210
1328741489410966348821210
1328741489410965348821210
1328741489400965348821210
1328741489400965348821110
1328741489400965348821111
1328741489400965248821111
1328741489400965248821011
1327741489400965248821011
1327741489400965248822011
1327741489400966248822011
1327741489410966248822011
1327751489410966248822011
1327751489410965248822011
1327751489410965248822911
1337751489410965248822911
1337750489410965248822911
1337750489410966248822911
1337750489410966248822011
1337750489410966258822011
2337750489410966258822011
2327750489410966258822011
2327750489410966158822011
2327750489420966158822011
2327750389420966158822011
2327750389520966158822011
2327750389520966157822011
2327750389520966157822911
2327750379520966157822911
2327750379520966157922911
2327750379520966157922921
1327750379520966157922921
1327750369520966157922921
1327750369620966157922921
1327750369620966257922921
1327750369620966357922921
1337750369620966357922921
1337750369621966357922921
1338750369621966357922921
1338750369611966357922921
1338750359611966357922921
1238750359611966357922921
1238750359511966357922921
1238750359511966367922921
1238750350511966367922921
1238750340511966367922921
1238750340511966366922921
1238760340511966366922921
1238760340511976366922921
1238760340511976376922921
1238760350511976376922921
1238760350511976376022921
1238760350501976376022921
1238760350501976276022921
1238760350501976276922921
1238760350501976176922921
1238760350501976176922021
1238760350501975176922021
1238760350601975176922021
1238760350601975276922021
1238760359601975276922021
1238760259601975276922021
0238760259601975276922021
0237760259601975276922021
0237760250601975276922021
0237760250601975176922021
0237760251601975176922021
0237760251601975076922021
0237760251601975076922022
0237660251601975076922022
0237660251601975976922022
0237660251601975976922021
0237660251601975976922011
0237760251601975976922011
0237760251601976976922011
0237760251601976977922011
0237770251601976977922011
0237770251601076977922011
0237770251601076877922011
0237770151601076877922011
0237770151601076878922011
0237770150601076878922011
0237770150691076878922011
0237770150691076878932011
0247770150691076878932011
1247770150691076878932011
1248770150691076878932011
1248770150691076978932011
1248770150691076978932001
1248770150691066978932001
1249770150691066978932001
1249770150691065978932001
1249770160691065978932001
1249770160591065978932001
1249770160591065988932001
1249870160591065988932001
1249870160591965988932001
1249870260591965988932001
0249870260591965988932001
0259870260591965988932001
0259870260591965998932001
0259870260591965998922001
0259870260591965998922901
0249870260591965998922901
0249970260591965998922901
0249970261591965998922901
0249980261591965998922901
0249980261590965998922901
0240980261590965998922901
0240980251590965998922901
0240980251500965998922901
0240980251500965098922901
0240980251500065098922901
0240980251500065098932901
0240980261500065098932901
0230980261500065098932901
0239980261500065098932901
0239980251500065098932901
0239980251500965098932901
0239990251500965098932901
0239990251510965098932901
0239990251510965098932911
0239090251510965098932911
0239090251510965098932811
0239090251510865098932811
0239990251510865098932811
0239980251510865098932811
0239980251510865098032811
0239980251510865198032811
0239970251510865198032811
1239970251510865198032811
1239970251510765198032811
1239070251510765198032811
1239070251510755198032811
1239070251510755198032801
1239070251510755198932801
1239070251510755198932802
1239070251510755197932802
1239070251510755197933802
1239070251510765197933802
1239070261510765197933802
1239070261510665197933802
1239070261510665197933902
1239070261510665197932902
1239170261510665197932902
1229170261510665197932902
1229170261510665107932902
1229170261510665107931902
1229170261510655107931902
1229170261510655117931902
1229170261510655117931912
1229170261511655117931912
1229170261511655217931912
1229170251511655217931912
1229170251511655217031912
1229170351511655217031912
1229170451511655217031912
1229170451511655216031912
1229170451511655216021912
1229170451511645216021912
1239170451511645216021912
1239170551511645216021912
1239170561511645216021912
2239170561511645216021912
2239170561511545216021912
2239170561511545206021912
2239170561511545206022912
2239170561511545206022012
2239170561501545206022012
2239180561501545206022012
2239180561501545206022912
2239190561501545206022912
2239190561601545206022912
2239190561601545206022012
2239190561601545306022012
2249190561601545306022012
2249190561501545306022012
2249190561501545306021012
2249199561501545306021012
2249189561501545306021012
2149189561501545306021012
2149189561501545306021013
2149188561501545306021013
2149188561501545306021014
2149188561501545306921014
2149188561401545306921014
2149188661401545306921014
2149188661401445306921014
2149188661401445306920014
2149188661401444306920014
2149188661501444306920014
2149188661501444306920914
2148188661501444306920914
2148188561501444306920914
2148288561501444306920914
2148288561501445306920914
2148288561501446306920914
2148288661501446306920914
2148288661500446306920914
2148288661500446306020914
2148288661500346306020914
2148288661500346306020904
2148388661500346306020904
2149388661500346306020904
2149388661500346306020994
1149388661500346306020994
0149388661500346306020994
0049388661500346306020994
0049388661510346306020994
0049388661410346306020994
0039388661410346306020994
0039388661410346306030994
0039388761410346306030994
0039388761410346306030995
0039488761410346306030995
0029488761410346306030995
0029488751410346306030995
0029488751410346206030995
0029488751410346206030996
0129488751410346206030996
0129488751410346206031996
0229488751410346206031996
0228488751410346206031996
0228488741410346206031996
0228488741411346206031996
0228488741411346206021996
0228488742411346206021996
0228488742411346206021906
0228498742411346206021906
0218498742411346206021906
0218498742401346206021906
0218598742401346206021906
0218508742401346206021906
0218508742401246206021906
0218518742401246206021906
0218518742401246206021996
0318518742401246206021996
0318508742401246206021996
0318508742401246206021986
1318508742401246206021986
1317508742401246206021986
1317508742401245206021986
1317508742401255206021986
1317508742301255206021986
0317508742301255206021986
0317508742301255216021986
0317598742301255216021986
0317598742301255226021986
0317598742300255226021986
0317598742300255227021986
0317588742300255227021986
0317588742300255327021986
0317588742300255317021986
0317588742300255317021976
0317588642300255317021976
0317588642300155317021976
0317588642300155316021976
0317588632300155316021976
0317588632200155316021976
0317588632201155316021976
0317588632201155316022976
0317688632201155316022976
0317688632201155316023976
0317688631201155316023976
0317688631201155326023976
0317688641201155326023976
0317688641200155326023976
1317688641200155326023976
1317688641200155426023976
2317688641200155426023976
2317688641200155426023076
2317698641200155426023076
2317698641200154426023076
2317698541200154426023076
2317698441200154426023076
2317698441200154426033076
2316698441200154426033076
2316598441200154426033076
2316598441200154426033075
2317598441200154426033075
3317598441200154426033075
3317598441200154426133075
3317598441200154426132075
3317598441200254426132075
3317598541200254426132075
3317598541200354426132075
3317597541200354426132075
3317597541200354416132075
3317597541200355416132075
3316597541200355416132075
3306597541200355416132075
3306597541200355416122075
3306598541200355416122075
3306598541200355416123075
3306598540200355416123075
3306598540200355416023075
3306498540200355416023075
3306498540300355416023075
3306498540400355416023075
3306498550400355416023075
3306498550400355416023065
3306498550400355416123065
3306498550490355416123065
3306488550490355416123065
3306488550490355416123965
3306488550490354416123965
3306488650490354416123965
3306488650491354416123965
3306488650491454416123965
3306488650491464416123965
3406488650491464416123965
3406488650491464416223965
3406488650491464406223965
3406488650491464406223955
3406498650491464406223955
3406498640491464406223955
3406408640491464406223955
3406408640490464406223955
3406408640400464406223955
3406408640400464406323955
3406408640400464406323956
3406408540400464406323956
3506408540400464406323956
3506408540400464405323956
3506408540400464405333956
3506408540400464405333957
3506408540401464405333957
3506408540401564405333957
3506408540401564405333857
3506408540401564404333857
3506408540400564404333857
3406408540400564404333857
3406408540400564404334857
3406408540400574404334857
3496408540400574404334857
4496408540400574404334857
4497408540400574404334857
4497408540490574404334857
4497408540491574404334857
4497408540491574404334757
4497408540491574405334757
4497408549491574405334757
4497408549491474405334757
4497308549491474405334757
4497308549401474405334757
4497308559401474405334757
4497308559401474405434757
4497308559401474305434757
4497308559401474305433757
4497308559401474395433757
4497308559402474395433757
4597308559402474395433757
3597308559402474395433757
3597308559402474395423757
3597308559402474295423757
3597308559402474295422757
3597308559502474295422757
3597308549502474295422757
3597308539502474295422757
3597308539501474295422757
3597308539501474295522757
3597308539501474295532757
3597308539501474285532757
3597308539501464285532757
3597308539501464286532757
3597308538501464286532757
3597308538501464286532657
3597308528501464286532657
3597308528501464276532657
3596308528501464276532657
3596308528501464276522657
3596308528501464276512657
3597308528501464276512657
3597308528501464276511657
3597308528501464276511557
3597308428501464276511557
3597307428501464276511557
3597307427501464276511557
3697307427501464276511557
4697307427501464276511557
4697307427501464276511567
4697308427501464276511567
4697318427501464276511567
4697318427501464276511577
4597318427501464276511577
4597318427501464276411577
4597318427501464176411577
4597318427501464176412577
4697318427501464176412577
4697318427511464176412577
4697318427611464176412577
4697318427611464176412578
4697318427611464176411578
4697318427611464175411578
4697318427610464175411578
5697318427610464175411578
5697318427610464174411578
5697317427610464174411578
5697317427619464174411578
5696317427619464174411578
5696316427619464174411578
5696316437619464174411578
5596316437619464174411578
5596316436619464174411578
5596216436619464174411578
5596216436619464174511578
5596216436619464164511578
5596216436619364164511578
5596216436610364164511578
5596216435610364164511578
5596216435610363164511578
5596216435610463164511578
5596216435610463164411578
5596216435610463164311578
5596217435610463164311578
5596217435610463164321578
5596217435610463164321678
5596117435610463164321678
5596117435610463174321678
5596117425610463174321678
5596117425610462174321678
5696117425610462174321678
5696118425610462174321678
5696118425610452174321678
5696118425620452174321678
6696118425620452174321678
6696118325620452174321678
6696118325620453174321678
6696118325620453175321678
6696118325620454175321678
6696118325620454165321678
6696218325620454165321678
6696218325520454165321678
6696218325520454165320678
6596218325520454165320678
6596218325520454165320778
7596218325520454165320778
7596218325520454165320788
7596218325520454265320788
7596218325521454265320788
7596218326521454265320788
7596218326521454265321788
7596218326521454265321688
7596218326521454265321698
6596218326521454265321698
6597218326521454265321698
6597218326521454255321698
6597218326621454255321698
6597218326622454255321698
5597218326622454255321698
5597218326622444255321698
5597218326622444254321698
5507218326622444254321698
5507218326622444254320698
5507217326622444254320698
5507217336622444254320698
5507217336622344254320698
5507217336622344254320699
5506217336622344254320699
5506218336622344254320699
5506218336622344253320699
5506218336622344253320698
5506218336622344263320698
5596218336622344263320698
5596218336622344262320698
5596218337622344262320698
5596218327622344262320698
5596218327622344162320698
5596218327622344163320698
5596118327622344163320698
5596118327622354163320698
5596118327622354163329698
5597118327622354163329698
5597118327622354163429698
5597118227622354163429698
5597117227622354163429698
5697117227622354163429698
5697117227622354163429798
5697117227622354162429798
5697117227722354162429798
5697117226722354162429798
5697117226722344162429798
5697107226722344162429798
5697108226722344162429798
5697108226722344162439798
5697108226722344162439708
5697108226722354162439708
5698108226722354162439708
5698108226722254162439708
5798108226722254162439708
5798108126722254162439708
5798108126722254162539708
5798108126722254162549708
5798008126722254162549708
5798008126722254162549608
5798008126722254172549608
5798008126712254172549608
5798018126712254172549608
5798018226712254172549608
5798018226712154172549608
5798018226712054172549608
5798018226712954172549608
5798018226712954172559608
5798018326712954172559608
5708018326712954172559608
5708008326712954172559608
4708008326712954172559608
4708008325712954172559608
4708008325712954172559708
4708008325713954172559708
4708008325613954172559708
4708008325613954172559709
4708008325613954272559709
4708008325513954272559709
4718008325513954272559709
4718008325503954272559709
4718008325502954272559709
4718008325502954262559709
3718008325502954262559709
3718008325502954261559709
3718008325502954261569709
3718008325502953261569709
3728008325502953261569709
3728008325502953261569719
3728108325502953261569719
3728108325502953260569719
3728108325503953260569719
3728108325503953260559719
3728108325504953260559719
3728107325504953260559719
3728107325504953260559710
3728107325504853260559710
3728107325504853250559710
3728107335504853250559710
3728107335504853250559700
3728107336504853250559700
3728107336504853250559790
3728107336504853250550790
4728107336504853250550790
4728107336504853250550791
4728107336504853251550791
4728107336604853251550791
4728107336603853251550791
4728007336603853251550791
4828007336603853251550791
4828007236603853251550791
4828007236603853241550791
4827007236603853241550791
4827007236603853141550791
4826007236603853141550791
4826006236603853141550791
4826005236603853141550791
4826005236603953141550791
4836005236603953141550791
4836105236603953141550791
4836105236603953241550791
4836105246603953241550791
3836105246603953241550791
3836105246603953141550791
3936105246603953141550791
3936105246603954141550791
3937105246603954141550791
3937105246603954140550791
3938105246603954140550791
3938105246603854140550791
3938104246603854140550791
3938104246603854040550791
3928104246603854040550791
3928103246603854040550791
3928103246603854940550791
3928103246603754940550791
3928103246693754940550791
3928103246693754940550701
3928103246693755940550701
3928104246693755940550701
3928104146693755940550701
3928104146693755940550801
3927104146693755940550801
3927104146693754940550801
3927104146692754940550801
3927104146692754940559801
3927104146692854940559801
2927104146692854940559801
2927104146692854940559802
2927104136692854940559802
2927104136692854940559902
2927104136692854940659902
2927104136692864940659902
2927104136682864940659902
2827104136682864940659902
2827104136683864940659902
2827104136683874940659902
2927104136683874940659902
2928104136683874940659902
2928104126683874940659902
2928104116683874940659902
2928104116683864940659902
2928004116683864940659902
2928004115683864940659902
2928004215683864940659902
2928004215693864940659902
2928003215693864940659902
2928003215693864940659802
2928003216693864940659802
2928003216693864940659892
2928003216692864940659892
2928003216692864940559892
2928002216692864940559892
2928002216692854940559892
2928002216691854940559892
2928002216691855940559892
2928092216691855940559892
2928093216691855940559892
2928093216791855940559892
2928993216791855940559892
2928993216791854940559892
2928993216791844940559892
3928993216791844940559892
3928993216791844940459892
3928893216791844940459892
3928883216791844940459892
3928883216791844941459892
3928883216791834941459892
3928883215791834941459892
3927883215791834941459892
3927883115791834941459892
3027883115791834941459892
3027883115691834941459892
3027882115691834941459892
3027782115691834941459892
3027782115691834941459893
3027782115691934941459893
3027782115691934941459803
3027782115591934941459803
3027782215591934941459803
3027882215591934941459803
3027882215591934941469803
3027882215591944941469803
3027882215591944941469893
3027882214591944941469893
3027882214591944941460893
3027882214591934941460893
3027882214591934041460893
3027882214591834041460893
3027882204591834041460893
3027782204591834041460893
3027682204591834041460893
3027682204691834041460893
3027682104691834041460893
3027682104691844041460893
3027682104691844041460894
3027682104691843041460894
3027682104691943041460894
3027682204691943041460894
3027682204691953041460894
3027682204691953041460893
3027681204691953041460893
3027681204691953041460883
3027681204691953041460884
3027681204691953041461884
3027691204691953041461884
3037691204691953041461884
3037591204691953041461884
3037591204691953041461894
3037591204791953041461894
3037591204701953041461894
3037591204701953031461894
3137591204701953031461894
3137691204701953031461894
3127691204701953031461894
3127791204701953031461894
3126791204701953031461894
3125791204701953031461894
3125792204701953031461894
3125792204701053031461894
3125792205701053031461894
3125792205701053021461894
4125792205701053021461894
4125792105701053021461894
4125792106701053021461894
4125792106701053021461994
4125792106701053031461994
4125792106701053032461994
4125692106701053032461994
4125692196701053032461994
4125692196701053032461904
4125692196701153032461904
4126692196701153032461904
4126692186701153032461904
4126692186701153031461904
4126692186701153031461004
4126692186701153021461004
4126692186701154021461004
4126692186701054021461004
4127692186701054021461004
4137692186701054021461004
4237692186701054021461004
4237692196701054021461004
4238692196701054021461004
4238692195701054021461004
4238692105701054021461004
4238692105701054021461104
4238692105701054021462104
4138692105701054021462104
5138692105701054021462104
5138692105711054021462104
5138692105711054020462104
5138692105711054020462105
5138592105711054020462105
5138592105711054020362105
5138592105711054020362106
5138592195711054020362106
5148592195711054020362106
5148592195711054029362106
5148592195701054029362106
5148592095701054029362106
5148592095701044029362106
5148592095701044019362106
5148592095701044019363106
5148592095791044019363106
6148592095791044019363106
6148592095792044019363106
6149592095792044019363106
6159592095792044019363106
6159502095792044019363106
6159402095792044019363106
6159402095792044018363106
6159402095791044018363106
6159402095791044008363106
6159402095791044008373106
6159402094791044008373106
6159402094791044008383106
6159402094791944008383106
6159402004791944008383106
6159302004791944008383106
6159302003791944008383106
6159302093791944008383106
6159302093791944008383006
6159302094791944008383006
6159302094791944008383005
6159302094791944908383005
6149302094791944908383005
6149302094791944908283005
6140302094791944908283005
6140302094701944908283005
5140302094701944908283005
5140302094701945908283005
5140302094701945908273005
5150302094701945908273005
5151302094701945908273005
5051302094701945908273005
5051402094701945908273005
5051402094702945908273005
5051402094702945908273905
5051402094702935908273905
5051402094702935908373905
5051402094702035908373905
5051402095702035908373905
5051492095702035908373905
5050492095702035908373905
5050492095702035909373905
5050492095702135909373905
5050492095702135909374905
5050492095702125909374905
5050492095712125909374905
5050492095712125909373905
4050492095712125909373905
4050492095712125909372905
4050492096712125909372905
4950492096712125909372905
4950392096712125909372905
4950392096712125909372005
4950392096712125909372095
4950392096712125909371095
4950392096712115909371095
4950392196712115909371095
4950392196712115909372095
4950292196712115909372095
4950292196712105909372095
4950292196702105909372095
4950292196802105909372095
4950292106802105909372095
4950292106802105908372095
4950292106802105908371095
4950292105802105908371095
4950292105802105908371085
4940292105802105908371085
4940392105802105908371085
4940392105802195908371085
4940392105802195008371085
4940392105802195008471085
4940392105802195007471085
4940392105802195007471075
4940392105802195007471065
4941392105802195007471065
4941382105802195007471065
4941282105802195007471065
4941282105802105007471065
4941282105802205007471065
4941282105802205107471065
4941282105802205107471075
4941283105802205107471075
4941283105802205107481075
4941284105802205107481075
4941284105802205107482075
4941284105802205197482075
5941284105802205197482075
5941284105802205196482075
5941284105802205196492075
5941284195802205196492075
5941284195802205196491075
5941284195802205196591075
5941284195802205196501075
5941284195802205197501075
5941284195802205197501076
5941284295802205197501076
5941285295802205197501076
5941285295802205197501066
5941285295802205297501066
5941285205802205297501066
5941285305802205297501066
5941285305802205298501066
5941284305802205298501066
5941284315802205298501066
5941284315802205299501066
5941284315802205299501067
5941284315802204299501067
5941284315802204299501057
5941284315802204299401057
5941284316802204299401057
5941284316802204299401047
5941284316892204299401047
5941284316892204289401047
5941284316892204289401057
5941284316892204289301057
5941284316892204289301157
5941284316892204279301157
5941284316892304279301157
5941284316892304269301157
6941284316892304269301157
6941284316892204269301157
6941284316892204169301157
6941284316882204169301157
6941284316882204169311157
6940284316882204169311157
6940283316882204169311157
6940283316882294169311157
6940283316882294159311157
6940283317882294159311157
6940283217882294159311157
6930283217882294159311157
6930283217882294159321157
6930383217882294159321157
6930383217882294159321156
6930383217982294159321156
7930383217982294159321156
7930383227982294159321156
7930383227982294159322156
7930383227981294159322156
7930382227981294159322156
7030382227981294159322156
7030382227981294159322256
8030382227981294159322256
8030383227981294159322256
8030383227981294159322156
8030383227981294158322156
8030383227981294258322156
8030383227971294258322156
8030383227071294258322156
8030383227071294258322155
8030383237071294258322155
8030384237071294258322155
8030384237071294258332155
8930384237071294258332155
8930384237171294258332155
8930384237171294258332055
8939384237171294258332055
8939384237171284258332055
8939484237171284258332055
8939484237171284258331055
8939484237171384258331055
8939384237171384258331055
8939384237171384258331045
8939384236171384258331045
8939384236171384258331044
8939384236171384248331044
8939384236271384248331044
8939394236271384248331044
8939393236271384248331044
8839393236271384248331044
8839393236271374248331044
8839393236271374248341044
8838393236271374248341044
8738393236271374248341044
8738393236271374248340044
8738303236271374248340044
8738303336271374248340044
8738303336271374248340144
8738303336271374248330144
8738304336271374248330144
8739304336271374248330144
8739304336271374248330044
8739304336271364248330044
8739303336271364248330044
8739403336271364248330044
8739403336281364248330044
8739403336181364248330044
8739403336181364248331044
8739402336181364248331044
8739402346181364248331044
8739402346181364248341044
8739402346181364348341044
8739402356181364348341044
8729402356181364348341044
8729402356181364338341044
8729402356181264338341044
8728402356181264338341044
8728402356181264339341044
8728402356180264339341044
8728402356180254339341044
8728402356180254339341944
8728402356180354339341944
8728402356180354439341944
8728402356180354439341044
8728402356180344439341044
8728402366180344439341044
8628402366180344439341044
8628402366180345439341044
8628402366180345439441044
8618402366180345439441044
8608402366180345439441044
8608402366180445439441044
8608402366180445439440044
8608402366280445439440044
8607402366280445439440044
8607402366280445339440044
8607402366280445339440034
8607402366380445339440034
8607402366380445339440033
8607402366380345339440033
8607402366380345349440033
8607402366389345349440033
8607402366389346349440033
8607402367389346349440033
8607402367389346349440023
8607402377389346349440023
8607402376389346349440023
8608402376389346349440023
8608402376389246349440023
8608402376389246349440123
8608402386389246349440123
8608412386389246349440123
8608412386389246349340123
8608412386389246349341123
7608412386389246349341123
7608413386389246349341123
7608413386389246349341122
7508413386389246349341122
7508413386389346349341122
7508413386389346349331122
7508412386389346349331122
7508412386389346349331222
7508412386389346349330222
7508412385389346349330222
7408412385389346349330222
7408422385389346349330222
7408422385389346349330122
7408422385389346349340122
7408422385389346349240122
7408422385389346339240122
7408422385389346339249122
7408422385389346339249123
7408422385379346339249123
7408422385379346349249123
7408422375379346349249123
7408422275379346349249123
7408422265379346349249123
7408422265379345349249123
7408432265379345349249123
7408432265389345349249123
7308432265389345349249123
7308431265389345349249123
7308441265389345349249123
7308441265289345349249123
7318441265289345349249123
7318441265289345349149123
7328441265289345349149123
7328441265289345449149123
7328441265289344449149123
7338441265289344449149123
7338441265289344449149223
7338441165289344449149223
7337441165289344449149223
7337441165289343449149223
7337441165299343449149223
7337441165299343449139223
7337441165299243449139223
7337441165299243449138223
7337441165299243449238223
7337341165299243449238223
7337341165209243449238223
7337331165209243449238223
7336331165209243449238223
7336331165209243349238223
7336331165209233349238223
7336331165109233349238223
7336331165109234349238223
7336331165109234359238223
7336431165109234359238223
7336432165109234359238223
8336432165109234359238223
8436432165109234359238223
8436432165109234359228223
8436432165109134359228223
8446432165109134359228223
8446432165100134359228223
8346432165100134359228223
8346432165100144359228223
8347432165100144359228223
8347432165100144359228233
8347432165190144359228233
8347432165190144350228233
8346432165190144350228233
8346432165190144350238233
8346432165190144350238333
8346432165190144359238333
8346432165190144259238333
8336432165190144259238333
8336432265190144259238333
8336432255190144259238333
8336432255190145259238333
8336432245190145259238333
8336432245190145259338333
8336432245190145259338233
8336532245190145259338233
8336532235190145259338233
8336532235090145259338233
8336532235090245259338233
8336532235090245259338223
8346532235090245259338223
8246532235090245259338223
8246542235090245259338223
8246542235090245259338222
8246542235099245259338222
8246542235099245269338222
8246542235099145269338222
8246542235098145269338222
8256542235098145269338222
8256541235098145269338222
8256541235098145269328222
8256541235098145269327222
8256541235098145269327212
8256541235098145269327202
8256541235098155269327202
8256641235098155269327202
8256641135098155269327202
8256641135098155269327212
8255641135098155269327212
8254641135098155269327212
8254641135198155269327212
7254641135198155269327212
7254641135108155269327212
7244641135108155269327212
7244641135108155269327222
7244641135108155269227222
7244641135108055269227222
7244641135108055279227222
7254641135108055279227222
6254641135108055279227222
6254641135108055279227232
6254641135108054279227232
6254641135008054279227232
6254641135008054279327232
5254641135008054279327232
5254641135008954279327232
5253641135008954279327232
5253641135108954279327232
5263641135108954279327232
5263651135108954279327232
5263651135108954270327232
5263651125108954270327232
5263651125108954270227232
5263651126108954270227232
5263651126108954370227232
5263651116108954370227232
5263551116108954370227232
5263551116108954370327232
5163551116108954370327232
5163551116108954360327232
5163551126108954360327232
5163551126108955360327232
5173551126108955360327232
5173551126198955360327232
5173551126298955360327232
5173551126299955360327232
5173551126299954360327232
5173541126299954360327232
5173541126299954360328232
5173541126399954360328232
5173541126399054360328232
5173541126399054360428232
5173541126399054460428232
5273541126399054460428232
5273541126399154460428232
5273541126309154460428232
5274541126309154460428232
5274541226309154460428232
5274551226309154460428232
5274551226209154460428232
5274551226209164460428232
5274551226209164460328232
5274551226209164460328132
5274551126209164460328132
5274552126209164460328132
5274552126209164460318132
5274552126209163460318132
5274552126209153460318132
5274552126209053460318132
5274552026209053460318132
5274552926209053460318132
5274552926209053460308132
5374552926209053460308132
5374552926209052460308132
5374552926299052460308132
5374552925299052460308132
5374552925199052460308132
5374652925199052460308132
5374652925199051460308132
5374652925199051460308122
5374652925199051460308121
5374662925199051460308121
5374762925199051460308121
5374762925198051460308121
5374762925198051461308121
5374762925108051461308121
5374763925108051461308121
5374763925108061461308121
5374763925108071461308121
5374763925198071461308121
5374763935198071461308121
5374763935198071461408121
5374763935188071461408121
5374764935188071461408121
5374764945188071461408121
5374764945188071461308121
5374764945188071361308121
5374764945189071361308121
5374764945289071361308121
5384764945289071361308121
5384764945289072361308121
5384764945288072361308121
5384764945288072361308021
5384764945288072461308021
5384764945288082461308021
4384764945288082461308021
4384764945288082461398021
4384765945288082461398021
4384765945288082461398020
4394765945288082461398020
4394765945288082361398020
4394765946288082361398020
4394765946288082351398020
4494765946288082351398020
4494765946288082351388020
4494765946388082351388020
4494765846388082351388020
4494765856388082351388020
4494764856388082351388020
4494864856388082351388020
4494864856388082351288020
4494864856388082351298020
4494864856388081351298020
4494964856388081351298020
4494964856388081350298020
4494964856388081340298020
4494964856388081340298029
4494964846388081340298029
4494964846388081340288029
4404964846388081340288029
4403964846388081340288029
4403964846388080340288029
4403964846389080340288029
4503964846389080340288029
4503964846389070340288029
4503964845389070340288029
4503954845389070340288029
4503954845389070330288029
4503954845389070331288029
4502954845389070331288029
4502954845380070331288029
4502954845280070331288029
4503954845280070331288029
4503954846280070331288029
4503954846280070331388029
4503954846280170331388029
4503954846280170331388129
4503954846280170331398129
4503954846280170331397129
4503954846289170331397129
3503954846289170331397129
3503954846289170341397129
3503955846289170341397129
3503955846289170341397128
3503955846289170341397118
3503955846289170341396118
3503955846289171341396118
3503955846280171341396118
3503945846280171341396118
3503945847280171341396118
3503945847280171342396118
3503945847280171342296118
3503945847280171342297118
3503945837280171342297118
3503945837280171342297119
3503945837280271342297119
3593945837280271342297119
3593945837280371342297119
3593945837280371342297110
3583945837280371342297110
3583945837280371342297120
3583945737280371342297120
3583945737280371342297020
3583945737280371342297029
3583945737280471342297029
3582945737280471342297029
3582945737280471342296029
3582945737280471342296039
3582945737280471343296039
3582945737280472343296039
3582945737280472343396039
3582945737280372343396039
3582945737280372343396030
3582945737280372343396930
3582945737180372343396930
3592945737180372343396930
3592945737180372353396930
3591945737180372353396930
3591945738180372353396930
3591045738180372353396930
3591045738180372353396030
3591045728180372353396030
3581045728180372353396030
3581045728180372353396040
3581045728180372352396040
3580045728180372352396040
3580045728180372452396040
3580046728180372452396040
3580046728180372442396040
3580046728180372442395040
3580046728180372442395940
3580046728180372442395950
3580045728180372442395950
3570045728180372442395950
3570045728180372452395950
3570045728170372452395950
3570045728270372452395950
3570045628270372452395950
3570045628270372452395050
3570045628270372452295050
3570045628270372452295059
3570045618270372452295059
3570045618270472452295059
3579045618270472452295059
3679045618270472452295059
3679045618270473452295059
3679045618270473452285059
3679045618270473452284059
3679045718270473452284059
3689045718270473452284059
3689045718260473452284059
3689045717260473452284059
3689055717260473452284059
3689155717260473452284059
3689155717260473451284059
3689155717260474451284059
3689145717260474451284059
3689145717269474451284059
3689145717269484451284059
3689145717279484451284059
3689145717179484451284059
3689145717170484451284059
3689145717170484451284050
3689145707170484451284050
3689145707170484451384050
3689145707070484451384050
3689145707070484452384050
3680145707070484452384050
3680045707070484452384050
3680045707070484452374050
3680045797070484452374050
3689045797070484452374050
3689046797070484452374050
3689046797070485452374050
3689046797070485452373050
3689046798070485452373050
3689046799070485452373050
3689045799070485452373050
3689044799070485452373050
3688044799070485452373050
3688044799071485452373050
3678044799071485452373050
3678044799071485442373050
3678044789071485442373050
3678044789071485442383050
3578044789071485442383050
3578044789071485442393050
3578044789071585442393050
3578044789071585342393050
2578044789071585342393050
2578044789071585341393050
2578944789071585341393050
2578944789071586341393050
2578944789061586341393050
2578944788061586341393050
2578844788061586341393050
2578844788061576341393050
2578844788061576341393060
2578844788061676341393060
2578844788061676341383060
2578844788061666341383060
2578844788061667341383060
2578844788061667341383061
2578844788061667340383061
2578844788061667340382061
2578844788061667340392061
2578844788061667340392060
2578844788061668340392060
2578844788061668340292060
2578844788061668240292060
2578844788061658240292060
1578844788061658240292060
1578844788061658240293060
1578844788062658240293060
1578844788052658240293060
1678844788052658240293060
1678844788052658140293060
1678844789052658140293060
1678844799052658140293060
1679844799052658140293060
1579844799052658140293060
1579845799052658140293060
1579845790052658140293060
1579845790052658140393060
1579845790052658140393960
1579845790952658140393960
1579835790952658140393960
1579825790952658140393960
1579825790962658140393960
1579825790962658140394960
1579825700962658140394960
1570825700962658140394960
1580825700962658140394960
1480825700962658140394960
1480825700962658140494960
1480825800962658140494960
1480825809962658140494960
1480825809062658140494960
0480825809062658140494960
0480825809062658149494960
0480825809062657149494960
0480825809062647149494960
0480825808062647149494960
0480825808062637149494960
0480825808062637149594960
0480826808062637149594960
0480826807062637149594960
0480826807062637149594060
0480826807062636149594060
0480826807063636149594060
0480826807063636149595060
0480826807063636149595061
0480826897063636149595061
0480826887063636149595061
0480826887062636149595061
0480826887062636249595061
0480826887062736249595061
0480826887062736259595061
0480826887062736159595061
0480826887062746159595061
0480826887062746059595061
0480726887062746059595061
0480726887063746059595061
0480726887063746059595161
9480726887063746059595161
9480726887963746059595161
9480726887953746059595161
9480726887953746049595161
9470726887953746049595161
9470726887953746049594161
9470725887953746049594161
9470735887953746049594161
9470735887953746049584161
9470735887953746049584162
9470735887954746049584162
9470745887954746049584162
9470745887954746049583162
9470755887954746049583162
9470755887954646049583162
9470765887954646049583162
9570765887954646049583162
9570765887954647049583162
9570765887955647049583162
9570765987955647049583162
9570765987955647949583162
9570765987955637949583162
9571765987955637949583162
9571765987955637949582162
9571766987955637949582162
9571766087955637949582162
9571766087055637949582162
9571766087055637949482162
9571766087055637049482162
9571766087055637049482163
9571766087055637149482163
9581766087055637149482163
9581766087055537149482163
9581767087055537149482163
9581767087055536149482163
9581767087055546149482163
9581767087054546149482163
9681767087054546149482163
9681767987054546149482163
9681767987954546149482163
9681767987954546149482063
9681767987954546140482063
9681768987954546140482063
9681768987954546040482063
9681768987954545040482063
9681768987954545050482063
9681768987954545050482163
9681768987954545050582163
9681768987954545050592163
9681768987954545050592173
9681768987954545050592073
9681768987954545050591073
9671768987954545050591073
9671768988954545050591073
9671768988944545050591073
9671768988944545150591073
9671768988944545151591073
9671768988943545151591073
9671768988943535151591073
0671768988943535151591073
0681768988943535151591073
0680768988943535151591073
0680768988943535141591073
0680769988943535141591073
0680769998943535141591073
0680769998943635141591073
0780769998943635141591073
0780769998943635141501073
0780769998943645141501073
0780769998943645141601073
1780769998943645141601073
1780768998943645141601073
1780768998943645151601073
1780768998953645151601073
1780768998953645151601063
1789768998953645151601063
1789768998953645141601063
1789768998953545141601063
1789768998943545141601063
1789767998943545141601063
0789767998943545141601063
0789767998933545141601063
0789767998933545141601963
0789867998933545141601963
0789867988933545141601963
0789867988933545131601963
0689867988933545131601963
0689867988933545231601963
0689867989933545231601963
0688867989933545231601963
0688867989933545231600963
0688867989933544231600963
0688867999933544231600963
0688867999933534231600963
0688867999934534231600963
0688867999934534231690963
0688867999034534231690963
0688867999034524231690963
0688867999034524230690963
0688867999034525230690963
0688857999034525230690963
0688857999034525230690863
0688857909034525230690863
0688857909034525230691863
1688857909034525230691863
1688857909034525240691863
1788857909034525240691863
1788857909034525240691862
1788857999034525240691862
1788857999034525240691762
1788857999034525240691763
1788857999134525240691763
1788857999134525240690763
1788857999134525240690753
1788857999134525240699753
1788857999133525240699753
1788757999133525240699753
1688757999133525240699753
1678757999133525240699753
1678757999132525240699753
1678757999132525340699753
1679757999132525340699753
1579757999132525340699753
1579757999132525340699763
1579757999132515340699763
1579757999132515440699763
1579757999032515440699763
1579657999032515440699763
1579657909032515440699763
1579657909031515440699763
1589657909031515440699763
1589657909031515440599763
1589657909031515440590763
1580657909031515440590763
1580657909032515440590763
1581657909032515440590763
1581657909032515540590763
1581557909032515540590763
1581557909032515540590753
1581557009032515540590753
1581557009032515540690753
1581557009032516540690753
1581557009042516540690753
1581557009042506540690753
1581557099042506540690753
0581557099042506540690753
0581557090042506540690753
0581557090042506540690754
0581557090043506540690754
0581557090043506540690755
0581557090043406540690755
0581557090043406540690855
0581557090043496540690855
9581557090043496540690855
9581557000043496540690855
9581556000043496540690855
9581656000043496540690855
9581656000043496530690855
9581656000043496530600855
9581656000143496530600855
9581656000153496530600855
9681656000153496530600855
9681646000153496530600855
9681646000153496530600865
9681646000253496530600865
9681636000253496530600865
8681636000253496530600865
8671636000253496530600865
8671636000253496530690865
8671636000253486530690865
8671636000253476530690865
8671636000253576530690865
8671636000263576530690865
8771636000263576530690865
8771636000263576530590865
8771636000263676530590865
8771636000263776530590865
8771636000263776530590965
8771636000263776540590965
8771636000262776540590965
8771636000162776540590965
8761636000162776540590965
8761636000162776549590965
8761636000162777549590965
8761636000162777549599965
8761636900162777549599965
8761636900162777539599965
8761636900162778539599965
8761636900162778539599955
9761636900162778539599955
9761636900262778539599955
9761636900262778539509955
9761636900262778539508955
9761636900262778539508055
9761636900262768539508055
9761636900262768549508055
9761636900162768549508055
9761636800162768549508055
9761636700162768549508055
0761636700162768549508055
0762636700162768549508055
0762636700162768549408055
0762636700162768549418055
0762636700152768549418055
0763636700152768549418055
0753636700152768549418055
0753636709152768549418055
0753636709252768549418055
0753636709252768549418155
0753636709252768549318155
0753636709252768449318155
0753636709252768449318156
9753636709252768449318156
9753636809252768449318156
9753636809252768440318156
9753636809253768440318156
9753636809253769440318156
9753636709253769440318156
9753636709253769449318156
9753636700253769449318156
9753636710253769449318156
9753636710252769449318156
9743636710252769449318156
9743636710252769549318156
9743635710252769549318156
9743635710251769549318156
9743635710251768549318156
9743635710251768549317156
9744635710251768549317156
9744635710251768549317166
9745635710251768549317166
9745635710251768559317166
9745635710251778559317166
9755635710251778559317166
9755635710251778559317266
9755635700251778559317266
9755635700251778559316266
9755634700251778559316266
9755634701251778559316266
9755633701251778559316266
9755633801251778559316266
9755633801251778559216266
8755633801251778559216266
8755633802251778559216266
8755633803251778559216266
8755733803251778559216266
8655733803251778559216266
7655733803251778559216266
6655733803251778559216266
6655733803251778549216266
6655733803251778549116266
6655733803251778549116256
6655733803251778449116256
6655733803251778449116246
6655733893251778449116246
6655743893251778449116246
6655743893251778459116246
6655743893251778359116246
6655744893251778359116246
6655744893252778359116246
6655744893242778359116246
6655744893242678359116246
6655744893242668359116246
6655744893252668359116246
6655744893352668359116246
6655744893352668359116236
6655734893352668359116236
6655734893352668369116236
6655734893352668369116246
6655734893352668369115246
6655734893352667369115246
6655734893352667369125246
6655734893352567369125246
6654734893352567369125246
6654634893352567369125246
7654634893352567369125246
7654634893352467369125246
7654634893252467369125246
7654634893252467379125246
7654634893252467389125246
7654634893252467389135246
7654624893252467389135246
7654624893253467389135246
7754624893253467389135246
7754624893253367389135246
7754524893253367389135246
7754524893253367388135246
7754524893253366388135246
7754524893253366488135246
7754524883253366488135246
7754524883253366488135247
7754524883253366498135247
7754524883254366498135247
7754524883254366498135147
7754524893254366498135147
7754524893254366498145147
7754524893255366498145147
7754524893255366498145247
7754525893255366498145247
7754525893255367498145247
7754525893256367498145247
7754525893266367498145247
7754524893266367498145247
7754524893266367498145237
7754524893266367498145337
7754524893266367498245337
7754524893267367498245337
7754524893267367498245237
7754524893267367498245236
7754524893268367498245236
7654524893268367498245236
7654524894268367498245236
7654524894168367498245236
7654524794168367498245236
7654524694168367498245236
7654524694168367498245336
7654534694168367498245336
7654534694168368498245336
7654534694168368498255336
7654535694168368498255336
8654535694168368498255336
8654535693168368498255336
8654535693168368498255335
8654535693168368499255335
8654535693158368499255335
8654535693158368499255325
8654535693158368499255326
8654535693158368599255326
8654535693158369599255326
8654535693158369599255327
8653535693158369599255327
8653535693157369599255327
8753535693157369599255327
8753535593157369599255327
8753535593157359599255327
8753535593157359599255227
8743535593157359599255227
8743535593157350599255227
8743535593157350599355227
8743535594157350599355227
8743535594157250599355227
8743435594157250599355227
8743435594157250599355226
8743435594157250599355225
8743445594157250599355225
8742445594157250599355225
8742445594157250598355225
8742445594157259598355225
8741445594157259598355225
8741445594157259598355215
8741445594167259598355215
8741445594167259598355216
8741445594167359598355216
8741445584167359598355216
8741445585167359598355216
8741445585167349598355216
8741445585167449598355216
8741445585167449598356216
8741445585167449598256216
8741445585167449598266216
8741445585167449598266116
8742445585167449598266116
8742445585167549598266116
8742445585167549598266016
8742445585166549598266016
8742445585166549599266016
8742445585166449599266016
8742445585166439599266016
8742445585166439599256016
8742445685166439599256016
7742445685166439599256016
7742445685166439509256016
7742345685166439509256016
7742345685176439509256016
7742345685176539509256016
7742345695176539509256016
7742345695177539509256016
7742345695177539509256006
7742345695177539509156006
7742345695187539509156006
7743345695187539509156006
7743346695187539509156006
7733346695187539509156006
7733346695187549509156006
7733346695187549509156016
7733346695187549508156016
7732346695187549508156016
7732346695187549508156017
7732346695197549508156017
7742346695197549508156017
7742346695197549508256017
7742346595197549508256017
8742346595197549508256017
8743346595197549508256017
8743346595297549508256017
8743346595297449508256017
8743446595297449508256017
8743446595297449508266017
8743446595297449508166017
8743446595297449508167017
8743446595297449508067017
8743446595297449508967017
8743446594297449508967017
8743446594297449508967016
8743446594297448508967016
8743446594197448508967016
8743446594197447508967016
8743446594197447508067016
8743446594297447508067016
8743446594297447508077016
8733446594297447508077016
8733445594297447508077016
8733445594297447508077015
8733445594197447508077015
8733455594197447508077015
8733455594197446508077015
8733455594197446508077025
8733555594197446508077025
8733555594197446508087025
8733555594197446508987025
8733555594197446508987035
8733555594197346508987035
8733555594197345508987035
8733555594196345508987035
8733555594196345508977035
8733555594296345508977035
8733555594296345508977036
8733555594296355508977036
8733555594296355608977036
8733555584296355608977036
8733555584206355608977036
8733555584206355618977036
8733555584206356618977036
8733555584206356618977936
8733555584206356618976936
8733555584106356618976936
8733555584106356618986936
8733555584106346618986936
8743555584106346618986936
8643555584106346618986936
8643555584106346618086936
8643556584106346618086936
8633556584106346618086936
8634556584106346618086936
8634556584107346618086936
8634456584107346618086936
8634456584107346618986936
8634456584107346608986936
8634456584107346708986936
8634457584107346708986936
8734457584107346708986936
8734457584107346708986937
8734457584107346708086937
8734457584007346708086937
8734457583007346708086937
8734457683007346708086937
8734457673007346708086937
8734457673017346708086937
8734457673017346708186937
8744457673017346708186937
8744457673017346708176937
8744456673017346708176937
8744456673017346708076937
8754456673017346708076937
8754456673017336708076937
8754446673017336708076937
8764446673017336708076937
8764446673017336708076837
8764446673017336708076838
8764446673016336708076838
8664446673016336708076838
8664446673116336708076838
8664446673106336708076838
8664446673196336708076838
8664446673196436708076838
8664456673196436708076838
8664456673196436708075838
8663456673196436708075838
8663456673196436708075828
8663456673196436709075828
8663456673196436709075728
8663456673196436809075728
8663456673196436809075729
8663466673196436809075729
8663466673186436809075729
8663466573186436809075729
8663466573186436809075719
8663456573186436809075719
8663356573186436809075719
8563356573186436809075719
8563356573186436809075709
8563356573186436819075709
8563356573186336819075709
8564356573186336819075709
8564356573186336919075709
8564356573186336919175709
8564356573086336919175709
8564356573086336919165709
8564356573086336919164709
8564456573086336919164709
8564457573086336919164709
8564447573086336919164709
8564447573086335919164709
8564447573086435919164709
8554447573086435919164709
8554447573086435019164709
8554447573086435019164799
8654447573086435019164799
8654447573086435019264799
8654447573086425019264799
8653447573086425019264799
8653457573086425019264799
8653457573086425019364799
8653457573986425019364799
8653457573986425029364799
8653457573986425029464799
8654457573986425029464799
8654457573986525029464799
8655457573986525029464799
8655357573986525029464799
8655357573986526029464799
8655357573986526029464790
8655457573986526029464790
8555457573986526029464790
8555457574986526029464790
8555457574886526029464790
8555457574886526029464791
8555457574886526020464791
8555457574886526020364791
8555457574886526021364791
8555457574886527021364791
8555457574886427021364791
8555457574886427021364691
8555457574886327021364691
8555457574886327021364692
7555457574886327021364692
7555457574886327031364692
7555457574886327031364592
7565457574886327031364592
8565457574886327031364592
8565458574886327031364592
8565458574886317031364592
8555458574886317031364592
8555358574886317031364592
8655358574886317031364592
8654358574886317031364592
8654358584886317031364592
8654258584886317031364592
8654258584886317031365592
8654258484886317031365592
8654258484886317031375592
8654268484886317031375592
8654268484886317031375591
8654268484986317031375591
8654268484986316031375591
8654268484986316031375501
8654268484987316031375501
8654268484987216031375501
8654268485987216031375501
8655268485987216031375501
8655268485987216031376501
8665268485987216031376501
8665268485987216031376511
8665268485987216031376611
8665268485887216031376611
8565268485887216031376611
8566268485887216031376611
8566268485887216031376711
8566268485787216031376711
8566268485787216031376701
8666268485787216031376701
8666268484787216031376701
8666268484787216031376702
8666268484787216041376702
8666268484787216041276702
8667268484787216041276702
8667268484787216041266702
8667268484787216941266702
8667268485787216941266702
8667268485787216941266802
8667268485787216931266802
8667268585787216931266802
8767268585787216931266802
8767268585787216931266812
8767268575787216931266812
8767168575787216931266812
8867168575787216931266812
8867168575787216931266813
8867168475787216931266813
8867168475787216931266913
8877168475787216931266913
8877168475787116931266913
8877168475787116931166913
8877168475787116931166914
8877168475787116931166915
8876168475787116931166915
8876168475687116931166915
8876168475687126931166915
8876168475687126931156915
8876168475687126931156925
8876168475687136931156925
8876168475687136921156925
8876168485687136921156925
8776168485687136921156925
8775168485687136921156925
8775178485687136921156925
8775178485687137921156925
8775178495687137921156925
8675178495687137921156925
8675178395687137921156925
8675178394687137921156925
8675178394687137921156025
8675178394687137921156026
8675178394687127921156026
8675178394687127921146026
8675178394687127921146036
8675178394687127921146037
8675178394688127921146037
8675178394688127021146037
8675178394688127022146037
8675178393688127022146037
8675178393688127022147037
8675178393689127022147037
8675188393689127022147037
8775188393689127022147037
8775188393689127023147037
8775188393688127023147037
8775188393698127023147037
8775188393698127023146037
8775288393698127023146037
8875288393698127023146037
8875288393698128023146037
8975288393698128023146037
8975288393699128023146037
8975288393690128023146037
8975188393690128023146037
8975188393690128013146037
8975188393690128013146038
8075188393690128013146038
8075188393690128013146138
8075188393690128013146137
8075088393690128013146137
8075087393690128013146137
8075087393680128013146137
8074087393680128013146137
8074087393680128013146127
8074087393680128013046127
8074087393680138013046127
8074187393680138013046127
8074287393680138013046127
8074287393680038013046127
8074287393680038013946127
8074287383680038013946127
8074287383680038013936127
8074287383680038012936127
7074287383680038012936127
7074287383689038012936127
7074287383689038012936227
7074287383688038012936227
7074287383688038912936227
7075287383688038912936227
7075297383688038912936227
7075297383688038012936227
7075296383688038012936227
7075296383678038012936227
7075296383678038013936227
7075296383678048013936227
7075296383678048013036227
7075296383678048013035227
7074296383678048013035227
7074295383678048013035227
7074295383678038013035227
7074295383678037013035227
7074295383678037012035227
7074296383678037012035227
7074296373678037012035227
7074296373678027012035227
7074296373678027022035227
7074296373678027022045227
7074296373678127022045227
7074296373678126022045227
7074296373678226022045227
7074296373678226022045226
7074296373678226022044226
7074196373678226022044226
7074196373678226022044225
7074196373678226022044125
7074186373678226022044125
7074186373678225022044125
7074186373678225022044115
7074186373678225022054115
7074186373678325022054115
7074086373678325022054115
7074086373678325122054115
7074086373679325122054115
7074986373679325122054115
7074986373779325122054115
7074987373779325122054115
7074988373779325122054115
7074989373779325122054115
7074989373770325122054115
7074989373770326122054115
7074989373670326122054115
7074989373670326121054115
7074989373670336121054115
7074989373670336121154115
7074989373670336121154125
7174989373670336121154125
7174989373679336121154125
7174989373679336121144125
7174989373679336111144125
7174989373678336111144125
7174989372678336111144125
7174989372678336111044125
7174989372678336111034125
7174989272678336111034125
7174989272678336111034126
7174979272678336111034126
7174979272678337111034126
7174979262678337111034126
7174979262678337110034126
7164979262678337110034126
7164979272678337110034126
7164979272668337110034126
7164979272668337110034127
7164979272668337111034127
7164979272668337111033127
7164970272668337111033127
7164970272668337110033127
7164970272668337110033027
7164970272668337110033028
7164970262668337110033028
7164970262668337110033018
7163970262668337110033018
7163970262668337110034018
7163970262668337110934018
7163970252668337110934018
7163970252668337210934018
7163970252668337210934017
7163970252668327210934017
7163970252668327211934017
7164970252668327211934017
7164970252668327211934117
7164970252668327211934118
7164970252668427211934118
7164971252668427211934118
7164971252668427212934118
7164971252668427212934117
7164971252668427212944117
7164971352668427212944117
7164971352669427212944117
7164971452669427212944117
7164871452669427212944117
7164871452669427222944117
7264871452669427222944117
7264871452669427222934117
7264871452669427222934017
7264871552669427222934017
7254871552669427222934017
7254871552669427222935017
7254871652669427222935017
7254870652669427222935017
7254870652669427212935017
7254970652669427212935017
7254970652669527212935017
7254970642669527212935017
7254970642669527212935007
7254971642669527212935007
7254971642669526212935007
7254971642668526212935007
7254971642668526213935007
7254971642678526213935007
7255971642678526213935007
7255971642678626213935007
7255971642678626213936007
7255971642677626213936007
7265971642677626213936007
7265971642577626213936007
7265971642477626213936007
7265971642487626213936007
6265971642487626213936007
6265971642487626213935007
6265971642487526213935007
7265971642487526213935007
7255971642487526213935007
7255971742487526213935007
7254971742487526213935007
7254971742477526213935007
7254971742477526213925007
7254971742477526213925017
7254972742477526213925017
7254972742476526213925017
7254972742476526213924017
7254962742476526213924017
7254962742476526223924017
7254962742476526223024017
7254962743476526223024017
7254952743476526223024017
7254952743476526323024017
7254953743476526323024017
7254953743476626323024017
7254053743476626323024017
7254053743376626323024017
7254053743376626323124017
7254053743377626323124017
7254054743377626323124017
7254054743377626323024017
7254054743377626323024016
7254154743377626323024016
7354154743377626323024016
7354154743377626323023016
7354154743377626333023016
7454154743377626333023016
7454154643377626333023016
7454154543377626333023016
7454154543377626333023006
7454154542377626333023006
7454154542376626333023006
7454154542376626333013006
7455154542376626333013006
7455144542376626333013006
7455144542376726333013006
7455144542375726333013006
7555144542375726333013006
7555144542385726333013006
7555044542385726333013006
7555044542385826333013006
7555044542385826333013106
7555044542385825333013106
7555044542395825333013106
7555044542395825333013107
7555044542395825333013207
7555044542395825333013217
7555144542395825333013217
7555144642395825333013217
7555144642395825323013217
7555144642395825223013217
7555144642395825223013117
7555144642395825233013117
7555044642395825233013117
7555044643395825233013117
7555044743395825233013117
7555044753395825233013117
6555044753395825233013117
6555144753395825233013117
6555144753395825233014117
7555144753395825233014117
7555144753395825233015117
7555244753395825233015117
7555244753395815233015117
7555244763395815233015117
7555244763395815233005117
7555244763395815233005217
7555244763395815233005227
7555244773395815233005227
7555244773395816233005227
7555244773396816233005227
7555244773396816233005226
7555244773396816133005226
7555244773397816133005226
7555244773397816133006226
7555244673397816133006226
7555234673397816133006226
7555234673396816133006226
7555234673396816133005226
7555234673396816133004226
7555234673496816133004226
6555234673496816133004226
6555234672496816133004226
6555234672486816133004226
6555234672486816133004227
6555234672486817133004227
6555234682486817133004227
6545234682486817133004227
6545234682486817133904227
6545234682486817143904227
6545234692486817143904227
6445234692486817143904227
6445234692486817143905227
6445234692486817153905227
6445234692486817152905227
6445234692486817152906227
6445234692486817152906237
6445234693486817152906237
6445234603486817152906237
6445234603486817152006237
6445234603486917152006237
6445234603486917152006137
6445234603586917152006137
6435234603586917152006137
6435234503586917152006137
6435234503586917052006137
6435234503586917052106137
6435244503586917052106137
6435244504586917052106137
6435244504686917052106137
6435244504686917052107137
6435244604686917052107137
6435244605686917052107137
6435244605685917052107137
6435244605685917062107137
6435244605585917062107137
6435244605585917072107137
6435244605586917072107137
6435244505586917072107137
6435244505586917072207137
6435244505586817072207137
6435234505586817072207137
6435224505586817072207137
6435224505586817072297137
6435224505586817072397137
6435224505586917072397137
6435224505586917072397136
6435224506586917072397136
6335224506586917072397136
6336224506586917072397136
6336224506586917071397136
6336224506586917071397236
6336224506586917171397236
6336224506587917171397236
6336224506587917171307236
6336224506687917171307236
6336224505687917171307236
6336224505687917171317236
7336224505687917171317236
7336224505687917170317236
7336224505687917170316236
8336224505687917170316236
8336224505687917070316236
9336224505687917070316236
9336224505687917070316336
9336224505687917071316336
9336224505687917081316336
9336224605687917081316336
9336224605687917082316336
9336224606687917082316336
8336224606687917082316336
8336224606687917082316326
8336224606687917081316326
8336224606687917081315326
8326224606687917081315326
8326225606687917081315326
8326225606687917081315327
8326225606688917081315327
8325225606688917081315327
8315225606688917081315327
8315225606688916081315327
8315225606688916081215327
7315225606688916081215327
6315225606688916081215327
6315225606678916081215327
6315225706678916081215327
6314225706678916081215327
6214225706678916081215327
6214225706678916081115327
6215225706678916081115327
6215225706578916081115327
6215225706578916081115337
6215225706578906081115337
6215225706568906081115337
6215225706568906081125337
6215226706568906081125337
6205226706568906081125337
6105226706568906081125337
6105226706568906081135337
6105226706568906082135337
6105226706568906082135338
6105226706568906082035338
6105226706568906082035348
6105226706568906083035348
6105226706468906083035348
6105226716468906083035348
6195226716468906083035348
6196226716468906083035348
6196226716468916083035348
6196225716468916083035348
6196225716468916183035348
6096225716468916183035348
6096225716467916183035348
6096225716467916183036348
6096225716467816183036348
6096225716467816183036448
6096225716467816183037448
6097225716467816183037448
6097225716457816183037448
6097225716457816183037449
6097225715457816183037449
6097225715457817183037449
6097225715457827183037449
6097225715457827183937449
6096225715457827183937449
6096225715357827183937449
6096225715357827193937449
6096225715358827193937449
6096235715358827193937449
6096235715358827192937449
6096235715358828192937449
6096235715458828192937449
6096235715458828192937439
6096235715458828191937439
6096235715458828181937439
6097235715458828181937439
6097235715458828181937539
6097235715458829181937539
6096235715458829181937539
6096235815458829181937539
6096235815458829171937539
5096235815458829171937539
5096235815448829171937539
5097235815448829171937539
5097235815448829161937539
5097225815448829161937539
5097225815448829161037539
5097225814448829161037539
5097225814448929161037539
5097225814448929161047539
5097225815448929161047539
5097225815448929161047530
5097225815448929061047530
5097225815448929051047530
5097225815448929051037530
5997225815448929051037530
5907225815448929051037530
5907225915448929051037530
5907225915448929051037520
5907125915448929051037520
5907125915448929051037510
5907125915548929051037510
5907125915548929051137510
5907125915548929951137510
5907225915548929951137510
5908225915548929951137510
5008225915548929951137510
5008225915558929951137510
5008225915558929951037510
5008225915558929951037519
5007225915558929951037519
5007225915558929951037419
5007225915558929951037429
5097225915558929951037429
6097225915558929951037429
6087225915558929951037429
6987225915558929951037429
6987225915559929951037429
6987125915559929951037429
6986125915559929951037429
6986135915559929951037429
7986135915559929951037429
7986135915559929951027429
7986135915559928951027429
7986135905559928951027429
7886135905559928951027429
7886135905559928950027429
7885135905559928950027429
7885135905559928940027429
7885135905558928940027429
7885135905558928940027329
7885135905558928040027329
7885135905558928040027229
7885135905558928040127229
7875135905558928040127229
7875135905558928040126229
7876135905558928040126229
7876135905558928040125229
7876135905558928041125229
7876135905558938041125229
7776135905558938041125229
7776135905558938041225229
7776135905558938041225329
6776135905558938041225329
6776135905559938041225329
6776035905559938041225329
6776035905559948041225329
6776035905550948041225329
6776035905550948041224329
6776035905550948041214329
6776035905560948041214329
6776035905560958041214329
6777035905560958041214329
6777035905560957041214329
6777035905560957041214328
6777035905560957041214338
6777035915560957041214338
6777035915560957941214338
6777035915560857941214338
6777935915560857941214338
6777935915460857941214338
6777935915460857041214338
6777935015460857041214338
6787935015460857041214338
6787934015460857041214338
6787924015460857041214338
6786924015460857041214338
6786924015460857041214328
6786924015460857041214327
6786924015460857031214327
6786924015360857031214327
6786924015360857021214327
6786924015360857021214227
6786924015360856021214227
6786924015360856021214226
6786924015360856021114226
6786924915360856021114226
6786924915360856021014226
6786924915360856021014236
6786924915360856031014236
7786924915360856031014236
7786934915360856031014236
7786934915360856030014236
7786934916360856030014236
7786935916360856030014236
7786935916360856030013236
7786935916360856030913236
7786935915360856030913236
7786935915360856030903236
7786935915360756030903236
6786935915360756030903236
6786925915360756030903236
6786925915360756030993236
6786925915260756030993236
5786925915260756030993236
5786925915260756039993236
5787925915260756039993236
5787925015260756039993236
5787925015260756039993136
5787925015269756039993136
5787925014269756039993136
5786925014269756039993136
5786925024269756039993136
5786926024269756039993136
5786826024269756039993136
5786826024269856039993136
5786826024269856039993146
5786826024269856039893146
5786826024269856139893146
5786826024269956139893146
5786826024269956139892146
5786826024259956139892146
5786826024259956130892146
5786826024259956131892146
5786826024258956131892146
5786826024258956131892156
5786826024258946131892156
5786826024258046131892156
5786826024258047131892156
5786826024258047131882156
5786826024258047132882156
5786826024358047132882156
5786827024358047132882156
5786827024358047132881156
5786827024358047132881157
5787827024358047132881157
5787827024358147132881157
5777827024358147132881157
5877827024358147132881157
5877827024258147132881157
5877827024258147132781157
5877827024158147132781157
5877827024158137132781157
5877827024158137132782157
5877827024158137131782157
5877827024158137131782167
6877827024158137131782167
6877827024148137131782167
6877827024148137141782167
7877827024148137141782167
7877827024158137141782167
7877827014158137141782167
7877827014168137141782167
7877927014168137141782167
7877927014168137141783167
7877927014168137131783167
7877927914168137131783167
7877927913168137131783167
7877027913168137131783167
7877027913168137121783167
7877027913168137221783167
7877027912168137221783167
8877027912168137221783167
8877027912168127221783167
8877027912168127221783166
8877027912168127221883166
8877027912168127321883166
8877027912168128321883166
8877027922168128321883166
8877027822168128321883166
8877027822168128421883166
8877027822168128422883166
8877027822168128422883176
8877027922168128422883176
8877027922168118422883176
8877127922168118422883176
9877127922168118422883176
9877127922268118422883176
9877127922268118422883175
9877127922268118422882175
9877137922268118422882175
9877137922268118432882175
9877137921268118432882175
9877137821268118432882175
9877137821269118432882175
9877137821269118422882175
9877137821269118422883175
9877137821269018422883175
9877137821269018422883174
9877237821269018422883174
9877237821259018422883174
9877237821259018322883174
9877337821259018322883174
9777337821259018322883174
9777337721259018322883174
9777347721259018322883174
9777347721259018322883074
9777347721259018322783074
9777347722259018322783074
9777347722259118322783074
9767347722259118322783074
9667347722259118322783074
9667347722259018322783074
9667347722259918322783074
9667347722258918322783074
9667347722258918322683074
9567347722258918322683074
9567347721258918322683074
9567346721258918322683074
9567346721258908322683074
9567345721258908322683074
0567345721258908322683074
0567345721258908322683084
0567345721258908322583084
0567345722258908322583084
0567345723258908322583084
0567345733258908322583084
0567345733258908322683084
0567345733259908322683084
0567345733259808322683084
0567345733259808323683084
0567345733259898323683084
9567345733259898323683084
9567345733259898323673084
9567345733259898323673085
9567345733259898323673086
9567345734259898323673086
9567345734259899323673086
9567345734259899323673087
9567345734249899323673087
9567345734249899323674087
9567345734239899323674087
9567345734239899323675087
9567345735239899323675087
9567344735239899323675087
9567344735238899323675087
9567344735238899323675187
9567344735238899323675188
9567344745238899323675188
9567344845238899323675188
9567344845239899323675188
9567343845239899323675188
9568343845239899323675188
9568333845239899323675188
9568333845339899323675188
8568333845339899323675188
8569333845339899323675188
8569333845339899423675188
8569333845339889423675188
8569333845339889423675189
8569333845339789423675189
8569333945339789423675189
8569333945339789523675189
8569333945329789523675189
8579333945329789523675189
8579333945329789423675189
8579233945329789423675189
9579233945329789423675189
9579233945329789423675289
9579243945329789423675289
9589243945329789423675289
9589243945329789423675189
9689243945329789423675189
9689243944329789423675189
9689243944429789423675189
9689243944429789423674189
9689243944429789423674180
8689243944429789423674180
8689243944429789423675180
8699243944429789423675180
8699243844429789423675180
7699243844429789423675180
7699243844429689423675180
7699243844428689423675180
7699243844418689423675180
7699243844318689423675180
7599243844318689423675180
7599243844318689423675280
7599143844318689423675280
7599143844318689523675280
7599143944318689523675280
7599143944318689523675281
6599143944318689523675281
6599143944318689513675281
6599143945318689513675281
6599143945318689513775281
6599143946318689513775281
6599133946318689513775281
6599133946318680513775281
6599133946318680513776281
6599133946318680513776291
6599133946318680513786291
6599133946318580513786291
6699133946318580513786291
6699133946318580413786291
6699133946318580414786291
6699233946318580414786291
6699233946318581414786291
6699233945318581414786291
6699233945318581414787291
6699243945318581414787291
6699243945318581414797291
6699243945308581414797291
6699243945308581414797292
6699243944308581414797292
6599243944308581414797292
6499243944308581414797292
6499233944308581414797292
6499233944308581414797293
6499233944308581414707293
6499333944308581414707293
6499333944308581414607293
6499343944308581414607293
6499343944308581414607193
6499343944308591414607193
6499343844308591414607193
6499343844308591414606193
6499343844308591314606193
7499343844308591314606193
7499343845308591314606193
7499343845308591314706193
7499343845308591313706193
7499343845308592313706193
7499343845308592313706194
7499343845308592313706195
7499343845308592313706095
7499343845308592323706095
7499343845308592223706095
7499343845308592223806095
7499343945308592223806095
7499333945308592223806095
7499333045308592223806095
7499333145308592223806095
7499333145308592233806095
7499333145308502233806095
7409333145308502233806095
7409333145208502233806095
