969
30850349954593360683728212702898244034652050926216
30860349954593360683728212702898244034652050926216
30860349954593360683728212602898244034652050926216
30860349954593360683828212602898244034652050926216
30860349054593360683828212602898244034652050926216
30860349054593360683828212602898244034652060926216
30860349054593360683828212602898244034552060926216
30860349054593360683818212602898244034552060926216
30860349054592360683818212602898244034552060926216
30860349054592360583818212602898244034552060926216
30860349054592360583818212602898244034552061926216
30860349054592360583918212602898244034552061926216
30860349054592360583918212602898344034552061926216
30860349054592360583918212602898344034552061026216
30860349054592360583918212602898344034553061026216
30860349054592360583918212502898344034553061026216
30860349064592360583918212502898344034553061026216
30860349064592360583917212502898344034553061026216
30860349064592360583017212502898344034553061026216
30860349064592260583017212502898344034553061026216
30860349064592260583017211502898344034553061026216
30860449064592260583017211502898344034553061026216
30860449064492260583017211502898344034553061026216
30760449064492260583017211502898344034553061026216
30760449064492260583017211502898344034543061026216
30760449064492260583017211502898344034543071026216
30760449064492260583007211502898344034543071026216
30760449064492260583007211502808344034543071026216
30760449064392260583007211502808344034543071026216
30760449064392260683007211502808344034543071026216
30760449064392260683007211502808344034543081026216
30760459064392260683007211502808344034543081026216
30760459064392260683007211502908344034543081026216
30760459064392260683017211502908344034543081026216
30750459064392260683017211502908344034543081026216
30750459164392260683017211502908344034543081026216
30750458164392260683017211502908344034543081026216
30750458164392260683017211502908344034533081026216
30750458164392260683017211502908344034533081016216
30750458164392260683017111502908344034533081016216
30750458164392260683017111502908344024533081016216
30750458164392260683017111502908344024523081016216
30750458164392260683017111502909344024523081016216
30750458164392260683017111502909344023523081016216
30750458164392260683017111502909344023523081016116
30750457164392260683017111502909344023523081016116
30750457164392260683017111502909344023523081026116
30750457164392260683017111502909344023513081026116
30750457164392260683017110502909344023513081026116
30750457164392269683017110502909344023513081026116
30750457164392269683017110502909345023513081026116
30750457164392269684017110502909345023513081026116
30750457164391269684017110502909345023513081026116
30750457164301269684017110502909345023513081026116
30750457164301269684017110503909345023513081026116
30750457164301269683017110503909345023513081026116
30750456164301269683017110503909345023513081026116
30750456164301269683017110593909345023513081026116
30750456164301269683017110593909345023513080026116
30750456164301269683016110593909345023513080026116
30750456164311269683016110593909345023513080026116
30750456164311269683016110593009345023513080026116
30750456164311269683016110593009345023513980026116
30750456164311269683016110593009345023514980026116
30750456164311269683016110583009345023514980026116
39750456164311269683016110583009345023514980026116
39750456164311269683016110583009335023514980026116
39750456164311269683016110583008335023514980026116
39750456164311269683016110583018335023514980026116
39750456164311269683016110583018335023524980026116
39750456164311269683006110583018335023524980026116
39750456164311269683006110583018335023524080026116
39750456164311269683006110583018335023624080026116
39750456164311369683006110583018335023624080026116
39750456164311369683006120583018335023624080026116
39750456164411369683006120583018335023624080026116
39750456164411369683006120583018335033624080026116
39750456164411369683106120583018335033624080026116
39750456164411369683106120583018335033624089026116
39750456164411369783106120583018335033624089026116
39750556164411369783106120583018335033624089026116
39750556164411369783106120583018335033624089026117
39750556164411369783106120583018335033614089026117
39750556164411369783106120583018345033614089026117
39750556164411369783106120583018345033613089026117
39750556164411369784106120583018345033613089026117
39750556164411469784106120583018345033613089026117
39850556164411469784106120583018345033613089026117
39850556174411469784106120583018345033613089026117
39850556174411469784106120593018345033613089026117
39850556174411469784106120593018345033613099026117
39850456174411469784106120593018345033613099026117
39850446174411469784106120593018345033613099026117
39850446174411469784106120593018445033613099026117
39850446174411469784106120593018545033613099026117
39850446174411469884106120593018545033613099026117
39850446174411469884106120593018546033613099026117
39850446174411469884106120593008546033613099026117
39850446174411469884106120593007546033613099026117
39850446174411469884106120593107546033613099026117
39850446174411469884116120593107546033613099026117
39850446174411469884116120593107546033613099926117
39850446173411469884116120593107546033613099926117
39850446173411469884116120593107546033613099926017
39850446173411469884116120593107546033603099926017
39850446173411469884116120593107546033603099926027
39850446173411469883116120593107546033603099926027
39850446173411468883116120593107546033603099926027
39850446173411468883116120593107546023603099926027
29850446173411468883116120593107546023603099926027
29850446173411468882116120593107546023603099926027
29850446173411468982116120593107546023603099926027
29850446173411468982116120593107546023603099925027
29850446173411468982106120593107546023603099925027
29850446173411468972106120593107546023603099925027
29850446173411468972106120593107547023603099925027
29850446173411468972106120593107547023603199925027
29850446173411478972106120593107547023603199925027
29850446173411478972106120593106547023603199925027
29850446173411478973106120593106547023603199925027
29950446173411478973106120593106547023603199925027
29950446173411478973106120592106547023603199925027
29950446173411478973106120592106547023603199926027
29950446173411478973106120592106547123603199926027
29950446173411478973106120592106447123603199926027
29950446173401478973106120592106447123603199926027
29950446173401478974106120592106447123603199926027
29950446173401478974106120592106447123693199926027
29950446173401478974106120592006447123693199926027
29950446173401468974106120592006447123693199926027
29950446173401568974106120592006447123693199926027
29950446173401568974106120592006447123692199926027
29950446173401568974106110592006447123692199926027
29950446173401568974106110592006447123692199826027
29950446173401568973106110592006447123692199826027
29950446173301568973106110592006447123692199826027
29950446173301568972106110592006447123692199826027
29950446173301568972106110592006457123692199826027
29950446173301568972106110592006457133692199826027
29940446173301568972106110592006457133692199826027
29940446173391568972106110592006457133692199826027
29940446173391568972106110592006457133691199826027
29940446173391568972106110492006457133691199826027
29940446173391558972106110492006457133691199826027
29940446173291558972106110492006457133691199826027
29940446173291558972106110492016457133691199826027
29940446183291558972106110492016457133691199826027
29840446183291558972106110492016457133691199826027
29840446183291558972106110492116457133691199826027
29840446183291558972106110492216457133691199826027
29840446183291558972106110492216456133691199826027
29840446183291558973106110492216456133691199826027
29840446183291558973106110492216456233691199826027
29840446183291558973106110492216457233691199826027
29840446183291558973106110492216457233691198826027
29840446183291558973106110492216457233691108826027
29840446183291558973106110492216457233691108827027
29840447183291558973106110492216457233691108827027
29840447183291558973106111492216457233691108827027
29840448183291558973106111492216457233691108827027
29840448183291558973106111492216457233691108827028
29840448183291558973106111492206457233691108827028
29840448183291558973106111482206457233691108827028
29840448193291558973106111482206457233691108827028
29840448193291558973106111482206457232691108827028
29840448193291558973106111482206457232791108827028
29840448194291558973106111482206457232791108827028
29840448194291558973106111482206457132791108827028
29840448195291558973106111482206457132791108827028
29840448195291558973106111482206457132791108828028
29840448195291558973006111482206457132791108828028
29840448105291558973006111482206457132791108828028
29840348105291558973006111482206457132791108828028
29840348105291558973016111482206457132791108828028
29840348105291558974016111482206457132791108828028
29840348105291558974016111482216457132791108828028
29840348105291558974016111482216457132791108828018
29840348105291558974017111482216457132791108828018
29840348105291558974017111482316457132791108828018
29840348105291558974017111482316447132791108828018
29840348105291558974017111482316447032791108828018
29840348105291558974017011482316447032791108828018
29840348105291558974017011482316447032791108827018
29840347105291558974017011482316447032791108827018
29840347105291558974017011582316447032791108827018
29840347105291558974017011582316447032701108827018
29840347105291558974017011572316447032701108827018
29840347105291558974017011572316447032701108827918
29840347105291558974017011572316447032701109827918
29840347105290558974017011572316447032701109827918
29841347105290558974017011572316447032701109827918
29851347105290558974017011572316447032701109827918
29851347105290558974017011572316447032701109827928
29851347105299558974017011572316447032701109827928
29851347105299558974017011572316447032701109827828
29851347105299558974016011572316447032701109827828
29851347105299558974016021572316447032701109827828
29851347105299548974016021572316447032701109827828
28851347105299548974016021572316447032701109827828
28851347105299548974016921572316447032701109827828
28851347105299548974016922572316447032701109827828
28851347105299548974016922572316457032701109827828
28851347105299548974016922572416457032701109827828
18851347105299548974016922572416457032701109827828
18851337105299548974016922572416457032701109827828
18851337105299548974016922572416467032701109827828
18851336105299548974016922572416467032701109827828
18851336105299548974016922572417467032701109827828
08851336105299548974016922572417467032701109827828
08851336105299548974016923572417467032701109827828
08851336105299548974016923572417477032701109827828
08851236105299548974016923572417477032701109827828
08851236105299548974116923572417477032701109827828
08851236105299548974116923572417477032701009827828
07851236105299548974116923572417477032701009827828
07851236105299548974116823572417477032701009827828
07851235105299548974116823572417477032701009827828
07851235105299548974116823572417477032701008827828
07851235105299548964116823572417477032701008827828
07851235105299548964116823572417478032701008827828
07851235105299548964116823572417478032701018827828
07851235105299548964116823572417478932701018827828
07851245105299548964116823572417478932701018827828
07851245105299548964116823572417478932601018827828
07851245115299548964116823572417478932601018827828
07851245115299548964116823572417578932601018827828
07851245115299548964116823572517578932601018827828
07851245115299548964116833572517578932601018827828
07851245115299548964116833572517578932601918827828
07851245115299548963116833572517578932601918827828
07851245115299548962116833572517578932601918827828
07851245115299548962116833572517568932601918827828
07851245215299548962116833572517568932601918827828
07841245215299548962116833572517568932601918827828
07841345215299548962116833572517568932601918827828
07841345215299548962116833573517568932601918827828
07841345215299548962016833573517568932601918827828
08841345215299548962016833573517568932601918827828
08841345215299548962016833573517568942601918827828
08841345215299548962016833572517568942601918827828
08841345215199548962016833572517568942601918827828
08841345215199548962016833582517568942601918827828
08840345215199548962016833582517568942601918827828
08840345215199548962026833582517568942601918827828
08740345215199548962026833582517568942601918827828
08740346215199548962026833582517568942601918827828
08740346215199548962026833582517569942601918827828
98740346215199548962026833582517569942601918827828
98740346215199548962026833582517559942601918827828
97740346215199548962026833582517559942601918827828
97740346205199548962026833582517559942601918827828
87740346205199548962026833582517559942601918827828
87740346205199548961026833582517559942601918827828
87740346205199548961026833582517559942601918927828
87740346205199548961026833582517559942501918927828
87740346205199548961026833582517559952501918927828
86740346205199548961026833582517559952501918927828
76740346205199548961026833582517559952501918927828
76740346205199548961026833582517559952502918927828
76750346205199548961026833582517559952502918927828
76750346205199548961026833582517559952502018927828
76750346205199548960026833582517559952502018927828
76750346205190548960026833582517559952502018927828
76850346205190548960026833582517559952502018927828
76850346205190548960026833582517558952502018927828
76850346205190548960026833582517558962502018927828
76850345205190548960026833582517558962502018927828
76850345205190548960026833582517558962502118927828
76850345205190548960026833582517558962502118027828
76850345205190558960026833582517558962502118027828
76850345205190558960026833582517558962502118027827
76850335205190558960026833582517558962502118027827
76850335205190558960026833582517558962502218027827
76850335105190558960026833582517558962502218027827
76850335105190558960026833582517558962503218027827
76850235105190558960026833582517558962503218027827
76850235105190558960026833582517558862503218027827
76850235105190558960027833582517558862503218027827
76850235105190558960027933582517558862503218027827
76850235105190557960027933582517558862503218027827
76850235105190557860027933582517558862503218027827
76850235105190557860027933582617558862503218027827
76850235105190557860027934582617558862503218027827
76850235105190557860027934582617559862503218027827
76860235105190557860027934582617559862503218027827
76860235105190557860027934582617559862503219027827
76860235105190557860027934581617559862503219027827
76860225105190557860027934581617559862503219027827
75860225105190557860027934581617559862503219027827
75860225105190557861027934581617559862503219027827
75860225105190557961027934581617559862503219027827
75860225105190557961027935581617559862503219027827
75860225105191557961027935581617559862503219027827
75860225105191557961027935581627559862503219027827
75860125105191557961027935581627559862503219027827
75860125105190557961027935581627559862503219027827
75860125205190557961027935581627559862503219027827
75860125205190557961027035581627559862503219027827
75860125205190557961027035581627559862503219026827
75860126205190557961027035581627559862503219026827
75860126206190557961027035581627559862503219026827
75860126206190557961026035581627559862503219026827
75860126206190557961026035581727559862503219026827
75860126206190557961026035581727559862513219026827
75860026206190557961026035581727559862513219026827
75860026206190557961026035481727559862513219026827
75860026206190457961026035481727559862513219026827
75860026206190457961026035481727559862513210026827
75860026206190457961026035480727559862513210026827
75860026206190457961016035480727559862513210026827
75860026206190457961016035480727659862513210026827
75860026306190457961016035480727659862513210026827
75860026306190457961016035480717659862513210026827
75860026306190357961016035480717659862513210026827
75860026306190357961016035480717659862513219026827
75860026306190357961016035481717659862513219026827
75860026306190357961016034481717659862513219026827
75860026306190357961016034581717659862513219026827
75860026306190357961016034581717659862513219026826
75860026306190357961016034581717659862513219026926
75860026306190357961016034581717659862513219026936
75860026306190357961016034581717669862513219026936
75860026306190358961016034581717669862513219026936
75860026306190358961016934581717669862513219026936
75860026306190358961016944581717669862513219026936
75860026306190358960016944581717669862513219026936
75860026306190358960016944581717669861513219026936
75860026306190358960016944581717669861513219026926
75860026306190358960016944591717669861513219026926
75860026306190358960016944591717669861523219026926
76860026306190358960016944591717669861523219026926
76860026306190359960016944591717669861523219026926
76860026306190359960016944591716669861523219026926
76860026306190359960016944591616669861523219026926
76860026306290359960016944591616669861523219026926
76860126306290359960016944591616669861523219026926
76860126306290359960016944501616669861523219026926
76860126307290359960016944501616669861523219026926
76860126307290359960016944502616669861523219026926
76860126307290359960016944502616679861523219026926
76860126307290359960016945502616679861523219026926
76860126307290359960016945502716679861523219026926
76860126307290359960016945502716679861523229026926
76860126317290359960016945502716679861523229026926
76860126317290359960016945502716679861523220026926
76860126317299359960016945502716679861523220026926
76860126317299359960016945502716679861523220016926
76860116317299359960016945502716679861523220016926
76860116317299359960016945502716679862523220016926
76860116317299359860016945502716679862523220016926
76860116317299359860016945402716679862523220016926
77860116317299359860016945402716679862523220016926
77860116317299359860016945402716679862523229016926
77860116317299359860016945402716679862523229015926
77860116317299359860016945502716679862523229015926
77860216317299359860016945502716679862523229015926
77860216317299359860016945502716679862523239015926
77860216317299359860016945502716679862523249015926
77860216317299359860016945502716679862513249015926
77860216317199359860016945502716679862513249015926
77860216317199359860016945502716679862513249915926
77860216317199359860016955502716679862513249915926
77860216317199359860016955502716679862513249914926
77860216317199359860016955502716679862503249914926
77870216317199359860016955502716679862503249914926
77770216317199359860016955502716679862503249914926
77770216317199359960016955502716679862503249914926
77770216317199359960016955502716679862503240914926
77770216317199359960016955502716679862503250914926
77770216317199359960016955502716679852503250914926
77770216317199359960016955502716579852503250914926
77770316317199359960016955502716579852503250914926
77770316317199359960016955502716579752503250914926
77760316317199359960016955502716579752503250914926
77760316317199359960016955502716579652503250914926
77760316317199359960016955502716579652503250914925
77760316317199359960016955502716579652503250914825
77760316317199359960016955503716579652503250914825
77760316317199359960016955504716579652503250914825
77760316327199359960016955504716579652503250914825
77760316327199359960016955504716579642503250914825
77760316327199359960016955404716579642503250914825
77760316327199359960016955404716579642503251914825
77750316327199359960016955404716579642503251914825
77750316327199259960016955404716579642503251914825
77740316327199259960016955404716579642503251914825
77740316327299259960016955404716579642503251914825
77740316327299259961016955404716579642503251914825
77740316327299259961016955404616579642503251914825
77740316327299259961016055404616579642503251914825
77740316327299259961016055404616579642513251914825
77740316327299259961016055404616579642512251914825
77740316327299259961016155404616579642512251914825
77740316328299259961016155404616579642512251914825
77740316328299259961016155404616579542512251914825
77740316328299259961016155404616579542512251914725
77740316328299259961016155404616589542512251914725
77740316328299259961016155404616689542512251914725
77740316328299259961016155404616689542511251914725
77740316328299259961016155404616689542411251914725
77740316327299259961016155404616689542411251914725
77740316326299259961016155404616689542411251914725
77740316326299259961016155404606689542411251914725
77740316326299259961016155404606689552411251914725
77740316326299259961016155404606689552411251924725
77740316326299258961016155404606689552411251924725
77740316326299258961016155404696689552411251924725
77740316326299258961016165404696689552411251924725
77740316326299258961016175404696689552411251924725
77740316326299258961016175404696689562411251924725
77740316326299258961016175404696689662411251924725
77740316326299258962016175404696689662411251924725
77740316326298258962016175404696689662411251924725
77740316326298258962016175504696689662411251924725
77740316326298258962016175504696689662411241924725
77730316326298258962016175504696689662411241924725
77730316326298258962016175504606689662411241924725
77730316326298258962016175504606689662401241924725
77730326326298258962016175504606689662401241924725
77730326326298258962016175504606689662401241924724
77730326326298258962015175504606689662401241924724
77730326426298258962015175504606689662401241924724
77730326426298258962015175504606689762401241924724
77730326426298258962015175504606689762401241924714
77730426426298258962015175504606689762401241924714
77730426426298258962015165504606689762401241924714
77830426426298258962015165504606689762401241924714
77830426426298258962015165504606689762401241923714
77830426426298258962015165504606689762401241923715
77830426426298258962015165504606689762501241923715
77830426426298258952015165504606689762501241923715
77830426326298258952015165504606689762501241923715
77830426326298258052015165504606689762501241923715
77830426326298258052016165504606689762501241923715
77830426326298258052016065504606689762501241923715
77830426326198258052016065504606689762501241923715
77830326326198258052016065504606689762501241923715
76830326326198258052016065504606689762501241923715
76830326326198258052015065504606689762501241923715
76830326326198258052025065504606689762501241923715
76730326326198258052025065504606689762501241923715
76730326336198258052025065504606689762501241923715
76730326336198258052025065504606689762501241923705
76739326336198258052025065504606689762501241923705
76739326336198258052025065504606689762601241923705
76739326336198258052025065504696689762601241923705
76739326336198258052025055504696689762601241923705
75739326336198258052025055504696689762601241923705
75739326336198258052025055504696689762501241923705
75739326336198258052026055504696689762501241923705
75739336336198258052026055504696689762501241923705
85739336336198258052026055504696689762501241923705
85739336336198258052026055504696689762501241923706
85739336336198258952026055504696689762501241923706
85739336336198258952026055504596689762501241923706
85739336336198258952026055505596689762501241923706
85739336336198258952026055405596689762501241923706
85739336335198258952026055405596689762501241923706
85739336335198258952026055405596689762501241933706
85739336335188258952026055405596689762501241933706
85739336335187258952026055405596689762501241933706
85739336435187258952026055405596689762501241933706
85739336445187258952026055405596689762501241933706
85739336445187258952026055405595689762501241933706
85739336345187258952026055405595689762501241933706
85739336345187258952026055405595689772501241933706
85739336345187258952026055405595699772501241933706
85739336335187258952026055405595699772501241933706
85739336335187258952026155405595699772501241933706
85739336335187258952026155405595699772501341933706
85739336335187258952026155405595699772501341933806
85839336335187258952026155405595699772501341933806
85830336335187258952026155405595699772501341933806
85930336335187258952026155405595699772501341933806
85930336335187258952026155405595699772501341933816
85930336335187258952026155405595699772591341933816
85930336335187258952026155405595689772591341933816
85930336335087258952026155405595689772591341933816
85930336335087258942026155405595689772591341933816
85930336335087268942026155405595689772591341933816
84930336335087268942026155405595689772591341933816
84930336335087268942026155405595699772591341933816
84930336335087268942026155406595699772591341933816
84930336335087258942026155406595699772591341933816
84930336335087258942026155406595699772591341933716
84930336335087258942026155406595699772591341933717
84930336335097258942026155406595699772591341933717
84939336335097258942026155406595699772591341933717
84939336335097258942026155406595699772591341933716
84939336335097258942026155406595699772491341933716
84939336335097258942026155406595609772491341933716
84939336335097258942026155406595609772490341933716
84939336335097258932026155406595609772490341933716
84939336335097258932026155406495609772490341933716
84939337335097258932026155406495609772490341933716
84939337335097258932026255406495609772490341933716
74939337335097258932026255406495609772490341933716
74939337335097258932026255406495609782490341933716
74939337335097258932026255406495609882490341933716
74939337335097258932026255406495609882490342933716
74939337335097258932026255406495608882490342933716
74939337335097258932026255406495608882499342933716
74939337335097258932926255406495608882499342933716
74939337335097258932926255406495608882499332933716
74939337435097258932926255406495608882499332933716
84939337435097258932926255406495608882499332933716
84939337435097258932926255406495608872499332933716
84039337435097258932926255406495608872499332933716
84039337435097258932926245406495608872499332933716
84039337435097258932926245406495608872498332933716
84029337435097258932926245406495608872498332933716
84029337435097258932926245406495608882498332933716
84020337435097258932926245406495608882498332933716
84020337435097258932926245407495608882498332933716
84020337435097258932926245407495608882499332933716
84020337435097258932926245407495608882489332933716
84020337435097258932936245407495608882489332933716
84020337335097258932936245407495608882489332933716
84020337335097258932936245407495698882489332933716
84020337335097258932936245407495698882489332923716
84020337335097258932936245407495698882489332923726
84020337335098258932936245407495698882489332923726
84020337335098258932936145407495698882489332923726
84020337335098258932936145407495698982489332923726
84020337335098258932936145407495698982489331923726
84020337335098258932936145407495698983489331923726
84020337435098258932936145407495698983489331923726
84020337435098258932936145408495698983489331923726
84020337435088258932936145408495698983489331923726
84020337435088258922936145408495698983489331923726
84020336435088258922936145408495698983489331923726
84020336435088258921936145408495698983489331923726
84020336445088258921936145408495698983489331923726
84020346445088258921936145408495698983489331923726
84020347445088258921936145408495698983489331923726
84020347445088257921936145408495698983489331923726
84020347445988257921936145408495698983489331923726
84020347445988257921936145408495698983489331913726
84020347445988257921936145408495798983489331913726
84020347445988257921936145408495798983489331913736
84020347445989257921936145408495798983489331913736
84020347445989257921936145408495798983489332913736
84020347445989257921936145408495798983489332912736
84020347445989257921936145508495798983489332912736
84020347445989257921936145508495798983489332911736
84020347445989257921936145508495798983489332911726
84020347445989357921936145508495798983489332911726
84020447445989357921936145508495798983489332911726
84020447445989357921936145508495798983480332911726
84020447445989357921936145507495798983480332911726
84020447445989357921936045507495798983480332911726
84020447445989357921936045507495798983480332911725
84020447445989357921036045507495798983480332911725
84020447445989357921036045507495798983480332911724
84020447445989357921036044507495798983480332911724
84020447445989357921036044507495708983480332911724
84020447445989357921036044507495707983480332911724
84020447445989357921036044507495707983480333911724
84020447445979357921036044507495707983480333911724
84020447445979357921036044507495707083480333911724
84020447445979357921036044507485707083480333911724
84020447445979357921036044506485707083480333911724
84020447445979357921037044506485707083480333911724
84020447445979357921037044506485717083480333911724
84020447445979257921037044506485717083480333911724
84020447445979257921037044506495717083480333911724
84020447445979257921037044506495718083480333911724
84120447445979257921037044506495718083480333911724
84120447445979257921037044506495718183480333911724
84120447445979257821037044506495718183480333911724
84120447445979257821037044506495718183480333911723
84120447455979257821037044506495718183480333911723
84120447455979257821037044506495728183480333911723
84120447455979257821037043506495728183480333911723
84120447455979257821037043506495728183470333911723
84120447455979257821037043506495728183470333921723
84120447455979257821037043506496728183470333921723
84120447455979257821037043506496729183470333921723
84120447455979257821037043506396729183470333921723
84120447455879257821037043506396729183470333921723
84120447455879257821037043506396729183470332921723
84120447455879257821037043506396729283470332921723
84120446455879257821037043506396729283470332921723
84120446455879257821037043506396728283470332921723
84120446455879257821037043506396728283470332911723
84120436455879257821037043506396728283470332911723
84120436455879257821037043506396728283479332911723
84120436455879257821137043506396728283479332911723
84120436455879257821137043506396728283479332912723
84120436455879257821137043506396728283379332912723
84120436455878257821137043506396728283379332912723
84120436455878257821137043506396728283379332812723
84120436455878257821137043506396728283279332812723
83120436455878257821137043506396728283279332812723
83120436455878258821137043506396728283279332812723
83120436455878258821137043506396728283279332802723
83120436454878258821137043506396728283279332802723
83129436454878258821137043506396728283279332802723
83129436454878258821137043506396728283269332802723
83129436454878258821137043506396728283269332702723
83129436454878258821137043506396728283269333702723
83129436454878258821137033506396728283269333702723
83229436454878258821137033506396728283269333702723
83229436454878258821137033506396728273269333702723
83229436454878258821037033506396728273269333702723
83229436454878258821037033507396728273269333702723
83229436454878258822037033507396728273269333702723
83229436454878258822037033508396728273269333702723
83229436454878258822037033508395728273269333702723
83229436455878258822037033508395728273269333702723
83229436455878258722037033508395728273269333702723
83229336455878258722037033508395728273269333702723
83229336455878258722037033508395628273269333702723
83229336455878258722037033608395628273269333702723
83229336455878258722037033608395628273269333702823
83229336465878258722037033608395628273269333702823
83229336465878258722037033608395728273269333702823
83229336465878258722037033708395728273269333702823
83229336465878258722037033708395728273269333712823
83229336465878258722037033708395728273269333712723
83229336465978258722037033708395728273269333712723
83229336465978258722037033708395728273269333712733
83229336465978258722037033708395728272269333712733
83229336465978258722037033708395728272269433712733
83229336465978258722037033708385728272269433712733
83229336465978258722037033708385738272269433712733
83229336455978258722037033708385738272269433712733
83229336355978258722037033708385738272269433712733
83229336355978258722037033708385738272269433712743
83229336355978268722037033708385738272269433712743
83229336345978268722037033708385738272269433712743
84229336345978268722037033708385738272269433712743
84229336345978268722037933708385738272269433712743
84229336345978268722037933808385738272269433712743
84229336445978268722037933808385738272269433712743
84329336445978268722037933808385738272269433712743
84329336445978268722037933808385738272269433712733
84329336445978268712037933808385738272269433712733
84329336445978268712037933808385738272269433812733
84329336445978268712037933818385738272269433812733
84329337445978268712037933818385738272269433812733
84329337445978268712037923818385738272269433812733
84319337445978268712037923818385738272269433812733
84319337445978268712037923818385738272259433812733
84319337445978268712037923818385738272259433811733
84319337445978268712037923818285738272259433811733
84319337445978268713037923818285738272259433811733
84319337445978268713037923818285738272259433811734
84319337445978268713037923818285738272159433811734
84319337445978268713037913818285738272159433811734
84319336445978268713037913818285738272159433811734
84319336445978268713037913818285738272159533811734
84319336445978268713037913818285738272159533812734
84319336445978268713037813818285738272159533812734
84319336445978268713937813818285738272159533812734
84319336445978268713937813818285838272159533812734
84319336445978268713937813818285838272158533812734
84319336445978268713937813818285838272158533812834
84319336445978268713937813818285838272158633812834
84319336445978268713937813818285828272158633812834
84319336445978267713937813818285828272158633812834
84319336445979267713937813818285828272158633812834
84319336445979267813937813818285828272158633812834
84319336445979267813937813818295828272158633812834
84319336445969267813937813818295828272158633812834
84319336445969267813937813808295828272158633812834
84319336445959267813937813808295828272158633812834
84319436445959267813937813808295828272158633812834
84319435445959267813937813808295828272158633812834
84319435445959267813937813808296828272158633812834
84319435445959267813937813808296828272058633812834
84319425445959267813937813808296828272058633812834
84319425445959267813937813808296828272059633812834
84319425445959267813937813808296829272059633812834
84319425445959267813937823808296829272059633812834
84319425445959267813837823808296829272059633812834
84319425445959267813837823808296829272059533812834
84419425445959267813837823808296829272059533812834
84419425445959267813837823808296829272059523812834
84419425445959267813837823807296829272059523812834
84419425445959267813837823897296829272059523812834
84419425445959267813837823897297829272059523812834
84419425445959267803837823897297829272059523812834
84419325445959267803837823897297829272059523812834
84429325445959267803837823897297829272059523812834
84429325445959267803837823897297829272059523812835
84429325445959267803837823897297829272059523812845
84429325445959268803837823897297829272059523812845
84429325445959268813837823897297829272059523812845
84429325545959268813837823897297829272059523812845
84429325545959268813837823897297829272059513812845
84429325545959268813837823897297829372059513812845
84429325545959268813837823797297829372059513812845
84429325545959268813837823797297829372069513812845
84429325545959268813837823797297929372069513812845
84429325545959268813837823797297929472069513812845
84429325545959268813837823797297929472069513712845
84429325545959268813838823797297929472069513712845
84429325544959268813838823797297929472069513712845
84329325544959268813838823797297929472069513712845
84329325544959168813838823797297929472069513712845
84329325544959168813837823797297929472069513712845
84329325544959168813837823797297919472069513712845
84329325543959168813837823797297919472069513712845
84329325543959178813837823797297919472069513712845
84320325543959178813837823797297919472069513712845
84320325543959178813837823797297919472079513712845
84320325543959178813847823797297919472079513712845
84320325543959178813847823797297919472079523712845
84320325543959178813847824797297919472079523712845
84320325543059178813847824797297919472079523712845
84320325543059178813847824797297919472079523712846
84320325543059177813847824797297919472079523712846
84320325543059177813847824797297919472079523713846
84320325543059177813847824797297919472079522713846
84320325543059177813847824797297919472079512713846
84320225543059177813847824797297919472079512713846
84320215543059177813847824797297919472079512713846
84320215543059176813847824797297919472079512713846
84320215543059175813847824797297919472079512713846
84320215543059175813847824797297819472079512713846
84320215543059175813847824797297819472079512703846
84320215543059165813847824797297819472079512703846
84320215543059165813847824797297819472079512704846
84320215543059165813847824797207819472079512704846
84320215543059165813847824797207829472079512704846
84320215543059165813847824797207829472079502704846
84320215543059165813847824797297829472079502704846
84320215543059165813847824797297829462079502704846
84320215543059165813847824797297829462079502704836
84329215543059165813847824797297829462079502704836
84329215543059165813847824797297829462079502704936
84329215543059265813847824797297829462079502704936
84329215543059275813847824797297829462079502704936
84329215543959275813847824797297829462079502704936
84329215543959275813847824797297829362079502704936
84329215543959275803847824797297829362079502704936
84329215543959275803847724797297829362079502704936
84329215543959275803847724797297829362079502704935
84329215543959275803847714797297829362079502704935
84329215543959275803847714797297829362089502704935
84329215543959275803847714697297829362089502704935
84329215543959275803847714697297829362089502714935
84329214543959275803847714697297829362089502714935
84329214543959275803847714697297829362089502714925
84329214543959275803847714697297829362089502714025
84229214543959275803847714697297829362089502714025
94229214543959275803847714697297829362089502714025
94229214543959275803847714697397829362089502714025
94229214543959275893847714697397829362089502714025
94229214543959275893847714697396829362089502714025
94229214543969275893847714697396829362089502714025
94229214543969275893947714697396829362089502714025
94229214543969275993947714697396829362089502714025
94229214543969275993947714697306829362089502714025
94229214543969274993947714697306829362089502714025
94229214543969274993947714697306829362080502714025
94229214543959274993947714697306829362080502714025
94219214543959274993947714697306829362080502714025
94219214543959274993947714697306828362080502714025
94219214543959274993947714697316828362080502714025
94219214543959274993947714697316828361080502714025
94219214543959274993047714697316828361080502714025
94219214543959274903047714697316828361080502714025
94219214543859274903047714697316828361080502714025
94219214533859274903047714697316828361080502714025
94219314533859274903047714697316828361080502714025
94219314533859274903047714697316828361080502714925
94219314533859274903047714697316828361080502724925
94219314533859275903047714697316828361080502724925
94219314543859275903047714697316828361080502724925
94219314543859275903048714697316828361080502724925
94219314543859265903048714697316828361080502724925
94219314543859265903048714697216828361080502724925
94219314543859265903048714697216828361090502724925
94219414543859265903048714697216828361090502724925
94219414543759265903048714697216828361090502724925
94219414543759265903048714797216828361090502724925
94229414543759265903048714797216828361090502724925
94229414543659265903048714797216828361090502724925
94229414543659265903048714797216828351090502724925
94229414543659265903048714797216828351090502724915
94229414543659265903048714797116828351090502724915
94229414543659265903048714707116828351090502724915
94219414543659265903048714707116828351090502724915
94219414542659265903048714707116828351090502724915
94219414542659265903048714707116828351090502724914
94219414542659265902048714707116828351090502724914
94219414542659265902048714707116828351990502724914
94219414542659265902048714707116828351990502714914
94219414442659265902048714707116828351990502714914
94219414442659265902048714707116828351990502714904
94219414452659265902048714707116828351990502714904
94219414452659266902048714707116828351990502714904
93219414452659266902048714707116828351990502714904
93219414442659266902048714707116828351990502714904
93219414442659266902048714707116828351980502714904
93219414432659266902048714707116828351980502714904
93219414432659266902058714707116828351980502714904
93219414432659256902058714707116828351980502714904
93219414432659256902058714707116828351980592714904
93219414432659256902058714707116928351980592714904
93219414432659256902058714707116928251980592714904
93219414432659256902058714707116928251980502714904
93219414432659256902058714707116928251980402714904
93219414432659256902058714707116929251980402714904
93219414432659256902058714707116929251970402714904
93219415432659256902058714707116929251970402714904
93219415432659256902058714707116929251979402714904
93219415432659256902058714707116929251978402714904
93219415432659256902058714707116929251977402714904
93209415432659256902058714707116929251977402714904
93209415432659246902058714707116929251977402714904
93209415432659246902058714707116929251977402704904
93209415442659246902058714707116929251977402704904
93209415442659246902058714707116929252977402704904
93209415441659246902058714707116929252977402704904
93299415441659246902058714707116929252977402704904
93199415441659246902058714707116929252977402704904
93199415441659246902058714707116929252977402704004
93199415441659246902058714707116929252877402704004
93199415441659246902058714707115929252877402704004
93199415441659246902058714707115929252876402704004
93199415441659246902058714707115929252876402704104
93199415441659246902058614707115929252876402704104
93199415441659246902158614707115929252876402704104
93199415441659246902158614707115929252886402704104
93199415441659246902158614707115919252886402704104
93199415441659246902158614707116919252886402704104
93199415441659246992158614707116919252886402704104
93199415441659246992158614707116919252886402704004
93199415441659246992158614707116919252986402704004
93199415541659246992158614707116919252986402704004
93199415531659246992158614707116919252986402704004
93199415531659246992158614707117919252986402704004
93099415531659246992158614707117919252986402704004
93099415531659246992158613707117919252986402704004
93099415531659246992158613707117919252986402704003
93099415531659246992158613707117819252986402704003
93099415531659246992158613707118819252986402704003
93099415531659246992158613707118819352986402704003
93099415531659246992158613707118819352986402794003
93090415531659246992158613707118819352986402794003
93080415531659246992158613707118819352986402794003
93080415531659246991158613707118819352986402794003
93080415531659246991258613707118819352986402794003
93080415531659247991258613707118819352986402794003
93080415531659247991258613707118819352986402894003
93080415531659247991258513707118819352986402894003
93080415531659247991258513707128819352986402894003
93080415531659247991258513707128819352986402893003
93080415531659247991258513707128819352986402893093
93080415531659247901258513707128819352986402893093
93080415531659247901258513707128819352986302893093
93080415531659147901258513707128819352986302893093
93080415531659147902258513707128819352986302893093
93080415531659147902258513707128819352986302893003
93080415531659147903258513707128819352986302893003
93080415531659147993258513707128819352986302893003
93080415531659147993258513707128819352996302893003
93080415531759147993258513707128819352996302893003
93080415531759147993248513707128819352996302893003
93080415531759147993238513707128819352996302893003
93080415531759147993238513707128819352996302883003
93080415531759147993238513707128819352986302883003
93080415531759147093238513707128819352986302883003
93080415531759147093238513707128819352986392883003
93080415531759147093238513707118819352986392883003
93080415530759147093238513707118819352986392883003
93080415530759147093238513707118819352986492883003
93080415530759147093238513797118819352986492883003
93080415530759147093248513797118819352986492883003
93080415530759147093248513797118819352986492883004
93080415530759147093248513797118819352986492883005
93080415530750147093248513797118819352986492883005
93080415530750147093248513797128819352986492883005
93080415530750147093248513697128819352986492883005
93080415530750147093248513697128819352086492883005
93080415530751147093248513697128819352086492883005
93080415530751147093248613697128819352086492883005
93080415530751147093348613697128819352086492883005
93090415530751147093348613697128819352086492883005
93090415530751147093348613697128819352086482883005
93090415530751147092348613697128819352086482883005
94090415530751147092348613697128819352086482883005
94090415630751147092348613697128819352086482883005
94090415630751147092248613697128819352086482883005
94990415630751147092248613697128819352086482883005
94990415630751147092248613697128819352086472883005
94980415630751147092248613697128819352086472883005
94980415630751147092248613697128819352086372883005
94980415630751147092248613687128819352086372883005
94980415630751147992248613687128819352086372883005
94980415620751147992248613687128819352086372883005
94980415620751147992248713687128819352086372883005
94980415620751247992248713687128819352086372883005
94980414620751247992248713687128819352086372883005
94980414620751247992248713687128819352085372883005
94980414620751247992248713687128819352085372883015
94980514620751247992248713687128819352085372883015
94980514620751247992238713687128819352085372883015
94980514620751247992238714687128819352085372883015
94980514620751247992238714687128819352085372893015
94980514620851247992238714687128819352085372893015
94980514620851248992238714687128819352085372893015
94980514620851248992238714687128819352085372893014
94080514620851248992238714687128819352085372893014
94080514630851248992238714687128819352085372893014
94080514630851248992238714687128819352085372894014
94080514630851248992238714687128819353085372894014
94080514630851247992238714687128819353085372894014
94080514630851247992138714687128819353085372894014
94080514630851247992138714687128819353085372895014
04080514630851247992138714687128819353085372895014
04080514631851247992138714687128819353085372895014
04080514631851247992138714687128819453085372895014
04080514631851247992138714687128819453085371895014
04080514631851247992138714687128810453085371895014
04081514631851247992138714687128810453085371895014
04081514631851247992138714687128810453085361895014
04981514631851247992138714687128810453085361895014
04981514631851247992138714587128810453085361895014
04981614631851247992138714587128810453085361895014
04981614631852247992138714587128810453085361895014
04981614631852247992138714586128810453085361895014
04981614631852247992138714586128810453085361895013
05981614631852247992138714586128810453085361895013
05981614631852247992139714586128810453085361895013
05981614631852247992129714586128810453085361895013
05981624631852247992129714586128810453085361895013
05981624631852247992129714586128810443085361895013
05981624631852247993129714586128810443085361895013
05981624631852247993128714586128810443085361895013
05981624631852247993128714586228810443085361895013
05981625631852247993128714586228810443085361895013
15981625631852247993128714586228810443085361895013
15981625631852247993128714586218810443085361895013
14981625631852247993128714586218810443085361895013
14981625631852247993128714586218810443085361795013
14981625631852247093128714586218810443085361795013
14981625631852247093128714486218810443085361795013
14981625631852247093128714486218810453085361795013
14981625631852248093128714486218810453085361795013
14981635631852248093128714486218810453085361795013
14981635631852248093128715486218810453085361795013
14981635631852248003128715486218810453085361795013
14981635631852248003128715486218810453085361796013
13981635631852248003128715486218810453085361796013
13981635631852248003127715486218810453085361796013
13981635631852248003127715486218810453085361786013
13981635632852248003127715486218810453085361786013
13981635632852248003127715486218811453085361786013
13981635633852248003127715486218811453085361786013
13981635633852258003127715486218811453085361786013
13981635633852258003127615486218811453085361786013
13981635633852258003127615486218811453085362786013
13981635633852258903127615486218811453085362786013
13981635633852258903127615486218811453085372786013
13981635633852258903127614486218811453085372786013
13981535633852258903127614486218811453085372786013
13981535633852258903127614486218811453085272786013
13980535633852258903127614486218811453085272786013
13980535633852258903127614486218801453085272786013
13980535633852258903127614486219801453085272786013
13980535633852258902127614486219801453085272786013
13980535633852258912127614486219801453085272786013
13980535633852258912127614486219801453085272786003
12980535633852258912127614486219801453085272786003
12980535633852258912127615486219801453085272786003
12980535633852258912127615486219801463085272786003
