100 100
11538916 12769452 14005919 27786546 27952920 28196645 35244080 41259046 42884524 53731237 84193999 85013073 131806897 136142700 145872640 157973845 160039912 161434343 166026393 188236556 227028322 230364941 238476100 244053519 250128868 251547710 256055645 256605678 258305549 259778804 293761050 302034346 307370371 309385986 333564566 337582630 366507640 372868367 387527606 389852772 407710272 411000556 411601272 419364030 433586540 437735550 441646691 460382586 466620779 474317408 488670489 495795270 508185749 525819185 538894759 542334675 548113464 551423889 553582056 557764927 559300997 565429807 583693433 593009006 593348652 606125581 624952478 650077371 653523238 654463150 655084553 690824222 1 724325351 728087835 731496599 742070313 742093754 756180235 756759374 767103127 767559923 799396219 815210973 823550026 827588321 854119197 855178128 861601042 898910023 907744024 917042013 930563847 949068340 965475198 967465876 980536612 992377726 993261744 995228746
37 51
21 12
91 55
10 9
67 36
14 54
13 79
34 39
39 42
36 71
98 88
88 10
56 22
43 10
2 51
1 15
78 38
44 73
81 21
56 5
59 99
29 21
12 23
16 15
85 50
90 52
13 82
55 29
38 68
18 98
64 39
28 70
42 94
14 23
28 74
25 21
94 86
8 53
67 57
6 75
26 51
84 47
27 39
58 91
88 65
55 76
97 3
48 35
57 91
64 13
86 36
21 88
93 79
35 80
55 59
62 92
91 32
22 97
87 17
33 80
7 26
81 88
74 3
93 28
41 30
66 9
96 26
56 38
70 40
99 90
33 76
7 12
8 23
40 29
60 95
20 24
63 66
68 52
80 36
66 13
21 72
49 83
72 68
8 56
97 41
16 58
69 29
4 75
3 76
22 95
18 62
79 94
45 81
16 46
10 76
47 33
67 30
50 47
2 39
79 9
