100 100
144982307 302444595 248677646 88560997 453982956 709553656 426027968 87191575 40808942 668026008 18090326 366719364 673171508 405788165 938301281 460971960 955061386 736675937 658122729 911650060 508294837 608248700 979384004 46266754 48958028 533882161 425905222 274272858 932877232 707302744 411925792 930375890 9747338 513119789 871453238 463730293 75189796 149997557 403438219 115998738 818023564 274044896 335234453 343711424 679833061 126052086 804683383 487410798 862728022 315322463 251577209 223539210 923571162 230961212 122322315 825045541 617359725 548227536 99318398 402753308 255530279 363760541 185645549 117793968 876880330 57098786 581524261 952070125 207096342 837478831 920585214 877636258 111523727 108336019 221347681 791356787 86904456 26031063 131283936 949632477 193869877 382861144 25688038 117441039 613822356 148010352 795002931 83698432 696237888 746837681 486451739 951768166 110598221 672097287 69562134 839994902 729196072 503602746 644581379 788808765
44 8
54 62
54 34
69 72
27 68
45 37
34 31
78 55
65 26
73 49
47 57
70 30
75 65
56 11
1 12
100 52
94 77
10 73
97 79
67 39
75 23
45 11
97 21
46 22
82 73
10 38
59 80
64 39
1 54
5 39
43 62
50 4
9 28
86 39
89 45
79 12
14 56
76 56
97 22
75 41
90 51
10 64
62 48
33 34
44 22
15 38
93 66
73 44
75 53
9 39
62 63
30 68
63 8
89 65
77 71
93 43
98 6
14 43
76 79
73 26
35 19
57 39
55 40
32 49
39 69
43 61
80 41
28 73
29 74
4 28
83 66
71 9
51 80
91 76
34 78
48 3
53 68
47 4
85 27
35 39
71 43
23 50
54 50
43 2
70 2
87 58
46 52
83 10
45 68
25 33
87 58
98 33
28 60
46 56
26 72
35 53
62 16
45 69
11 47
48 59
