100 100
3737620 8659814 17582788 21320407 22504982 31871057 55312299 62153363 62996568 1 91567615 91720714 92145487 112425758 115898344 115993661 119635963 123057603 1 128196902 129834532 136276198 140956369 142561455 150587198 155753988 171364775 1 173994459 175888225 220745757 224019655 1 227134490 235787277 237147976 239509473 268179745 286590305 295272408 296848195 347760578 357425770 1 381494450 397988383 403676611 416634815 1 477639224 498292493 510303831 519750165 523707737 536468008 540488449 544780792 550447977 552051121 553330889 1 589023308 594636857 600696826 602121928 614613495 1 649435551 663556660 670083940 671457011 703161127 760052110 763434892 764911532 787741935 1 801759226 803680644 820555931 821510633 821760060 828142562 867510742 872229016 872552869 874015020 1 878024137 883086641 892541369 921815699 934799666 937429350 945055921 948765022 951594591 956832128 994990590 997648284
16 72
93 47
26 74
94 87
46 28
47 6
35 32
59 33
40 40
68 9
88 23
41 100
60 7
46 84
12 22
93 94
92 27
52 38
24 18
45 45
50 69
53 43
75 85
76 11
72 66
88 43
42 59
17 80
63 53
26 62
56 26
52 71
8 99
16 55
99 31
51 12
54 1
37 3
66 80
45 12
54 89
99 84
63 47
51 16
77 77
2 77
99 84
83 5
59 6
88 98
10 10
10 38
93 15
95 98
9 58
46 39
75 14
12 96
11 37
14 14
42 40
23 15
20 40
45 57
7 30
39 32
22 16
82 100
97 14
71 76
67 57
22 68
63 41
29 85
99 26
65 42
9 40
32 87
96 28
57 76
60 2
69 48
47 81
46 50
78 44
52 16
35 44
36 74
58 49
74 64
58 8
100 38
77 66
45 31
58 72
73 53
100 69
49 41
42 47
42 94
