100 100
995453197 993852977 980046361 977549923 977461797 970757144 959973164 953858884 902812596 901471819 898746330 856498081 852357035 849340067 831570365 815677503 789902618 784735873 777744064 761184477 756477858 752819332 752482722 747008256 745688321 738735289 737762039 737271870 703929716 701420078 697730330 693069925 691526675 690396149 672856640 664888894 664649884 651605982 619819849 606896104 600765559 583680514 573777761 568971017 562329363 553069357 542840589 537433750 527094648 521303992 516303972 506250504 496579745 493121465 485123720 473649146 461607343 459950812 445017750 435479540 434450587 434449996 419694410 416215642 342347372 331014015 324464388 285649318 277814830 270556445 268416506 266109427 254819656 244522727 235453822 213610655 200919041 181085382 176668971 172140327 166526894 157652068 151099299 138988575 126763295 108247169 106939607 104595237 97269723 82893136 79482766 72457971 67556391 66325630 44032532 29215872 19065468 6127015 4946120 997426249
36 50
92 43
88 22
61 84
49 45
49 75
38 13
80 39
87 61
88 87
47 48
76 72
97 84
62 78
15 57
2 76
40 26
42 2
65 58
31 84
60 21
15 19
55 71
77 63
41 4
95 12
79 82
84 70
22 15
40 58
75 34
61 73
68 50
42 71
82 47
26 51
62 66
76 14
18 62
74 23
76 35
59 52
35 9
63 73
47 43
78 58
23 14
71 81
35 50
84 80
14 54
80 49
54 66
14 60
81 8
11 30
10 72
70 63
51 75
27 39
6 23
58 80
62 38
66 55
23 87
37 14
23 78
73 15
66 11
63 40
62 42
68 42
9 56
94 73
21 12
7 32
65 47
71 41
96 39
77 32
47 2
76 40
23 30
5 76
82 61
94 9
34 56
69 90
83 60
56 63
19 85
16 57
59 28
40 11
35 58
36 5
96 89
9 37
85 58
59 35
