702 0
9 402526560
4 808804472
6 544630658
8 406586034
11 267460085
4 322780515
7 896733943
9 157023172
8 658733871
4 620648586
10 503256180
7 586625163
14 290815444
9 824796418
14 865636599
9 432924499
6 817744518
10 983163440
17 426743535
8 824977951
6 545936454
14 102299760
17 746714023
16 363049281
9 322409981
12 651168603
19 789805320
2 145397375
5 669551734
11 899595640
13 246302149
9 722769707
8 995293124
6 170990576
13 263726544
9 336792979
8 154757400
8 417011556
10 150836450
5 451832747
10 358847918
16 193704889
8 965805136
3 99157506
11 112695780
9 781673860
11 875308570
12 106486431
3 816811428
13 525252148
8 67181664
13 331709425
9 513746105
17 746546275
11 68025630
5 958953413
4 272031264
8 214633304
4 654281728
12 664260262
7 990059712
12 663009318
12 582240769
13 429716807
9 965817777
11 387601297
8 852104924
7 60126281
11 8829760
15 232653430
6 519512723
7 399148000
13 423744572
6 396373245
12 589016596
12 597558231
9 99765389
11 557289686
9 53438100
11 239616595
6 483870593
12 460866360
9 36033781
10 104405368
11 807295163
9 287611096
9 215520263
12 488855546
6 203984412
11 870492482
16 128610159
14 225600855
10 577136542
7 775403046
9 60612693
5 972085707
12 57063846
9 624674302
9 383723757
11 642217287
11 667444283
11 391794375
18 654362847
6 612007530
10 548787579
9 377089777
11 289012308
8 417925200
9 999315033
9 822194863
16 11554214
8 702453635
10 816576172
15 609851003
5 445740696
6 189195973
7 237116101
10 446609383
10 972639958
9 968191027
9 46942866
9 418990800
15 970135591
5 632486126
10 949517917
11 967753029
5 617729213
7 522786332
10 170243274
10 996080380
8 67034570
8 386571925
11 246690311
9 582429459
11 372455071
7 995928242
14 182717829
10 463680825
3 194430875
11 891105633
5 468675792
7 452681419
9 130276543
5 944372495
9 101462938
5 289044873
12 126936443
17 708470420
9 977305700
6 655666269
14 968119804
11 796496355
10 868420449
7 735566486
11 922935617
4 27037144
8 559315665
6 435719355
11 532502697
11 557081822
9 845439706
11 902906726
8 864898718
10 817488840
14 671135950
6 968885646
7 329527564
10 889521396
12 151485712
11 478630583
11 916319576
7 962323096
8 416352945
11 279058847
7 45202485
14 957513893
7 965540208
10 300095143
8 510640192
10 364428919
11 923099303
11 828198280
4 55586033
9 733939915
7 798576033
7 249149533
4 746082445
10 498429779
9 691198609
17 33184267
13 293957693
7 786272385
6 238385594
10 181104438
6 558245589
10 547919028
10 616157915
11 738164827
7 893050079
2 836797445
14 444038754
6 499096756
7 741091512
7 69239955
16 85617089
14 7940323
7 859701108
11 699648014
11 71404827
8 262749090
11 1538996
10 476465997
14 453912824
5 870753398
9 474648456
12 808252471
10 132571772
7 863505567
9 253710040
11 214545229
6 452319020
9 919457142
4 878462664
7 181821120
7 458325894
4 663600071
8 765470390
12 36856948
8 606796987
5 584441698
10 519868906
8 763220914
9 901634460
6 399144495
7 112343525
8 568149636
6 833104419
12 202091390
6 135100703
7 967400703
8 860761900
12 13661549
8 392916958
10 823530385
11 87811066
8 353650612
7 15475448
7 246774417
9 149384452
12 696361303
9 101857578
11 718927275
6 98628193
10 296813458
7 539497072
7 580199645
12 914555046
6 616517556
13 535481656
7 161879553
10 278538687
8 359466301
6 633101218
10 895919595
11 934580770
8 548089808
10 354114476
5 109124836
4 716561343
12 249008352
11 846953572
9 629345609
10 623746074
12 179782576
5 387123659
11 193923927
4 760163848
8 611565867
5 946360724
13 39696871
7 884789933
5 829417071
9 965301513
6 204025820
8 892710730
8 298894271
7 248792645
11 791138709
11 863363301
10 101010880
15 841829282
9 962715417
10 816037720
5 315639831
6 254725302
11 9344369
15 823865109
10 766940980
11 852945675
4 345548590
7 868621764
7 389561689
7 890532764
9 56496337
6 670102064
6 711296253
10 959277248
4 5126060
11 207447050
9 714298394
16 813260575
6 217164516
9 763449459
8 263979521
6 284441879
7 227436522
11 742500224
12 359030741
10 441510045
6 927457466
6 138828020
8 223933982
9 802322941
12 105071260
9 792736362
7 306222780
13 242597485
9 555170716
17 675366070
16 431595671
10 398940887
11 611372434
7 247317072
11 98315981
8 293666404
9 857868357
9 831369533
8 476005931
15 494256680
6 908705029
15 623586290
8 76377645
5 214458752
8 652839879
13 629012802
8 39108422
7 186294807
5 737986741
12 2251956
10 804032354
9 958631889
13 927724086
10 489544235
14 245248021
11 541459136
8 230116086
11 765995150
8 148007598
12 902785463
10 642882587
8 335113956
7 303851068
4 888507698
9 225908826
16 987519356
10 754146969
13 264489733
10 596911977
13 869383511
10 459805972
10 651328506
7 556308095
12 957438793
6 755898128
11 239093543
10 821229344
12 842237390
10 446544351
7 759787111
11 429134364
9 597135032
8 327531228
5 743337868
8 764142244
11 209646198
8 717205902
12 593960500
12 107292420
16 471258631
8 174026630
11 42555263
6 38334945
9 477394648
5 55087970
12 547067781
9 72777310
6 658642588
4 334232352
12 353318687
8 262899103
10 457299594
9 399513249
11 742188361
8 649387974
6 818648280
11 903933648
7 218994210
10 253031637
10 656496662
6 331349254
13 326759728
12 448930589
11 100664689
6 351328146
12 164398011
7 682490309
8 32174249
15 567416946
6 641067462
8 782608091
6 682587446
15 476973412
11 592389700
9 179535563
9 393612531
9 569679085
2 248988099
7 412835819
12 129425602
10 666924482
4 175994377
10 979131648
8 884349640
6 463774266
11 798207717
8 519322990
8 293545397
9 837803466
12 6248970
4 996843442
5 131585009
6 576442706
11 489361545
6 330870634
10 738484326
8 535151132
8 894170663
12 536717518
8 933194047
6 738114602
9 731671639
7 483878197
8 391947402
6 157584243
10 574236637
8 795620677
14 452021765
11 732529591
12 392319272
9 769113189
7 204341310
10 201891044
7 924758903
11 786306155
8 876156977
10 926552954
10 318501405
10 607099512
12 970686166
13 233400996
12 27331082
11 835776437
11 510092666
10 425997766
9 131946760
7 94294897
16 475127099
3 411498320
8 467623623
14 613897908
10 605479953
9 544314330
11 186141402
7 921137718
11 683832898
15 84506132
18 108454004
16 180914104
4 329054533
14 911713517
14 455710714
12 491974353
9 942007718
10 848937346
11 184166194
5 133977030
4 14911541
9 821796566
7 78678520
7 848022515
5 950702074
14 480526091
10 965657417
7 29604157
10 523348636
11 783712600
6 765031181
10 524056669
12 765747584
7 52382517
6 175435965
12 82989411
11 68248679
13 99432205
10 764427080
17 869938511
7 798465123
5 59660760
11 251854885
13 287089146
11 532629697
9 952820598
20 80124363
6 989907322
15 399871566
7 338556047
9 949833318
10 215947352
11 243727199
10 338137097
11 814869053
9 678368395
6 936445977
12 456921446
11 217427695
13 741133408
7 715241986
9 735767285
17 222102606
12 665248272
9 104307677
10 555603181
6 234700150
5 220872353
9 793743968
10 420124787
16 715872547
7 666652707
11 974465916
5 631945353
8 873355016
4 224877349
9 707174819
9 423282607
10 574665211
9 258878826
4 754479392
5 910329057
6 767006970
11 59126147
6 617615018
6 678066269
10 366696476
10 829516366
9 352976963
8 836495271
6 487293366
17 515216961
5 45168013
10 501066885
8 820026654
10 871394775
12 830415590
8 761635050
10 959343165
10 604530584
12 126884311
7 801556001
9 890239442
11 798905856
8 321277714
7 639922226
14 475931410
12 915337326
10 694770052
6 55408883
13 113675806
6 550178955
10 998479205
9 84744197
13 363202554
6 68094737
10 91715350
10 833393820
11 301939653
15 427627837
20 347212230
12 577167943
9 346125781
7 976271500
11 223092530
11 950423721
12 602885231
13 617116857
8 939262800
11 335895467
9 882538518
10 741944877
10 635516698
8 19957185
8 466707769
11 74415331
11 298334869
13 978171364
5 429389652
10 881332166
10 801198459
14 532215688
6 352287938
7 902930882
6 240642016
9 368287620
8 824746981
13 585836785
10 462128874
8 2753125
10 609103022
10 926610590
5 917339759
14 962451852
6 601044848
11 530092822
9 501339339
10 615947988
8 159425800
9 658175545
13 557071046
4 696491310
11 806621560
10 105679168
13 81603205
5 356596969
4 834291689
14 192133271
9 722279983
7 282654885
11 601802371
8 720339230
5 611274851
8 327458176
10 813839080
9 470328369
21 860662977
7 649166016
9 583948313
16 471397043
11 401466314
7 508313675
10 260150474
4 13229955
12 889862562
9 236949121
2 6396806
7 307427279
9 407536177
4 356550226
9 850045969
16 313507839
14 601707328
9 572915449
15 347789502
12 125479740
6 826783558
2 717976023
11 246833816
13 396832716
8 6244033
7 510399168
12 508738468
5 975971827
6 475355869
8 500428931
8 152399471
6 331069341
13 431560244
9 523743261
10 440712729
7 872300725
6 523426260
12 261676610
6 864749320
13 85514214
11 908329241
7 459942434
14 738341942
9 624822431
10 51396571
6 81844030
16 915037435
7 273418378
11 312131993
8 86090659
5482
