1000 0
85 503378528
103 199759447
111 104951108
117 826593905
111 421514184
122 959290079
115 724196399
109 614726605
108 796311715
91 473361648
75 308559618
87 600367441
97 583337105
102 280093832
106 686966081
90 537616621
106 14791965
100 189775913
100 650699434
99 155621216
102 130065505
100 999977418
107 171472524
101 672870219
92 766568139
95 244523769
110 889627503
84 298497337
94 886266049
111 524121987
102 123693902
87 222565607
111 330135960
105 145521291
100 207662165
94 997026575
102 452818670
103 396194846
110 764349296
103 812618843
100 937423915
103 353779946
107 367462012
102 330391975
99 844570740
108 534781876
116 126264549
92 669735282
109 196835696
84 779284083
109 791594433
105 593907016
99 123392343
116 365732600
90 846653933
121 25118939
89 571563899
79 115528045
102 446917770
97 330246810
101 219796885
94 253449221
99 165854766
91 357929678
110 275947771
91 551725154
87 78158410
95 637187796
115 98716489
100 349777893
103 285492767
104 388200038
89 477014561
92 146680137
87 701202781
84 9977560
91 820378483
119 424456865
87 749226568
117 679329356
96 570959368
98 21359747
105 228919792
78 389383915
85 944245720
91 293524626
123 65747323
105 716698439
102 428000680
97 448671993
111 350882009
111 439946485
87 950810008
134 236483807
103 61890428
88 649840294
125 410243061
97 607495327
109 716316625
79 307712255
100 110492160
97 757912514
93 198335671
92 203593460
100 271992534
96 467622541
90 188459975
99 895460235
128 844718889
107 430630626
110 850960959
102 606332766
109 70134165
113 876074960
94 889047042
102 872811398
89 757819441
99 279623794
90 65319376
94 57162424
91 402877090
89 250471505
97 610789995
98 182583210
103 185055512
98 303214916
105 405658153
113 66443367
101 913182386
96 451853835
126 829731819
93 738211474
93 235355679
112 302642994
91 225505403
93 17604451
103 102296082
102 261610831
108 461002593
99 948270787
115 341659124
107 79313081
114 610477420
101 128766467
105 878561419
98 645476653
103 372664371
107 279381674
101 806618928
114 71077942
95 489667808
120 763725190
92 553092875
112 67782056
100 257451277
98 859345003
91 407542027
69 313668280
81 704612682
80 297177709
102 518953629
101 109388591
109 413469268
98 105775152
106 736748864
102 397131344
111 822826722
96 681320479
110 22035180
92 590027621
82 69386785
101 147763437
98 991089287
104 159864541
101 154250298
95 721880938
96 520108740
88 9512754
92 849008336
102 9673426
79 354846775
106 875025623
111 675778910
97 512116984
90 577644956
89 251148426
108 55857257
88 705611658
94 273236272
104 898165725
110 743035064
108 612658831
120 566138251
109 313510848
90 435236094
83 136021768
101 577212952
88 929075699
110 416314292
104 567746407
104 228020768
94 916416028
86 537314620
114 993780145
104 972608520
112 250253626
108 179337031
93 15038616
123 109477667
94 879660532
86 661695267
108 487445399
96 962427595
88 848650930
95 780114216
97 55167804
88 392886784
116 710013313
110 472960536
88 351532109
114 908354266
120 257721060
86 187834284
98 303148862
92 454430732
91 871892867
115 385348415
97 895311734
118 137532773
98 429996349
99 920024938
105 92030144
95 797514807
97 895957650
113 537688577
111 230442909
94 465080138
110 296386504
99 980839508
109 733774306
95 635249533
102 880696603
99 132123974
88 750252553
99 669093469
83 831585206
98 126096171
93 174183332
107 265453370
90 517034181
106 147394290
103 906567723
87 396755041
103 103406308
107 739534533
87 618490949
81 44487931
88 166865671
89 827863096
97 698849904
98 545185417
96 906126268
95 873897577
96 972316638
93 203724710
100 709801807
101 711420155
109 833979496
96 469282314
108 997645616
98 766157192
88 91716930
106 648345538
115 185452983
101 467344367
104 588240001
99 119466593
98 385812757
115 203223425
88 497387671
95 420182115
118 896312817
101 934237540
100 893628263
84 243820358
78 849702507
105 884655023
111 234046571
119 917166700
114 290910113
92 703916630
98 432245562
102 524411600
101 342115466
119 876504117
78 797020852
123 698982805
94 695132132
97 927130312
101 873441078
112 231586118
95 214692877
93 397741179
86 375024905
102 838853979
95 924235336
108 669757134
109 904785939
113 795106129
111 943237442
90 440076042
104 728206016
91 404993329
106 794395395
88 651841401
89 637170532
113 854814609
94 141867973
102 672010794
122 62191020
90 317752252
112 561771876
101 984020676
107 230400888
96 102342777
106 977140664
110 766756778
114 127032761
107 767295458
126 456898706
93 504310509
104 45304175
94 709249307
103 757409217
95 795748944
102 108133987
122 196764155
102 925898402
103 276702321
106 689866093
96 90217676
103 745917911
108 30287096
105 56114553
96 675857847
104 97622272
92 354073997
101 518896579
100 188976446
101 239232966
100 586170372
115 259024663
105 662611748
97 143697056
96 778969459
115 298690106
112 831444673
104 97702596
111 565001589
105 998035374
105 820917565
101 61129761
109 887120696
105 363627846
122 734945122
97 581687980
94 18923328
97 597892951
90 544347777
110 237589468
82 277262384
111 254652835
114 16971778
107 675136562
104 788889873
124 358129203
103 528208746
83 709158345
91 463661686
107 696251558
96 126166399
82 192723162
112 785167974
103 509158411
84 179736717
94 545646747
122 27221763
117 953153151
88 451307914
103 485314293
100 436390675
107 787689813
94 586819718
97 994625487
94 96413009
96 667660496
91 488330211
108 467473189
96 464768207
110 859633760
115 947153475
111 884860115
83 696053363
108 487333084
87 22361684
109 882156665
78 91895281
94 729838944
80 629709264
95 661574414
99 833077582
80 263038168
111 49390926
89 179966770
113 252774561
121 463117285
96 793838140
115 311725680
111 17706754
100 636604384
104 141697582
102 411300509
83 828978432
88 172282510
111 344512324
101 946683288
87 516322971
76 62163994
94 599428938
102 731184866
87 530636956
97 320917909
110 863247730
95 848359504
107 530329077
99 88768717
90 447886489
98 16259138
112 969364433
95 505227928
107 830329114
85 89953373
103 326397217
88 462898553
104 99421121
114 335326583
99 997519739
113 962479434
99 694377485
93 288299000
95 201364756
97 89164456
91 768723085
114 814183848
94 274357340
103 381645536
111 969871536
103 715440396
108 203503868
106 790925277
108 973532910
96 536134279
88 16824131
97 979525660
114 801095452
91 875591080
97 772388030
90 79564088
105 26380739
125 215593497
114 993177569
90 692138950
108 914937251
88 465483333
93 459866930
97 777289617
108 581204869
99 457703891
110 793246093
96 577840835
61 219147112
78 590876769
95 151701575
104 312182876
100 246239305
86 456445589
106 486207500
93 950668858
127 674314350
100 750721594
99 706344447
99 627589197
109 368276446
111 242839747
90 689292968
83 643913324
93 707562527
111 305945199
96 779038480
92 371519371
94 193124445
90 880158859
95 487118558
100 843898617
87 234547788
102 786256703
108 62572426
119 532876819
98 13490920
106 54318054
93 387705935
117 809410582
93 628411159
109 662841544
95 972184778
102 515578257
97 564544011
125 534481957
106 334842261
98 32421130
112 863902632
79 413076292
93 971944077
107 439111466
87 262573743
93 903552306
103 638225267
104 500180996
87 790462025
112 537967906
105 629407929
111 805226442
117 228072004
95 449305241
114 785897378
117 902272063
92 917843298
83 840678400
109 471190215
108 76718288
95 555420335
106 671956415
97 132544757
90 315349955
98 207043844
93 940716992
112 115234692
102 906718403
87 526592985
102 96546924
88 704438660
111 642092990
107 982832776
97 489596873
96 271923079
109 799824416
101 711782583
98 374823058
96 944116789
96 745371943
99 363567888
88 939204545
93 870539440
91 894236389
99 696525891
93 970993421
93 849024177
89 183343281
101 286443549
92 443429150
82 350911535
86 70281870
112 164427511
100 318361871
86 213907976
107 514094671
98 977059404
94 257176001
122 213368219
89 868220342
111 759607456
108 785722031
100 28261596
86 287596266
126 430190102
91 254362835
105 563902024
94 593152470
88 969664853
104 766427328
117 894198070
86 798601019
82 80560007
91 943651703
99 335573758
106 901769502
116 63263679
98 744808685
108 657605083
113 706701858
91 787097546
107 311347942
100 950704301
84 549882687
109 259803069
82 629416917
125 274028636
111 915582883
103 912507483
88 572662366
99 931242570
97 941628233
99 365792861
101 833553561
85 873057073
94 79870297
95 261561790
85 847110731
91 466337403
94 652364949
105 271526828
107 193667558
111 577877534
101 155524661
98 404935221
106 733170499
101 396649586
74 761906918
80 756409310
92 273477799
113 347423799
106 641756080
117 578021837
87 991460726
83 628820683
92 196675076
105 504022419
96 75475286
109 499865160
130 427561789
96 928181818
114 121267731
85 939244186
97 485994223
92 253898573
92 7814251
96 195750059
101 791297103
111 400034026
107 274329842
110 415096140
120 649045083
97 935537986
86 234891444
103 257413330
95 352011280
99 803116430
96 314632050
108 981146493
101 272028076
94 344380474
107 221963708
88 413018515
105 304421357
93 526968035
88 518590641
91 481540858
85 426641473
90 28312286
102 306233775
99 782737071
100 526676381
98 115660778
104 775601324
109 849136906
95 882847368
96 900153758
100 856887593
106 891490904
94 15084528
106 308111922
103 166519712
101 278668904
97 110438508
98 372311022
92 548762189
77 540805847
112 526196705
118 265991691
73 67679462
100 221750055
88 619613682
113 834273651
97 33459884
92 79160169
89 38774817
107 736714251
112 891273683
107 391128729
92 694701316
99 542010409
100 72146300
101 788734203
89 597318241
94 543127153
96 471998039
88 607375135
102 115485395
90 409422783
95 314642503
107 798955972
93 250294499
98 514054538
116 781050397
85 604007439
101 182372608
101 222310577
93 271299952
99 859999891
99 516237182
98 200912349
111 529699180
87 734321034
92 980126251
95 864108096
93 404141834
89 220580642
104 911236887
102 693178677
88 21531346
106 239264289
107 817743670
118 938677277
108 720705346
91 811835285
112 544241762
109 119653823
114 45821282
109 244762146
101 689151163
95 26408937
111 485151717
103 391785678
89 870923893
90 369345101
98 145717313
108 470933478
100 417066051
97 156095678
110 802574083
101 783768638
107 842919233
106 752621312
94 738824705
102 593144296
87 660030856
94 406561619
101 116229034
109 504497921
98 309616321
123 640413368
97 844075201
97 201178423
89 949285922
90 52704013
97 921675856
110 850434575
107 693504561
95 751438545
101 829559526
103 330357329
96 101713780
89 826816787
98 736476983
96 911321537
97 368547680
109 894217651
95 188232308
111 398193762
98 510646333
90 349222294
80 329345658
80 799084107
113 253486247
102 548602816
119 529496757
94 2212710
107 980163937
95 132670177
117 602669449
110 275809279
119 114114588
101 42582069
115 860325869
92 324822683
95 167073347
97 112461007
92 934174610
102 235685665
84 605972841
118 542167614
95 761473395
113 857357366
106 214509988
76 604018096
109 512211562
94 291224801
96 639046602
116 570600293
101 491047259
83 179697625
106 485221754
99 412857122
89 101252677
98 153294978
111 489762485
97 8598892
90 661703015
108 339490041
106 339017603
103 514105040
113 878405237
94 473883862
103 70396468
103 985581651
106 432566151
79 13560773
102 648300924
87 256201215
93 723175661
91 988093536
105 719406979
107 245281114
106 216546870
91 459951081
101 463317641
109 440844992
87 533133380
93 664161176
104 652713138
106 844533896
117 604287530
102 344179563
103 654814862
101 624020253
101 878631048
104 448601995
120 420523248
99 427989915
108 812968698
96 490480446
87 839477497
95 166054223
101 493217502
107 574368296
107 25771057
111 158297319
103 308357695
96 380569705
106 707236712
96 321070192
110 689279846
117 757228785
111 291238865
102 649124686
92 553506008
112 834709511
90 101641130
103 866024889
102 564464306
99 929650669
104 348262033
106 262579717
85 951679029
82 756190045
84 729076657
101 682150276
99 48844748
107 270429844
110 988362389
101 976338754
94 143237120
82 682512832
96 480979173
116 514414000
108 997728875
99 254339544
99 484663786
109 262922568
110 679657327
116 163499826
97 382727598
91 44697761
112 953227833
99 30044800
80 929362421
90 816637037
110 715486919
107 669714227
97 617470879
89 399326884
97 940617759
109 112107067
101 594949387
103 24417837
101 952219077
93 822227017
84 564397122
101 389767881
91 410512824
100 695981966
109 595842718
86 903436051
105 987969716
80 425227268
102 965893909
100 354764509
103 943708629
83 48438153
114 390925392
93 382842992
102 825628603
96 59037547
86 552137146
131 277348265
96 613758151
114 460845209
91 984636664
106 80755817
92 577624797
93 923502040
92 539347957
103 99254083
107 527931232
91 236332705
100 13297915
107 685805931
92 936488362
88 130233777
81 137037790
100 74699286
102 65467632
100 749505371
113 675305479
108 517059495
75 706058361
104 64378552
108 327552847
104 702141709
96 778214392
104 657910011
107 349927376
92 382673268
94 664481976
96 215829174
110 225364320
106 407532741
97 461758165
93 960512987
96 297857376
107 247829387
107 909353686
107 854719890
92 196788976
97 62896730
105 979952
83 391794375
112 659751518
97 847746365
119 453047190
91 170419489
94 24125035
103 405628456
93 821803325
106 519886629
104 191530239
80 40373030
103 151510660
98 110027602
97 970141898
106 655262112
98 305136146
101 175060348
100 851383505
87 913288905
105 510809886
80 599386220
109 305786864
80 769026808
97 721465854
104 829842128
103 436602393
97 846739597
78 287499088
97 443863655
96 913244585
100 43788595
106 513589816
116 683244098
113 844234629
13345
