100 100
70 24 1
24 62 1
62 44 1
44 75 1
75 20 1
20 100 1
100 2 1
2 65 1
65 79 1
79 91 1
91 50 1
50 35 1
35 59 1
59 17 1
17 66 1
66 54 1
54 93 1
93 51 1
51 10 1
10 99 1
99 72 1
72 90 1
90 12 1
12 23 1
23 46 1
46 27 1
27 92 1
92 87 1
87 84 1
84 41 1
41 56 1
56 28 1
28 95 1
95 88 1
88 86 1
86 82 1
82 55 1
55 36 1
36 32 1
32 42 1
42 57 1
57 68 1
68 14 1
14 29 1
29 31 1
31 1 1
1 60 1
60 49 1
49 97 1
97 78 1
78 6 1
6 83 1
83 76 1
76 18 1
18 39 1
39 89 1
89 33 1
33 38 1
38 7 1
7 21 1
21 74 1
74 22 1
22 85 1
85 81 1
81 30 1
30 58 1
58 40 1
40 13 1
13 25 1
25 9 1
9 73 1
73 11 1
11 47 1
47 43 1
43 4 1
4 67 1
67 64 1
64 26 1
26 45 1
45 8 1
8 37 1
37 96 1
96 34 1
34 52 1
52 15 1
15 3 1
3 16 1
16 71 1
71 5 1
5 80 1
80 19 1
19 94 1
94 61 1
61 48 1
48 77 1
77 63 1
63 53 1
53 69 1
69 98 1
98 70 1
