84 84
72 2 1
2 39 1
39 64 1
64 3 1
3 77 1
77 83 1
83 80 1
80 47 1
47 78 1
78 69 1
69 12 1
12 79 1
79 32 1
32 42 1
42 66 1
66 10 1
10 58 1
58 13 1
13 67 1
67 24 1
24 37 1
37 6 1
6 54 1
54 14 1
14 18 1
18 46 1
46 16 1
16 76 1
76 49 1
49 50 1
50 11 1
11 20 1
20 52 1
52 73 1
73 60 1
60 19 1
19 29 1
29 57 1
57 40 1
40 84 1
84 63 1
63 17 1
17 23 1
23 22 1
22 7 1
7 26 1
26 41 1
41 1 1
1 74 1
74 4 1
4 71 1
71 34 1
34 30 1
30 51 1
51 8 1
8 48 1
48 82 1
82 9 1
9 15 1
15 53 1
53 5 1
5 21 1
21 31 1
31 43 1
43 59 1
59 55 1
55 56 1
56 38 1
38 35 1
35 33 1
33 36 1
36 81 1
81 28 1
28 65 1
65 61 1
61 25 1
25 70 1
70 44 1
44 75 1
75 27 1
27 45 1
45 68 1
68 62 1
62 72 1
