77 77
44 37 1
37 3 1
3 36 1
36 16 1
16 76 1
76 17 1
17 35 1
35 50 1
50 55 1
55 58 1
58 75 1
75 71 1
71 13 1
13 47 1
47 29 1
29 27 1
27 22 1
22 64 1
64 25 1
25 2 1
2 48 1
48 11 1
11 7 1
7 54 1
54 23 1
23 52 1
52 77 1
77 8 1
8 57 1
57 33 1
33 60 1
60 32 1
32 70 1
70 34 1
34 24 1
24 68 1
68 65 1
65 56 1
56 10 1
10 67 1
67 14 1
14 45 1
45 66 1
66 51 1
51 41 1
41 38 1
38 28 1
28 53 1
53 62 1
62 5 1
5 74 1
74 43 1
43 21 1
21 40 1
40 19 1
19 12 1
12 49 1
49 39 1
39 46 1
46 20 1
20 61 1
61 59 1
59 30 1
30 1 1
1 42 1
42 73 1
73 26 1
26 9 1
9 72 1
72 18 1
18 15 1
15 4 1
4 69 1
69 6 1
6 31 1
31 63 1
63 44 1
