129
1623
382
182
1
255
482
14
346
557
4
3059
13
8
98
252
6
1130
761
1
2
7
103
1
5
50
1
21
10
1405
1
2
4
203
4
2998
8
1131
290
11
138
108
1
1
19
4
1
117
9
348
193
332
3
3
731
1
1
48
3334
6
7
3
10
3
425
1
1
988
15
490
2
263
3
36
72
4087
3
3
2
3
258
342
996
274
233
57
3
3468
26
144
81
167
11
10
2606
2220
1029
737
2
979
19
1
2
1091
1
239
605
1
4878
21
213
3329
1979
1
6
1813
61
1
58
1872
3
1102
2
840
560
2
69
3
2250
227
43
3663
52
8
2107
419
1
19
1
2
1034
1290
1
1
15
134
1
302
777
2955
29
1103
261
22
416
5
236
22
92
1
628
5
1
2425
5
28
3
4
4311
8
7
2
1812
1
76
493
495
2315
13
7
1550
9
1468
876
36
1
1
3746
1
60
1
1
1
1003
25
2
5
9
45
29
6103
7
314
13
556
70
2
23
6
398
630
625
44
1137
3296
2481
809
684
165
1173
20
499
1
8
20
3084
1242
2
43
2
34
2
122
4
182
4
4858
1
3530
87
2
319
12
459
33
621
3
10
3646
1
221
1
1965
379
1982
1
431
2615
2
1
6
428
4
1
1
21
4266
1054
5
1
1
8
5
1215
164
42
2639
1
20
104
3
1
3101
108
2120
693
38
1
1
634
11
488
3863
2
239
2983
53
9
67
3577
1536
104
228
142
8
119
1435
3226
10
12
1
3663
61
1
25
182
1260
2
472
79
14
3
163
16
2
4618
401
6
12
2
40
112
785
47
2383
7
737
5175
54
1033
365
3
110
16
10
10
57
2305
408
175
1
3
5
4
5
2
535
2170
9
1
73
2
6
5
14
1
2597
1451
117
75
10
2034
139
485
6
392
78
427
672
29
613
35
1307
29
195
3568
15
2
202
21
1291
3
1
2009
5218
41
86
171
33
6
577
248
1269
8
1
19
80
4
1
27
150
8
7
9
92
8
471
161
432
3
81
5
2
1505
2
71
375
1040
770
2
12
59
79
279
46
58
14
64
16
387
71
2
604
274
351
1033
2
145
59
1289
112
40
2
4980
3
4
93
2714
373
4734
11
1
463
425
763
7
60
179
5669
4
1861
115
5
5
4441
161
6
3
2
1
4
585
16
2
767
1
300
2
4
1
127
214
163
7
71
1
152
1
1
4247
1575
16
183
22
1775
8
6
249
995
2079
1125
6
2
14
263
2863
9
53
168
9
110
909
24
40
409
7
127
597
10
654
7084
2
4135
1
5
425
1348
745
66
5
744
1
130
103
1464
2
48
93
1
365
10
1383
2
32
97
12
1
2044
1
2
156
4
181
13
15
62
10
1
2
1595
474
101
6010
3368
4
95
211
13
42
177
2
18
1
2
3307
37
25
1
1
77
1348
1
14
359
4330
1
278
207
1
15
3
1
2
2014
91
2736
723
185
1
6
4896
14
7
808
226
1
1
1033
1
12
80
6
236
14
1348
310
5
2
15
2
430
1
3377
83
163
3
679
5
1628
2175
95
72
1
57
2153
778
1735
2023
285
373
1
86
321
1
22
6
2
1591
697
2
1052
278
16
6
15
29
181
30
27
29
4559
1
466
4
1
2
923
4
5
1
677
3
2
117
55
114
4
156
490
97
136
142
4
5
1153
1
1
6
8
24
468
4
2
8
2
174
14
63
51
24
42
189
8
15
9
16
885
244
331
4
31
248
298
76
1005
2
1
152
379
1
2
1
2
1
226
31
288
4
8
86
59
35
27
18
161
68
42
146
1134
2517
1110
72
1722
143
26
206
1
725
2
1001
224
4
192
6
2
84
3402
403
4
584
6
239
757
1
78
2
665
1164
91
492
9
6
1
2
235
2
89
3
259
172
3521
148
1
1707
668
208
15
36
4
55
4
1
204
269
17
6
56
53
1053
647
4246
341
974
10
2
27
726
1359
151
5046
13
17
2734
5
213
24
61
4
18
22
214
44
2769
1
294
400
3
1
12
934
2
1624
749
277
6
658
572
5
807
14
1080
72
140
638
85
1
112
1
121
5
881
1943
13
21
208
1738
6
5
1
3
35
183
35
2
118
42
5
149
40
1279
1875
3502
95
17
122
2
1799
2751
86
18
2
1
83
6
436
47
2
1
17
375
39
1360
13
183
4
2
93
38
234
249
2
1981
1
1
3
25
6
1628
104
85
393
212
3084
44
375
3
2
2858
98
796
1064
4
26
910
258
462
84
980
1
12
58
36
2
4460
1798
31
369
43
453
184
6
28
979
49
1
276
2710
1
72
782
14
1
5
363
4
1820
11
191
2
289
191
10
1362
51
6
20
106
1
13
848
6
10
76
471
1062
1
2
1
185
609
39
1
209
2356
1
1
3
234
837
3
5
353
278
82
121
9
314
866
288
420
16
10
4
7
4
4075
145
538
1
1
1356
3
1585
25
11
1
62
2
553
767
2100
3447
666
54
1
11
1
2
276
1496
52
4846
6
15
1
13
4
243
173
2
309
1
1
4143
852
3
291
18
2311
2
5
48
602
87
3
28
129
176
453
619
1434
35
159
211
1673
531
367
318
1024
7
27
773
1134
22
135
1
2
1
1
3
5
52
6
3135
15
6
6
13
176
113
138
3
5
535
1850
3408
161
1
2
103
7
45
752
102
19
26
9
693
3
70
49
9
1
451
147
3681
4
485
38
2489
2420
6
6
852
1427
1024
5
15
27
8
18
531
999
103
241
51
1
322
773
2
69
1468
20
4
2
1662
5377
1
21
1044
2020
931
236
108
246
861
1828
1
865
9
14
461
996
2128
12
831
6
251
113
7
28
88
5
5
283
1
958
4680
4
1
3
53
687
104
224
6
5727
671
65
106
69
379
8
1
12
9
4143
1
261
141
774
14
3
182
11
5347
569
21
1
3
8
156
2920
1174
25
4569
24
88
4427
33
52
1633
928
1079
7
837
1883
13
4
1813
2
26
39
2
111
1
186
1
1
4629
300
1
240
894
18
2
129
93
1
5755
75
23
49
2840
24
5
2
131
286
24
1
4
1
602
1
2
3
73
490
12
1826
375
1
116
1
442
1
248
2
389
629
330
11
2593
5
21
10
24
7
225
104
5
2069
1
203
69
1082
1736
398
1
319
499
1
195
1896
26
108
5
14
661
1
27
20
3
953
1
2
2985
2
3
1
2289
13
4
1
17
287
934
11
100
478
342
2018
3698
979
40
510
1
215
107
179
800
142
37
2
2
2522
298
7
6
9
1
9
2040
1847
180
389
27
165
34
283
832
1
121
973
1599
9
1
1
2678
17
754
23
22
102
326
467
242
52
9
1
703
7
5
2
1
34
1
3234
5
1
441
85
3677
704
2
1676
4
1661
1
5
44
13
28
5
5
635
1494
1201
1
822
8
4
67
17
5
4
741
31
41
2
24
331
16
805
131
5
436
414
1
216
75
24
5997
421
34
305
1100
2581
933
45
1
16
1034
6
2
1504
32
401
1142
894
10
25
1
2
353
145
1114
1
6302
452
311
1
414
44
1095
2
216
5977
1163
601
10
986
22
358
5
543
167
13
4
6
8
60
112
4978
1384
40
10
212
2
13
1123
7
18
12
1133
40
221
8
2
9
1545
1
2023
1120
57
629
5
4
1
6446
143
13
2
5193
154
504
706
1
180
93
4
107
1
66
2
542
313
13
162
30
371
3423
1536
3009
5
69
5
1
732
2
3
2
1
22
12
13
139
128
209
2
42
148
329
1458
1
146
60
1587
83
1776
2121
1
878
350
100
2826
132
359
433
13
200
44
4
145
126
456
711
105
50
46
34
13
389
3601
760
1
1
33
127
154
3
1
1434
10
212
2035
1510
152
69
1
1
4083
2923
269
7
345
10
644
1
9
2451
38
80
1
1
124
167
7
974
14
1
823
1109
159
43
58
31
8
24
4
4806
1170
47
153
114
39
1789
583
4475
3
493
6
303
206
1
827
3
35
3
1
754
116
5
1563
811
46
1
1
20
2248
1858
67
193
387
1
664
7
33
778
1
1
42
3
255
10
2152
6
544
9
1
450
780
1
4
31
2519
34
2
6
57
155
1
16
1625
476
70
2498
1727
3
4
4
50
846
116
5
322
235
683
2399
12
2743
29
1
4
1
803
15
18
34
1
160
4
3009
18
19
29
205
2089
4
5
1
794
133
16
1
496
3159
17
33
197
6
2
13
11
2735
2
1
2512
27
2123
25
470
1
25
8
1
114
3195
566
860
2161
3348
770
120
3580
91
2
232
916
940
2
1581
431
2
1970
7
88
6
139
23
9
3550
66
3169
4016
1
97
285
41
94
24
546
16
498
1
1
1181
10
15
50
1
6731
349
1581
384
1
3
55
5436
244
1
3
5
7
4
2
57
1
16
1588
672
69
414
351
20
1960
36
620
19
6
1346
1656
5
3503
1
1667
1
1
512
1754
2
517
88
3383
320
36
4
8
12
2
10
32
117
71
2250
56
4473
342
1
6
161
8
395
4
29
802
1
62
133
686
9
21
32
149
1336
748
168
2
2
1042
8
454
2455
8
22
695
1356
19
7
6278
2210
2750
41
16
1
78
6284
184
60
15
23
1
55
1
4
1
2086
4016
2
1
186
2
3102
1401
2
8
36
56
3689
6
3
2
282
6
3
406
1857
179
1171
4343
1
8
12
5
1335
565
41
11
1
543
282
130
1
630
17
1
258
183
2
414
8
3907
2416
2557
10
556
218
53
1
115
2
1
854
143
11
191
16
1
9
2
10
16
213
8
1
39
1
4921
482
329
1010
2
4678
109
2
23
538
6
26
2
15
7
640
12
38
70
254
13
1
3271
9
8
5
13
10
858
47
7
21
1
48
2116
101
4086
24
14
20
1
2
1065
1
116
874
4
170
3
1
39
57
1
675
240
139
344
387
1408
23
430
10
926
39
6
2
295
1140
20
716
3
76
553
232
2
2
23
1209
41
3
1
195
153
2
721
401
1628
277
473
3
3235
69
513
1320
1010
648
2893
124
2233
13
6
2
4
3368
5171
2
5
11
26
16
303
1
19
396
334
29
28
359
21
173
8
1481
6444
291
55
3
6059
522
731
10
222
1
120
1
2232
2
1
1
101
17
74
26
5043
1094
38
70
27
176
372
7
600
114
4023
678
8
1804
537
100
20
1
5
1
3496
15
2
10
1
93
64
228
1
10
1758
19
13
1905
36
58
404
3
2086
1
2
1
138
3
11
932
5
2347
121
2
8
1950
1098
12
4785
148
643
4663
303
826
2
15
46
1
5
442
2351
257
3
201
35
347
981
1
805
5
29
3503
645
4
143
1
11
4
1
42
240
66
5
1477
6
1
3
5
12
4
57
105
1433
4
2
2
1796
3
1228
2
14
75
1162
25
2
1
523
1510
147
196
499
169
112
761
520
211
81
74
1221
1
2
6
4
1
235
874
2594
7
1419
1
48
474
2260
42
1
408
2
4
3159
1008
7
126
4655
6
365
71
7
8
3
2929
4
3598
2717
8
174
748
5
122
21
8
4
53
84
1365
113
288
4
465
3
1
6368
2667
224
40
1977
2758
783
13
1130
329
1
1
412
24
3
2659
40
69
32
2633
55
31
33
1
7
292
596
107
101
3425
14
1047
329
162
6169
1350
2
545
3
2829
70
297
20
6
12
4514
40
2
2958
24
1166
891
4
533
298
1
4
1004
519
79
156
617
3230
599
3520
643
578
877
615
622
210
976
50
53
617
3356
2
8
4
6
872
13
2488
18
4
1
40
13
5
973
1
11
2
4
1
120
1952
3
36
201
340
23
10
71
75
8
198
124
97
31
526
166
2
780
15
56
1407
16
37
238
1
2474
21
4475
1804
1
1
61
179
1
32
867
469
531
1714
27
37
11
17
2
35
1
313
4
3
12
25
648
124
200
107
1168
25
46
19
5
6
28
3
340
35
2
4036
4
4719
191
258
9
3886
3496
356
1
269
23
261
5
1
70
6
1
3
12
3
2
1283
277
15
45
1
1
11
549
30
10
1
32
1
1
243
6
28
437
33
4133
17
330
123
592
7
71
43
71
1
1
30
303
2087
148
1255
26
137
1
64
6
432
1306
54
3119
176
2
3
55
1
67
9
307
819
19
26
1551
716
273
259
1
346
5
878
122
3
893
9
1143
123
33
113
3
3
2
32
210
15
181
1
1
1567
67
6
15
30
97
82
34
839
1
3
728
1713
643
1
2485
1
4
60
28
2324
1253
365
10
443
2857
8
600
78
5
847
816
17
3
1
2
5
22
112
424
138
7
363
410
4
1
155
885
914
25
66
2
5146
182
781
5
32
2027
3984
1
19
2327
2943
80
25
158
2352
3
2
304
83
3193
149
2
7
7
1
1244
558
3
129
164
10
854
755
1
1880
14
158
5629
354
9
440
10
2
1891
1
155
12
2
428
2025
2
185
19
153
1628
5
1
889
1
3
172
37
326
5
2194
1080
1
34
3435
17
1
2
1
4
1
9
46
214
157
24
201
16
676
2
2223
320
233
1
116
486
640
276
455
1
11
29
3
1336
10
327
1
332
2243
2
16
282
1384
17
380
1
3604
60
2285
1
1
3
1678
100
1484
4152
534
1
42
1
1080
202
466
2
33
14
12
167
10
1
18
1968
1
222
88
4
513
35
105
7
3
358
2803
3
274
147
5
3
177
824
189
2864
6
50
3
249
13
1
1
54
387
44
150
111
310
2969
2
2545
2
30
1100
512
1853
11
1
2460
7
6359
410
2
1070
70
124
96
2
28
2558
1
113
2
746
2555
70
98
1770
13
2
12
1917
1501
50
65
746
32
121
8
10
2559
155
113
13
62
3
2
3
18
1
7
3
1266
9
2369
1
3
27
65
19
5
5144
108
3656
5594
260
2
24
36
3592
7
19
1
1
648
16
140
173
2063
211
4
3
16
19
970
23
400
75
236
10
330
1
66
6
1340
2
1062
1574
2
1
58
2
3
92
25
2792
31
21
107
105
760
2
12
170
196
266
11
2
155
34
5
4
14
1
318
1
200
953
17
24
4
767
4
128
3
378
60
3810
35
69
109
1341
107
2865
31
55
40
1569
383
82
137
4
1
2
942
4
4111
1233
2067
1
171
6
51
12
12
59
5186
1
1712
4
894
1
2
38
16
244
79
48
426
37
23
2
4
1
1601
946
175
127
1
68
4
109
28
632
3382
1252
33
111
20
3
6825
490
16
38
1418
124
92
14
387
1664
2
215
32
25
11
1949
315
13
48
193
47
3975
1396
6021
1
49
498
1
145
462
2
1
1
2105
281
87
4
1
2
14
241
8
1
13
1
202
18
131
10
92
262
9
57
25
3
453
11
374
283
60
2
1
3060
3
69
1
16
5
1
13
1815
491
2001
2
32
3008
24
1
14
5
1263
1
268
13
71
488
1
493
5
2615
726
31
2
3544
3962
5
1
886
67
2102
207
2064
232
2810
2
62
3050
6
28
4
88
1
2
127
478
31
3241
185
17
5218
10
1
276
597
5
5349
1
350
570
2
4
4516
12
2861
54
136
17
501
2
2
472
117
36
1250
1
31
804
3662
741
18
3223
2735
916
45
5
59
295
42
1996
23
60
87
8
22
532
12
36
51
253
150
4
6
3
8
1
449
2
4
183
619
609
1183
1343
2
75
549
2542
1
33
3
10
37
8
7
1
103
211
318
2404
2326
107
179
2
1
3559
969
355
79
7
3
2297
10
3
1023
4879
2298
6
51
1
1985
1726
1191
3704
2
4182
27
8
2
27
971
1631
2759
7
2082
90
1
2
86
17
271
22
6
340
15
2
8
1
738
24
31
3
3
51
10
2
145
3184
62
1
4
5104
356
296
1
406
88
445
1
410
472
1266
13
17
4
32
649
99
832
29
659
200
92
219
2
1
13
1
182
2200
10
3
41
3
2
1737
15
3
1
1
346
74
2
3
114
1309
2
947
57
4
1586
9
54
3290
3386
2755
612
31
144
1
2
2
289
3113
45
5
112
525
1273
4
436
1509
3
32
2297
2387
979
1994
1
65
6639
1
14
847
14
1376
1
71
385
2
1156
2667
33
252
3107
4733
427
3179
118
4
76
1
2
16
9
207
2
19
2150
149
2
1
4
204
1972
1
2050
7
238
13
18
239
16
2
143
1664
43
518
403
3
1
4277
558
1
690
72
1
560
7
82
5
1495
7
1460
6
279
2367
1
124
1012
199
1
3
122
9
80
45
2
234
724
1660
1
1
592
2805
324
3
1
2176
349
1
62
630
272
3628
1692
19
2
7
1301
5611
28
70
1
8
427
776
1
22
231
69
3
5
6
159
1
219
118
825
21
2034
4
4
116
245
47
5
77
4
33
3
98
204
1
269
106
1
277
455
1
1
122
66
4675
3
6
35
58
48
54
5
87
1
1295
24
12
2
3
4
568
56
370
3642
156
416
8
54
519
33
268
7
8
9
9
1
1
2
366
2
351
19
40
99
1
1
2
698
30
1
26
1182
34
19
110
20
116
1687
5
14
8
696
1
7
1
7
14
57
3204
1
1
10
261
4
35
1
11
6
909
12
67
82
103
427
3624
661
255
388
9
2
1859
214
97
3389
34
2
65
4
316
179
1
1438
3
228
5
2174
11
1562
583
1
212
40
1397
49
3155
2
539
30
3
107
171
1129
6
3
116
631
3
3
11
2
192
74
35
1433
14
7
913
16
21
2
9
30
5502
117
2569
1778
1126
2
1243
11
223
25
2464
310
137
1
2598
16
36
133
2032
470
3231
3
238
1662
300
783
28
1
59
3
2025
2
510
15
1744
26
591
922
151
288
83
764
10
459
3401
7
38
47
1
28
3
21
55
693
250
21
3105
2569
4687
1848
269
9
581
21
6
72
21
116
120
19
113
7
8
13
211
3
26
802
7
1196
3386
109
207
5
19
60
4
3030
3971
812
7
1011
58
1
1
109
105
1669
3
33
85
25
2
161
65
4
50
23
1
132
4
842
121
81
247
697
1
32
7
1
62
2
4
16
19
1
23
148
2553
5398
1038
62
44
2573
1
12
6
130
93
1
666
1
1
2
1989
4
59
117
97
6
8
28
2
43
21
2465
65
8
13
267
385
15
132
1458
75
203
548
1
27
29
26
27
386
1582
2198
2
1
2040
4
1
170
2
49
54
1613
79
2986
96
1
4623
123
1353
48
39
55
13
252
70
607
704
11
1
166
6607
4
1
796
2371
25
885
1252
208
1770
10
1
1105
208
1
683
3281
249
567
28
3398
61
2
1
535
1
2
97
20
1
30
3189
268
1993
427
1
2
27
2130
3
1782
89
44
633
48
103
3186
479
74
8
2030
2400
1381
14
511
3
1
26
1
4
20
356
832
3
11
16
1
1
1209
27
235
86
2
337
3
253
1
59
35
1
1041
3
82
49
558
2264
222
1
5
1
5
3
319
3656
1
215
241
1521
36
2
2058
3
77
8
79
820
931
122
260
400
47
1
9
1868
36
4
1
2111
883
9
555
16
1
222
30
1
3
2098
1029
1
24
69
6
14
1314
22
2
382
124
350
5
2392
8
1
7
1
589
84
3511
3
2553
3
20
4
464
245
216
4688
1
313
488
1
68
26
2610
239
409
4
3
327
31
202
541
2
1243
47
1050
960
6
507
3
3
254
1
7
2
9
87
3691
1441
2
24
1089
391
7
4
613
2906
3616
1
1
2634
2339
1573
9
55
9
3
32
10
15
18
102
178
6
1
109
2
582
24
331
2
2
2011
1232
294
498
119
68
2
4737
1907
1
415
1290
900
1
2
15
32
31
1
2
1028
85
4740
580
1
4
536
9
689
1
371
1
1
1946
1
836
567
509
122
1
3202
15
1832
4
50
18
413
1129
244
1072
29
31
961
3004
4318
1543
662
1
915
56
29
6
119
62
225
2
372
2
1081
43
59
97
7
128
108
36
4
844
152
5
4
1
2
21
5
177
7
1
303
3
639
2
27
1
1129
4
9
88
17
3
5
527
3
134
1
645
4
1
562
21
685
4
80
3
2411
148
153
1827
3
485
567
80
1
3337
4
3018
8
2
4068
11
2392
9
914
1
22
1
37
65
1
799
11
35
35
2517
2267
14
31
4
77
780
376
14
179
2
2
992
15
2368
279
1886
16
61
69
7
57
233
78
10
1478
425
1
77
1
5
1446
112
1
88
71
10
1
21
36
992
3
2019
1
7
81
9
1764
1055
46
4917
1
14
68
6
113
289
21
236
7
10
2058
26
45
417
57
774
96
15
20
2554
7
87
1247
20
308
29
22
1
3
23
3118
2
86
3
4
297
202
10
1594
1
1
13
1
101
1
2
445
1954
8
399
42
2696
580
2
66
1563
836
3326
2628
113
1899
3
3
148
55
126
72
1
10
1
1
16
6746
102
8
416
13
1421
5
13
2
1661
341
1
1
50
304
4844
4
44
7
3
1833
180
24
72
4
44
3305
864
3
5
5
1
30
1
52
349
118
515
345
6
3
78
68
58
1
3
2
22
19
63
485
82
1
10
4322
1
1
22
1
4
40
68
464
39
1059
47
321
121
74
62
237
800
3
95
7
4581
2942
1137
43
1
197
4867
81
41
1600
1541
40
2534
1260
2
3459
1
1
19
1
5
3705
1094
663
1892
1
117
60
211
1
36
171
2
50
6
259
581
2
420
2188
26
1
274
2294
6
5
4
19
183
1575
542
3784
22
50
1328
41
36
1
226
26
26
72
14
1
1291
12
154
706
2
2386
3
307
61
46
694
388
18
681
1227
35
70
8
1
356
39
1
26
283
171
4667
1040
1
1
9
1
220
1911
66
30
51
2
753
1
28
2498
51
2347
27
7
1312
28
2525
506
2
46
1
334
243
315
3
1
1
48
73
26
4149
1
4
1871
2
139
12
3666
448
36
2
789
2
314
227
23
12
1
68
482
1530
18
378
235
39
855
47
1
1070
265
1
2
27
842
467
4
15
1132
141
1
1144
99
1785
5477
3430
1
2
6
73
921
1
1898
3
500
69
5
169
173
20
214
37
1037
112
1549
1
504
7
9
374
1
1
2
15
1356
633
472
96
1860
229
1
20
3126
1
4
262
3612
140
8
8
101
2404
3
10
3087
103
6
2733
6
422
38
40
728
174
279
8
79
310
37
272
5
2747
1
5
1
8
11
214
4056
699
5
978
5131
591
294
369
3
29
2
657
3
108
185
395
1
9
17
32
318
91
726
12
115
7001
1
433
946
8
1
1
165
340
3
527
1768
647
10
362
49
131
10
2
981
2
105
185
2
592
18
6
1
4601
1373
3
2813
166
240
17
114
2495
1556
253
1708
908
237
131
6
598
1421
1
1834
2037
81
1265
33
15
2578
178
569
18
243
2
2
5
10
112
1144
144
336
90
23
1
2
1092
35
346
329
199
6
5484
1062
2
731
2
4
4
16
23
1
6
12
7
25
914
92
3976
2
8
1
2
4
14
5075
3006
2
2
153
8
1
97
9
1
279
69
7
4
10
3
159
2
1073
116
5
3
7
243
94
1484
3432
10
14
97
3218
1
2
77
2482
42
463
865
1
1079
1317
178
5819
2015
89
497
9
20
17
337
766
2
3
104
661
1040
2
1
7
222
6
63
3351
15
1121
626
207
9
83
4388
3
43
57
29
15
1604
1070
836
37
15
771
20
265
802
63
1
19
3295
232
564
8
17
8
72
2
98
109
710
24
1209
20
18
6
273
1
36
2041
833
1
7
1
2210
110
863
1
318
263
2
22
1
357
1569
2
93
1
1306
88
2101
1646
90
9
10
139
1200
884
1
189
2400
19
190
2196
572
671
13
3931
3377
1
47
2
3
278
6
25
181
2
1
256
7
6
89
82
17
189
2477
46
783
2982
28
669
72
1
4
346
1099
78
41
3075
1
1
22
29
5
4
1
19
1
748
3865
23
516
105
892
11
6
263
7
744
69
10
1
1
1
51
42
81
1
10
4373
1
1936
7
72
51
2779
597
76
2
4
1
4562
30
54
4301
18
1151
1621
341
1
3
33
17
9
1
2
93
420
430
13
1368
1323
3
5
477
1
628
776
3
4
262
142
57
34
2485
1665
16
120
1
28
28
9
4918
17
2
9
1532
1
83
5008
53
1877
44
182
2424
516
60
451
340
3
87
8
2374
927
3
84
4
12
213
883
41
4
6
58
2424
10
59
65
87
206
149
64
4938
1
2107
46
42
102
1
5
2714
22
31
6
1052
8
3
574
1
21
1257
81
1487
250
926
1947
4
74
1
4700
31
6
41
20
20
7
91
23
2
23
89
283
3582
13
727
1
2
34
2
1530
93
17
1
60
16
1053
59
4
67
14
6
199
465
473
462
1
1629
2470
194
1339
22
2
2478
14
70
2
3
2287
577
16
36
3304
211
3337
636
365
358
1145
1
53
2
46
83
4
471
5
47
4
1
1
7
188
1196
166
332
2226
950
1757
1331
83
16
27
370
1
1
2
1488
242
85
40
2072
780
4
62
61
85
33
39
1
72
1268
670
3
263
290
686
3
2001
6
145
171
2397
1382
4
152
4865
1924
102
13
1
1
1365
2
76
237
799
1
6
24
4695
219
1423
85
1
1930
12
2
304
1
71
2
768
1253
3
1778
1242
4088
637
2
1
59
18
1322
3
3319
7
74
51
1
611
200
1579
115
3920
5
179
599
77
28
3
335
28
7
29
2
15
797
1
2
22
101
418
43
565
529
44
417
801
3
80
25
27
19
1742
24
7
49
336
32
2
118
3329
4
4
2887
807
4
2606
16
58
824
1
1
4
14
7
1
3
30
3
1
59
1750
52
1
4
3549
8
639
67
56
683
10
136
74
1052
5
34
211
1322
1
2
3
61
48
509
138
49
226
1
106
1
89
1129
644
1238
29
953
35
12
48
244
15
1
11
121
6
3
101
358
2887
1
863
44
19
2476
904
8
70
410
54
2545
4
109
16
1
1
24
196
2705
26
2
579
26
15
3
49
1
844
47
9
109
3279
1
4947
39
10
4
3143
237
1
1797
2429
186
1
1
3859
1103
11
1
38
1224
45
19
1269
1767
1
1
30
1341
1725
104
381
90
359
2
100
593
6
1
25
236
2
412
88
2
886
26
1
901
23
2
233
565
186
5617
122
353
34
12
1243
136
41
50
36
2679
59
3
849
99
38
9
1
37
15
3234
109
3
66
83
440
212
52
9
1
226
7
89
469
148
1
1
38
1681
1
1
5
1
75
598
22
61
18
1
20
2115
8
119
1918
255
210
31
410
285
2010
3
3
3
67
22
46
844
1
51
1470
31
242
866
16
67
16
13
1
1481
28
5797
4
1004
29
115
119
5
20
62
7
4
44
7
16
12
5399
2202
17
554
3
40
2111
3
15
984
32
2
1
2464
368
1325
101
1
83
3749
5
639
26
4
24
278
2206
2
10
127
313
2
152
1
4
796
4
1
1581
99
13
925
3
7
18
2506
161
11
8
7
1380
1
1278
227
103
103
996
4470
9
10
210
355
67
3
88
180
25
46
215
237
1677
1
1528
2276
2
819
1117
314
3
7
820
3516
34
1
29
111
5
2872
1917
44
75
92
912
2
1
239
358
3
55
9
123
670
6
42
2257
1642
640
2
545
2
9
1544
1
393
1113
1562
1
8
771
31
11
27
13
2
2
3178
274
143
1224
66
1
1468
440
355
526
170
5
6
2
1241
36
3
153
5
11
137
9
3
97
35
8
4
2
2442
27
377
35
20
46
19
2
495
18
8
2
1
1
1
135
2
1
30
2516
1
24
2
141
27
5020
1
14
259
3
65
1
95
48
3953
16
388
46
2237
3
3
357
365
2
2
1115
1
3
1690
5
2
143
2898
3
4553
2604
3
7
1
26
1
163
190
293
11
707
3
13
3
3303
12
1
6
1
1
2
18
1081
1
4
1
41
130
233
4
28
793
276
4868
29
26
90
436
204
2174
56
72
18
13
4
17
308
117
459
4
3
25
18
1397
46
2
9
2
549
9
1
390
579
2
16
444
7
1
428
16
3237
7
441
1
9
586
3
30
2366
2586
1
26
22
1009
2854
622
442
440
35
108
2
35
66
1
228
36
164
90
540
1
68
2247
101
134
2
60
6161
15
1233
12
30
40
97
11
1
20
369
12
6834
106
1
15
23
144
22
5116
1
4
4
1
6
2226
2988
567
10
16
269
510
3264
1370
5
1582
24
1218
734
7
958
29
2
28
214
9
17
1067
1115
59
31
1208
92
85
13
10
252
181
1
101
14
68
184
1387
5
14
491
381
251
175
1
99
31
220
2676
323
491
1991
44
40
602
1
1618
10
26
7
2
1
4
4
19
2
20
122
245
4320
3
1896
4
1213
1
1
4908
1067
21
264
1316
146
8
44
1529
7
148
2
103
1
1
1
2
425
10
16
4
18
111
499
40
1
4
53
1
21
24
66
6
1
848
6
10
713
193
2
200
454
2276
97
2
11
103
15
3214
459
2493
625
7
17
372
22
2
1
2
331
232
785
98
19
20
1118
315
301
7
1405
899
18
24
4857
121
1
1
5
2192
3
1
11
1149
2
24
1
2
6914
4
128
2261
11
24
1
1
5
1241
161
1067
18
3
712
45
574
3765
187
2
16
668
898
652
3003
2040
4
913
2
1250
50
1
98
4
3
52
33
208
259
1821
1544
684
44
4119
15
1
5241
1
2
78
2
212
1190
38
26
3
174
115
5377
7
2
229
74
3
70
3018
9
34
6
67
568
1511
8
1
802
351
423
15
1763
1
2088
704
3631
41
3
295
3
22
1030
83
2
19
5
2
461
230
4
200
99
4
19
140
181
475
58
72
4880
5
36
60
63
1956
28
1
399
112
1
94
46
66
1138
1503
27
66
37
3
9
21
1584
1
86
3478
688
359
24
251
585
162
90
8
67
16
16
97
2
2
30
2
1
2
595
2859
235
178
467
1
1120
13
3904
674
298
764
349
25
540
42
67
3
27
2319
3
60
974
56
1
1568
398
2
9
1201
187
4
114
4
151
12
9
5
3
5
74
3
337
276
2
1
9
71
1
1
519
5
172
1470
7
650
5294
78
18
195
5525
23
5
20
4295
1
3230
24
14
593
94
124
70
1603
40
1
5
113
705
6
3152
24
1331
15
2123
3
479
161
2
535
40
1317
2751
2
1230
4
9
91
2381
17
172
238
1
476
27
2
10
7
4
1643
3
1293
31
1
3399
4
6
3
193
2
46
2331
3590
2
83
1
2
346
72
58
826
3761
13
38
38
107
43
455
3
6
664
2
1
4
51
1678
1
95
1
1458
517
2
2618
1531
3
2001
1
114
1
8
1
4
1834
48
1896
204
2423
2985
147
11
3
85
2
57
5507
3545
5
467
15
22
1557
974
3030
2607
5
668
6179
4
612
1
7
100
17
2
188
11
12
2203
2
2172
32
1386
57
1
2084
188
1246
1
4365
6
31
161
1539
3
585
20
3
248
78
1055
50
4702
410
157
2045
4
14
444
67
1059
8
148
477
2
806
1
739
23
42
1
5
4329
22
263
126
1
2
597
10
89
664
1
187
1057
3
55
487
12
42
491
14
2
818
774
978
2
848
19
1754
2754
1
130
995
1
100
2
74
260
1597
23
33
2383
537
130
1031
34
96
8
1
1
125
5327
11
51
1127
158
2
1
369
4
359
210
145
1201
1013
199
558
80
1
1
1025
1
900
1800
10
1159
43
57
171
322
225
192
171
1863
30
25
336
409
3
1
9
42
2116
396
492
300
31
1055
1949
4819
1818
89
5
6
101
143
5
307
724
70
7
11
38
103
1
3740
3373
1
11
377
6
1
2
3421
10
136
620
2083
1579
239
28
4
89
2
9
139
403
1
85
37
4
7
1
4
1079
1836
950
2877
31
6770
15
19
248
1
103
545
288
2408
1548
190
1030
102
301
3
1
2795
36
598
1
5096
2027
2
1
63
12
1437
1468
1896
35
2142
39
140
4
92
146
1
14
26
2165
3535
35
1448
4
1
318
3
1126
17
4574
116
5
26
443
403
204
3491
16
980
3291
320
275
46
33
21
1
4872
1010
4
1
95
19
2260
651
15
1
577
249
17
407
23
4
4
1
142
12
74
4065
17
1
654
56
1
326
1
373
28
73
4
507
3013
1420
37
89
341
76
90
2
84
56
306
1
2
11
308
17
10
60
3
120
3
1
58
254
249
109
2
740
331
542
767
7
686
11
77
160
6
17
3975
96
92
403
1
253
231
1
16
46
3889
507
30
3467
33
645
286
11
1
313
1
13
69
26
1
1
41
2
677
41
18
1
4
706
168
8
77
87
207
226
110
27
1
918
46
100
264
302
22
385
4
12
89
306
1374
1
848
1117
157
432
2
1
4671
39
3
17
1335
18
260
38
1436
25
7
138
1
12
1425
1
397
989
39
3335
72
1
2
1
3
84
2343
84
15
26
515
3
1868
527
1
4
751
2
1
1
726
18
269
7
13
77
37
17
5
10
2961
693
400
8
3877
1
639
1710
1221
21
317
3
7725
10
297
2289
774
73
14
108
9
12
342
25
53
10
1
2708
397
1489
1
388
29
4
20
353
24
459
40
17
378
784
824
347
246
773
69
8
85
10
1
78
1612
1617
5
19
571
24
1496
39
125
56
1
223
739
332
1404
3
457
150
21
76
22
2
15
304
19
3464
11
2289
1985
351
31
2
368
2154
697
829
1
38
477
4486
63
57
1
2
23
1
1441
21
1
1
68
7
10
12
14
153
1022
32
2475
8
6
44
2072
980
29
56
455
264
1715
2241
227
3808
1
3
15
1244
82
79
36
1884
5588
2
21
163
5
23
2
200
58
123
15
534
16
3860
899
34
10
10
14
265
78
1
238
220
35
16
2
75
17
27
222
228
409
16
239
501
1
4
136
174
17
9
218
29
42
405
42
1286
93
223
788
31
107
1
2107
45
1297
1
1
86
4
2
1
2
2705
123
4
19
54
3
3
429
1140
11
23
541
302
1
1
20
1
605
56
1
3
2477
1330
101
233
244
1512
7
82
1
318
5
175
165
911
6
27
12
52
68
44
12
6
3
3940
116
2
115
1
1024
63
799
2
3
1
373
9
2006
52
92
7
296
82
20
560
8
307
882
133
9
953
193
2195
13
3405
1
1000
42
369
1
629
11
96
20
150
145
2429
4974
26
1
2
1
5824
66
20
2
5
3
3
5
5294
30
47
2
2
764
2250
1069
3456
82
107
41
1806
2913
57
1584
583
6
1563
2402
6
4606
58
4
1
7
8
97
6
24
3
2954
2
607
15
27
1232
1027
206
78
53
766
106
42
1
702
1623
672
19
13
330
361
3381
2751
1326
56
13
164
3
1
20
3666
3035
1
7
111
2042
205
385
1
1
16
1856
137
2
1
31
20
4
1
15
4133
144
133
14
204
173
13
159
104
120
3
31
2
1107
38
3
696
2
481
1308
1449
139
2
38
3
448
2
38
114
2955
1
229
130
273
3
6
11
2
8
106
778
1
270
18
1
1
626
28
19
512
5
75
3
13
283
82
26
12
961
1470
2490
914
1
242
541
5
37
1
609
289
98
13
191
4716
20
238
445
1468
214
2
498
1588
38
4
35
1
311
1512
54
1
5459
1
76
43
854
19
4577
58
2
478
38
181
2
12
2874
6
1
73
2181
714
54
11
2
1
1
462
57
345
2943
71
3523
2
39
1
15
7183
8
47
8
1
111
49
841
2639
327
4
21
19
333
75
58
13
3
3
51
131
1
494
11
315
621
2864
34
1729
2430
8
59
40
204
3
1
14
7
1177
537
10
45
84
41
14
6
5
759
86
320
2
22
2685
1
368
5
38
71
149
413
590
1894
8
511
91
114
14
2808
4332
2298
1
1426
4248
1861
1
2139
396
120
362
3
1
121
3
1072
3176
12
922
52
40
1002
1089
7
3
160
6
60
33
3
185
36
46
488
820
117
3
7
8
324
421
1078
1379
124
18
6
2879
2
17
141
1
204
3
69
32
5
1040
6197
7142
28
33
2
2156
924
59
87
156
13
5
1
6
6
238
75
1
4
1
9
20
5
11
4
706
6
8
94
3272
6
26
93
56
442
3
25
641
87
221
40
1
2
2
2
4
1
2
821
3902
432
329
6
390
1930
6
252
192
1
10
15
64
5
1869
769
2
462
1768
1017
42
393
2
787
381
450
348
1
608
4928
1
246
22
598
11
57
433
2861
5
3
2
1009
3
2068
10
206
1912
41
36
882
105
356
9
4
633
33
1779
402
4
1131
1
2
1597
380
416
3
9
15
989
143
1215
206
2
307
2557
1917
4
275
2503
11
1
3091
27
6
84
1
1356
94
2939
2
18
12
4
14
56
21
1
148
695
12
85
41
3
62
456
536
28
4
4
1230
7
3
48
1
10
2
4
18
2
1
3
6
12
8
5
931
5612
867
1
12
290
823
545
299
796
204
220
1423
1
2
101
109
89
3575
43
693
60
1234
2445
238
1
1289
1532
3
153
20
1
2
227
1
89
1
20
12
1
16
486
5687
22
537
36
3
15
165
17
28
1123
2978
213
9
792
3609
42
2
1
1
2
66
777
1
302
260
9
1
9
871
2
1
413
432
5
24
96
2
191
2353
72
649
1
164
427
1
1184
18
11
8
1
6
25
3
302
15
180
7
432
1
2024
64
1109
1
699
3
42
25
1049
5
2660
10
1
683
26
23
1
18
33
23
26
10
23
4341
815
9
613
23
2428
28
35
10
4
350
10
131
121
477
3
26
20
5
2
1
40
3
67
79
96
1
346
4673
92
133
19
13
184
11
15
3760
2735
14
3645
364
9
1
228
540
24
1
2
875
125
6
14
200
5579
951
4
2
3324
84
39
17
5757
3617
1
1026
16
457
15
750
6
5459
18
2586
1
286
11
3
29
27
2
8
3
768
2917
129
2
4
26
129
8
21
18
2
36
299
605
3
2
32
687
31
5736
41
307
37
602
1
6
2634
4860
34
1
3
397
9
1179
7
182
3
182
39
548
3698
400
73
1
2
1
1
9
21
19
345
28
971
113
6
41
518
2505
1
16
1237
10
32
6
49
1488
1
34
6
2260
176
1
10
106
519
3861
31
2
21
310
17
514
98
1
1786
2
6
1
1
342
589
152
55
7
126
132
168
209
6
7
40
2
525
3
103
335
41
548
70
1437
561
1
145
5032
75
1
1185
1286
518
1
231
76
189
1851
44
2643
1249
339
4673
1265
883
8
22
6511
5
17
2259
6
321
4
8
7
9
67
1
128
3940
1
142
94
1
1
1025
3
428
802
306
4471
2947
57
3
5
34
4
416
1642
2
51
12
105
15
244
43
1
11
1
1
203
319
453
17
11
6
1
7
1410
9
322
43
1
282
72
28
87
1818
112
27
179
5
27
1
1
7
551
886
78
251
237
14
2818
948
4513
91
2328
10
1
236
632
7
4
245
3582
2
507
793
3
965
10
9
7
137
6
9
2
18
2162
6
37
301
2464
88
49
1919
17
5
155
3
8
2763
1
7
1
47
17
1
736
213
20
29
853
284
712
117
1
2
24
36
1734
753
5
2
6
87
351
3
1115
29
68
1701
1574
11
2
5
1921
1
978
2
2580
841
10
22
268
24
1
7
7
103
2
1102
339
439
4
225
231
4
1842
57
1417
1
806
803
266
31
7
24
2263
11
43
179
45
44
2
71
2
1249
244
14
1
500
1
3493
23
174
268
1
16
3
3
37
17
1
417
2
10
446
115
214
57
12
1618
6
2
155
1
59
141
9
49
1
1610
2
61
2673
2
16
337
1
160
1
16
5
2
4905
8
1878
3
8
3501
23
53
492
1
5
1
23
117
1766
3
1
10
56
1423
35
1145
645
15
397
568
68
2
556
31
630
15
732
444
82
46
11
1086
755
3
358
499
65
105
2023
1868
150
8
52
2476
1190
531
1
6
2
1
3
2
353
3006
291
1
1
1
345
28
4
3
3102
770
1267
225
11
198
2
2269
190
1
1
64
1
72
10
3275
1
6
39
76
663
5
2271
2172
42
2443
690
136
409
2
7
92
107
1
1
27
2
101
451
4
72
19
20
42
1767
150
24
272
2030
92
55
5
5
52
1
13
1402
2919
2
1520
2452
4
8
1
3115
89
2414
95
1524
8
2400
320
1
49
4376
750
11
321
346
538
6
5
258
1
213
326
21
2
1679
145
2
3297
6
10
54
1243
126
2
4808
1
1771
3181
53
3492
5
48
176
4
60
1
1
1808
1621
17
375
13
10
28
172
1
13
7
343
1
35
2137
138
397
1
1065
9
3
117
3
8
6
78
3740
26
2627
472
6
12
108
154
2
443
1
1492
13
32
5
5
10
61
29
4
17
6
3767
37
647
7946
1
1930
236
2
6
52
598
467
2
1
38
1
1
256
26
7
133
3
193
10
502
5
2
386
5
2598
1
1
52
415
1
3
578
9
79
1
2
1229
12
30
158
3
1298
36
2
54
15
222
103
238
865
40
81
4
13
191
2443
2
1
76
245
213
7
18
18
1
79
35
31
45
6
367
9
1
3
1382
253
441
885
126
579
138
44
1
874
285
1732
3
1210
15
1
198
147
371
16
1610
327
1
58
34
287
1
356
727
50
643
6
1
1455
1165
601
25
2
3934
24
310
7
254
1
5
82
101
35
2
1248
1427
602
22
115
13
19
22
8
47
8
1298
1
7
13
707
5372
2940
4038
3
18
53
314
915
45
73
36
12
5074
37
1
338
743
522
231
1
2485
19
60
1730
4
1
5
5
21
4883
7
594
62
1
74
3791
151
2
31
128
1
4
1
3
2627
40
2362
275
166
1406
25
3
62
40
1
41
10
3
4
3182
12
11
245
56
3
2
21
5175
2
2234
1063
196
13
20
7
3
159
1000
887
3
3
63
4
236
465
2
2
2
91
1
18
1204
1
259
1571
9
339
26
2414
1
8
120
1364
455
1
31
27
3158
69
10
2
884
1
29
611
2097
10
2
51
1
23
2104
3463
113
2
1
259
2
1
2213
2
60
13
1625
17
47
268
163
59
3508
267
1
175
17
3
1448
4
4
1345
205
8
1
3264
1
3
195
686
2040
814
54
755
1
1
868
4210
414
43
318
3261
71
483
32
10
11
21
67
1
504
5
10
3291
5507
14
166
706
105
61
759
2300
49
4
2470
1122
391
2
3584
38
1568
339
31
5
107
6
46
90
2013
104
130
1
298
1353
409
20
4244
1
6
586
1
3086
276
288
17
8
22
1681
1
2
3585
9
286
2660
2
112
2587
5
11
22
1
67
7
219
190
111
1
433
2
1
363
6
1
2
8
5
2
239
4
2
38
2693
555
463
1259
2
79
4350
1567
2
22
3496
3
57
158
5
29
31
1
67
3
1
4
139
352
1693
469
6105
30
1047
16
7
5
17
3657
10
3614
25
8
1
1019
2
2557
804
448
25
29
4
326
1
986
203
31
3174
696
10
2456
11
16
247
25
276
2
3349
58
10
176
532
1
4
6
1
42
630
5401
212
5
539
64
1
1485
5
168
1
19
1
1
3662
111
32
5
42
238
291
1960
184
1
2
10
1836
16
1
4
5
73
244
1
2
555
1601
73
1
2510
1
22
577
405
123
366
3
1
13
21
53
1
20
210
43
29
1
111
28
2646
1
15
101
39
29
1569
4330
30
2
30
473
1830
1
4
7
344
213
1106
7
162
11
8
679
6
1
87
1882
1
412
17
14
18
2
24
7
3305
320
48
1110
3
604
2962
4169
524
20
27
7
19
264
682
14
2
1267
1861
513
127
6
337
2
2
936
2
1
2
2
430
2
1919
1
75
29
1226
75
7
95
781
29
1
8
377
1
1878
6
1
2
114
1
978
7
50
98
678
152
3
1
6
286
63
3513
4
4
295
1
1
2
116
4
1
35
925
2
3
1
1
13
479
161
2450
2
1
899
1
748
3
489
3
8
176
47
183
48
101
2
47
435
2
5
13
600
3
1111
225
49
63
14
3207
58
3
1
1096
4137
22
94
370
191
153
79
1
1
2736
98
9
81
755
58
232
10
2
4
3
3
812
279
5
17
19
13
4787
10
1
5898
206
10
1162
900
255
548
725
1076
20
1
7
66
2
317
10
5
3
2
83
212
795
131
46
3
8
40
391
706
1
2
1249
2
41
6
65
165
25
18
450
113
2926
2
1667
3340
16
323
756
4
189
1797
217
2
2
1
909
40
776
13
7
5
1
83
2025
1158
13
40
2225
65
2889
7
1
2
59
2
2458
172
1
2
1
217
12
1162
3
185
1871
282
1
641
888
14
1
5
143
1
1
5
303
69
18
178
889
5
372
6
1
1464
57
1
684
2
95
5
1
641
4
1
2
1
1
14
25
855
264
1
1
1525
2610
31
29
3970
28
1052
2
1471
153
1009
19
2224
2
3347
33
187
664
3724
6
1
824
278
259
76
1
12
1
8
18
2
778
15
928
1
7
9
2
2728
1246
21
17
1
238
2
651
282
1
124
66
2
635
2170
276
15
2232
104
1
1817
2006
2243
4
6
6360
4
779
1
18
17
1
2514
7
752
4
2
805
82
2812
2540
3687
690
1120
280
28
155
1
109
6
229
34
17
1093
351
2257
254
2
232
50
128
5
110
3
2
92
1
3
240
1
1
2370
5
2
2
1593
440
1473
24
44
112
388
56
66
4
345
188
5583
9
13
112
1
32
15
3
1
82
58
47
3502
604
2
2274
1
126
2535
1
1
7
3
46
1
571
56
11
31
16
3942
232
1555
2
48
537
2267
1
19
201
4285
21
95
352
131
711
213
3
27
3
5
4
3748
766
2
240
23
2631
4
74
11
3630
3
2586
2
98
98
1
408
105
1
824
26
2666
2
1313
17
2667
46
1
77
17
2670
278
12
1846
4
6
2296
2
2502
287
67
1
82
15
3547
18
93
231
19
1130
99
167
2430
239
28
1
123
1
721
12
3
10
407
20
1826
9
3
20
6
33
3
2555
28
266
367
5
2584
9
1052
23
174
4
312
9
29
184
726
1
1160
76
52
1
13
13
802
2
1
1
4
153
454
6
722
8
21
4250
171
17
3459
44
1611
5243
4
17
626
713
3
285
130
44
2383
1
595
3
8
18
344
89
5
12
508
1503
1
66
972
35
8
8
4
871
73
586
2
951
1806
2
660
33
57
2952
1893
638
6
1
2179
39
2
636
286
12
97
29
1599
1
65
2053
342
194
2415
1950
8
52
17
3
14
406
361
269
524
2
455
136
181
4
152
662
1
128
2062
9
1
2035
193
297
942
26
1852
1
29
25
1
463
5
401
13
2
400
34
269
6
2
1
1
11
475
1202
172
4
217
58
43
169
551
408
5
322
11
3023
3
852
8
244
1
2272
4
230
6
1164
6
383
18
1
3
2280
12
4584
4
10
886
12
1050
745
96
75
1505
70
20
10
20
225
77
1
5
145
6
1
3
487
56
25
27
10
191
62
1664
12
263
4686
135
54
1589
2
1
3168
3946
54
934
371
2
648
1
15
1802
440
2970
1731
2
289
548
17
1876
1
1097
4
93
1793
568
8
23
68
14
7
1
44
125
746
3
1
33
78
1
1
80
7
1
1963
3
354
2171
1
94
6
1037
39
90
132
1221
398
6
132
2060
1
793
582
7
662
1194
41
462
315
130
6
70
15
666
128
165
111
5
2175
20
95
1509
4
27
1069
1
188
104
479
2
74
8
29
173
1140
82
3
25
4
289
28
9
3281
4744
56
593
1268
644
89
6
1
26
1414
1428
6
23
227
14
4
4
50
14
103
109
668
132
2
496
17
404
194
45
1975
2
102
9
20
11
104
85
251
2154
8
23
345
2
864
167
109
3
4059
47
7
153
109
1
1690
23
132
1415
4538
1
7
8
1
1739
42
1523
71
2
1219
1151
10
30
18
5
157
36
18
84
191
5
62
4847
8
3
1212
154
1322
4
23
12
126
574
550
387
2
2
10
1501
23
6
148
3137
1
2449
4
876
392
241
2
1
1506
105
3
10
12
1
9
6
678
4
4
3
94
2
376
892
3
3833
125
3
2
5
1845
71
507
251
3
1552
50
623
174
355
207
13
2
575
487
101
5
1
72
15
2060
4219
2
1
31
162
5401
285
1170
169
1080
1
27
4
3
407
1
15
997
2
3
402
395
695
1
3447
13
245
4249
2026
17
24
337
8
462
59
36
95
2
244
119
8
150
186
2
233
76
1
9
422
840
15
346
9
12
2075
4416
385
604
6
1221
3
14
2
2539
2
2
294
1
77
1
215
1508
3919
5
4865
29
2289
55
29
259
515
64
134
11
9
6
481
2500
4273
1
54
34
13
1
437
1700
498
976
4
28
3
4
1
3345
9
19
64
80
327
6
1
2
2
11
4819
6
3
10
52
4
4
33
1697
17
4
1
866
928
52
13
3380
156
198
362
3657
430
2
1
1
15
122
48
23
10
1376
537
124
2
1
7
95
1154
115
1
1
408
652
1005
1561
809
617
1
168
2164
541
2984
30
281
21
2
1
129
2119
2
43
3781
358
30
16
23
1721
1197
1516
4
2
11
256
11
27
1100
489
2
3317
248
4164
1
134
3946
3585
104
1
514
4
212
4
2
7
736
108
419
6
2
3
51
11
77
775
73
1
3
161
2
2
1
2
433
4304
7
100
11
10
2479
768
627
53
52
2
52
1
16
1920
18
8
37
198
43
9
2109
3
5634
4367
6
1765
3
78
34
733
13
10
236
5
15
1103
33
853
2972
1
1
12
130
559
3
66
876
17
269
13
4
1
473
9
1059
834
38
5
157
32
228
286
4
271
1
3
1332
12
11
12
1190
401
101
6
1
1601
2
2781
454
2031
10
5857
3094
115
5
920
2
200
24
1977
15
340
3145
75
22
42
5
3584
44
2105
204
7
853
130
144
5
37
3
571
2764
327
121
79
24
3
134
1113
1793
1
11
820
2421
2234
878
263
19
605
51
35
486
1186
214
225
278
14
1104
37
1746
65
718
4
6
2
2
303
63
3
17
2
5
17
1
31
2
21
357
40
57
7
1
4
41
155
336
46
177
1
29
1
66
77
53
3732
4399
141
5
1376
1
1
40
115
18
53
55
2
199
1
4
1
3
1
337
80
851
21
8
15
3
1635
5347
1390
2034
1113
406
46
5
1
987
27
923
554
1076
1
1
64
60
2586
9
39
92
17
157
8
142
2340
40
541
15
40
2
1
2353
2
1240
1
1
1
4350
553
2697
1357
91
7
245
1
197
101
112
2416
1
315
8
4
16
11
1
116
32
35
32
11
14
1
50
14
355
6
45
21
283
26
170
291
56
650
9
9
14
3
112
3
2
1740
35
7
5
325
11
816
5
310
240
58
7
5
3023
1006
1
59
1621
61
153
5
2
4
1
3268
135
851
2
19
815
142
2
39
8
507
2224
40
753
13
19
416
632
777
31
9
12
997
1
17
200
1070
4082
335
2
12
1245
2259
541
741
274
11
3
28
69
698
5
94
625
313
1
6
323
343
129
116
1717
22
17
201
2499
471
36
1
702
7
13
24
349
1194
1230
1149
2
1039
1
3
1
4
245
1076
592
26
2
1
19
3
945
1411
5389
10
5
1
738
4316
178
79
1314
1
1
49
1
4470
4607
6
6
1
4
8
4
6
149
2206
15
7
12
4
61
1333
42
3
148
6
1417
1208
5
81
152
16
50
215
21
4445
32
2251
40
4
5324
223
2797
20
34
222
28
4951
9
18
34
3
1
11
22
181
7
8
3165
5
478
192
230
47
20
22
4
24
63
65
1
1
12
81
4
1
4
164
78
10
25
4
17
3
1119
129
1
161
332
2
131
132
17
137
2802
1106
1016
1
31
34
230
4
3
12
16
2
8
1
6763
28
768
4324
113
16
26
59
2
277
3
5
255
2
20
1141
26
1478
586
54
249
637
21
1343
30
170
173
143
1
7
2
341
3900
3327
1164
566
564
20
1041
1
2
18
1720
1549
138
46
4
1
2
354
11
1
30
4
78
2764
2
257
6064
2126
463
1382
1060
2
16
3
1
3
10
18
4936
8
1
2993
10
5
42
154
420
7
3238
936
1
53
2565
775
76
6
177
19
2842
9
2
777
1065
12
1
2658
35
895
174
163
3859
17
1659
2
1
5
1
910
1
1070
6
2
527
299
66
43
1
2743
960
6
1
1
1
15
1565
21
1
989
1
80
40
6
113
24
6
96
2
1
178
204
1
3
1
1
3
85
48
9
628
63
839
3
1771
858
30
79
2811
1101
1
4880
32
507
255
97
670
89
902
2
7
18
387
1724
1265
194
1114
88
311
4
294
2058
2
1
2
752
1
394
2
36
44
1
113
9
268
2411
3
4
47
4
184
4498
2902
4
562
2
1
7
1
144
126
2313
354
637
24
5
2244
1006
1
641
15
47
1992
1
2
45
1
24
2099
1
3772
4
2
16
1317
2781
1
102
432
22
86
1
2182
147
13
166
11
36
9
74
120
1060
79
7
2
54
5
4
1898
1
6
4
7
19
2
1826
3419
2331
25
2
4286
37
10
8
3
1423
245
3712
491
472
1
4691
1967
59
3
5
1020
30
20
1451
1
13
387
158
2577
6
227
339
17
6
771
84
87
617
571
40
615
284
416
3
78
7
1408
127
267
9
292
425
35
578
14
9
205
1508
2
341
14
15
11
196
30
155
570
27
1
726
887
55
14
834
1130
14
1
15
1
8
1
1
1
355
1
778
2410
200
204
1
115
3250
1582
10
95
1
1468
3
1
32
2511
1175
58
1385
3
1
1
8
1
1299
158
4155
36
1
26
2213
96
177
1
725
147
2
4
9
13
4
2
1
6
32
11
241
644
55
417
86
6
47
34
114
1
2
24
148
527
4
2
1038
238
69
81
1
47
76
931
1339
24
1219
20
157
2
1
2
15
4
219
564
3
5360
714
11
32
71
19
6
4154
283
128
119
34
4117
233
1722
5052
341
29
9
12
910
258
1
9
16
1769
302
1
118
4
3
4
422
26
2142
5211
29
178
45
4482
6
15
913
2339
679
32
2
1100
103
16
6
10
3
1
2
15
4641
1078
71
314
3
3
47
3
16
932
2
7
133
7
76
1
1
1
3
24
1915
1184
3338
2
40
4
23
1462
741
804
1119
81
1
145
29
90
3082
4
2
1
3
402
819
78
19
81
423
2097
1100
1
34
62
73
4290
5
1
2
4
1
115
58
4
90
14
387
3
60
2060
32
1239
2
12
6
5
2738
2312
17
16
5
4
3368
14
1
2208
2474
67
1
11
13
2455
11
95
19
44
494
88
7
55
51
289
2
4550
2
1
145
2
706
148
2
103
502
2
255
2580
1
69
130
150
100
8
337
1
5
99
4575
5
4856
1001
488
3
601
12
2298
820
906
1
1
1
256
9
51
34
947
182
164
32
2
31
188
3325
226
37
1767
148
448
1
736
256
4
3
847
2
2
4
4
1
6
177
3
3
2
605
3
3
96
652
81
77
41
14
2359
161
60
186
49
1541
421
2
2
3103
1323
4
1332
841
476
8
2
25
37
1
39
1129
52
117
800
14
152
133
93
2112
1
2851
1082
1
3
31
994
2679
25
12
122
404
1
3343
9
65
1566
126
3
933
227
645
2
1
1317
282
4
604
60
2
4
96
2
1538
162
105
333
200
413
11
54
1632
6
2723
1
2
27
12
21
1
8
301
8
68
1
2
1
967
20
10
1
106
1
142
10
343
3
1701
64
1453
260
777
2
209
508
62
215
463
1
111
3152
5
80
41
4
4309
742
485
1445
988
4
209
2
8
1995
1
93
1346
1308
591
42
5
539
6004
79
9
81
40
1
674
20
54
23
88
10
49
2
105
1
683
2806
1
4038
176
4681
35
88
1
3394
1
7
1202
6
4100
2842
1320
23
100
4089
12
3
15
7
129
429
1
2422
1
11
1533
3
1866
887
53
4
2
12
988
13
232
1
4738
10
73
5
6173
10
1
619
1775
3893
1
8
23
290
5
30
3091
1
2219
8
9
1942
1139
2
2837
348
5
86
1
1
86
424
12
251
4
3
44
1
4
1039
81
65
618
337
1
461
29
1
1583
18
361
3
11
2
1079
1
72
1426
7
182
4618
593
1327
1113
1642
4
3125
5
1977
2231
2235
629
11
43
1838
42
5
2
245
3
1
1311
4
32
5
1
926
4
353
69
41
91
3379
167
14
389
592
7
2
1
1537
62
30
3
17
21
5
4
980
28
32
113
10
420
3050
44
2566
16
1
668
56
42
1
1918
131
155
4624
49
858
2
126
1
27
1169
13
648
38
188
2
143
942
1
2295
543
212
117
1
58
12
52
469
50
6
2
1
10
3
3
15
9
1
182
13
1
72
4
1
482
49
100
1
1
37
543
177
11
975
4
1653
1021
2358
3680
113
692
2
10
170
7
58
374
1
1
26
18
1
1014
6
419
1
9
39
16
53
94
1047
1660
39
1
1
10
170
11
802
6
125
4443
19
1
1
3064
1
15
2
124
17
5
537
240
1298
7
227
3
1050
485
1
1
5767
4
1
26
1
13
145
1102
72
41
43
346
28
100
1159
18
4517
7
1626
963
184
23
2
328
4
487
30
1164
2
5
109
1414
2
2
116
138
228
62
5
60
2
3011
192
380
3112
528
1697
1728
28
48
168
1
48
1
4
95
6
2433
1
3169
2
122
11
1
2476
31
63
89
5
1
2245
40
11
302
311
15
8
56
5
22
416
446
61
165
61
18
1
14
1
7
36
4565
43
2
14
149
2
7
14
782
851
1
3
24
35
4
1010
1785
1
118
651
1
1
181
930
36
14
3
69
24
83
326
428
545
54
5499
8
10
2350
18
125
1
45
256
103
3594
237
1514
1
3
53
24
409
8
856
1
1566
18
43
225
3
284
28
193
1447
13
37
23
491
1129
351
359
59
808
1
2726
4245
1
5
3441
287
12
182
110
11
2
25
13
1
302
38
31
66
2
2
68
56
1399
358
3352
1
6
331
784
78
1250
2201
115
1
64
43
170
107
1
14
125
1885
5
672
1
10
18
1
10
1
6295
238
58
5
533
2
94
167
1079
5709
2
2
1038
1
268
9
23
5163
5
2
9
1
209
343
1
22
9
65
3
340
2
10
9
126
1
6
2
11
3
2
2452
100
9
1
1
1
935
3414
2
29
6
263
2
11
456
2430
13
1677
49
2691
43
2
336
760
719
28
1
631
2243
1750
45
150
1
113
941
2
193
3911
48
11
8
781
998
958
766
62
12
200
193
19
6
4
4
24
31
14
43
8
4
36
17
370
3363
265
2
2
400
192
1
70
15
35
1
34
36
2876
1642
1668
613
36
180
249
880
1157
1
11
46
33
2
1150
85
47
722
17
1
1
2786
7
10
4826
7
335
1
63
28
79
3
2141
3
52
1714
2788
368
3255
3164
1
5319
270
875
1248
4
597
1114
132
172
1144
103
16
972
456
5
301
1231
141
10
351
714
557
634
50
10
98
51
8
40
2
7
18
412
417
7
51
2
2350
1
2555
87
3
75
599
428
288
2
395
809
1514
40
1
2
36
59
2517
231
2793
3576
253
82
3
1
1764
1970
2332
512
945
39
138
1
4
6247
2
1366
34
3
33
225
3
1
71
9
3386
1647
27
50
1
1
1
1786
5
2200
3384
851
221
1
1
3696
1
1
237
255
192
2
44
17
5
100
11
2074
10
21
23
3014
4083
117
9
2
3
1
5
207
241
7
4
2
87
1699
1455
23
157
1
2
34
2496
5
6412
39
149
50
8
1
412
1
329
63
64
5258
1
17
1770
651
1
3220
1
303
3
575
73
61
1
40
5
11
9
658
133
1
164
854
73
217
6
423
390
1395
219
2
4
728
2
104
7
3
4
75
104
22
736
5309
2661
769
90
5
441
2338
915
1082
2331
1986
1415
3573
1
1
31
100
349
793
144
1452
4015
8
1
84
63
2
37
1676
2
584
2
55
2
1387
107
157
4492
31
47
4749
1907
3515
2
4
598
208
21
10
566
55
1
153
28
141
752
2
2153
94
17
104
4
33
25
66
1442
831
1136
61
652
231
1468
338
20
4655
108
145
10
7
814
3411
4
3
420
167
421
414
1
251
24
2
25
50
257
1
1
1228
191
1
548
16
7
73
10
590
1774
52
10
1032
1
241
2
82
1
407
3500
74
354
20
1330
128
1
4
4
7
973
36
83
1
2705
461
1
12
1670
367
1
1
55
1
1046
104
15
711
1
634
30
28
4442
1548
424
2074
734
388
1267
61
396
6
4
22
3
1
7
39
296
5289
6
1014
1
556
1
3
507
130
13
135
608
13
34
97
6
4
23
2325
4
7
1
2
1391
228
1
343
662
1
1
59
930
3224
1633
5
2927
181
61
1445
278
1
109
9
204
7
3
4
1040
1
1611
12
10
2562
1
1478
367
13
19
1
256
197
3483
15
2
567
67
2
85
20
7
106
275
1
198
4
1
3
114
2
690
301
21
4
1
307
1
1
1
156
2637
7
1
56
6
1
4
4
3478
1
6
26
2594
1
129
641
8
152
98
315
1292
368
1
103
6
2
153
385
3254
401
1
410
47
281
124
24
449
65
3532
673
617
19
38
1
1281
14
1
924
1697
352
18
74
141
256
1583
2
2223
17
176
3
2506
2283
2
3501
87
64
2481
28
567
131
6
16
1982
1562
9
5675
364
130
1412
25
1
1
1
2
895
6
79
562
4
1128
195
2
2325
424
268
5
1
5
146
15
3
10
1
129
245
164
553
24
35
1
1
1635
5
162
4
131
1
32
35
1
90
39
1
4
663
244
121
31
2327
1
1
1202
3131
3697
1008
1610
252
66
5796
1240
4
10
21
1
514
2
19
4583
3
3240
7
1
3
2690
3
252
2859
3
73
5
362
29
1
5
1
547
279
24
3
3
8
3
5384
2
3931
101
70
11
4
4
384
4
4
59
2852
874
1620
760
3255
268
20
2
29
2
580
3
6
81
2
318
70
4
60
28
99
8
25
900
64
679
1989
7
4
99
13
23
14
3
2301
38
79
7
1
3563
1
698
608
11
2
7
32
1
35
19
6
35
441
2
13
1840
822
299
3
357
2
4062
2
947
17
1
1
18
2570
1
99
1
132
81
4
18
4723
1090
131
106
13
9
2
171
44
214
1
22
38
17
11
2
3877
5033
1
18
17
5
2855
381
43
951
3
8
38
618
336
1123
472
1
63
2098
16
704
1
1
25
120
2
37
4
48
34
4
10
3
2959
2
7
1839
120
5334
2748
34
1675
9
5833
1
11
285
3739
1
77
27
3
13
1
521
60
1138
23
2070
1475
287
621
1537
130
14
3
931
4
31
1
4
1
469
1
4
37
1946
45
42
1
27
3
23
239
65
189
200
1
34
3857
254
328
1
883
1189
61
8
11
1326
366
1837
1
4
17
366
745
5
3639
1
90
39
2059
5
4
1
8
99
853
7
475
1167
2047
47
75
2488
124
1
12
259
852
63
127
27
615
81
1
254
1224
18
13
37
866
4
1378
4691
268
11
220
1304
3630
154
1223
16
1225
4017
1343
2187
310
572
2639
973
560
17
1051
180
1
22
1
13
38
7
143
1460
272
68
1
5288
4
24
1
787
255
124
1242
5378
3416
23
159
2263
467
16
320
271
117
230
902
25
132
2622
286
637
437
2
17
7
1280
14
2
13
241
796
5
4476
1
1
9
107
158
3
8
885
839
4
29
177
22
26
146
399
160
4937
12
484
1
10
4
5
5
147
2
1843
1
3722
465
2157
83
77
28
3
145
46
210
3
5
4
1016
34
371
6
19
197
6
3
4908
188
3
2
849
8
331
1
227
17
127
9
180
1
1471
48
2717
472
328
5
1
384
119
165
17
3585
20
65
61
333
986
639
4300
779
130
81
3213
1
120
1423
5
1
4
470
4
7
508
511
63
59
1345
1
7
4457
1090
126
4918
3
57
1
8
9
21
5
95
200
4
13
10
298
11
163
1
29
9
9
262
3
158
155
100
102
16
1
786
186
16
302
50
4
1
276
1
271
7
5
3558
4068
2
872
13
11
5
1
1258
5
134
1
1
18
84
1121
26
427
3
1813
212
86
213
21
1
1588
3047
364
43
1
1
11
2
13
728
956
1
923
411
24
3538
449
295
5
182
10
2
413
3
1
475
2
6
542
3456
11
1
574
14
335
7
579
130
39
1
1
3
2
437
2399
854
66
1
7
123
539
17
17
4139
400
4
4011
19
17
1
16
27
42
255
1
226
3
10
121
3992
2
112
6
3169
17
1
1809
135
6
13
7
34
8
17
1778
283
1
84
19
173
83
50
4
365
15
291
4
2
9
4
1541
1122
2096
22
599
1
1
1
349
96
4
5
1
326
13
2349
125
1650
25
13
227
1297
293
66
1865
1
39
123
1358
2
1
3
1732
20
241
46
2
57
2
1
134
189
16
3
185
308
64
18
28
79
22
158
3
2
152
2583
2257
86
162
7
976
28
18
3
612
171
551
19
19
1
20
59
9
5
3
35
609
10
104
404
2
222
1029
245
10
570
1454
19
11
1
1241
31
227
5
2
1621
1146
3918
3
169
690
2
65
20
7
9
14
7
226
431
10
1
103
100
2
3
2035
7
597
412
2941
49
123
5
1513
660
3
13
149
182
181
296
61
5
10
1
16
95
61
2164
24
4056
482
8
34
547
22
751
2223
3024
572
38
59
1812
109
32
15
9
3652
129
4
63
2405
1
43
2893
581
1
1
18
289
89
11
78
3
601
1
307
232
52
4566
2
2
2
1512
4803
1
82
29
22
2
764
1645
59
1693
97
3567
35
42
294
40
4
7
1
2979
4523
8
213
1
255
281
458
1308
1388
4
17
1
826
7
4602
1
1
1
4
9
1395
734
369
82
4
511
417
8
3
56
2
1
12
34
4126
12
215
221
2
56
1371
2
1880
3
2
1
1086
1
1
10
1
2820
313
418
41
3833
5068
7
8
111
461
43
49
164
2
666
6964
3
1
9
1
641
10
3
4
1
30
683
116
87
185
1363
3765
6
33
975
6
7
93
14
431
117
212
105
220
1166
1
17
84
3
810
7
776
4
5
8
22
9
17
3
2
138
4
916
433
2
8
6
1265
2027
8
1
1
2
2
3
2
106
412
1965
3
405
95
1
4078
2
198
206
456
10
286
21
595
77
101
514
372
2
6
307
54
110
4864
1
246
69
16
2403
424
225
11
433
29
480
226
4
89
1
4923
3
1481
667
459
2
3
27
1
2
886
70
2
5778
2757
1131
602
4802
56
1772
110
49
5
557
57
775
213
7
7
1
524
4
4
21
1224
1192
6
2
457
742
97
1
5807
127
66
22
7
1
278
1
1
1272
3343
50
5
86
1
83
47
15
903
2
2
2
254
790
836
1
338
112
155
1
18
37
2999
52
49
3242
3088
1915
82
57
4233
1575
68
3582
113
149
1
40
1882
11
56
457
838
43
1
409
5
4
1
1
1
1
1332
1
589
1596
91
10
1537
286
35
5588
1067
1089
160
587
72
29
1
335
1
207
1225
464
6
11
15
44
2
2
8
1
2977
555
988
283
70
1
2
3
1910
143
88
1117
608
1
522
1
239
5
839
2
3797
21
1
57
2255
30
347
4242
28
3
152
3418
37
67
346
181
98
2750
283
1519
2
75
2
227
4
3427
249
12
58
1
1
24
4
21
10
318
14
61
5
94
21
2
79
50
49
6
261
305
5269
166
2058
12
11
5
92
1644
11
1101
146
5
2
163
1
2259
106
2
6
473
1292
7
1103
40
269
474
1
4
4
1170
53
40
30
114
62
1492
51
28
26
7
1612
172
2
128
3765
390
39
116
24
63
324
5
47
95
3216
28
3913
30
15
2983
1281
1
3455
19
21
124
20
1969
195
3
1215
143
19
16
842
59
333
5
3
22
18
940
267
1
18
8
5
18
31
1649
1
8
3
48
3
2198
7
1
150
102
857
78
204
82
12
10
5
206
62
1
1
352
8
1
257
1
83
3
493
153
16
7
3
48
2063
22
2107
2379
4
53
4
2402
4
10
4890
17
15
149
968
8
17
27
64
613
2
29
56
2
1707
3
5
67
54
3
3
179
1260
11
851
6
2081
1
1040
3518
3
4196
566
35
1
2
13
13
296
1963
556
1
2598
1
77
247
39
4
1
52
1
2
1
263
37
137
454
3
698
1711
25
6
2
4
78
135
2487
2163
25
9
4795
1115
1166
3
15
4
128
1370
1
3
105
2
4
275
2
12
288
1625
540
6
1
51
2434
5
95
14
1666
19
403
2373
1374
40
586
76
66
3
116
316
372
2
4
3846
944
19
1
4
994
2
16
948
32
1911
4318
41
137
5
1692
1905
5
10
8
54
14
401
1
4
29
3
12
3903
22
17
1
2
62
432
20
43
11
52
1
3558
64
60
307
1
12
726
3
1
1921
1
276
1
2
7
16
4091
3542
36
153
7
361
4
1
14
14
5
164
2
1
6095
817
46
1
483
3
2402
1659
20
11
1
5
256
45
340
2030
10
78
506
14
1256
2
1
51
40
272
1
81
2
4
1
910
457
3
7
590
18
2
764
2
3
43
50
255
6
194
3110
1507
1
2220
3709
731
1
1064
401
1
485
57
20
235
73
5152
45
23
1497
15
31
613
38
5
5
156
3872
525
100
43
1007
32
121
68
54
3
2
9
584
14
1967
1
72
1
2478
254
1
473
1500
2612
1
6
23
35
23
61
2
77
53
4055
387
2
4449
98
111
2244
275
10
2708
105
174
86
677
227
3
4735
1
148
25
1236
3
2
1
3
2473
39
1245
964
1
758
49
18
1
16
2
2915
74
30
316
86
1
1310
423
1
2
55
1
13
1
478
1479
4
24
1
115
18
1
2
39
37
1140
560
1
557
127
2367
3162
1
632
11
6
38
10
184
1
2
15
316
3
10
2212
277
4
6
22
16
1
1080
328
9
1
1032
5
18
4
15
5282
4430
4554
416
1
1
1
4
588
1
545
181
2249
213
3311
1
25
515
3
340
3
507
509
9
25
824
122
247
27
209
4
1
6
1400
3
1123
7
283
4
1
174
2
255
13
2963
729
825
14
57
3
1161
20
2394
29
25
6281
73
1
41
1
93
32
1
443
8077
196
2
5
11
753
1939
6
7
116
11
225
101
9
1
9
11
459
2745
2482
66
4195
3
89
22
2451
1
864
56
14
1798
3850
2
52
2
67
1665
2336
2164
1
1
482
25
230
3794
5886
317
1
3
54
129
3
87
8
64
417
27
59
23
99
1079
139
1
986
860
26
1909
5770
25
13
21
1
814
390
3
43
3
1395
5637
1204
36
1
5256
481
13
2
278
1
2587
1
106
96
139
31
1
1916
235
230
3342
1
1
1
365
986
547
1
8
142
391
547
684
529
4280
311
142
1446
1
19
2
3
864
496
40
805
277
2
1
31
11
2
1
457
1016
1684
5
1645
2
42
12
78
7
1100
886
535
16
4
3255
907
1
7
2101
4082
15
454
2
10
253
16
239
147
1
61
58
617
2
1131
28
948
4157
1
144
12
1
65
1065
23
45
149
45
1
67
956
1
1
5
914
2192
1
1
40
8
1870
39
7
617
3829
91
78
7
47
71
5
2
1123
1907
10
294
289
26
14
192
1431
923
54
1810
71
9
5625
1654
317
1
3
309
724
1
48
2
154
373
4
2
3908
2
5
657
1229
90
71
3389
3261
3
8
3551
47
222
1
10
1824
6
35
1153
2105
1248
3
49
690
70
9
1
3
7
86
3
1743
232
143
257
1494
519
4
3511
411
691
3164
60
26
51
2
2
1
209
20
671
334
5
1
3626
1763
9
290
2036
357
169
17
24
50
41
2
5
12
333
2
306
79
10
1
329
26
5
1341
53
2204
38
286
2
2
1
60
723
12
9
1
38
1840
4132
2137
2586
1
225
259
1329
365
371
9
32
5
2071
74
1
1
39
3
264
10
384
14
103
19
2187
5
21
1581
88
295
5823
215
85
1
6
374
91
1
3
2
2
4
1
3333
4
16
62
6
21
1020
13
3
7
33
761
7
2256
2
22
55
88
175
1009
193
279
3585
465
1
2
1
720
1
45
94
2197
3
33
2039
3020
52
896
8
166
56
2230
181
177
1430
519
1
49
31
2
7
2450
238
2501
4
332
135
30
3
20
201
27
1613
432
482
43
432
11
12
3674
5292
93
1
11
2
7
5
6
1354
11
2884
2
300
1189
4093
98
2419
366
7
7
1462
2
257
102
189
24
2211
162
2254
5
4
3
2832
1497
386
66
13
257
1
2194
1
5
1
8
182
99
97
1
1
26
2
17
81
1
243
3
2
125
34
22
3383
27
21
1
1
1
13
566
2052
1
186
112
1
316
177
60
320
3
15
2
21
2607
126
1
4
6466
1680
6
334
35
4
13
14
2093
8
18
39
97
8
19
2662
239
203
141
1
33
5
1
49
82
5
743
1444
115
504
151
3
34
764
6
106
102
6
117
593
983
1
10
94
433
343
88
2425
826
1
36
323
119
252
3194
9
408
1
4
22
394
1
1
13
384
11
102
766
1421
165
20
4
106
48
24
1
591
5
372
92
3
61
15
318
1425
7
6
1326
53
71
3081
94
63
57
2
533
5393
979
196
1
3
21
436
1
1
167
1
2
139
97
1
2
351
1064
340
83
22
97
610
1705
3
98
303
1
220
1453
2009
43
89
143
32
125
3
6
709
40
4
289
1
14
10
1162
1
2922
3
4
3340
1
29
52
160
10
8
24
4
681
201
2
33
14
9
218
160
453
1
1
573
5
439
1
11
398
1066
2
269
1
338
144
473
570
2076
263
148
139
109
54
127
13
803
2
369
736
3
160
4037
2
17
262
859
1
2
9
7
739
6
483
66
1019
96
1847
2853
11
1
62
33
643
468
2
731
2616
32
2
583
8
25
716
74
101
934
3
1455
72
2
30
1853
1
34
1089
25
16
764
668
5
18
74
1
2
6377
4
6
1259
22
1
15
1
34
56
22
686
5
66
10
36
26
9
1
33
846
3
177
26
4
191
1234
1945
3
3
2
4
381
2620
949
82
8
915
7
124
5
82
13
64
7
3469
5
3
2039
156
5
429
12
17
723
757
360
10
4
33
14
1
1331
45
29
1
1177
366
1
2
55
199
3
899
657
685
10
24
1
12
975
5
42
10
364
3
6430
735
1
579
2785
68
429
4359
72
2
888
40
24
5194
520
38
1402
30
2
575
878
13
1
214
26
37
3
1869
2
459
39
1
3651
29
49
628
2255
26
4290
373
740
3563
38
44
31
3566
8
4
2
1
16
2
4170
7
45
2
160
290
3
75
42
65
308
1895
121
1192
824
7
1681
167
806
1
1
74
71
278
3024
1496
1
53
3223
608
1376
1335
1
56
608
9
19
18
1
1
1522
1
633
1802
87
2
3
406
23
188
99
122
10
118
229
9
479
38
19
3
77
353
1
29
1695
5
384
555
33
7
166
2235
3359
27
168
620
1
5404
43
371
893
10
203
78
51
17
2
29
16
3061
5
440
15
571
2
905
609
19
2
10
3900
43
2
728
1
2
22
32
1989
70
1923
1
1
3
332
311
43
2846
1
1728
741
577
1
4
133
34
974
56
11
1120
62
10
7
1195
1
12
321
57
408
4
2122
14
3
364
2
5
1448
1835
154
1
567
11
91
1448
258
181
192
91
5
5
3
51
1173
2657
2
16
28
2697
84
2
1081
2783
3819
7229
742
33
1
7109
149
7
8
37
3
1918
28
361
79
6
1
41
940
1891
46
14
3
1531
43
411
1689
69
13
9
24
2
2
1
118
2
5
2
1
414
86
4
1400
584
3
2
306
21
258
10
141
3154
1
3
5025
11
4
55
185
1
328
74
2
1
2
2055
1571
921
6887
429
1
860
1
2610
1
1
25
163
451
27
617
3
181
14
39
6
78
70
2522
26
4
118
9
155
7
5
1
2
5
340
1
6
6
2498
53
78
259
5
21
53
13
1
2
1
451
1278
1706
1130
266
161
1
872
9
12
370
1
9
1
1
2
1
6
5
663
234
5
4059
1
833
300
12
3
3837
1
49
10
1
26
41
214
860
1
1353
5
6
7
144
86
1884
84
6111
168
10
629
2116
69
1924
2
2
660
8
2035
23
3
351
189
232
41
12
57
852
2111
4
11
192
378
8
2590
67
1
1
917
6
7
15
4240
543
3
48
445
220
16
560
48
5807
715
23
14
1
190
198
397
11
120
1080
12
26
1
222
30
233
4
2
1
245
6
108
2
42
2
221
5681
923
3
11
206
4
113
15
6
3
420
311
19
1347
834
495
39
89
1
135
45
23
17
932
211
1
1
154
33
44
2
78
8
69
578
4726
43
3
51
1
4167
217
364
1696
32
56
317
7
56
205
158
42
1799
88
15
1
38
103
130
27
370
322
6
38
1
5
1167
408
11
313
1307
1
2481
75
2552
5
324
1
10
152
1111
159
167
26
410
7
157
50
1702
4
534
141
4
221
6
6
176
74
140
28
19
1296
1
31
942
467
1
4697
7
829
3299
88
108
532
1
1
1210
1429
64
1
11
2938
6
46
2
27
1828
2730
2
1
129
450
134
2108
5
10
5435
47
79
9
340
38
1
4
79
5120
57
298
15
2517
7
1356
1
38
31
1
137
180
999
5
28
83
5
1295
47
4611
52
179
981
1
145
28
211
58
261
91
43
8
2
3
103
200
51
786
7
79
95
440
936
26
11
113
245
4
2
717
50
705
2
1
2114
248
151
670
8
82
18
412
9
1588
222
5
127
677
1846
125
4540
12
59
1537
1871
2565
21
1175
1
289
1
4187
1376
803
702
43
5658
41
35
1952
1
17
17
6
45
2500
325
10
1325
5
1
489
570
12
83
1
1
7
70
2
128
6
10
146
105
808
146
1
23
5
372
5
2
9
224
2
24
2
1
21
45
21
94
34
14
29
2
5
575
896
3497
2
3692
239
3012
302
5
5
151
6
1461
3263
931
70
370
540
669
406
150
24
9
13
86
928
10
72
230
842
61
28
1
2348
7
5875
366
1697
2086
51
4156
10
74
64
1
51
176
374
1412
574
996
196
15
31
1
207
6
2
66
1
4
2604
2
83
442
919
3
1629
201
3
176
475
7056
1030
23
1
568
128
1100
133
46
16
3
1208
154
4
2
1046
4
385
699
575
182
1
4
90
1196
220
317
569
2421
25
2
9
816
1
970
5
2162
7
154
2647
1
6
47
261
4
4
21
42
4
656
25
42
612
17
37
319
1
1
233
6
421
203
7
3
1
4865
4
24
6
558
147
3490
1
3
7
1
1966
312
7
1
177
1
3
5272
301
2
3
20
1905
759
9
6
47
47
4
32
4807
535
187
1473
1
12
4
43
2
1
2
153
181
716
295
19
2840
15
14
2
849
23
5372
37
2995
1900
11
24
19
356
1757
886
2
120
1200
1113
33
20
3
1536
3160
36
72
1385
30
28
120
1
1
2
2
60
1
7
38
15
1569
72
10
621
1
339
3178
273
521
118
155
2
2337
1903
202
199
103
14
315
1335
1726
259
4
766
1546
25
3908
1367
1
2774
421
546
109
5098
1
1
2
1
2
281
675
13
94
2171
289
23
2
11
9
27
636
23
3
10
6
1
4797
3697
6
281
1
14
719
1
1
4
1806
337
2
65
33
45
20
3
1
13
97
11
1169
4
34
1202
41
1415
138
1
1
1449
1663
152
26
92
4
6
239
36
86
2446
6
14
315
742
38
333
14
124
4799
1722
75
87
16
15
1
4525
3
1536
3
28
208
165
6
3533
4
135
273
6
658
2
37
33
1
2573
28
1
113
2
293
2
3483
1
5
1
2
1341
17
1
1857
1
10
686
1576
1194
269
1
1
119
187
45
49
783
6328
3
4
2110
273
338
651
6
476
4081
1
1
1
2641
6902
402
256
162
6
1129
8
3103
1
13
5573
363
60
240
4
100
26
1064
3
367
881
70
176
23
47
855
1
1
233
1
4
32
37
250
5784
1118
1137
3782
2
2
38
368
91
2
15
15
923
3101
1
131
651
26
2032
31
2
78
1
4
229
73
85
6
1
157
4
2
1555
547
17
2
20
75
18
9
1
548
1847
248
4
1
1
4
1505
3370
581
13
1
2
1648
1032
3
1
19
35
78
3
23
2399
2
9
20
1
127
3
3
177
1
4
2
205
1780
2
4654
108
422
3
193
4
1505
202
6
3752
4
262
124
3
877
22
267
18
3428
3
40
79
4260
8
158
6
55
72
1
24
838
18
3
7
24
27
37
414
29
1
940
55
1861
16
214
306
22
2
103
3879
121
1
5504
115
5
10
41
2
239
6162
1376
8
486
2
1533
4
80
2806
2
1
37
11
9
1
1915
5
5
1
708
40
1
545
1
10
381
7083
36
2695
19
523
3012
44
39
4
5
2
4
624
1
3
2930
4470
211
1
349
2500
3429
8
1630
1801
2960
614
38
1842
8
18
3460
1
1
7
416
1
26
2621
22
39
14
33
149
9
56
54
57
637
7
2439
7
1995
1
605
4487
21
1189
146
3528
32
1
330
40
2
87
564
75
90
3
106
6
12
45
27
71
6147
4
3
58
156
1
1
1576
2864
135
9
7
53
3
34
3
26
1
70
3997
370
11
80
3
2
49
13
1895
29
20
1981
127
9
18
1690
6
8
2
716
1233
2812
277
13
55
10
1
33
644
382
1235
15
255
1462
3
2555
37
1046
1
46
360
85
148
704
39
186
389
1
1
1
6
146
3
749
728
21
5508
1083
103
34
2
18
95
313
48
3
1
715
2
1
1
8
359
458
1647
192
123
1
4334
5544
430
82
28
2
7
32
146
4
90
711
6
2
37
4
11
1
1
17
363
2
16
259
2253
537
1
24
23
19
3570
369
73
29
19
168
26
4820
76
53
60
43
321
5
1018
2
45
1100
605
3
27
4
2116
12
157
3
123
167
6
453
36
170
18
153
915
5
23
7
16
13
104
673
1
1
3599
4
36
679
3
2437
95
5
165
165
1
15
861
1
300
59
1
2186
454
3
1772
15
1
7
4
1934
10
3470
830
141
7
44
589
1
2801
12
1
856
2938
12
256
3245
165
2831
13
21
3818
64
239
3
4197
4
4198
842
72
9
183
21
130
8
211
142
284
3
1
1
26
428
1119
511
1
1460
7
2712
160
74
137
492
780
998
6
2
47
68
11
2927
14
203
598
7
919
3
985
138
4134
5818
194
2626
146
1
348
842
1097
23
678
545
1
19
4
1
14
1
716
860
2032
11
454
5
2
3
4544
3117
263
3072
21
79
1526
3
2308
4
49
6
6
187
65
1041
3
27
277
1
4
1
24
1288
1086
41
77
1054
15
4522
8
11
1
1
136
2253
31
172
50
1
22
1
1
712
100
1
1136
25
54
179
1650
528
14
3
5005
126
1
2
2465
11
2
122
10
1
939
118
71
340
1389
3
5
775
91
27
317
12
1726
9
2
19
4
581
74
10
22
499
16
2
8
2
260
1810
8
43
60
6535
23
888
18
2166
3109
38
4
1
1584
86
19
5
25
16
12
7623
527
3040
21
1060
2737
73
25
176
2
6580
29
25
396
1
6
2
116
2965
2517
132
288
27
140
381
5
333
2
37
16
10
263
17
124
8
6
1
1883
1008
509
125
861
5
4766
8
15
4
140
7
9
886
9
6
139
11
247
368
1269
1004
2
333
1
9
457
4
357
39
2
7
7
98
1
4488
1
73
442
4
329
261
6
1
1
1
2
4
616
5
7
1387
5
119
1359
558
5
76
1
21
90
13
3240
170
13
38
83
1
9
1
3197
1
1
3336
10
122
319
968
10
388
37
100
3835
1
5753
1417
4
2674
2410
3
3
1265
43
62
142
1414
2
7
758
2112
5
802
404
81
1
4148
23
1
4800
13
14
5657
1236
546
8
74
1
129
2003
1336
5
2
59
564
22
350
3723
3557
1723
2707
2556
2216
120
3
411
48
10
2502
5094
1
1
72
2532
10
1
3353
10
666
3
83
1
29
23
1
9
863
96
386
50
2
8
619
45
1478
239
963
45
1417
19
735
297
99
615
32
3
27
586
2
7
6
7
24
670
223
183
730
3
65
24
6
2
5
5032
2243
1602
1567
858
3
38
1878
29
130
137
564
1
5
7
142
11
129
60
1
605
6
164
305
26
77
1
3
176
1
1
8
1
106
134
19
3140
655
341
592
21
1
26
9
27
7
2
528
462
1792
26
4
1647
40
81
570
1
25
3653
32
44
56
7
382
39
4
1004
1877
1793
312
490
93
2
3
354
3
1038
1
1333
1888
130
3399
874
20
1
2
5128
3911
1509
1
3
3222
2
11
10
1
1
1252
2854
2
121
8
8
609
116
199
41
1
47
41
191
1
2
1455
2
8
447
17
12
1842
507
232
287
911
16
14
2700
1
186
315
18
3
211
1
998
1
53
14
1440
653
2
25
2
4
16
4
3276
272
15
85
90
2
35
4
165
46
3
686
10
174
51
1
175
1
101
15
164
3474
258
405
28
10
32
1122
13
81
42
256
6
72
7
671
3
34
22
3378
50
328
43
2960
122
39
67
6187
497
1730
27
1
3
40
4538
303
32
1014
1121
248
671
2
1
1704
44
245
3
171
7
4
37
10
283
20
6064
74
217
525
245
320
6
228
8
3
3
1
1
2
80
7
783
23
13
5045
19
1669
20
3
508
28
22
1
1
239
214
4
235
4
2
995
1
56
168
7
823
2354
1097
3954
202
4176
77
33
27
341
2143
5
2218
43
12
1
30
1306
3812
3275
50
4
2474
51
262
124
478
70
37
890
1
249
126
7
636
1
172
1715
1593
235
3
108
196
17
1
3759
1
10
1129
941
3120
10
735
45
27
946
454
270
42
59
10
1
1
1517
891
243
2018
10
62
10
1
6
3503
392
2261
763
169
1
547
69
50
28
331
4192
6
3
9
58
40
1
1754
274
667
2
2037
2
1082
616
71
353
89
203
333
509
11
18
5
5863
5
1
59
2877
35
136
190
13
6
17
2336
2181
100
19
1
6
3137
5
1
1
1
733
1359
498
1
22
1
11
84
446
21
1
3554
188
1916
1
8
69
1274
2
697
3929
2
6
361
174
1
2695
84
2039
68
10
3
5
88
4
71
642
624
1
2
16
5
10
3
67
1
1
120
3
1
3
1
21
1106
97
11
2756
74
5
8
1
1
62
1
9
381
1
5
69
363
7
9
71
81
11
67
17
5
2914
1472
1
1
3351
1
1134
1740
152
2
4
132
420
2921
229
9
228
2113
1
423
418
1773
2346
843
1
1066
8
690
72
63
20
588
1509
9
11
30
991
5
2
439
1441
57
1013
3260
100
138
53
318
98
18
94
553
610
55
4
1845
25
34
1835
1
56
1
5
657
107
26
6
52
6
461
5
470
1263
649
1
268
42
241
17
1
1
255
828
87
25
31
3
2361
95
42
639
1
1963
60
3
32
2
9
1
5
2
112
4221
19
22
1468
2
120
2280
2098
3
46
157
275
82
158
13
1653
112
4159
1
1244
47
2009
116
636
16
2029
21
53
882
6
98
957
272
2
4
6
31
4893
2
1029
5
81
99
110
343
3
8
25
12
598
1212
5422
26
2
45
5
237
59
956
4
6627
165
52
1226
1117
3334
3608
42
14
300
2
1
27
2055
5279
2
1
1
138
4
353
4
35
126
9
156
297
21
15
3
115
3
1
1626
2764
3
12
876
1
2
1
44
18
84
3
91
91
1188
11
5
54
577
3706
1014
311
1
1
204
4
16
4
13
105
3
108
1445
108
292
9
13
2
1
4
3
8
9
32
36
981
757
114
36
11
170
1
2308
24
433
756
677
135
55
8
5144
1
180
838
2667
6037
2
129
1070
782
13
1
25
3
331
42
412
26
2
2
121
2
3096
2
5
2290
1313
2
2
1
38
1
1
170
110
51
6
1
1
12
186
3
1943
1634
1
506
80
499
87
1988
1
1
13
236
36
428
2
41
371
11
467
21
269
46
3
22
953
1328
14
1
2
425
1884
1
4126
16
3
3
6
1
3
2584
40
111
1
2
24
525
4
1139
3135
2024
137
3267
547
6
4336
5
60
1
4718
1
55
3
11
1
50
620
344
62
3176
3
298
13
44
4055
304
141
267
1
7
2686
204
4
815
2
23
39
9
15
37
3
880
1
38
3121
7
559
1
3861
2
1
58
64
46
1
6170
826
2
3655
81
10
152
1281
78
69
281
490
1806
4852
2106
5
35
1034
1666
107
1
39
2382
1518
156
319
15
77
3
4
386
73
30
107
39
237
31
175
118
3220
19
1
7
224
55
86
25
260
547
24
1013
5109
8
13
6
2
169
2
1
1
428
65
1111
9
413
82
1
21
1712
185
64
7
6
33
246
4
2
1386
3
12
7169
136
36
1
97
340
62
8
22
2320
46
401
53
70
4
89
2759
42
15
165
53
2007
5
49
31
59
1
1
13
1
2
121
39
1272
9
74
1
1
58
1479
5142
617
128
609
92
1
1
19
114
210
179
42
11
64
93
123
8
321
3494
39
2924
27
570
1
672
791
285
59
3472
29
1082
6
16
1
225
23
197
1977
7
2
528
4
3
1
1746
39
28
20
11
1
1035
108
1
12
1175
3998
5
131
31
8
9
1
1712
426
3583
8
1
4034
239
67
2
62
480
23
302
949
3
401
817
34
29
2
15
5621
102
2
386
40
1
1655
364
4
3369
355
51
1
151
3459
13
56
35
2
379
1348
223
1705
167
16
126
36
63
17
51
1
530
1653
5
747
444
1
412
8
2
88
63
252
177
239
3
4
4433
26
46
3273
1419
16
6
6
1
3
197
239
4
1052
265
258
1004
913
47
1
756
387
118
251
36
426
30
1950
1657
622
204
2
518
691
3
3
3
24
49
217
43
5
76
29
1796
425
26
37
1
2
6
4
1
2179
3
33
57
2
30
594
9
805
2341
325
452
8
1338
246
670
1
332
657
820
24
2860
1
1185
706
2756
34
9
3
57
3
91
606
3
287
2543
1
53
2
223
9
168
11
2219
6
6
422
738
4
149
2683
1
1
1
2029
381
16
1
3
2997
1
191
694
82
57
42
99
1
19
2
531
6
2965
1
548
3434
39
1
195
248
2639
330
9
152
6
487
230
997
7
8
2
86
94
27
864
76
304
516
90
136
599
423
4
5
2
4
100
4668
18
10
678
3
1
191
59
6
11
178
2
5
248
1215
478
19
43
3215
1504
3
32
1
66
32
2
78
1
953
163
4
6314
468
5
427
3394
3
25
9
1
714
28
1092
93
64
3
112
130
205
1
2
47
2
1
10
1816
4
36
1
1301
32
359
2155
1
378
57
58
16
5
1233
721
2
942
68
239
1016
5
9
7
3806
466
1828
9
5
19
1
8
5
164
66
3
8
71
13
36
959
7
3
112
1
667
1
10
56
13
15
63
336
1088
29
2
30
1146
4
1
505
395
467
5
4
1517
190
335
7
7
17
33
972
4
95
1
115
438
83
45
1
11
36
1
589
63
2257
4327
296
2
1
2303
4164
7
57
1864
7
662
1294
391
1
2
1095
1
3391
6
20
1609
843
1
1417
11
1
127
4
198
36
161
46
1002
1
12
4368
1
2
2
3361
2201
16
1820
70
2613
5
351
1124
41
14
1
352
31
1
1
297
83
5562
23
2424
4
184
391
142
1
118
1
11
2706
513
71
4071
1
13
29
375
25
263
76
225
77
12
7
364
34
922
270
1527
2
169
7
1985
316
19
1
27
1167
52
1904
1016
594
214
2
2
80
29
2
13
15
2
1
130
808
3
1
12
324
8
1
4
5
43
341
1036
5
29
4
43
1954
1
13
219
1875
56
227
13
37
1
12
336
2
13
1504
37
5
35
67
24
131
6
1
9
9
1642
443
2327
1
3
2
49
35
8
4
129
4
3
1
175
487
563
1883
2261
69
2
294
2
380
357
197
1206
203
1
3
734
2
1
15
68
4
311
5553
25
19
1007
303
5
1
1
1
6
2
32
1
2
47
2538
1
3279
22
3
141
37
123
2622
2
4
457
1011
455
648
10
1
2068
2
21
31
30
9
14
94
47
1
24
51
1
56
1138
151
21
270
425
314
12
1
2
16
1
83
990
395
1
735
20
309
43
708
688
1286
17
5
368
3250
666
72
3
5451
1612
1
33
18
24
19
2
16
2
6
495
7
81
427
16
2
340
482
27
77
1581
1516
125
1
284
1312
1115
1068
640
290
13
699
43
2707
10
43
385
5
20
974
2
626
1
1389
81
2
5
564
778
1256
40
503
692
1976
1306
11
167
1
1
20
1
90
54
12
99
3
1316
1
2163
1
362
1
57
2
32
3051
2571
15
4
2356
291
96
1
109
5
1
2740
1730
1
221
7
24
3810
6702
343
2
681
3685
4
21
1
94
90
4
1607
91
830
2342
54
3
5
1524
21
5
263
3
10
18
2
81
1
1
6
11
7
519
120
434
42
580
13
1
2468
1
30
2
10
1812
5
848
1
2
1468
19
6
339
27
81
1040
1
4
10
1995
2843
90
3
45
963
137
1344
5
91
116
30
152
261
2933
154
522
376
1031
115
179
4829
1249
99
4
349
7
2504
51
32
1915
3221
4798
54
529
4
1
530
2
3
22
250
189
4483
397
285
14
1
242
1
552
9
868
4
2165
1
3315
232
65
255
746
41
19
46
493
570
2183
25
1
2
230
25
2
1695
162
2998
84
86
205
239
66
114
4
1
216
2025
261
14
2
602
109
8
1
3
506
3
65
285
7
12
132
22
69
2648
1
3
20
5
757
937
14
273
15
425
573
1222
7
71
1
8
31
18
2265
34
22
34
3
445
121
6
227
1643
229
777
3411
141
32
2705
963
21
2750
40
21
160
327
44
1
2
64
803
1127
305
528
1
60
28
679
2
1037
429
4
1677
394
332
464
1
4
17
56
763
26
294
1
2
947
1
740
6
380
55
65
677
67
18
2
1
902
1
20
329
1402
34
1
175
23
4
2
604
365
66
1884
5
334
37
832
3
6
157
617
1
276
1
4
2
261
5
1
1
6332
2
218
20
35
776
977
1
1595
3431
22
23
1434
42
61
9
1
7
1
3
15
10
1
1057
383
315
1299
438
13
523
3561
1
23
1508
8
1
521
1638
1390
1
625
89
24
157
1
1
321
15
361
16
2
22
8
81
3100
253
2
1135
136
40
6
36
1060
1
4
1
3
6
21
1
1439
14
2
731
1
1177
412
5
20
4135
25
39
130
15
4524
4
813
1
51
825
1080
323
2090
1260
2530
323
3
5
20
4
78
3
3104
2
15
1722
40
113
4
300
12
1571
3
355
882
27
1
499
1
13
40
1
124
177
1
1
379
49
888
5
179
408
1
954
2238
463
145
354
1
129
5
2378
17
1533
42
1064
1
627
606
27
4554
102
131
539
6
4
1
93
436
3
1
1372
1
3
19
2955
2552
4
301
46
13
71
345
221
1192
196
2
1
9
145
13
1
767
506
19
491
39
16
52
986
3859
127
25
3
23
20
11
18
5
5557
546
1
112
23
1
33
1
49
1
2
73
3845
6
402
63
2
24
105
246
79
5
1475
3
2
31
10
1
80
547
7
17
3
3130
377
45
1
1
3
31
3
1
172
4
4
372
2
3701
2
11
985
4
83
7
4679
1
2592
2770
203
13
117
1
16
1
2
163
24
1390
266
1
154
3066
84
20
655
447
1178
9
9
7
2601
1
8
4
5
3
490
2009
7
40
29
158
8
6
4
135
8
87
135
31
7
21
2
15
1
52
1123
81
1
254
1
1
5201
5
2
3324
499
860
3569
10
344
15
41
65
6
4
1385
61
4688
2
528
2
5
1
130
23
4654
1493
1601
5
22
210
15
17
4
963
3
168
97
1
462
1542
959
2289
1962
133
4092
591
739
116
1074
921
165
61
5
162
885
7
9
1
118
6
62
515
7
3565
1
21
24
143
1487
135
448
1
7
34
8
143
21
3426
840
352
2
1896
15
3478
1
16
35
1
1
4
395
409
572
325
13
2
2
15
4
3
1
1269
26
10
23
2
131
7
158
478
1
55
687
31
1849
1
5
158
25
3126
2794
11
197
18
203
56
153
162
38
4345
3
624
1
2048
75
5
314
1076
4
107
1014
415
368
1
239
237
1911
5
1275
30
78
1224
34
4127
20
904
128
414
70
6
1
3
345
814
15
1
34
390
4678
3
1
53
2
229
50
143
265
3
7
24
207
23
2088
7
31
269
53
674
946
2193
1
64
50
3876
4
178
28
6
1209
11
4
1334
242
459
355
7
1
12
38
3505
58
14
364
31
1032
2
65
6
2
3
17
5
3
327
269
1
2
2
1
752
18
364
2928
453
1
1
3
64
7
78
36
6
82
201
2
7
11
136
77
14
175
2929
91
2608
2
199
12
16
825
1
1
1
836
1177
6
54
2316
14
11
1450
314
814
24
3
51
16
1
6641
32
37
175
1119
3270
6
7
183
565
723
12
2
1068
1
308
483
2
3367
1971
7
195
4
318
5
19
1
47
32
3
41
2596
9
5575
2
1
2
30
775
1961
1
207
3902
42
37
161
1169
3460
4439
2
17
10
132
3617
2
16
16
1
2
2716
104
3
387
55
15
3130
1475
2
12
103
1
287
140
3
11
1
4498
194
52
18
2
2
3366
2743
1
255
16
144
227
98
224
12
1
213
602
10
17
4
46
14
2401
99
510
104
535
37
4
2653
1215
2
19
1148
135
1
4862
4872
2
40
1
293
256
19
5
2593
17
946
1
2868
2699
413
2424
291
1
251
788
28
1719
2
757
22
46
31
1289
2
64
6
114
1
1186
66
2077
433
13
1396
2
2
34
362
155
262
1232
1194
1022
1373
16
2355
5007
251
16
46
3
113
58
9
3021
51
1379
1
1
17
678
802
6
1493
476
3
3149
101
28
52
1
5240
660
48
22
784
1
15
92
1
1
1707
592
14
73
5
8
1692
86
1
60
9
2842
46
1
126
4459
118
348
2
405
2
2
1571
1267
894
6
400
31
6
5
18
83
21
25
4644
2050
1887
157
193
28
1
2
1
24
4
2
2
1386
1
9
52
44
266
1203
13
42
335
216
5
5
25
2865
1
10
1864
4
220
5
3046
1144
176
344
516
20
19
14
64
8
767
1
22
78
1
35
1
2853
1002
12
1426
4
2257
2
232
44
241
12
24
111
45
2031
79
64
463
32
20
65
438
1
1
3
1
96
269
1
5
4
826
1908
249
14
58
5
4038
1
1329
132
1
1
179
908
84
1
9
1
2068
1
734
4
1
396
2975
2848
109
2
15
3
98
25
1
1448
650
9
78
154
612
7
287
24
6
2
4
4
15
183
2207
39
79
8
1341
39
5
21
14
349
558
132
413
1
912
25
1
1
1
792
2251
3
1639
6
48
94
3202
200
1221
34
2782
3
37
1306
141
536
15
17
2245
1
292
20
48
9
3
34
7
415
5
213
2
34
1
6
3
855
9
1
1165
1
10
189
2
34
20
2
813
638
1
2323
2
7
6
1487
467
1
2735
2168
1037
205
2168
1
22
214
141
597
1
3
3951
102
2
3574
80
21
66
261
764
320
1
1343
406
1438
203
4
1230
2
7
5
185
144
147
2
89
375
18
103
56
96
1
1754
1
29
1
1
24
3796
601
2
1
134
1517
6
3740
8
4
86
7
11
1892
48
3180
1
108
1
900
9
2
618
3706
1
9
182
123
4464
440
16
9
1
1
1571
59
22
5
850
46
6
27
6
31
301
1
1947
4598
488
317
41
443
1506
2
5
1903
2
494
1
3
1
2
4
8
3
4003
2217
16
1124
4
342
3773
906
16
215
11
1
6
985
41
9
243
537
36
12
1822
2
21
2
3446
119
403
1
4
2
19
183
23
390
89
1
991
1
1
932
144
5089
29
7
89
1
31
1871
4
373
1
85
4
14
1263
34
13
27
1541
584
1715
2680
2245
311
187
26
1
3604
33
18
9
80
317
2767
2
1171
23
332
7
1
40
6
11
21
6314
10
665
19
345
185
1
1
875
3
35
58
1676
6
4
652
30
97
212
3
150
692
1
1
370
63
231
211
2495
19
2
48
6506
13
35
293
75
203
26
7
1
1222
118
5
1
401
25
5
17
65
3
89
122
700
64
31
22
1
4
454
882
56
1
7
3
31
2
211
712
14
228
30
184
1
5
1
1
86
16
146
8
1
353
1
2
1
184
547
1
13
2148
57
2
24
2086
2
58
417
4
34
5562
156
54
608
4
1
1771
23
9
103
1
334
4
1101
3
186
1712
5
1068
15
2
1071
2
694
16
2
33
630
3
34
1595
343
82
273
2159
1
218
4
33
402
3
75
19
1
742
1
5
4
51
49
23
6
33
5
3
650
1
113
414
21
684
1502
882
4
4700
2
999
26
3
83
1
1470
3
19
300
2559
1
1
2
2
1
6
3507
4
19
9
83
49
7
252
29
363
682
776
1746
2959
4
14
33
1211
192
1000
194
84
155
1047
2707
210
6
141
1193
12
82
509
2
2
1126
185
583
1
1
1
77
74
4
17
2
50
27
10
4
3
11
258
124
645
177
51
16
184
3
1
49
1
9
4052
1
144
285
1
696
659
1
3
94
4
3468
52
128
8
28
1
322
21
129
95
713
790
1
17
3
158
1
5233
1262
12
3751
4
936
27
1297
2
1
221
301
27
163
122
458
975
734
4
354
124
1429
3315
24
146
1
51
1
1
664
4
50
311
1
582
17
150
1
24
2
8
224
8
1804
391
2
269
27
5
1228
1767
2
2880
31
90
43
985
4
3091
2
6
66
3038
5
19
1674
4
892
3
17
6
44
44
113
2
125
32
341
125
3441
7
1132
63
302
482
577
3
2
945
1
607
4127
491
3063
4485
37
45
2
2
1
2
89
101
2257
1552
1
90
2
204
1
1
3
4448
15
98
1
2
1612
19
192
851
1668
188
76
93
1016
22
1640
1551
498
1
1
18
345
1968
1
3
1
5
5163
4203
359
1168
2
2
1
362
1
93
206
278
2
373
1605
1533
2
18
4
1
1301
1505
2
1993
20
75
1
516
12
4473
10
4
3109
1
8
253
3
1
50
490
8
199
2
216
6
1
5
71
17
23
34
1671
2615
346
508
51
60
1681
597
402
12
7
4382
55
5
183
2
186
481
757
23
20
372
5
248
66
7
3889
149
2
935
153
3
1
2
1
168
5
3514
4
1
301
3
3471
665
1440
4
115
2408
3
940
18
282
222
18
1
3
1981
27
4
15
130
1
3
422
19
156
124
23
2
41
43
2
617
274
41
95
37
2
46
4272
17
238
3
1044
4
4
52
323
1
3
431
60
6075
1
494
1
2085
57
3
42
967
8
566
1193
8
954
68
4
615
252
28
66
65
1
4
211
113
1
20
130
118
5
22
4
5
214
36
20
2
217
3
7
3
111
548
777
6
1
918
4491
96
735
30
2720
5
10
6
247
164
1387
267
37
1126
4
11
6
41
21
2
111
1
15
266
293
1
24
3
13
1368
17
3
8
1
316
730
46
589
2
835
585
57
6
129
154
1158
2
30
76
257
2
55
287
9
82
77
1
18
2
7
123
4046
3294
62
7
260
1742
1
734
279
13
31
31
170
769
1
3368
406
6
317
73
42
1
1569
468
2
303
2327
693
9
420
1172
2200
4
924
620
27
5
330
20
17
2
1212
979
1419
5
383
324
1
1
54
966
59
20
63
62
29
20
22
40
1741
50
69
176
4
13
288
1
4
11
673
250
3
9
1418
157
1562
923
4
972
217
77
13
377
2036
1244
955
42
1
603
2
50
103
1946
1286
135
234
1832
1
60
23
2660
2512
1
3
8
589
39
247
311
9
3
98
819
133
14
2
202
460
16
1
6
1931
12
69
1109
3
1414
517
31
23
10
5
686
1
1137
1842
41
3
544
2
1812
33
17
85
29
555
355
2
1
1844
323
3
1472
2
1
544
3
12
76
559
153
1
1611
8
386
1
589
765
13
50
1
4500
707
426
4
39
3
53
156
67
8
132
415
5
6
1682
93
1261
104
1
4
394
260
57
26
965
1
1
158
3
209
7
6
82
89
209
113
1
40
7
37
5
11
14
2
1
10
38
1
1784
4
3
2802
1
114
2
62
86
3991
2725
30
1223
34
4
40
2330
1
394
17
1552
4
1690
17
181
485
9
3
61
525
179
15
3406
1
5
16
1395
538
13
1969
262
3504
33
2
4
3
511
788
2
1
23
785
11
851
2
6
1431
3154
1
2950
19
65
170
193
2
1
2
30
279
1259
5702
1
1
3
1
179
32
29
300
7
545
405
25
4
25
2402
3
357
3751
2281
10
1
1
112
2933
26
1
1123
7
394
1
3629
1
2058
4
3
12
35
437
1735
21
337
1950
37
15
79
3
669
896
98
243
2
36
3958
1
1027
3
22
3
14
34
1338
3
171
1
8
1581
2302
1478
47
33
125
3758
1143
1
359
5506
448
3543
87
4
10
1
3
52
8
20
3370
27
31
1
2324
47
79
2
2
1078
38
793
2260
108
5
1893
1
12
13
441
11
4
93
1
210
10
1
498
228
1202
1084
86
10
1
467
3079
320
1
165
1
3271
1006
1
2
1
75
62
41
2
1
41
41
794
1
58
5
1024
2093
1
1
3
188
22
363
35
64
823
95
240
991
249
559
1859
3
4319
2
376
75
6
16
1074
24
1
135
2206
3
1150
27
50
4
28
2
3886
1903
500
584
41
3136
118
6
4
11
7
1
726
2
10
7
920
22
3
8
159
3087
3842
18
148
1
1
2
257
2402
1
1696
25
260
1
115
3689
255
2
1
4032
3097
561
48
1658
54
20
7
276
343
20
2
35
862
3
88
1030
66
175
651
36
172
1993
152
5
2
1
29
1476
324
3
11
5
2699
6
4
959
1096
2
2
11
458
2
802
926
1
4
222
17
199
52
133
10
6404
875
1
61
47
2798
514
182
151
4
20
16
5
780
46
6
11
74
10
802
184
2818
39
15
188
2164
5
312
3106
87
42
2223
1
4
14
70
722
706
70
2505
3196
2082
18
885
1847
11
26
1
362
10
1353
46
69
1759
155
2511
2947
25
165
1
24
854
3
24
95
36
82
15
80
835
2
297
102
12
548
13
6
639
335
15
534
811
974
1
985
1594
1
99
522
16
1
5
2
40
25
2285
96
1
30
7
3369
2
45
15
69
1310
11
8
14
28
17
2071
15
843
2578
1714
5
1770
5
339
7
1
5
1851
177
20
1
4
27
1355
48
796
9
2953
2
242
2
172
1223
1168
245
612
26
9
1
1
1252
1
5050
27
66
3
3830
1327
43
2534
14
797
118
3
3
5972
31
235
2
17
1891
1
122
2419
1697
328
1
293
139
1
449
2
2
3
424
8
1
9
970
195
2468
1
10
109
1637
593
26
1765
4
12
956
17
57
9
1660
2719
6
61
10
1
5
1423
3966
2
96
1625
839
147
1
954
2016
2
186
205
168
137
1965
1419
1
11
6
772
6
2613
17
1242
7
106
4
6
17
12
439
95
1155
2
7
5
7408
1
3790
2630
86
81
2
1602
2205
270
1
15
1
556
736
209
1
3
16
16
1
1
957
5
433
55
5767
114
3405
2
10
22
182
383
70
960
50
2
1093
1
4
3352
2
1185
2
1
550
184
4780
14
2754
125
26
5992
77
260
194
27
254
656
5
2
38
6
1
15
4
3
29
1
149
102
5
42
53
1020
5
1
13
17
23
45
118
4
118
87
770
394
300
579
276
50
45
1649
5438
2270
393
3152
4
1
708
45
50
386
1
7
1
1
43
1
562
16
49
19
272
16
37
20
963
17
8
105
1
7
939
1690
3
1963
6
4557
3736
408
3391
388
469
1
519
1
2
145
4
1
257
15
86
4
498
12
40
1843
1
1258
483
13
225
2837
1
43
1381
2
1
15
1
1496
2920
1434
1299
1790
211
1
40
10
37
1
6
3
103
2494
14
37
3268
8
894
1
1089
393
3
193
54
7
77
774
1910
5
9
6
989
254
6
5
72
69
4
2
2247
3523
1
13
5486
1388
1
49
275
22
33
4
770
550
8
1
100
212
121
12
2
974
2
66
61
15
2846
9
3
132
1
18
40
674
32
15
15
179
19
353
770
4082
2124
1
578
8
1826
3
267
40
29
21
14
5
3
284
62
1802
1
3250
39
10
170
1559
110
347
1
140
39
2
1
793
5
41
12
680
1
1612
662
198
9
1
2
7
15
14
90
4
969
25
777
584
351
2883
2
720
352
24
1
798
2
2
76
3
855
3896
2984
14
1
1683
23
1399
626
2
4973
180
23
11
234
1
38
156
21
2204
26
7
1787
631
1
874
8
1
404
38
1686
77
502
20
1
4
100
77
23
5
115
783
439
169
2
4271
7
32
1
404
86
1
1
40
397
528
2
1258
3886
72
367
142
784
49
209
13
345
106
5
1896
1529
2
11
1
3
74
2
3
55
12
3327
3397
20
86
19
3307
565
1125
744
298
49
11
314
35
4148
430
242
1
11
45
7
32
87
2
1
236
12
6
172
904
59
25
583
1
2002
24
1
3
671
133
1
1
1
6
2373
2
54
2
1856
13
3495
323
17
2487
3
32
1
3806
222
1
5
7
2
299
22
2178
400
3
16
67
9
4
2673
458
538
273
10
1560
9
3019
3
1
1647
28
7
698
1
3
15
112
36
326
329
1387
3
119
11
1604
1210
1528
2
2
23
615
19
188
2069
401
13
3
16
2
164
186
2819
2329
36
91
1
1392
1
61
676
2181
1912
30
8
30
2
50
1
745
249
1
256
1232
182
21
30
5
20
1
998
2323
135
201
10
976
5619
71
5
40
12
308
9
2443
1
18
2284
12
826
36
114
3
1
4
7
2019
126
114
405
134
15
15
8
16
44
2202
3
7
3599
2
1
162
43
61
1
1278
2
119
20
1026
2
5
892
13
3
786
13
5
73
2
604
120
4
18
1
3
3859
36
1297
3496
338
2206
1206
12
6
184
1
502
1
16
213
418
36
925
452
37
8
29
31
9
17
1
2
1574
1
206
847
19
3057
56
4417
17
13
207
79
564
295
3865
633
4712
3
3
1528
8
9
1
31
24
36
3542
233
11
410
1858
14
309
1
3
139
2460
960
3
7
73
630
1279
6
243
2
85
109
1110
7
256
3
1
1
406
10
2698
977
1351
6
513
3486
65
3
178
24
1321
5
1
165
13
30
1033
677
1
417
167
4725
3
197
4691
114
2
1107
46
1
13
20
1
89
2364
6
392
246
764
17
1
1
1991
1
191
5463
63
65
1435
4
2575
7
1
18
7
578
4990
16
1590
748
1
19
1268
1
680
889
6
1823
30
2686
12
3
1
2309
11
110
1
5109
2
10
552
74
97
74
1
77
9
1
21
2
864
26
2391
4
2
12
7
57
2811
41
159
10
33
1
3047
36
3
2
697
1
287
3
1681
1
14
1
1416
1629
19
96
1
1
4394
98
980
185
162
1
5
19
1923
3
2
105
83
259
36
24
120
71
558
4313
150
1
124
1
1
63
11
1
36
288
90
451
1097
73
44
1099
3958
4
3
1
269
30
14
504
471
5
37
2823
1
1
28
1085
75
1475
20
8
1261
4
1465
594
416
5
2
2764
52
12
336
1168
4
1
2313
1
820
1
64
6781
1674
3
15
252
243
19
54
8
604
38
31
191
4
10
4284
131
11
2
1
16
56
8
8
16
12
3
859
38
2459
60
1
141
1085
2
40
106
4
2144
5223
338
1
3270
213
14
4
1580
1
501
483
1
3475
278
57
7
962
84
3
237
60
987
754
1258
5
2988
6
182
1
17
1372
2453
347
1432
1046
4385
24
1984
1226
5
1
2
52
18
530
639
10
22
3
43
228
3
314
346
18
2
289
13
23
1
1724
12
8
3869
168
4109
3
4367
67
1238
195
1
180
317
1
605
1844
2394
3
1058
5
641
3055
3127
56
18
8
2285
8
3
63
32
35
14
2
279
739
154
34
64
18
11
1
236
25
991
630
289
1
19
425
320
10
14
446
30
1
617
1329
142
18
2
911
6
171
7
290
84
5
409
142
50
1
1
3
3
1
21
24
102
1798
918
486
12
1
6
2
3862
1320
2888
9
5
253
21
39
2
3
878
4233
26
11
23
5
78
622
2
202
2310
119
2
1163
396
524
308
205
10
3100
210
8
11
6
273
3
1
1
2
860
385
10
4385
149
21
11
462
10
60
1761
5
391
8
304
2
2672
103
49
4423
461
140
219
4
180
1150
1085
18
628
508
337
48
2
25
1
1
2986
6
170
42
221
1322
127
2
4127
247
11
5
21
10
1
69
80
2146
749
851
1
28
430
494
66
1
2
3
609
1
1
2598
36
288
1
1
17
223
40
29
226
23
1486
31
2
2141
173
28
1
683
85
33
88
1
21
122
25
2
2976
1
14
1
3228
4615
242
85
17
822
112
1
25
3
1272
55
1841
586
2
1
43
280
669
1139
2
1725
55
63
666
1
20
1158
2
2
456
918
15
1398
4445
87
14
9
5
782
1674
16
1
1614
420
28
16
727
54
1
203
14
4407
1
1659
115
2
7
1
5
283
14
6
1
4
81
24
2
192
2
251
1388
201
1060
1509
4
8
1680
1429
7
3
2108
5297
11
711
2760
34
4
4
64
269
449
274
119
324
33
9
2088
2
1
549
248
69
4805
862
1
125
107
1478
3182
85
107
45
10
2
2
4
3
2067
100
200
10
28
19
1
4124
49
436
154
6
1
200
2
514
1
63
5
2
17
4
4
77
25
26
10
561
64
208
3
59
1
10
1
23
3601
501
1680
12
1
11
293
1322
10
17
1
2847
1
119
4
3010
2320
1139
11
3221
350
1133
1
9
545
64
3
18
5
14
2565
5
3
2
559
1
39
2
2
111
2661
2
34
14
865
96
500
6
5
22
57
748
1669
3
87
258
3
10
78
2878
2
2
50
13
73
24
55
1
1
3353
3
5
1739
1784
1183
6
1450
4254
22
1
2047
1
4
5
2
3343
1432
1
29
1
34
2907
675
187
4
340
12
3398
55
63
2
220
230
541
14
3
1
11
113
11
2429
2
25
2742
4
787
448
2
194
8
35
6050
2526
1
74
2012
662
2265
668
1
1289
200
32
639
6
4
14
7
59
8
2
10
16
50
12
1
1694
2
1
19
201
214
1
126
1
4330
100
10
4586
85
158
86
6287
52
55
1
4
39
17
771
634
24
17
1
245
2
1
1
1
398
34
729
171
1
311
4
387
9
4609
11
1319
40
1275
2665
7
4
98
1123
1
66
10
21
129
4
399
261
38
11
1
8
8
498
3
4
6758
2610
3
365
9
4
22
50
399
4
35
227
6
28
928
1
1676
33
26
1
4467
5
1084
4539
580
95
1
6441
65
1
136
9
8
67
308
2
3
30
3
2017
1
8
2680
3
53
24
1
4
50
324
2445
2365
1816
79
94
79
320
7
7
1135
770
1
2361
1
3
54
25
1009
215
3
136
2
2132
3355
7
284
646
10
2454
5
3
79
40
30
1063
62
15
298
1
12
133
1
239
219
333
66
3
2
17
15
336
39
266
93
5
150
393
1
540
26
256
5
1190
341
1915
8
67
66
1
331
13
732
21
64
168
2
99
114
256
23
834
6696
4
1
46
22
287
337
1
158
5
25
8
207
8
39
3
461
1
293
16
33
757
2493
1
2
83
2
55
20
25
1977
5
228
10
298
135
106
5
1214
1253
5
17
251
12
2
26
37
2
3
35
78
30
1219
704
1
21
198
9
15
1556
244
703
4638
31
2966
1004
110
53
899
5540
1
6
3513
1
455
80
2
2515
1
1608
10
13
498
142
4
3
229
33
1
345
100
592
3820
368
3911
66
7
794
117
1
121
108
2
399
19
230
3
332
3
150
139
1
78
1
447
395
871
3
1
148
39
17
2063
1
51
276
90
571
195
14
3694
2
43
26
401
344
18
5
3160
1598
54
34
477
9
1209
15
312
494
201
2
51
9
1811
709
2
1
2014
3
1332
29
3
10
42
1610
37
474
29
4083
3446
42
2
4554
2486
4
2
4
1
206
1
8
4
2586
233
3
8
100
1
321
98
2
3144
10
2
3757
3
6
31
1
1068
45
1437
5
5365
620
2
57
14
1
3204
19
1
136
293
52
3
132
999
351
65
7
1
165
25
1
288
536
1037
3014
1
1
3437
81
1
1
1
1
1
3436
3
918
211
3
19
130
3
10
84
3
28
1870
1571
2
14
212
1
192
901
19
2515
3309
1
155
2
5
7
21
1350
552
15
31
22
7
161
9
184
637
3
174
