32
175267 668357 -413115 668357
175267 668357 250331 668357
-707329 915380 -707329 907683
-643448 -88841 -583259 -88841
-22203 -126946 151574 -126946
-583259 -88841 -481145 -88841
-707329 915380 -707329 930887
484517 -112292 484517 -26504
-924478 606234 -924478 555768
-22203 -126946 -22203 80794
-707329 907683 -707329 897521
-22203 80794 -22203 376090
-924478 555768 -924478 533223
-156717 -469044 338086 -469044
175037 -590538 175037 -499321
-643448 -88841 -643448 184405
484517 -26504 432291 -26504
-249266 -568561 -201003 -568561
-707329 930887 -707329 948177
-806915 -158266 -806915 -135674
-201003 -568561 -201003 -556973
-156717 -469044 -156717 -470397
-9839 -384768 -16728 -384768
-249266 -568561 -249266 -576116
-806915 -135674 -733117 -135674
250331 668357 250331 668415
-156717 -470397 -40887 -470397
-625704 598412 -28065 598412
352151 -929322 352151 -913139
-360481 -808818 -360481 -760478
-350212 -443757 -352510 -443757
-350212 -443757 -255445 -443757
