75
-999310 252549 -871428 252549
-871428 252549 -871428 304085
-75118 551350 -74856 551350
-433126 -264205 -433126 -265991
-292201 -303315 -358981 -303315
-433126 -265991 -535015 -265991
-161398 119878 -17984 119878
-67596 528039 -67596 496013
-253436 360818 -264558 360818
-652816 431717 -649218 431717
29093 648163 71360 648163
-161398 119878 -165715 119878
-293839 761807 -293839 705316
71360 648163 71360 491606
-672750 580913 -672750 580503
-270301 -546075 -550060 -546075
-292201 -303315 -292201 -126324
-74856 551350 -10844 551350
-270301 -546075 -270301 -545148
-264558 360818 -264558 356337
-535015 -265991 -535015 -224427
667285 617884 579287 617884
-999310 252549 -999310 201510
-264558 356337 -172084 356337
-999310 201510 -862647 201510
-931113 -671752 -931113 -564262
-270301 -545148 -317832 -545148
-75118 551350 -75118 454948
-10844 551350 4872 551350
-189784 268609 -189784 268396
-17984 119878 235094 119878
450410 342947 450410 405187
-433126 -264205 -415276 -264205
-415276 -264205 -415276 151704
-649218 431717 -629838 431717
-97305 637552 -97305 637550
-990248 -273883 -555897 -273883
818309 407166 331760 407166
-862647 201510 -851755 201510
-761884 790436 -761884 685731
-652816 431717 -652816 431630
-292201 -126324 -295006 -126324
-589391 454114 -560269 454114
487915 -231454 448045 -231454
-253436 360818 -139038 360818
-560269 454114 -560269 381124
-931113 -671752 -373696 -671752
866749 840866 330577 840866
700552 -979 700552 -364138
-525663 339719 -525663 243238
-373696 -671752 -312035 -671752
-910224 671522 -910224 671350
918246 -914583 918246 -900261
-629838 431717 -571360 431717
917044 876239 210058 876239
757591 -739962 757591 -600569
450410 405187 450669 405187
700552 -364138 700552 -365453
-775659 53941 -775659 72962
700552 -979 742538 -979
-550060 -546075 -550060 129008
-571360 431717 -571360 449775
-415276 151704 -415276 336839
804251 -839766 804251 -577725
434846 917851 434846 882800
106730 691352 106805 691352
-139038 360818 -139038 360175
669052 521559 669052 521332
95511 870639 308675 870639
-358981 -303315 -358981 -375733
-873313 504753 -873313 269884
711015 617485 631646 617485
-770661 8814 -770661 -165418
-871428 304085 -871414 304085
-75118 454948 -75122 454948
