26
-538038 689293 78654 689293
-538038 689293 -538038 502950
533308 832672 533308 552142
-538038 502950 -537923 502950
78654 689293 78963 689293
291280 386326 291280 399423
-227457 665992 -227508 665992
291280 386326 296290 386326
-227457 665992 -227444 665992
-941878 -720557 -941878 -185278
10643 -233615 -193843 -233615
-820752 -411345 -507778 -411345
-106623 -21067 -106623 180467
78963 689293 78963 502836
901709 -991725 901709 -991571
10643 -233615 10643 -167679
349464 -625391 349464 -595404
-537923 502950 -537923 401298
334644 675237 334644 496987
291280 399423 289578 399423
10643 -167679 -34532 -167679
-559420 738511 -559420 738019
888256 -511178 888256 -540136
901709 -991571 901709 -897718
-399601 256558 -562289 256558
466878 799580 228809 799580
