45
572042 725127 543999 725127
572042 725127 640441 725127
628015 -389782 588182 -389782
543999 725127 492817 725127
628015 -389782 628017 -389782
938108 -500381 938106 -500381
938106 -500381 938106 -412309
547165 920926 544558 920926
628017 -389782 628017 -387274
544558 920926 544558 920921
544558 920921 544558 920917
809055 -306179 528407 -306179
544558 920917 544558 920723
451548 222308 -156734 222308
174762 526078 391217 526078
458497 -940155 458497 -567677
938106 -412309 552047 -412309
514566 86982 512803 86982
715157 -87512 715157 -240318
531814 650736 346144 650736
501527 -518718 501060 -518718
-993680 449949 -993680 423680
-156734 222308 -156734 210648
-964948 5217 -964948 161973
394207 -180170 230084 -180170
-374056 -746721 -374056 -484565
876189 -116515 876189 -158856
501060 -518718 420871 -518718
876189 -116515 705755 -116515
458497 -940155 306130 -940155
552047 -412309 549107 -412309
-512216 -625295 -512216 -427918
-613689 -472841 -613689 -427414
-924881 975446 -918824 975446
547165 920926 547165 915425
-275761 512262 -275761 342476
492817 725127 492817 724353
628017 -387274 564073 -387274
916139 -414817 916139 -416084
-993680 449949 -936578 449949
36062 966239 48552 966239
247162 -154917 275516 -154917
93202 -324034 93202 -128179
74745 -96097 196671 -96097
729139 843965 729139 820230
