100
6272780
2988101
6275834
5564811
2952934
3720674
2975765
5604798
2024526
1052103
5192024
9242208
4094694
1398436
6815032
9700735
5125450
4801960
3486283
2971812
9288579
2961531
9081551
1384832
9203686
9321406
9081320
3529643
2471045
9344643
5192027
2435692
1052676
1050523
8582680
4094691
6272508
9280388
3630043
8586871
9288506
1489533
1382797
1626578
5983780
6272957
2971527
9240206
9274409
9200907
9098378
2478725
2026574
5604385
4758906
2030226
2975716
5615979
2035486
4094647
3584359
2985589
2030499
3403690
3584827
2023406
1455053
5182692
9228814
5569634
9242261
2478775
2435688
1058503
9320388
8078912
5564813
1618077
2020746
8562449
1052136
3630153
9081512
1036765
3486264
1618886
2035487
3764963
4082084
6066747
3431651
4009442
3859168
9026232
2473619
2472190
9098369
4780919
1386935
9321963
100
8078
4444523
295293
1455
90
34
4082084
2
9
372
8078912
908
34036
14895
20304
85826
4
97007
5182
13984
1
9802822
13827
908132
2020746
80789
72
2952934
4009
8
5
5615979
161888
1804057
73
9098
618
1489533
909
34
3
358435
5983780
480
10505
873986
6
4082084
3617
8078
2026
784
202452
6272
298558
6
2
92
400944
47
807
85
1618077
8078912
681503
2478725
85624
2435692
6815
8078912
6066747
479392
8332356
9700
8562449
4082
1
36
541
980
36
409464
247
6
6066
1
5
9228814
37649
9
24356
478
43
1
8369
909
62758
5615979
9
311915
