20
17 1 2 3 4 5 6 7 8 11 12 13 14 15 16 17 18 20
20 1 2 3 4 5 6 7 8 9 10 11 12 13 14 15 16 17 18 19 20
4 1 3 8 19
14 1 2 3 4 5 6 8 11 15 16 17 18 19 20
2 11 14
0
17 1 2 3 5 7 8 9 10 11 12 13 14 15 16 18 19 20
16 1 2 3 4 5 6 7 8 9 11 14 15 16 17 19 20
5 2 5 6 12 13
8 2 3 5 6 10 11 14 17
5 7 9 11 16 19
10 2 4 8 10 11 13 14 16 17 19
10 1 4 5 6 7 8 10 13 14 16
3 1 6 14
2 12 15
4 4 7 11 19
17 1 2 3 4 5 6 7 8 9 11 12 13 15 16 18 19 20
19 1 2 3 4 5 6 7 8 9 10 11 12 13 14 15 16 17 18 19
13 2 3 4 5 6 7 8 9 10 12 17 18 19
12 1 4 7 9 10 13 14 15 16 18 19 20
