20
18 15 10 19 5 14 9 18 4 13 8 17 12 16 2 11 20 6 1
18 8 17 3 12 7 16 2 11 20 6 15 1 19 5 14 9 18 4
18 6 15 10 19 5 14 9 18 4 13 8 17 3 7 16 2 11 20
16 11 6 15 10 19 5 14 9 4 13 8 17 3 12 7 16
16 17 3 12 7 2 11 6 15 1 10 5 14 9 18 4 13
17 15 10 19 5 14 9 18 4 8 17 3 12 7 16 11 6 1
15 12 7 16 2 11 15 1 10 19 5 9 4 18 13 8
18 9 18 4 13 8 3 12 16 2 11 20 6 15 1 10 19 5 14
16 11 6 15 1 10 19 14 9 18 4 8 17 3 12 7 2
16 8 17 3 12 7 2 6 20 15 1 10 19 5 9 4 13
18 5 14 18 13 8 17 3 12 7 16 2 11 20 6 15 1 10 19
14 20 6 1 5 14 9 4 18 13 3 12 7 16 11
17 13 8 17 3 12 7 16 2 20 6 1 10 19 5 14 9 4
17 15 1 5 14 9 4 13 8 17 3 12 7 16 2 11 6 20
18 7 16 2 11 6 20 15 1 10 19 5 14 18 4 13 8 17 3
17 18 13 17 3 12 7 16 2 11 20 15 1 10 19 5 14 9
18 6 15 1 19 5 14 9 4 18 13 8 17 3 12 7 16 2 11
17 17 12 7 16 2 11 8 20 6 15 19 5 14 9 18 4 13
17 9 18 4 13 8 17 3 12 16 2 11 6 20 1 10 19 14
15 20 15 1 10 19 5 14 9 18 4 13 17 3 2 11
