918 917
1532 3398 29
3477 4657 29
4860 4965 29
3607 4628 29
417 4206 29
1549 1662 29
2880 4037 29
2511 3804 29
925 3592 29
593 1821 29
3745 4992 29
370 4239 29
398 798 29
945 2480 29
2894 4319 29
4409 4576 29
3879 3922 29
2997 3283 29
4843 4941 29
931 3744 29
4132 4834 29
3921 4808 29
4447 4997 29
1006 4718 29
2535 4976 29
3685 3943 29
1310 3840 29
4648 4714 29
3264 4103 29
4126 4875 29
4342 4582 29
3579 4435 29
4025 4367 29
3005 4902 29
3967 4723 29
4752 4942 29
3462 4612 29
2494 4471 29
1921 1994 29
4305 4471 29
2392 4243 29
4017 4948 29
3777 4060 29
3060 4475 29
4055 4075 29
4835 4955 29
3049 3660 29
4252 4525 29
1320 4653 29
558 3184 29
245 1831 29
3151 4559 29
299 2448 29
2885 3573 29
3270 4189 29
2243 4920 29
3981 4604 29
763 3059 29
4963 4968 29
3815 4435 29
1708 3724 29
431 4359 29
703 4476 29
1893 2572 29
646 1330 29
1035 2184 29
2304 4751 29
3532 4930 29
3133 4618 29
3102 3672 29
2588 3073 29
4355 4923 29
4969 4976 29
2381 3177 29
3356 4597 29
3433 4977 29
4870 4872 29
3861 4154 29
3262 4381 29
1271 3358 29
3026 4666 29
2621 4005 29
4349 4899 29
573 1334 29
4740 4786 29
3628 4802 29
2689 3736 29
3520 4033 29
4004 4451 29
3885 4604 29
3181 3261 29
387 3284 29
4371 4548 29
1668 4049 29
243 4263 29
2866 3619 29
824 2449 29
4103 4623 29
2624 4414 29
2200 4389 29
4873 4901 29
4734 4820 29
3924 4777 29
3225 4292 29
1216 2668 29
4337 4367 29
1984 3620 29
34 512 29
315 1113 29
4683 4945 29
4366 4872 29
2534 2917 29
1499 1645 29
415 957 29
3290 3397 29
3061 4849 29
3808 4868 29
1221 4096 29
3559 3917 29
4537 4662 29
4748 4980 29
2030 3407 29
4244 4420 29
2353 3479 29
4262 4601 29
970 2733 29
2960 4023 29
2407 4232 29
996 2191 29
1805 4738 29
2822 3515 29
3446 4714 29
3508 4038 29
302 2495 29
3065 3159 29
4126 4968 29
3202 3427 29
261 3999 29
2780 4326 29
183 1888 29
3373 3379 29
3311 3375 29
1325 4082 29
4452 4696 29
2707 2917 29
2426 3770 29
633 4978 29
680 1975 29
97 837 29
1285 2236 29
3798 4954 29
1431 4719 29
918 1764 29
2707 4369 29
4432 4540 29
3833 4942 29
2613 4059 29
4045 4555 29
2383 2721 29
1441 4176 29
338 1123 29
2486 3117 29
4262 4680 29
3131 4676 29
447 4587 29
851 3191 29
933 1921 29
1125 3739 29
3619 4053 29
4625 4696 29
4980 4997 29
1685 4769 29
1065 2071 29
330 1387 29
3185 3271 29
4330 4644 29
1964 2739 29
2130 4222 29
2750 3086 29
1388 3161 29
2214 3829 29
1954 2862 29
1947 2913 29
4717 4999 29
186 3963 29
4208 4498 29
1984 3500 29
932 1796 29
2013 4253 29
4866 4948 29
824 3953 29
4574 4874 29
2990 3431 29
136 2314 29
3728 4179 29
2733 3000 29
4849 4930 29
3230 3625 29
1875 4467 29
4849 4982 29
3229 3859 29
2090 3612 29
2755 4920 29
1239 3901 29
2513 3662 29
2482 4623 29
3355 4432 29
611 1581 29
1393 4888 29
616 4058 29
2782 3775 29
2057 4406 29
3142 4006 29
2232 3162 29
1247 1593 29
4132 4390 29
4869 4930 29
2761 3275 29
4641 4797 29
4438 4623 29
4598 4900 29
1562 4349 29
3162 3223 29
756 1784 29
2036 3745 29
2202 3278 29
3309 4263 29
3938 4874 29
430 4593 29
4077 4702 29
1034 1698 29
3624 4360 29
1593 3318 29
3643 4003 29
2812 3985 29
2982 3438 29
1433 3380 29
2279 2541 29
1951 4136 29
3004 3103 29
700 744 29
2701 3568 29
2287 4211 29
4257 4636 29
1217 2712 29
1285 1901 29
4099 4362 29
284 761 29
1117 4862 29
3125 3618 29
132 3669 29
3990 4647 29
4798 4984 29
4553 4650 29
1711 1736 29
1963 2928 29
4408 4532 29
3831 4590 29
2973 3928 29
125 3815 29
2919 3945 29
787 1187 29
1217 1419 29
4359 4539 29
431 3188 29
3647 4131 29
2222 2538 29
1916 3329 29
3728 4290 29
2565 3672 29
3999 4899 29
194 3130 29
3191 4191 29
3633 3995 29
1084 4141 29
4236 4973 29
3223 4084 29
2546 3876 29
3417 4052 29
4607 4721 29
3429 4379 29
3363 3790 29
837 2019 29
677 4111 29
952 2781 29
1962 2657 29
4828 4968 29
1996 3410 29
3544 4406 29
4036 4261 29
1998 2733 29
1841 2222 29
690 2949 29
1187 4691 29
2755 4637 29
2319 3761 29
1717 4918 29
1288 1698 29
166 376 29
707 2398 29
755 830 29
1918 4674 29
3828 4509 29
2604 2727 29
1692 1933 29
4214 4602 29
2088 2484 29
2922 4107 29
3361 3501 29
1754 4237 29
4187 4621 29
4866 4930 29
3107 4550 29
158 2801 29
1050 3612 29
722 4141 29
652 1635 29
802 2019 29
3366 4007 29
1233 3630 29
1857 1941 29
2323 4080 29
4959 4987 29
2294 2990 29
3438 4454 29
2213 2646 29
892 2979 29
2698 2907 29
3198 4912 29
4280 4538 29
280 1676 29
3281 4967 29
4571 4672 29
1870 3543 29
2974 4956 29
2154 3573 29
2046 3511 29
1671 2345 29
4099 4462 29
4638 4708 29
4137 4922 29
3440 3860 29
1514 4315 29
2443 3520 29
1388 3904 29
1803 4543 29
2330 4659 29
522 2772 29
4268 4760 29
3720 4962 29
603 1480 29
1753 2494 29
738 4684 29
1065 2235 29
3235 4270 29
3965 4696 29
4980 4998 29
4901 4948 29
2453 2624 29
989 1856 29
2750 4469 29
113 530 29
3209 4966 29
4746 4964 29
972 1429 29
1556 2927 29
599 4225 29
209 4179 29
1113 1879 29
2586 4821 29
1928 3727 29
460 1557 29
3208 4967 29
1066 4603 29
3903 4814 29
4927 4957 29
2642 3366 29
4485 4908 29
952 4021 29
1134 3204 29
2336 4562 29
1828 3060 29
910 1986 29
50 2243 29
4389 4552 29
1270 1977 29
3173 4787 29
1565 2094 29
3962 4000 29
1374 3372 29
896 2817 29
231 734 29
1504 4390 29
4781 4827 29
1929 4483 29
1450 1781 29
3649 4250 29
4275 4884 29
4645 4714 29
2458 2722 29
4226 4262 29
254 4636 29
4501 4531 29
1897 2611 29
360 4793 29
3611 3989 29
1235 3587 29
4180 4574 29
3217 3807 29
2312 4144 29
1216 2624 29
3814 4913 29
200 1968 29
1908 3654 29
2289 4762 29
1288 2718 29
1706 4517 29
3796 3809 29
859 3094 29
4901 4956 29
4969 4992 29
1187 1469 29
1853 2729 29
718 2474 29
1556 1663 29
3920 4869 29
623 4839 29
3437 3932 29
1759 4636 29
456 3296 29
3320 4493 29
4509 4825 29
1895 4858 29
1940 4813 29
3382 4412 29
1799 2376 29
1136 2829 29
4076 4977 29
4812 4963 29
3661 4325 29
77 1479 29
4855 4862 29
2439 4739 29
4507 4740 29
667 4717 29
4212 4969 29
2864 3027 29
2992 3142 29
1304 4454 29
3587 4055 29
1224 1987 29
560 2117 29
169 4751 29
2416 2711 29
1841 3230 29
484 2226 29
2064 4004 29
1258 3532 29
3454 3763 29
2267 2961 29
1180 2660 29
656 3317 29
2295 3786 29
1627 2865 29
2049 4042 29
4313 4649 29
983 4401 29
313 2114 29
213 3170 29
1657 2455 29
3419 4156 29
3515 4846 29
1254 3568 29
2050 4942 29
4328 4642 29
1733 2574 29
3135 4308 29
4728 4776 29
3199 4092 29
1657 1905 29
3395 3658 29
108 494 29
4618 4976 29
722 2364 29
240 1777 29
2377 4296 29
3515 4659 29
235 374 29
4438 4741 29
1248 1630 29
1763 3407 29
1705 3912 29
521 4068 29
4985 4999 29
2428 3807 29
2122 4517 29
2963 3977 29
846 2111 29
2521 4109 29
4540 4897 29
4955 4971 29
192 698 29
3706 4487 29
3189 4672 29
624 1963 29
42 1059 29
602 1453 29
1489 4541 29
2305 2977 29
2508 4672 29
2291 3142 29
3946 3967 29
2022 2026 29
718 3938 29
3858 4308 29
1152 2913 29
1349 3370 29
4585 4604 29
2451 2644 29
409 4465 29
2136 3298 29
2053 2473 29
75 3552 29
1431 3593 29
809 3113 29
170 1981 29
338 1916 29
2505 3943 29
3558 4577 29
3822 4535 29
1271 4216 29
2225 3310 29
2516 2672 29
3133 3523 29
3514 3668 29
2922 4027 29
3324 4253 29
1925 3662 29
2866 3515 29
279 2868 29
2688 4412 29
2706 4004 29
4458 4854 29
2669 3004 29
859 3357 29
4345 4925 29
3947 4358 29
4592 4783 29
3358 4386 29
347 718 29
1257 4876 29
1797 3986 29
4110 4414 29
552 2166 29
3773 4693 29
3603 4191 29
856 3789 29
2577 3993 29
3843 4010 29
558 1581 29
2827 4759 29
1044 3719 29
1830 2979 29
4581 4701 29
2771 4598 29
4437 4612 29
988 1176 29
3664 4245 29
1453 2719 29
387 1044 29
128 1389 29
1836 3156 29
3318 4701 29
3562 4285 29
4086 4790 29
4489 4823 29
2960 4919 29
421 3786 29
3514 4511 29
4835 4921 29
2520 4428 29
778 2508 29
293 1613 29
53 1772 29
1890 3635 29
2867 4662 29
2733 4828 29
1906 3702 29
850 1930 29
762 2514 29
401 1058 29
1769 3251 29
4730 4992 29
3161 4365 29
2682 4719 29
2391 3169 29
4386 4977 29
2965 3685 29
4875 4880 29
421 1178 29
2148 2204 29
2935 3785 29
1780 3027 29
1880 4952 29
3766 4648 29
605 3649 29
3831 4816 29
4518 4896 29
4086 4441 29
3050 3152 29
1311 4517 29
1739 4034 29
4971 4990 29
1981 4363 29
760 1499 29
2719 3630 29
4190 4698 29
4329 4727 29
3946 4542 29
2718 4678 29
3816 3953 29
143 1714 29
1448 3869 29
2884 3654 29
3522 4693 29
1802 3970 29
4538 4593 29
1608 3461 29
4565 4605 29
4999 5000 29
394 1212 29
3450 4831 29
3936 4859 29
350 2290 29
384 4583 29
1241 2631 29
4014 4039 29
4138 4567 29
1037 3273 29
3368 3918 29
1212 4272 29
1125 2568 29
4765 4917 29
2426 4652 29
1265 4588 29
1780 2074 29
3964 4113 29
430 906 29
2150 3821 29
4694 4998 29
3912 3957 29
1751 4845 29
497 3119 29
3753 3827 29
447 3142 29
1592 1909 29
1810 2794 29
2997 3263 29
2705 4146 29
2104 4777 29
247 971 29
3250 4643 29
4050 4241 29
2405 2789 29
3420 3913 29
2339 4824 29
3150 3288 29
1557 1985 29
4562 4807 29
1439 3998 29
3401 4407 29
2088 4179 29
835 3889 29
2517 3418 29
1294 2940 29
4764 4772 29
2721 2815 29
4833 4982 29
4420 4978 29
4940 4999 29
2274 2453 29
1724 3988 29
843 4327 29
3500 4307 29
3099 4459 29
209 3500 29
1804 4466 29
2686 4213 29
2336 4758 29
4565 4672 29
648 2159 29
1413 2099 29
2810 4521 29
1679 4616 29
1048 3917 29
4132 4678 29
1422 4692 29
2168 3347 29
280 2566 29
2224 2666 29
1907 1930 29
2072 3783 29
1983 2499 29
2748 4148 29
2800 3827 29
2744 4980 29
2658 4506 29
4333 4670 29
4699 4975 29
2110 4616 29
911 3397 29
1806 3927 29
4300 4978 29
1033 1512 29
3292 3452 29
1245 2697 29
2195 2276 29
4702 4852 29
3205 3751 29
1385 3330 29
1219 3617 29
3436 4571 29
296 2777 29
1754 3800 29
1143 1212 29
1361 3225 29
2174 2401 29
162 3207 29
4971 4972 29
2022 2694 29
2081 4885 29
855 2281 29
2409 2714 29
310 527 29
631 1423 29
4291 4965 29
4920 4978 29
3029 3889 29
2247 2734 29
3822 4600 29
2379 3091 29
1316 2489 29
4752 4997 29
2267 4346 29
334 3487 29
2839 3558 29
3344 3486 29
156 4546 29
2456 4282 29
877 4128 29
2442 3939 29
4310 4447 29
4647 4925 29
622 1899 29
4534 4845 29
1077 2833 29
1741 3520 29
1168 4611 29
2552 3929 29
697 4932 29
2689 4336 29
2839 2915 29
4990 4996 29
1577 1658 29
4473 4964 29
3583 4210 29
2897 3776 29
4020 4218 29
1424 3223 29
4714 4961 29
579 1868 29
2923 3890 29
591 1016 29
3679 4500 29
3231 3360 29
4572 4917 29
1822 4857 29
4804 4971 29
4727 4843 29
386 1897 29
4794 4982 29
4253 4413 29
1443 2635 29
1395 4101 29
2033 2358 29
3601 3708 29
2519 4330 29
813 1278 29
2867 4967 29
3301 4563 29
839 3224 29
3568 4130 29
3002 4465 29
2852 2879 29
3165 4449 29
2974 4584 29
3385 3958 29
1285 4722 29
3094 4204 29
3793 4089 29
4126 4902 29
2465 2990 29
2573 4386 29
4946 4951 29
462 516 29
1736 4747 29
4522 4765 29
2259 3492 29
2524 3447 29
4022 4815 29
4188 4259 29
2814 3474 29
2123 3003 29
4572 4604 29
2807 3734 29
1163 4281 29
2617 3867 29
1515 1552 29
4199 4722 29
3266 4259 29
2599 3014 29
967 4827 29
931 2882 29
4322 4944 29
1832 2407 29
1352 3245 29
1022 3317 29
4653 4869 29
2396 3368 29
4325 4945 29
635 1451 29
4402 4786 29
2422 3927 29
1157 3333 29
2970 4972 29
1967 4287 29
1465 3291 29
2886 4132 29
2844 3883 29
834 1151 29
780 1117 29
58 1084 29
546 1210 29
1058 4090 29
111 1073 29
1869 3205 29
3779 3844 29
133 286 29
3691 4441 29
3242 3316 29
4516 4839 29
1748 3007 29
2125 2219 29
3693 4107 29
788 4614 29
4653 4962 29
3051 3477 29
1722 3226 29
4861 4877 29
434 4484 29
4454 4811 29
1448 2534 29
2445 3833 29
4688 4926 29
4240 4646 29
1405 1946 29
3537 4523 29
264 324 29
3339 3565 29
177 4374 29
3767 4532 29
3599 4208 29
904 2510 29
850 3509 29
2767 4562 29
3063 4650 29
4626 4984 29
2310 3014 29
148 4372 29
253 2181 29
729 4078 29
1064 2354 29
3465 4191 29
3696 4324 29
853 2009 29
2225 2552 29
2865 2971 29
3409 4900 29
3292 3371 29
263 3829 29
3074 3778 29
3595 4183 29
3705 4474 29
1169 3994 29
3766 3907 29
1704 3610 29
2562 4106 29
4939 4968 29
3620 3803 29
2864 2929 29
1930 4806 29
4424 4707 29
2885 4879 29
3326 4665 29
624 4770 29
4424 4683 29
417 3093 29
4202 4474 29
3139 4934 29
897 2991 29
4064 4447 29
3179 4740 29
1654 2623 29
1186 3733 29
2771 4036 29
4202 4498 29
811 1881 29
47 410 29
