919 265 568
1274 373 923
1956 598 241
2270 284 69
2401 221 200
3084 904 210
3432 556 219
4192 341 979
4420 113 914
5211 904 655
5976 139 104
6622 785 203
6907 500 26
7097 582 216
7461 612 580
7926 807 115
8138 595 19
8699 34 316
9033 368 456
9648 983 811
10343 288 546
11005 950 110
11896 59 231
12346 509 472
12625 230 580
13255 860 817
13732 472 340
14235 499 843
14825 875 253
15384 316 445
15921 853 478
15944 830 460
16151 868 253
16782 691 884
17573 5 93
17931 109 451
18297 390 85
19011 377 799
19543 909 841
20441 11 960
21007 577 810
21675 333 142
22331 722 798
22713 631 416
23052 744 77
23696 712 721
24103 590 314
24730 62 941
25612 68 59
26324 780 133
27015 422 824
27404 33 848
28019 648 905
28898 31 26
29556 689 295
30096 149 702
30293 346 524
30642 643 175
30724 725 170
31330 119 377
31705 136 2
32425 856 33
33304 848 912
33571 942 645
33771 970 445
34574 167 26
35314 907 524
35621 600 282
35988 233 198
36551 312 761
36655 293 865
36943 5 873
37415 70 401
37610 265 486
38067 722 121
38936 270 990
39557 891 648
39607 841 668
40025 544 250
40773 653 998
41215 829 556
41461 583 773
41679 365 812
42183 869 923
42680 372 583
43254 676 9
43548 970 76
44399 489 927
45216 883 110
46064 291 958
46552 732 470
46865 523 783
47430 777 218
48200 40 988
48832 546 356
49428 936 952
49962 740 418
50317 580 773
51014 525 76
51337 848 137
52043 142 339
52681 262 977
53272 853 922
53520 605 700
53794 879 838
54497 562 135
54850 209 82
55217 33 449
55583 237 815
55808 12 953
56178 382 609
56660 372 127
57157 869 551
57755 271 306
58010 16 188
58823 829 999
59160 968 662
59377 751 495
59752 376 530
60121 630 899
60452 496 568
60640 469 380
60894 402 126
61462 463 694
61670 340 902
61830 180 911
62358 289 383
62707 564 34
63059 916 137
63589 386 667
64143 940 514
64788 295 545
64983 490 732
65593 597 122
65674 678 196
66142 210 196
66646 222 700
67224 145 122
67518 134 416
68330 946 920
69172 104 269
69360 29 457
69698 367 504
70092 761 116
70880 267 904
71768 642 16
72052 358 279
72500 306 727
72716 90 576
73306 680 335
73554 876 87
73673 786 206
74374 351 907
75261 577 20
75656 466 415
75724 398 357
76081 325 0
76742 903 661
77455 190 374
77959 207 878
78790 792 47
79126 730 383
79662 194 479
80309 841 314
80571 906 576
80764 943 769
81583 124 854
81689 18 764
81757 18 696
82353 236 100
83105 988 68
83723 370 447
83861 415 585
84025 251 705
84492 311 238
84731 72 438
85323 664 769
86091 797 1
86974 685 884
87688 638 170
88467 780 949
88623 936 936
89326 233 532
90074 981 227
90333 722 49
90734 321 49
91575 467 890
91757 289 708
92248 708 217
92816 140 302
93055 261 541
93234 223 720
93841 830 255
94617 54 959
95189 562 387
95711 40 605
96607 936 485
97084 857 962
97543 402 503
98034 101 12
98735 641 713
99232 900 216
99722 790 706
99851 919 621
100108 960 364
100945 123 907
101710 888 423
101942 656 267
102210 924 205
103102 32 256
104019 949 305
104808 160 448
104890 222 366
105087 136 563
105601 650 677
106101 150 964
106386 297 679
106891 433 174
107498 478 781
107694 282 842
108308 575 228
108939 619 859
109011 547 890
109583 5 318
110130 552 496
110334 756 700
110445 867 744
111064 568 125
111805 575 866
112584 89 87
113458 963 688
114095 326 904
114683 543 316
114956 816 433
115057 715 527
115657 115 613
116401 859 910
117064 196 642
117351 427 929
117942 507 338
118392 569 788
118853 108 586
119424 239 15
119958 773 104
120182 997 280
120630 917 728
120738 921 620
121059 981 941
121106 984 894
121746 344 598
122100 347 952
123006 76 46
123248 152 288
123579 483 258
124066 315 745
124386 247 425
124833 175 872
125431 773 868
125443 785 856
125583 925 837
126118 390 784
126322 279 580
126796 604 106
127259 688 569
127682 265 574
128242 293 14
128698 749 418
128953 589 673
129537 5 897
129808 276 756
130532 66 32
131320 471 820
132045 528 95
132603 52 653
133276 725 63
133778 229 565
134284 735 778
134332 687 816
134420 599 869
135241 1 48
135599 114 406
136101 616 14
136742 959 655
137394 986 3
138147 233 601
138377 463 600
138784 870 981
139620 34 781
140146 255 255
140639 309 748
141211 771 176
141877 789 842
142058 877 661
142484 451 287
142780 747 319
143028 785 567
143300 513 324
143699 362 723
144020 683 693
144244 459 590
144826 178 8
145324 376 506
145775 721 957
146286 210 466
146816 740 33
147559 583 776
148078 64 315
148704 690 357
148999 503 62
149270 530 333
149848 38 911
150485 194 274
150979 688 678
151376 909 281
152167 118 46
152727 556 606
153237 405 96
153958 220 817
154714 428 61
155612 859 959
155803 668 769
156404 67 184
156884 547 493
157176 604 201
157590 686 615
158047 229 301
158741 923 165
159322 342 256
159863 883 4
160379 462 520
160855 938 44
161208 585 329
161650 664 771
162420 510 1
162860 284 441
163277 430 858
163474 627 887
164063 965 298
164617 488 852
164970 841 901
165618 193 630
166244 819 390
166908 155 237
167627 85 956
168412 870 702
168758 690 356
168875 807 333
169367 315 213
169753 564 599
169794 604 558
170259 161 93
170609 511 180
170685 587 256
171338 985 909
171858 924 389
172694 88 529
173066 236 901
173712 882 684
174559 35 378
175440 916 286
176258 98 261
176639 479 593
177217 773 15
178037 872 835
178578 331 764
179185 938 955
179308 815 921
179881 242 741
180607 968 236
180835 944 464
181121 658 451
181524 443 48
181830 545 354
182145 230 417
182673 402 945
183526 263 92
184231 381 797
184466 217 562
184915 666 892
185672 404 135
185728 348 86
185780 400 46
186559 613 825
187358 380 26
187615 333 283
188086 804 691
188600 522 177
188784 698 361
189073 987 365
189921 139 178
189986 171 243
190560 183 817
191144 767 457
191569 531 32
192119 551 582
192476 908 411
193080 304 692
193745 554 27
194476 753 758
194667 944 616
195463 148 61
196195 845 793
196324 950 922
197057 217 628
197355 175 330
197915 190 890
198549 95 256
198956 502 121
199352 818 517
199647 523 295
200138 693 786
200529 573 395
200787 827 653
201085 574 355
201674 339 944
202473 497 145
203255 543 927
204181 724 1
204457 773 277
205113 117 66
205537 243 490
205883 352 144
206601 467 862
206702 457 963
206947 702 932
207875 514 4
208818 150 947
209309 447 456
209668 712 97
209930 974 238
210587 940 895
211120 407 588
211463 750 476
211836 776 849
212611 587 74
212734 464 122
213175 363 563
213299 487 675
213750 938 654
214015 673 689
214313 727 391
214886 154 204
215487 421 805
215564 498 817
215940 122 874
216013 86 801
216715 788 484
217391 112 134
217994 715 423
218679 30 664
219358 709 568
219778 767 988
220405 140 431
220897 632 214
221605 401 922
222136 135 391
222416 93 111
222743 97 438
223312 666 845
224009 407 148
224587 154 726
225074 48 239
225341 28 506
225641 285 206
225874 518 128
226315 634 569
226859 90 591
227258 489 976
227682 629 552
228071 240 249
228082 251 256
228581 116 755
228897 432 642
229190 139 738
229585 534 957
229879 828 927
230281 426 568
230509 522 340
230924 107 396
231355 538 816
231627 269 544
231811 85 433
231954 228 422
232379 653 811
232863 601 327
233176 576 640
233547 947 614
233674 908 741
234069 874 346
234486 764 763
234663 941 799
235282 861 180
235655 986 553
236041 600 631
236528 113 520
236796 123 788
237422 749 447
237669 883 200
238075 477 414
238160 392 459
238478 363 141
239129 465 792
239502 92 709
240062 501 149
240446 723 533
241048 121 726
241704 122 70
241896 314 202
242621 667 927
242990 825 558
243377 631 945
243661 915 755
244110 466 865
244873 822 102
245564 131 465
245972 128 873
246418 204 427
246805 591 253
246929 516 377
247102 532 204
247200 513 302
247829 841 931
248431 756 329
248711 476 320
249082 847 595
249485 444 384
249913 16 563
250332 435 362
250898 723 928
251499 122 753
252144 767 918
252515 936 547
253248 203 746
253982 250 12
254397 665 51
255294 399 948
256101 335 141
256837 181 877
257352 75 362
257495 191 505
257881 485 119
258702 187 940
259088 411 554
259616 939 893
259653 943 856
260002 594 686
260341 476 347
260813 948 797
261138 925 472
261753 310 236
262405 34 888
262937 566 388
263283 817 42
263646 666 405
264226 688 985
265150 466 61
265907 580 818
266222 483 503
266598 107 248
267412 921 931
267790 543 671
268267 594 194
268674 187 321
269117 630 488
269618 129 471
270133 644 236
270523 835 626
271185 173 799
271518 112 466
271737 139 247
272042 444 0
272444 846 242
273047 285 845
273592 830 759
274310 974 41
275165 555 896
275833 687 228
276412 108 491
276886 129 965
277773 465 78
277984 254 31
278307 577 151
278610 865 454
279057 418 175
279793 58 911
280586 851 913
281471 530 28
282032 229 589
282396 567 225
283039 717 868
283632 168 275
284098 301 741
284712 915 451
285434 193 188
286220 979 844
286856 343 437
286997 316 578
287427 746 599
287903 283 123
288522 902 377
288827 597 404
289173 820 750
289825 168 875
290139 24 561
290901 786 376
291375 378 850
292218 392 7
292902 646 691
293335 599 258
293967 146 890
294754 769 103
295095 428 438
295542 875 861
296142 275 855
296898 139 99
297725 148 926
298120 543 889
298965 341 44
299144 520 59
299734 504 649
300214 984 623
300711 487 288
300911 287 336
300993 205 336
301503 715 314
301821 397 199
301832 408 210
302177 753 232
302809 964 864
303608 165 992
304317 874 493
305141 50 829
305524 433 784
306036 419 272
306469 852 405
306890 431 813
307187 728 920
307677 886 430
308019 544 420
308313 299 714
308392 294 635
308765 667 897
309347 959 315
310087 219 349
310247 59 254
310870 682 70
311477 279 677
311672 474 850
312502 557 20
312914 969 28
313604 279 684
314090 765 457
314558 337 925
315048 827 784
315194 681 746
315778 97 340
316441 760 422
316777 480 758
317222 925 879
317701 730 400
318135 296 129
318368 529 98
318988 42 718
319067 121 703
319844 898 993
320259 483 597
320599 605 257
320711 493 260
321116 253 665
321307 444 700
321834 482 173
322280 928 500
322420 788 360
322629 725 151
323056 847 578
323793 110 206
324559 475 972
325455 335 76
326130 991 751
326947 174 427
327096 323 286
327568 795 137
327948 415 281
328330 797 231
328883 244 332
329101 462 222
329324 685 0
330152 844 828
330532 464 478
330988 920 401
331532 376 294
331725 569 148
332049 245 125
332149 314 25
332394 559 269
332631 322 73
333229 920 274
333943 206 235
334094 272 386
334351 15 149
335103 474 901
335741 915 263
336649 7 607
337310 668 823
337987 758 146
338466 520 625
338800 471 959
339142 551 617
339487 578 962
339526 539 923
339820 245 722
340172 250 370
340639 717 705
340673 683 682
341259 97 241
341624 64 606
341680 8 570
342075 403 912
342377 647 610
342835 189 231
343080 434 408
343642 996 113
344373 524 844
344847 363 370
345171 626 694
345615 327 250
346251 963 690
346655 559 889
346820 394 969
347395 969 509
347991 373 30
348380 762 36
349077 432 733
349746 447 64
350155 606 473
350650 374 968
350946 579 672
351520 5 591
352307 792 195
352990 352 878
353303 39 663
353719 455 756
354058 794 831
354430 744 459
354861 313 116
355609 882 864
356202 289 387
356741 828 6
357673 725 938
358507 198 104
358783 474 354
358918 609 363
359258 949 452
359850 357 395
359995 212 447
360442 659 464
360864 237 311
360944 167 231
361562 785 622
361807 872 377
361894 785 358
362212 467 537
362518 773 409
362726 565 557
363217 479 66
363729 728 578
363874 583 571
364098 660 795
364765 779 128
365313 603 676
365491 754 498
365716 979 372
366644 51 140
367013 356 509
367161 504 387
367650 993 631
368457 186 999
369019 123 437
369370 474 103
369853 202 586
370358 707 868
370552 901 826
371378 75 898
372212 264 64
372478 72 330
373110 152 962
373214 48 999
374021 855 789
374483 433 327
374797 143 641
375320 666 514
375691 834 885
376123 542 453
376368 588 208
376661 671 501
377131 201 44
377893 963 558
378073 855 738
378309 619 910
379042 893 177
379828 107 476
380131 410 360
380577 373 806
380862 88 989
381293 519 654
381484 710 570
381976 688 78
382177 783 279
382794 166 185
383202 75 593
383836 709 35
384107 900 306
384742 544 941
385114 181 569
385684 751 943
386253 966 374
386716 927 837
387130 543 423
387407 266 262
387645 270 24
387934 559 70
388784 506 920
389537 201 167
390319 983 280
391177 125 544
392019 967 905
392610 583 314
393156 37 239
393712 593 148
393764 645 148
393791 672 146
394498 986 853
395460 24 656
396338 902 587
396577 895 826
397046 426 579
397415 382 210
397689 608 484
398074 855 869
398920 342 23
399286 79 389
399371 164 474
400206 999 596
401117 88 827
401713 475 231
402234 996 102
402439 791 307
402565 665 426
402989 877 2
403347 519 180
403507 497 20
403926 562 439
404120 477 633
404635 992 221
405263 364 605
405878 979 474
406572 285 528
406940 2 160
407497 559 164
408209 379 876
409045 456 40
409543 912 538
409865 590 659
410161 856 363
410587 430 369
410901 251 55
411587 872 741
411776 739 930
412515 0 640
413173 658 377
413309 794 492
413702 401 819
414124 302 397
414398 397 123
415084 528 809
415396 216 959
415564 48 932
415861 228 635
416479 653 17
416807 425 345
417226 844 229
417398 750 401
418145 3 191
418638 496 445
418819 677 268
419118 976 422
420079 15 127
420662 111 710
421249 698 994
421674 273 569
421840 107 444
422243 510 816
422614 665 445
422732 711 327
422897 690 162
423417 720 682
424042 95 970
424914 967 307
425787 94 746
425987 260 546
426355 154 914
426672 1 597
427348 677 2
428312 470 966
429042 308 236
429248 102 433
429501 324 686
430166 989 135
430187 984 156
430662 509 480
431023 744 841
431604 163 706
432211 211 99
432886 167 774
433303 584 557
433375 570 485
433774 907 884
434626 166 32
435234 774 128
435517 491 177
435643 365 177
436207 929 437
436765 412 995
437029 399 731
437551 921 875
438413 341 13
438916 844 28
439708 52 196
440234 578 689
440776 630 147
441068 338 15
441291 542 238
441657 176 265
442319 232 927
442562 475 958
443030 140 490
443292 176 228
443957 734 893
444637 54 647
445017 434 826
445069 486 850
445439 368 480
445679 608 468
445882 405 593
446050 571 425
446425 322 800
446833 435 392
447292 894 626
448154 32 533
449069 947 249
449927 89 655
450127 254 455
450356 440 226
450482 476 352
450839 119 691
451363 77 167
451393 107 149
451857 571 149
452495 865 787
452803 557 545
453009 763 357
453430 479 778
453891 18 986
454274 401 944
454937 518 281
455400 388 744
456028 516 116
456516 28 180
456881 178 545
457102 265 324
457378 262 48
458089 973 733
458782 459 40
459118 123 270
459449 454 274
459652 593 477
460123 122 486
460498 497 653
460955 826 196
461703 78 242
462175 506 714
462553 884 436
462807 877 690
463083 900 414
463404 682 735
464075 213 64
464740 878 567
465502 116 41
466074 108 613
466624 658 297
466919 891 592
467532 278 69
467797 13 181
468010 87 394
468383 262 21
468553 233 191
468725 405 108
469069 749 31
469264 944 92
470159 49 699
