1001 1
1000
1 208 0
2 795 0
5 345 0
5 966 0
8 633 0
12 893 0
17 43 0
17 943 0
18 422 0
18 607 0
22 917 0
24 250 0
25 460 0
25 747 0
27 738 0
29 651 0
32 514 0
33 413 0
36 980 0
40 565 0
40 712 0
44 864 0
46 579 0
46 813 0
49 358 0
51 116 0
53 673 0
55 862 0
60 935 0
64 136 0
64 924 0
69 911 0
74 147 0
79 64 0
80 686 0
84 646 0
88 491 0
90 82 0
91 210 0
94 956 0
99 659 0
99 283 0
102 998 0
105 107 0
110 173 0
110 916 0
114 216 0
118 809 0
120 661 0
120 113 0
122 407 0
124 556 0
126 600 0
131 334 0
136 695 0
136 363 0
139 137 0
141 148 0
144 129 0
149 550 0
152 275 0
155 281 0
160 616 0
162 110 0
167 589 0
172 468 0
173 534 0
175 4 0
179 791 0
181 168 0
186 569 0
186 230 0
191 365 0
194 982 0
195 68 0
200 762 0
204 433 0
206 409 0
210 538 0
215 767 0
216 298 0
216 7 0
220 776 0
223 239 0
226 355 0
229 925 0
231 920 0
231 323 0
232 317 0
234 125 0
235 293 0
235 689 0
236 301 0
240 989 0
242 392 0
245 878 0
246 387 0
248 243 0
253 775 0
258 526 0
260 304 0
265 975 0
265 745 0
267 198 0
270 288 0
271 617 0
275 320 0
276 750 0
276 736 0
279 143 0
284 315 0
288 272 0
293 183 0
296 12 0
300 605 0
305 919 0
307 346 0
308 437 0
310 994 0
315 300 0
315 557 0
320 692 0
325 39 0
329 721 0
332 691 0
334 349 0
337 130 0
340 578 0
345 846 0
345 532 0
349 593 0
351 639 0
351 393 0
356 725 0
357 386 0
359 953 0
361 33 0
365 638 0
368 529 0
373 338 0
375 32 0
377 571 0
377 357 0
380 244 0
382 671 0
387 101 0
391 765 0
392 134 0
397 888 0
401 268 0
401 200 0
402 773 0
404 719 0
408 955 0
408 295 0
410 193 0
410 62 0
415 269 0
416 657 0
418 876 0
419 306 0
424 123 0
427 555 0
428 726 0
432 740 0
432 11 0
437 475 0
439 706 0
444 954 0
448 887 0
452 294 0
453 654 0
455 496 0
459 150 0
463 681 0
467 285 0
469 408 0
473 814 0
478 264 0
483 453 0
486 672 0
487 336 0
487 807 0
490 155 0
494 424 0
497 44 0
501 757 0
506 560 0
508 746 0
511 566 0
515 885 0
518 938 0
521 821 0
526 284 0
526 730 0
529 656 0
534 55 0
536 471 0
539 220 0
544 868 0
546 969 0
548 476 0
552 477 0
554 592 0
559 717 0
560 551 0
565 421 0
570 111 0
573 748 0
573 98 0
573 310 0
578 352 0
578 356 0
580 727 0
580 328 0
581 993 0
583 527 0
584 371 0
586 279 0
590 192 0
591 987 0
596 291 0
599 787 0
601 698 0
603 572 0
606 816 0
611 417 0
615 77 0
619 141 0
623 228 0
624 680 0
627 31 0
628 484 0
631 999 0
634 419 0
638 591 0
642 653 0
642 976 0
642 774 0
647 700 0
648 15 0
652 233 0
652 410 0
657 635 0
660 562 0
664 35 0
666 139 0
667 373 0
671 277 0
676 333 0
678 892 0
679 191 0
682 636 0
685 480 0
688 452 0
692 959 0
693 321 0
693 922 0
697 574 0
702 632 0
702 21 0
706 731 0
708 206 0
712 440 0
716 10 0
721 608 0
725 547 0
729 465 0
729 936 0
730 558 0
733 967 0
733 347 0
735 870 0
737 723 0
741 49 0
741 944 0
741 416 0
741 385 0
746 990 0
751 263 0
756 895 0
756 307 0
759 829 0
761 743 0
762 490 0
763 624 0
764 89 0
768 106 0
772 628 0
776 602 0
776 894 0
778 940 0
780 968 0
780 423 0
785 418 0
786 48 0
791 40 0
796 697 0
801 568 0
801 179 0
805 833 0
806 84 0
806 516 0
810 132 0
812 259 0
817 703 0
818 752 0
819 135 0
824 374 0
828 861 0
830 327 0
834 160 0
835 992 0
835 932 0
836 770 0
840 963 0
841 817 0
846 947 0
848 499 0
851 559 0
852 841 0
857 820 0
858 222 0
860 781 0
863 907 0
865 170 0
870 523 0
870 404 0
872 167 0
876 622 0
881 850 0
884 866 0
887 766 0
890 429 0
891 124 0
892 122 0
893 603 0
895 41 0
895 623 0
895 983 0
898 515 0
899 761 0
902 631 0
905 261 0
909 804 0
913 884 0
918 474 0
923 258 0
928 580 0
928 822 0
929 973 0
929 412 0
931 384 0
934 772 0
936 811 0
937 590 0
942 439 0
942 713 0
945 470 0
948 937 0
949 340 0
950 753 0
952 144 0
957 513 0
962 823 0
962 869 0
965 450 0
966 832 0
970 664 0
970 188 0
974 6 0
975 202 0
978 273 0
981 115 0
982 140 0
983 858 0
984 299 0
984 997 0
987 853 0
991 74 0
996 779 0
1000 485 0
1002 42 0
1003 831 0
1007 184 0
1008 918 0
1010 199 0
1011 891 0
1014 131 0
1015 519 0
1015 102 0
1020 344 0
1020 665 0
1024 211 0
1024 521 0
1026 615 0
1028 488 0
1028 161 0
1028 652 0
1031 950 0
1031 715 0
1031 454 0
1035 87 0
1036 733 0
1039 611 0
1040 901 0
1045 246 0
1050 518 0
1051 322 0
1052 351 0
1055 588 0
1057 553 0
1059 824 0
1064 548 0
1067 226 0
1069 282 0
1074 528 0
1075 852 0
1077 53 0
1082 962 0
1087 83 0
1090 415 0
1095 57 0
1097 22 0
1100 362 0
1102 915 0
1102 803 0
1103 800 0
1105 510 0
1108 73 0
1110 375 0
1113 958 0
1114 207 0
1119 241 0
1124 786 0
1128 390 0
1131 742 0
1131 186 0
1136 75 0
1136 790 0
1137 561 0
1141 720 0
1144 630 0
1144 704 0
1145 218 0
1145 581 0
1145 245 0
1145 330 0
1149 663 0
1149 828 0
1154 722 0
1154 114 0
1154 610 0
1154 255 0
1156 76 0
1157 1 0
1158 187 0
1162 793 0
1166 784 0
1170 734 0
1175 903 0
1179 367 0
1182 552 0
1186 260 0
1188 397 0
1190 120 0
1190 906 0
1191 927 0
1191 585 0
1191 1000 0
1194 469 0
1198 286 0
1201 95 0
1205 467 0
1207 679 0
1211 904 0
1216 435 0
1216 430 0
1216 533 0
1221 718 0
1221 93 0
1224 598 0
1227 61 0
1229 382 0
1231 863 0
1232 266 0
1236 498 0
1238 79 0
1240 847 0
1241 912 0
1246 641 0
1251 667 0
1251 597 0
1252 914 0
1255 991 0
1258 655 0
1261 897 0
1264 247 0
1267 403 0
1271 737 0
1273 785 0
1274 448 0
1275 539 0
1280 612 0
1284 461 0
1285 842 0
1286 933 0
1290 503 0
1290 182 0
1291 827 0
1293 696 0
1295 881 0
1298 974 0
1299 427 0
1304 647 0
1305 215 0
1310 794 0
1311 609 0
1311 432 0
1311 582 0
1314 871 0
1314 56 0
1318 162 0
1320 59 0
1324 669 0
1327 489 0
1332 573 0
1333 949 0
1334 425 0
1335 799 0
1338 240 0
1341 119 0
1344 711 0
1345 880 0
1347 531 0
1350 118 0
1352 297 0
1354 549 0
1357 985 0
1359 223 0
1364 369 0
1366 819 0
1368 505 0
1368 684 0
1373 71 0
1375 311 0
1376 520 0
1377 313 0
1381 180 0
1383 158 0
1384 447 0
1387 335 0
1388 705 0
1390 536 0
1390 570 0
1390 109 0
1390 941 0
1393 511 0
1394 445 0
1398 896 0
1401 830 0
1405 996 0
1408 24 0
1412 769 0
1416 54 0
1420 802 0
1425 235 0
1429 5 0
1430 797 0
1430 629 0
1435 221 0
1438 575 0
1440 981 0
1440 977 0
1442 986 0
1442 209 0
1442 248 0
1442 595 0
1445 3 0
1445 156 0
1449 754 0
1451 764 0
1455 25 0
1460 930 0
1464 181 0
1464 401 0
1465 316 0
1467 121 0
1472 856 0
1472 744 0
1473 621 0
1475 886 0
1475 103 0
1480 599 0
1482 577 0
1483 29 0
1486 341 0
1486 872 0
1488 535 0
1488 877 0
1489 614 0
1494 508 0
1497 682 0
1500 554 0
1505 85 0
1510 676 0
1511 174 0
1512 670 0
1514 714 0
1516 732 0
1521 685 0
1522 80 0
1523 948 0
1523 879 0
1523 348 0
1525 90 0
1526 637 0
1526 923 0
1528 626 0
1531 851 0
1532 812 0
1532 984 0
1533 17 0
1538 201 0
1541 815 0
1542 798 0
1542 662 0
1546 694 0
1546 618 0
1546 325 0
1551 493 0
1556 117 0
1559 100 0
1562 426 0
1566 522 0
1569 634 0
1572 194 0
1577 702 0
1578 86 0
1580 391 0
1584 837 0
1588 324 0
1590 58 0
1592 112 0
1596 463 0
1599 759 0
1604 970 0
1605 19 0
1609 442 0
1610 512 0
1610 237 0
1610 596 0
1614 50 0
1614 290 0
1614 952 0
1617 507 0
1619 388 0
1622 133 0
1624 127 0
1626 63 0
1631 965 0
1632 231 0
1636 36 0
1638 196 0
1642 99 0
1642 716 0
1644 771 0
1645 458 0
1650 37 0
1655 265 0
1656 402 0
1661 849 0
1661 332 0
1664 478 0
1667 905 0
1667 30 0
1668 979 0
1668 292 0
1670 501 0
1673 400 0
1676 446 0
1681 855 0
1686 587 0
1687 389 0
1689 563 0
1694 232 0
1698 308 0
1698 364 0
1702 342 0
1705 104 0
1707 203 0
1710 368 0
1713 152 0
1713 234 0
1716 251 0
1720 576 0
1720 381 0
1723 834 0
1725 45 0
1727 219 0
1727 889 0
1729 372 0
1729 693 0
1731 212 0
1733 699 0
1737 66 0
1738 396 0
1739 67 0
1739 60 0
1744 256 0
1745 708 0
1745 331 0
1749 995 0
1749 254 0
1749 504 0
1752 486 0
1752 971 0
1754 707 0
1759 619 0
1763 928 0
1765 810 0
1769 169 0
1772 848 0
1776 606 0
1778 525 0
1783 105 0
1786 666 0
1787 177 0
1791 451 0
1795 238 0
1800 225 0
1805 792 0
1808 406 0
1810 411 0
1812 227 0
1816 594 0
1819 690 0
1822 395 0
1825 845 0
1825 128 0
1830 195 0
1834 946 0
1834 339 0
1836 289 0
1840 945 0
1841 9 0
1843 262 0
1848 839 0
1850 701 0
1854 242 0
1855 801 0
1856 472 0
1859 329 0
1862 142 0
1866 361 0
1868 783 0
1873 506 0
1877 449 0
1879 176 0
1883 96 0
1888 431 0
1891 197 0
1896 910 0
1898 190 0
1900 627 0
1905 360 0
1906 660 0
1907 625 0
1911 343 0
1915 649 0
1915 353 0
1918 47 0
1921 838 0
1924 270 0
1927 728 0
1927 309 0
1928 464 0
1931 729 0
1933 859 0
1935 957 0
1936 72 0
1938 961 0
1942 900 0
1947 70 0
1949 867 0
1953 796 0
1958 46 0
1958 544 0
1961 8 0
1961 818 0
1964 825 0
1966 857 0
1969 443 0
1972 153 0
1975 487 0
1979 502 0
1983 929 0
1986 2 0
1987 26 0
1989 319 0
1990 882 0
1992 229 0
1993 462 0
1996 257 0
1997 34 0
1997 399 0
2002 782 0
2005 13 0
2007 164 0
2010 524 0
2014 457 0
2015 613 0
2017 436 0
2021 908 0
2022 854 0
2024 314 0
2024 94 0
2028 926 0
2032 354 0
2032 438 0
2032 978 0
2032 278 0
2032 28 0
2034 97 0
2038 38 0
2041 758 0
2046 564 0
2051 913 0
2051 835 0
2053 213 0
2056 546 0
2061 939 0
2065 840 0
2068 157 0
2069 249 0
2071 65 0
2075 483 0
2080 151 0
2084 318 0
2088 138 0
2090 960 0
2095 370 0
2099 500 0
2101 479 0
2105 428 0
2109 175 0
2112 350 0
2114 337 0
2114 108 0
2116 380 0
2120 383 0
2121 91 0
2121 755 0
2123 860 0
2126 668 0
2130 530 0
2135 874 0
2138 586 0
2140 921 0
2143 146 0
2145 185 0
2147 165 0
2149 20 0
2151 972 0
2151 88 0
2154 778 0
2156 648 0
2157 806 0
2159 312 0
2164 902 0
2164 287 0
2168 509 0
2173 466 0
2176 780 0
2179 51 0
2180 620 0
2180 650 0
2181 163 0
2185 688 0
2189 760 0
2190 394 0
2194 537 0
2194 271 0
2199 789 0
2203 205 0
2207 942 0
2208 52 0
2210 481 0
2212 805 0
2217 18 0
2220 236 0
2224 543 0
2227 473 0
2229 644 0
2233 951 0
2237 494 0
2237 302 0
2237 739 0
2240 640 0
2243 836 0
2245 303 0
2248 23 0
2251 710 0
2253 276 0
2253 751 0
2258 898 0
2261 865 0
2265 217 0
2270 674 0
2271 873 0
2276 843 0
2278 189 0
2281 204 0
2281 414 0
2285 456 0
2285 931 0
2289 541 0
2289 642 0
2291 171 0
2296 875 0
2300 826 0
2300 459 0
2303 78 0
2305 583 0
2307 988 0
2309 280 0
2313 890 0
2313 420 0
2315 154 0
2318 159 0
2318 69 0
2322 777 0
2327 735 0
2329 267 0
2329 909 0
2330 27 0
2332 964 0
2336 808 0
2336 675 0
2341 376 0
2341 224 0
2342 444 0
2343 899 0
2346 709 0
2351 645 0
2352 81 0
2352 359 0
2352 145 0
2354 166 0
2354 934 0
2356 253 0
2360 377 0
2360 296 0
2360 677 0
2361 495 0
2361 542 0
2363 678 0
2363 455 0
2368 326 0
2369 441 0
2371 14 0
2375 252 0
2378 178 0
2382 274 0
2383 305 0
2383 172 0
2388 545 0
2391 482 0
2395 492 0
2399 126 0
2403 378 0
2403 687 0
2405 788 0
2410 434 0
2415 366 0
2415 567 0
2420 756 0
2420 379 0
2423 749 0
2426 497 0
2429 763 0
2434 601 0
2438 584 0
2438 92 0
2441 604 0
2441 643 0
2444 724 0
2445 540 0
2450 741 0
2451 16 0
2455 844 0
2456 517 0
2461 883 0
2464 398 0
2466 405 0
2470 658 0
2473 683 0
2473 768 0
2477 149 0
2482 214 0
