11 7 0
25 1 14
41 1 30
49 9 22
59 17 12
63 19 16
66 22 19
86 2 6
97 13 1
101 17 2
108 18 9
111 15 7
119 7 14
126 2 7
130 2 3
131 3 4
136 8 4
144 16 4
149 21 4
169 28 24
190 31 3
197 24 10
200 21 13
213 14 26
219 8 26
221 6 26
226 1 26
231 6 30
232 7 30
238 1 31
241 4 30
254 17 30
255 18 30
266 29 30
268 27 28
294 1 7
299 6 12
304 6 17
315 12 6
318 15 9
319 16 10
329 26 20
339 31 30
350 24 19
353 27 20
358 23 15
364 23 9
371 23 2
379 25 10
390 25 21
398 25 29
400 25 31
413 12 23
414 11 24
419 7 29
420 8 28
429 17 19
439 7 23
450 18 14
453 21 14
454 20 13
455 19 12
465 9 5
467 7 7
474 4 14
475 5 13
483 13 5
485 13 3
502 11 20
504 11 22
507 11 25
509 11 27
513 11 31
520 18 24
521 19 23
525 23 21
535 17 11
537 17 9
539 17 7
542 14 4
547 9 0
549 11 2
550 12 3
552 12 5
563 12 16
564 13 16
571 20 15
583 17 3
585 17 1
600 2 15
604 6 19
608 10 23
615 17 28
619 21 28
621 23 28
633 26 16
636 26 13
642 26 7
644 24 9
646 22 10
658 10 10
665 3 10
667 1 10
669 3 12
682 16 16
687 21 16
693 27 16
695 29 16
700 24 15
708 16 12
709 15 12
710 14 12
717 7 12
723 1 12
742 20 9
744 22 9
758 8 22
760 6 22
761 5 22
762 6 21
764 7 19
765 7 18
768 7 15
778 7 5
781 7 2
783 9 4
790 16 5
791 17 5
792 18 5
795 21 5
796 20 6
798 18 8
799 19 8
810 30 3
815 25 1
818 22 1
820 20 1
821 19 1
824 16 1
829 11 1
831 9 1
833 7 1
835 5 1
847 17 13
854 24 20
857 27 21
860 30 21
869 21 25
876 14 25
877 13 25
881 9 25
887 3 25
890 0 25
891 0 26
893 2 24
894 3 24
900 8 30
901 8 31
908 15 24
910 17 22
912 19 20
915 22 17
920 27 12
921 28 11
926 31 6
927 30 5
928 29 5
933 24 5
949 8 5
951 6 5
955 2 9
958 0 12
959 0 13
960 0 14
965 0 19
972 7 26
977 12 26
982 17 26
997 2 22
998 3 21
1000 5 19
1004 9 15
1005 10 14
1012 13 7
1019 13 0
1033 22 14
1034 23 13
1038 27 9
1039 28 9
1040 29 9
1042 31 9
1046 27 13
1049 24 16
1057 16 24
1058 15 25
1066 7 31
1075 16 22
1080 21 22
1081 22 22
1084 25 22
1089 30 22
1091 28 20
1093 26 18
1094 25 17
1097 24 14
1102 19 19
1108 13 24
1112 9 24
1113 8 24
1116 5 21
1123 2 14
1127 2 10
1132 2 5
1149 19 4
1150 20 4
1153 21 7
1167 21 21
1170 21 24
1172 21 26
1173 21 27
1175 21 29
1178 24 26
1185 31 19
1186 31 18
1187 31 17
1203 15 31
1204 14 31
1208 10 31
1214 4 31
1216 6 29
1219 9 26
1226 16 19
1227 16 18
1228 16 17
1231 16 14
1237 16 8
1254 30 25
1260 24 30
1263 21 30
1264 20 30
1268 16 26
1270 14 24
1271 13 23
1273 13 21
1276 13 18
1277 13 17
1281 13 13
1291 19 3
1301 9 13
1302 8 14
1306 4 18
1308 4 20
1309 4 21
1313 4 17
1314 4 16
1316 6 14
1320 8 10
1321 8 9
1324 8 6
1328 8 2
1330 8 0
1333 6 3
1336 6 6
1339 9 3
1340 10 2
1346 16 2
1349 19 2
1350 20 2
1352 22 2
1354 24 2
1360 23 8
1364 23 12
1366 23 14
1370 23 18
1374 19 14
1375 18 13
1378 15 10
1380 13 8
1382 11 8
1388 5 8
1393 0 8
1400 7 6
1402 9 6
1415 22 6
1417 24 6
1421 20 10
1429 12 18
1431 10 20
1432 9 21
1439 9 28
1440 10 27
1442 10 25
1446 10 21
1451 10 16
1452 10 15
1462 20 25
1464 22 27
1469 27 29
1470 26 28
1481 15 19
1482 14 20
1490 14 28
1491 14 29
1492 14 30
1493 15 30
1497 19 30
1503 25 28
1508 20 23
1509 19 22
1511 17 20
1513 15 18
1514 14 17
1519 9 14
1537 27 27
1539 29 27
1540 30 27
1543 27 24
1547 23 20
1549 21 18
1550 20 17
1553 17 14
1558 12 9
1568 2 2
1569 3 3
1575 9 9
1580 14 14
1581 15 14
1586 20 14
1592 26 14
1595 29 14
1597 31 14
1600 28 17
1601 27 18
1612 16 29
1613 15 29
1621 8 21
1623 8 19
1624 8 18
1625 8 17
1626 8 16
1627 8 15
1629 8 13
1632 11 10
1636 15 8
1638 17 8
1641 20 8
1643 22 8
1645 24 8
1646 25 8
1647 26 8
1648 27 8
1650 29 8
1652 27 6
1654 25 4
1659 20 0
1660 19 0
1663 16 3
1664 15 4
1671 8 11
1673 6 13
1674 5 14
1675 4 15
1676 3 16
1680 0 20
1681 0 21
1682 0 22
1683 1 23
1686 4 25
1694 12 25
1698 16 25
1699 17 25
1700 18 25
1706 24 25
1707 25 25
1711 29 25
1713 27 23
1717 23 19
1725 15 11
1726 14 10
1729 11 7
1730 10 6
1737 3 5
1740 0 5
1741 1 6
1744 4 9
1745 5 10
1746 6 11
1750 10 13
1753 7 16
1757 6 20
1760 6 23
1763 9 20
1765 11 18
1766 12 17
1768 14 15
1770 16 13
1772 18 11
1773 19 10
1776 22 7
1781 27 2
1782 28 2
1785 31 2
1793 23 10
1802 14 19
1803 13 20
1804 12 21
1811 5 26
1812 4 26
1822 14 16
1825 15 13
1829 11 17
1831 9 19
1835 5 23
1840 0 24
1853 13 11
1858 18 7
1860 20 7
1864 24 7
1865 25 7
1867 27 7
1869 29 7
1870 30 7
1873 27 10
1876 24 13
1885 15 16
1889 11 16
1895 5 16
1898 4 13
1899 4 12
1900 4 11
1904 8 7
1907 11 4
1910 14 3
1913 17 6
1914 18 6
1919 23 6
1924 28 6
1925 29 6
1926 30 6
1928 31 8
1930 31 10
1931 31 11
1936 31 16
1940 31 20
1941 31 21
1942 31 22
1944 31 24
1945 31 25
1947 31 27
1956 22 18
1966 12 8
1971 7 3
1975 3 1
1976 2 1
1977 1 1
1978 0 1
1984 3 7
1986 3 9
1991 3 14
1992 3 15
1995 3 18
1996 3 19
2000 3 23
2003 3 26
2004 3 27
2006 5 29
2009 8 29
2010 9 29
2011 10 29
2012 11 29
2013 12 29
2018 7 24
2023 2 19
2024 1 19
2028 5 15
2030 7 13
2032 9 11
2035 12 10
2036 13 10
2041 18 10
2049 26 10
2051 28 10
2052 29 11
2053 30 12
2055 30 14
2056 30 15
2057 30 16
2058 29 17
2060 27 17
2063 24 17
2064 23 17
2068 19 17
2069 18 17
2070 19 18
2072 21 20
2073 22 21
2074 23 22
2075 24 23
2078 27 26
2080 29 28
2082 30 30
2099 31 13
2107 31 5
2108 31 4
2111 31 1
2112 31 0
2113 30 1
2116 30 4
2120 30 8
2121 30 9
2123 30 11
2129 30 17
2131 28 19
2133 28 21
2134 28 22
2139 28 27
2140 28 28
2141 28 29
2145 24 28
2147 22 28
2149 20 28
2150 19 28
2151 18 28
2153 16 28
2154 15 28
2155 16 27
2164 24 18
2171 24 11
2173 22 13
2178 17 18
2180 15 20
2181 14 21
2182 13 22
2187 8 27
2188 7 27
2189 6 27
2190 5 27
2193 2 27
2194 1 27
2195 2 26
2197 4 24
2201 5 20
2203 5 18
2204 5 17
2209 5 12
2210 5 11
2212 5 9
2214 5 7
2215 4 8
2218 2 11
2219 2 12
2220 2 13
2223 2 16
2224 2 17
2227 2 20
2228 2 21
2230 2 23
2232 2 25
2235 2 28
2236 2 29
2237 2 30
2238 1 29
2239 0 29
2244 5 24
2246 7 22
2263 23 5
2264 23 4
2265 23 3
2267 23 1
2268 23 0
2270 21 2
2271 20 3
2273 20 5
2279 20 11
2286 20 18
2288 20 20
2289 20 21
2290 20 22
2292 20 24
2293 19 25
2294 18 26
2295 17 27
2299 13 28
2300 12 27
2304 11 23
2306 11 21
2308 11 19
2312 11 15
2313 11 14
2314 11 13
2315 11 12
2316 11 11
2318 11 9
2321 11 6
2322 11 5
2324 11 3
2327 11 0
2328 12 1
2329 13 2
2338 22 11
2341 25 14
2342 26 15
2344 26 17
2348 26 21
2350 26 23
2351 26 24
2352 26 25
2353 26 26
2357 28 30
2360 25 27
2362 23 25
2363 22 24
2364 21 23
2366 19 21
2367 18 20
2372 13 19
2373 12 19
2375 10 17
2380 10 12
2384 10 8
2385 10 7
2387 10 5
2389 10 3
2391 10 1
2392 10 0
2394 12 2
2397 15 5
2398 16 6
2408 17 16
2409 17 17
2413 17 21
2415 17 23
2416 17 24
2418 15 26
2419 14 27
2422 11 30
2423 10 30
2424 9 30
2428 5 30
2430 3 30
2431 4 29
2432 5 28
2445 18 18
2452 25 18
2455 28 18
2458 25 20
2461 22 20
2467 16 20
2471 12 20
2475 8 20
2476 7 20
2481 12 15
2482 12 14
2483 12 13
2484 12 12
2485 12 11
2490 15 6
2493 15 3
2494 15 2
2495 15 1
2498 18 4
2506 18 12
2509 18 15
2510 18 16
2513 18 19
2515 18 21
2516 18 22
2517 18 23
2523 18 29
2529 14 23
2530 14 22
2534 14 18
2541 14 11
2543 14 9
2544 14 8
2545 14 7
2546 13 6
2550 9 2
2551 8 1
2553 6 0
2554 5 0
2555 6 1
2557 8 3
2561 12 7
2565 16 9
2568 19 9
2570 21 9
2574 25 9
2577 26 6
2578 26 5
2579 26 4
2580 26 3
2581 26 2
2582 26 1
2583 25 0
2584 24 0
2586 22 0
2587 21 0
2591 17 0
2592 16 0
2593 15 0
2594 14 0
2599 19 5
2605 25 11
2606 26 12
2609 29 15
2612 30 18
2613 30 19
2614 29 18
2622 21 10
2626 17 10
2636 7 10
2637 6 10
2639 4 10
2650 15 21
2655 20 26
2658 22 29
2660 20 27
2661 19 26
2673 7 25
2674 6 25
2675 5 25
2679 1 25
2682 4 22
2686 6 18
2688 6 16
2689 6 15
2692 9 12
2693 10 11
2705 22 5
2709 26 9
2712 28 12
2713 28 13
2715 28 15
2716 28 16
2723 28 23
2726 28 26
2731 28 31
2733 30 29
2734 30 28
2737 27 25
2739 25 23
2740 24 22
2746 22 16
2750 22 12
2758 22 4
2759 22 3
2760 21 3
2763 18 3
2776 5 3
2795 24 3
2796 25 3
2798 27 3
2799 28 3
2800 29 3
2801 28 4
2802 27 5
2808 21 11
2809 20 12
2810 19 13
2812 17 15
2814 15 17
2819 10 22
2826 3 22
2828 1 22
2832 0 18
2833 0 17
2834 0 16
2835 0 15
2839 0 11
2840 0 10
2841 0 9
2851 10 19
2861 20 29
2863 22 31
2887 0 7
2888 0 6
2890 0 4
2891 1 3
2894 4 0
2902 12 0
2916 26 0
2917 27 0
2918 28 0
2919 29 0
2920 30 0
2921 29 1
2925 25 5
2927 23 7
2931 19 11
2935 19 15
2944 19 24
2947 19 27
2950 22 30
2951 23 31
2958 29 24
2959 29 23
2966 27 30
2967 27 31
2969 29 29
2972 29 26
2976 29 22
2977 29 21
2978 29 20
2979 29 19
2985 29 13
2986 29 12
2988 27 14
2996 26 22
3001 26 27
3003 26 29
3004 26 30
3005 26 31
3006 25 30
3007 24 29
3015 16 21
3027 6 9
3028 6 8
3029 6 7
3030 7 8
3036 13 14
3044 15 22
3048 13 26
3049 13 27
3051 13 29
3052 12 28
3054 10 26
3062 2 18
3063 1 17
3064 1 16
3065 1 15
3067 1 13
3069 1 11
3071 3 13
3075 7 17
3080 12 22
3087 19 29
3089 19 31
3093 23 27
3098 27 22
3105 27 15
3109 27 11
3111 25 13
3121 15 23
3127 9 23
3128 8 23
3132 4 23
3147 2 8
3151 2 4
3153 4 6
3156 7 9
3162 13 15
3172 22 25
3173 22 26
3195 12 4
3197 10 4
3201 6 4
3202 5 4
3206 9 8
3214 9 16
3215 9 17
3225 19 7
3231 25 2
3235 21 6
3237 21 8
3244 21 15
3248 25 19
3253 25 24
3255 25 26
3257 23 24
3258 22 23
3266 16 15
3278 9 27
3282 9 31
3285 6 28
3289 10 24
3309 30 20
3315 24 24
3318 24 27
3326 16 30
3329 13 30
3332 16 31
3333 17 31
3334 18 31
3336 20 31
3361 14 6
3362 14 5
3365 14 2
3366 14 1
3376 4 3
3380 0 3
3381 1 4
3382 1 5
3385 1 8
3386 1 9
3395 1 18
3397 1 20
3398 1 21
3409 12 31
3410 13 31
3418 21 31
3421 24 31
3422 23 30
3429 16 23
3452 2 0
3454 4 2
3463 7 11
3473 7 21
3480 7 28
3484 3 31
3504 23 23
3507 23 26
3514 21 19
3522 16 11
3526 16 7
3529 13 4
3536 6 2
3537 5 2
3539 3 2
3541 1 2
3542 0 2
3546 4 1
3560 18 1
3566 24 1
3570 28 1
3597 3 28
3598 4 27
3619 25 6
3622 28 5
3627 29 10
3633 23 16
3636 20 19
3656 0 27
3685 29 2
3693 30 10
3706 30 23
3727 9 7
3728 8 8
3743 0 23
3748 0 28
3772 24 21
3791 5 6
3816 30 26
3835 11 28
3836 10 28
3843 17 29
3849 23 29
3870 3 8
3872 3 6
3878 3 0
3895 3 17
3898 3 20
3907 3 29
3908 4 28
3929 25 15
3950 4 19
3955 6 24
3972 4 7
3997 29 31
4004 30 24
4024 17 4
4026 19 6
4032 25 12
4056 1 0
4068 8 12
4087 2 31
4113 4 5
4129 20 16
4134 25 16
4142 28 8
4146 24 12
4147 23 11
4156 18 2
4177 31 23
4182 31 28
4183 31 29
4185 31 31
4204 12 30
4216 0 30
4228 10 18
4246 28 7
4249 31 7
4253 27 4
4256 24 4
4276 4 4
4277 5 5
4287 15 15
4299 15 27
4302 12 24
4313 1 24
4342 30 31
4371 1 28
4396 26 11
4411 11 26
4417 5 31
4443 31 12
4451 29 4
4467 13 9
4489 0 31
4519 30 2
