21 -546551221
60 353500941
42 -166651841
46 -48606831
46 -48606831
57 170683707
93 1724721400
43 -150542755
14 -1089954112
26 -914514125
20 -1025492299
73 797729241
8 -1769484862
45 -243148321
8 -1864522218
61 523908767
79 1147852970
44 -30792462
62 473269551
53 233491522
68 732844712
81 1522929724
10 -2136313461
58 326997633
7 -2295558417
17 -1696231921
47 -118183065
64 907548391
18 -1489742759
76 1537416119
62 707536019
85 2471153235
45 12585447
60 755798955
100 6615902896
65 1606883783
6 -3688829864
91 3826582220
46 -236841014
44 -416169476
99 7165091756
8 -3280656525
91 3906924119
30 -1405892240
