71 287539348
20 -600411423
20 -600411423
93 1193360228
53 49816534
14 -1051728595
57 99466964
73 581077257
10 -1106183262
34 -738153367
1 -3852455214
81 943005283
34 -738153367
88 1400111649
13 -2098692340
61 346647321
61 348058453
60 515932322
1 -4769586014
60 508032832
42 -408362567
73 1305759042
43 -407757954
64 825387079
85 1881101344
61 519700220
37 -653053356
14 -2475679335
75 1283992165
27 -1133227101
45 -136441790
60 443554913
46 -64201932
6 -3624731193
97 3367026917
77 1460597952
89 2410845177
66 761052287
35 -833971235
63 675072061
23 -1996490103
61 460507603
70 1164082758
77 1888447955
76 1845511088
15 -3003944143
